102228458,4408344795
102228458,64265541
102228458,735562795
102228458,2319387558
102228458,3362916129
102228458,17006157
102228458,948552829
102228458,1662057727
102228458,19472578
102228458,27590228
102228458,225514200
102228458,283040385
102228458,113683910
102228458,69853645
102228458,55412156
102228458,1690412382
102228458,460520275
102228458,15392221
102228458,2892382684
102228458,23585685
102228458,2561091
102228458,8665852
102228458,46627999
102228458,124690469
102228458,2368692619
102228458,41061486
102228458,2835653131
102228458,21054053
102228458,71108717
102228458,62513246
102228458,771383605
102228458,24744541
102228458,8350912
102228458,18730195
102228458,1615685677
102228458,18135386
102228458,101798589
102228458,16548023
102228458,3108351
102228458,2467791
102228458,15962096
102228458,2557037323
102228458,14293310
102228458,180463340
102228458,94081671
102228458,807095
102228458,17884125
102228458,20843014
102228458,19247625
102228458,20856282
102228458,394073804
102228458,180505807
102228458,166739404
102228458,120827337
102228458,19081001
102228458,108382988
102228458,205915163
102228458,44390201
102228458,121167080
102228458,15506632
102228458,745942602
102228458,2187200670
102228458,557379987
102228458,278508885
102228458,251716551
102228458,21390674
102228458,1949757240
102228458,49781518
102228458,1871689682
102228458,60901161
102228458,431713315
102228458,19186180
102228458,23263743
102228458,24799419
102228458,181123681
102228458,58531272
102228458,113685296
102228458,128637475
102228458,8884972
102228458,70824536
102228458,11994692
102228458,14362622
102228458,26775098
102228458,25503709
102228458,115432582
102228458,19689047
102228458,45112524
102228458,41882954
102228458,41878061
102228458,50707383
102228458,23580507
102228458,104995414
102228458,18075140
102228458,17595890
102228458,29998043
102228458,99595065
102228458,14451605
102228458,50640639
102228458,69344401
102228458,15391813
102228458,67962900
102228458,9245482
102228458,50177470
102228458,15901190
102228458,63801441
102228458,23065061
102228458,51760235
102228458,47378619
102228458,61008909
102228458,59555391
102228458,26645610
102228458,19747395
102228458,32348977
102228458,94218907
102228458,40286168
102228458,40287753
102228458,67313112
102228458,70517284
102228458,42316849
102228458,28591672
102228458,55320101
102228458,47910572
102228458,85889646
102228458,53782638
102228458,44425960
102228458,49347554
102228458,14284203
102228458,75918245
102228458,67402329
