1028631350,26151690
1028631350,95189817
1028631350,3483917657
1028631350,126118232
1028631350,13695112
1028631350,948552829
1028631350,1662057727
1028631350,23023236
1028631350,18957363
1028631350,398791609
1028631350,4004654776
1028631350,2374185817
1028631350,43208158
1028631350,1103810784
1028631350,140057995
1028631350,58806510
1028631350,520192285
1028631350,19081001
1028631350,291588246
1028631350,37534994
1028631350,128956175
1028631350,43289789
1028631350,175449657
1028631350,2801891278
1028631350,2197487762
1028631350,2429144979
1028631350,2902138622
1028631350,1407892861
1028631350,761801714
1028631350,368711188
1028631350,22321740
1028631350,599762946
1028631350,46145761
1028631350,18090786
1028631350,19019298
1028631350,19507238
1028631350,31484145
1028631350,52796949
1028631350,62862144
1028631350,67838407
1028631350,32017365
1028631350,727094240
1028631350,4898091
1028631350,757303975
1028631350,91478624
1028631350,1339835893
1028631350,1330457336
1028631350,19487287
1028631350,110509537
1028631350,104788049
1028631350,16153562
1028631350,14700316
1028631350,33933259
1028631350,69231187
1028631350,51484074
1028631350,32164801
1028631350,17137628
1028631350,1158918746
1028631350,1143054008
1028631350,375996317
1028631350,275968456
1028631350,40259326
1028631350,239369730
1028631350,366080135
1028631350,341836857
1028631350,281407793
1028631350,341071449
1028631350,49673367
1028631350,45381821
1028631350,36132890
1028631350,2230133978
1028631350,2453801011
1028631350,152777219
1028631350,2426556218
1028631350,203626918
1028631350,22981545
1028631350,1870233306
1028631350,78706973
1028631350,2674765194
1028631350,2352490591
1028631350,83876527
1028631350,1688382662
1028631350,169426475
1028631350,21398159
1028631350,14133970
1028631350,784856
1028631350,70207308
1028631350,119090281
1028631350,17173144
1028631350,742143
1028631350,8485002
1028631350,18244358
1028631350,277660111
1028631350,19284812
1028631350,17842366
1028631350,74478182
1028631350,1690412382
1028631350,15492537
1028631350,27042513
1028631350,133093395
1028631350,401866827
1028631350,125481462
1028631350,50374439
1028631350,31125209
1028631350,5511
1028631350,85932175
1028631350,22621759
1028631350,62591681
1028631350,146974766
1028631350,962478049
1028631350,2248816562
1028631350,17426478
1028631350,436870661
1028631350,61554832
1028631350,302952728
1028631350,187428851
1028631350,269757398
1028631350,1374012162
1028631350,65354298
1028631350,784680920
1028631350,15738256
1028631350,259609348
1028631350,119351940
1028631350,181151561
1028631350,2227345092
1028631350,126311160
1028631350,162180116
1028631350,321844267
1028631350,70312479
1028631350,28367273
1028631350,201822522
1028631350,195378770
1028631350,91083585
1028631350,90320997
1028631350,226087776
1028631350,16143542
1028631350,90636188
1028631350,229454266
1028631350,82322622
1028631350,108247668
1028631350,26235265
1028631350,24871896
1028631350,210775513
1028631350,249186003
1028631350,28297965
1028631350,214413743
1028631350,68674747
1028631350,115044590
1028631350,32423136
1028631350,14884180
1028631350,23440052
1028631350,93819292
1028631350,213969309
1028631350,20266397
1028631350,1615685677
1028631350,1201661238
1028631350,26581946
1028631350,47399691
1028631350,6486602
1028631350,225553867
1028631350,464163488
1028631350,9340912
1028631350,3819701
1028631350,30261067
1028631350,28682708
1028631350,49188515
1028631350,50325701
1028631350,819800
1028631350,2890961
1028631350,14372486
1028631350,17919972
1028631350,15846407
1028631350,17628446
1028631350,19397785
1028631350,771383605
1028631350,20536103
1028631350,41882392
1028631350,1086485478
1028631350,1152279248
1028631350,1582853809
1028631350,826037515
1028631350,17781576
1028631350,19772596
1028631350,14749606
1028631350,10373612
1028631350,17866477
1028631350,25809435
1028631350,19910996
1028631350,33877741
1028631350,14422189
1028631350,16040934
1028631350,19900796
1028631350,151118008
1028631350,25524832
1028631350,235140283
1028631350,914815274
1028631350,28339372
1028631350,20109439
1028631350,127569781
1028631350,21401086
1028631350,69480815
1028631350,259074538
1028631350,428333
1028631350,759251
1028631350,19564523
1028631350,25109624
1028631350,14581827
1028631350,14511951
1028631350,2720651
1028631350,1366821254
1028631350,83253305
1028631350,16043951
1028631350,17839528
1028631350,90433668
1028631350,16876362
1028631350,112796663
1028631350,20517081
1028631350,5402612
1028631350,1877831
1028631350,61214589
1028631350,182721799
1028631350,14647570
1028631350,26533046
1028631350,98520643
1028631350,26554371
1028631350,47622979
1028631350,22782297
1028631350,339031815
1028631350,19633026
1028631350,376819013
1028631350,205974045
1028631350,232855418
1028631350,17623816
1028631350,208624117
1028631350,92335270
1028631350,25322292
1028631350,101664884
1028631350,18600155
1028631350,31030273
1028631350,18936919
1028631350,24900980
1028631350,935393515
1028631350,314612349
1028631350,20214495
1028631350,119956780
1028631350,33418013
1028631350,110548797
1028631350,128002733
1028631350,19658826
1028631350,15485441
1028631350,21324165
1028631350,26762692
1028631350,20234476
1028631350,19504112
1028631350,52560607
1028631350,26744511
1028631350,108077002
1028631350,16547325
1028631350,19331985
1028631350,262936420
1028631350,141301260
1028631350,608721333
1028631350,86422542
1028631350,15428397
1028631350,974676608
1028631350,19472578
1028631350,1175386640
1028631350,481550067
1028631350,1016122340
1028631350,1096831993
1028631350,88002204
1028631350,17163265
1028631350,21667057
1028631350,9207632
1028631350,2467791
1028631350,19082054
1028631350,19366046
1028631350,150677740
1028631350,14924430
1028631350,23072819
1028631350,972651
1028631350,34352191
1028631350,15949042
1028631350,6865052
1028631350,784304
1028631350,16303106
1028631350,140091998
1028631350,3108351
1028631350,14313123
1028631350,14634720
1028631350,15662359
1028631350,15293080
1028631350,16336440
1028631350,26378009
1028631350,17680134
1028631350,7115872
1028631350,29774570
1028631350,28779460
1028631350,20118846
1028631350,15645093
1028631350,15227791
1028631350,14292427
1028631350,156169587
1028631350,21112266
1028631350,390195375
1028631350,59156862
1028631350,40927665
1028631350,10933732
1028631350,107471923
1028631350,14949454
1028631350,15177739
1028631350,1085784420
1028631350,66240046
1028631350,216339660
1028631350,23927804
1028631350,412244776
1028631350,1068739458
1028631350,57097713
1028631350,134506733
1028631350,1107248546
1028631350,775410684
1028631350,210483066
1028631350,16600574
1028631350,308789438
1028631350,24209476
1028631350,246561794
1028631350,21166399
1028631350,14684733
1028631350,247680371
1028631350,18742360
1028631350,13992132
1028631350,156306739
1028631350,21692297
1028631350,48502553
1028631350,25084660
1028631350,373167425
1028631350,14241468
1028631350,142911410
1028631350,46069857
1028631350,807559742
1028631350,1005580585
1028631350,16275366
1028631350,49487311
1028631350,10152982
1028631350,16459040
1028631350,89960822
1028631350,8704332
1028631350,62793130
1028631350,125183309
1028631350,23985796
1028631350,16349559
1028631350,82602399
1028631350,20609518
1028631350,223908022
1028631350,13274322
1028631350,50707383
1028631350,37350044
1028631350,23780652
1028631350,241100784
1028631350,398092540
1028631350,421944319
1028631350,456862468
1028631350,285282053
1028631350,19238548
1028631350,26486870
1028631350,52551600
1028631350,54343977
1028631350,28090945
1028631350,27604942
1028631350,19117213
1028631350,71876190
1028631350,15279958
1028631350,229219088
1028631350,21193261
1028631350,14312841
1028631350,19858768
1028631350,20683840
1028631350,26775098
1028631350,29867122
1028631350,28399797
1028631350,18688240
1028631350,19656482
1028631350,18396706
1028631350,5827292
1028631350,1440641
1028631350,18583722
1028631350,17993489
1028631350,24590293
1028631350,457368404
1028631350,22087169
1028631350,121764862
1028631350,8447862
1028631350,19394887
1028631350,91680590
1028631350,18847920
1028631350,16330759
1028631350,21854625
1028631350,28579125
1028631350,15391813
1028631350,45918501
1028631350,35750107
1028631350,19019970
1028631350,36758754
1028631350,25535042
1028631350,21648020
1028631350,14075928
1028631350,34076997
1028631350,16932573
1028631350,163549557
1028631350,15306005
1028631350,20681253
1028631350,15019821
1028631350,18490733
1028631350,16459787
1028631350,24210993
1028631350,17093617
1028631350,15181734
1028631350,16808905
1028631350,19927627
1028631350,20856282
1028631350,21719637
1028631350,783214
1028631350,16631331
1028631350,15674759
1028631350,20005684
1028631350,8976052
1028631350,18803751
1028631350,8628562
1028631350,20597436
1028631350,15633626
1028631350,15057943
1028631350,97488105
1028631350,18771458
1028631350,112029154
1028631350,17124572
1028631350,195142947
1028631350,1067130337
1028631350,72917234
1028631350,24241544
1028631350,14995420
1028631350,21810615
1028631350,20311818
1028631350,33187261
1028631350,25051454
1028631350,529310205
1028631350,368314360
1028631350,156052545
1028631350,134150362
1028631350,1006018963
1028631350,1012969992
1028631350,470810726
1028631350,319349245
1028631350,363061426
1028631350,23467152
1028631350,19713622
1028631350,1089718820
1028631350,19402584
1028631350,21126842
1028631350,22553032
1028631350,454843106
1028631350,18186509
1028631350,19686295
1028631350,23484629
1028631350,18075140
1028631350,14270254
1028631350,24948287
1028631350,20712514
1028631350,22190395
1028631350,873343225
1028631350,953924965
1028631350,19258059
1028631350,189622815
1028631350,180381409
1028631350,17622211
1028631350,197962366
1028631350,509240288
1028631350,617416861
1028631350,14323300
1028631350,82054005
1028631350,80530730
1028631350,475585621
1028631350,26876435
1028631350,12497362
1028631350,1652541
1028631350,21783395
1028631350,14293310
1028631350,452070040
1028631350,1113541
1028631350,18758902
1028631350,17884125
1028631350,6017542
1028631350,17693232
1028631350,16955991
1028631350,2172
1028631350,8210552
1028631350,21776171
1028631350,236949822
1028631350,19554171
1028631350,52078696
1028631350,80192562
1028631350,89029137
1028631350,25797905
1028631350,277519996
1028631350,35341530
1028631350,33616466
1028631350,22158898
1028631350,20539937
1028631350,24690085
1028631350,151558842
1028631350,30665421
1028631350,203066678
1028631350,17348224
1028631350,43392158
1028631350,27217050
1028631350,274077699
1028631350,159279277
1028631350,2553151
1028631350,373416209
1028631350,15210689
1028631350,33235771
1028631350,57043553
1028631350,67147681
1028631350,89566513
1028631350,108323625
1028631350,7885292
1028631350,7130402
1028631350,20793816
1028631350,19711765
1028631350,78421432
1028631350,241272963
1028631350,234030846
1028631350,420693940
1028631350,355321621
1028631350,21791760
1028631350,426044697
1028631350,20174852
1028631350,13683952
1028631350,90943312
1028631350,188852344
1028631350,5746452
1028631350,3468981
1028631350,145695102
1028631350,4278201
1028631350,404092406
1028631350,289420613
1028631350,14269008
1028631350,391214052
1028631350,23094396
1028631350,28826930
1028631350,14216661
1028631350,124087958
1028631350,19728966
1028631350,19656220
1028631350,1434251
1028631350,18804364
1028631350,238238347
1028631350,17679977
1028631350,289313082
1028631350,488817952
1028631350,63487337
1028631350,47833650
1028631350,71312918
1028631350,390951574
1028631350,206348778
1028631350,15447034
1028631350,506191222
1028631350,309546765
1028631350,38462552
1028631350,218311959
1028631350,19066390
1028631350,39341439
1028631350,549351106
1028631350,358229030
1028631350,12925072
1028631350,24748130
1028631350,190263049
1028631350,24694427
1028631350,52179585
1028631350,41644095
1028631350,133880286
1028631350,113351115
1028631350,587719462
1028631350,332881481
1028631350,191873362
1028631350,23655688
1028631350,427926964
1028631350,22506783
1028631350,8295072
1028631350,204463722
1028631350,24948637
1028631350,494414941
1028631350,298034083
1028631350,2754521
1028631350,25362174
1028631350,15365469
1028631350,15300187
1028631350,587590673
1028631350,17591170
1028631350,86384614
1028631350,36292086
1028631350,82689705
1028631350,15493368
1028631350,146581800
1028631350,34732474
1028631350,25070342
1028631350,26295937
1028631350,69671186
1028631350,25691305
1028631350,187547396
1028631350,15985960
1028631350,25687502
1028631350,15164565
1028631350,25179560
1028631350,23975060
1028631350,116550662
1028631350,16351521
1028631350,40252336
1028631350,7622322
1028631350,46123924
1028631350,13118492
1028631350,19781414
1028631350,18213904
1028631350,28567809
1028631350,636335669
1028631350,5971922
1028631350,532182361
1028631350,185752781
1028631350,16894688
1028631350,28715351
1028631350,33345091
1028631350,34985477
1028631350,64399747
1028631350,70744567
1028631350,151121673
1028631350,517214405
1028631350,148681249
1028631350,103896200
1028631350,27618477
1028631350,24908105
1028631350,18082084
1028631350,242841701
1028631350,22034409
1028631350,25868776
1028631350,4641021
1028631350,460466171
1028631350,15898172
1028631350,518639886
1028631350,17918704
1028631350,177605752
1028631350,5668942
1028631350,419710142
1028631350,20520292
1028631350,41852424
1028631350,260546256
1028631350,114854597
1028631350,189376144
1028631350,14638851
1028631350,15837654
1028631350,15126599
1028631350,52758588
1028631350,87818409
1028631350,155613846
1028631350,383300202
1028631350,21238524
1028631350,555274004
1028631350,15469000
1028631350,18143190
1028631350,16753653
1028631350,2729061
1028631350,15444168
1028631350,172933026
1028631350,175218738
1028631350,244236871
1028631350,557818971
1028631350,17234238
1028631350,14923981
1028631350,168571417
1028631350,36984909
1028631350,19341389
1028631350,19673700
1028631350,293017858
1028631350,15942016
1028631350,14165865
1028631350,16031862
1028631350,17521340
1028631350,18999641
1028631350,845743333
1028631350,27871697
1028631350,987078816
1028631350,18803344
1028631350,20015311
1028631350,82456224
1028631350,7586362
1028631350,373683618
1028631350,574212701
1028631350,332554525
1028631350,33798654
1028631350,263848945
1028631350,21744554
1028631350,204832963
1028631350,180821354
1028631350,110365072
1028631350,7905122
1028631350,19628231
1028631350,2533651
1028631350,23065193
1028631350,17544803
1028631350,23606044
1028631350,16832673
1028631350,19180060
1028631350,36038594
1028631350,19982256
1028631350,2884771
1028631350,161813561
1028631350,32918599
1028631350,32952780
1028631350,16466027
1028631350,18241122
1028631350,20627896
1028631350,17063215
1028631350,6417782
1028631350,726443
1028631350,16225398
1028631350,14806376
1028631350,22635062
1028631350,20933034
1028631350,12379862
1028631350,36976419
1028631350,34699677
1028631350,19532925
1028631350,18681934
1028631350,18761347
1028631350,25087215
1028631350,25318226
1028631350,17753033
1028631350,38665237
1028631350,14849990
1028631350,16631801
1028631350,42863830
1028631350,22904901
1028631350,69238573
1028631350,72874621
1028631350,63996905
1028631350,54868718
1028631350,20740074
1028631350,18696709
1028631350,22634750
1028631350,25262689
1028631350,19060831
1028631350,788524
1028631350,23576618
1028631350,52512563
1028631350,73476045
1028631350,62931720
1028631350,21357208
1028631350,27909064
1028631350,174335940
1028631350,77306609
1028631350,55931234
1028631350,16632219
1028631350,19813714
1028631350,50430424
1028631350,105874784
1028631350,19422016
1028631350,20586517
1028631350,25268040
1028631350,111933542
1028631350,84274309
1028631350,71256932
1028631350,14937884
1028631350,12692172
1028631350,38886938
1028631350,1044591
1028631350,28196433
1028631350,26477356
1028631350,30345764
1028631350,69915590
1028631350,14360757
1028631350,25513322
1028631350,80331801
1028631350,309764903
1028631350,17161138
1028631350,19816859
1028631350,16838962
1028631350,14395119
1028631350,17485835
1028631350,19712523
1028631350,19405367
1028631350,20255778
1028631350,24361909
1028631350,20781929
1028631350,271028583
1028631350,266712846
1028631350,583108053
1028631350,17631203
1028631350,135739308
1028631350,164330158
1028631350,48446276
1028631350,156721917
1028631350,7540212
1028631350,11178902
1028631350,73605517
1028631350,14333754
1028631350,16854780
1028631350,16668550
1028631350,15392221
1028631350,16632149
1028631350,14098636
1028631350,18306425
1028631350,15658370
1028631350,17484499
1028631350,87075439
1028631350,22080215
1028631350,813286
1028631350,14780915
1028631350,108382988
1028631350,325216622
1028631350,22493307
1028631350,16098642
1028631350,14089195
1028631350,79632137
1028631350,250599029
1028631350,251433567
1028631350,18635026
1028631350,113457640
1028631350,289682576
1028631350,121872537
1028631350,315322669
1028631350,16631693
1028631350,17624543
1028631350,19163946
1028631350,19186180
1028631350,83466334
1028631350,30364057
1028631350,27457788
1028631350,49781518
1028631350,14464766
1028631350,15683146
1028631350,29214466
1028631350,20843014
1028631350,17220934
1028631350,15962096
1028631350,18679659
1028631350,10810102
1028631350,24063070
1028631350,23030211
1028631350,130573947
1028631350,212076446
1028631350,14330959
1028631350,23011527
1028631350,14183379
1028631350,115485051
1028631350,11348282
1028631350,34554134
1028631350,74012804
1028631350,40454496
1028631350,16727535
1028631350,15901190
1028631350,25690886
1028631350,22256645
1028631350,17308753
1028631350,19614344
1028631350,35773039
1028631350,8161232
1028631350,13409752
1028631350,16529640
1028631350,22476321
1028631350,5225991
1028631350,237836050
1028631350,3373791
1028631350,261445178
1028631350,259379883
1028631350,191690176
1028631350,16647534
1028631350,14207947
1028631350,174684899
1028631350,22411875
1028631350,5988062
1028631350,19621110
1028631350,19314650
1028631350,89986710
1028631350,48113196
1028631350,14583362
1028631350,17663756
1028631350,28609526
1028631350,33611395
1028631350,16668834
1028631350,18049879
1028631350,18193018
1028631350,14746456
1028631350,16520697
1028631350,14659602
1028631350,12804422
1028631350,10798802
1028631350,51241574
1028631350,14159148
1028631350,17471979
1028631350,78249192
1028631350,253551740
1028631350,17872052
1028631350,44698296
1028631350,19988587
1028631350,20802277
1028631350,14874619
1028631350,45877354
1028631350,24661640
1028631350,22873475
1028631350,173911029
1028631350,16589206
1028631350,47334775
1028631350,60633332
1028631350,200683638
1028631350,14410206
1028631350,19891675
1028631350,18897368
1028631350,180505807
1028631350,39511166
1028631350,17004618
1028631350,11824182
1028631350,80135277
1028631350,20317872
1028631350,30435064
1028631350,10876852
1028631350,717313
1028631350,816653
1028631350,15492359
1028631350,1344951
1028631350,50393960
1028631350,263884490
1028631350,2521001
1028631350,4970411
1028631350,9694832
1028631350,16336998
1028631350,14677919
1028631350,22001973
1028631350,17967925
1028631350,14123751
1028631350,15111030
1028631350,17385200
1028631350,19033555
1028631350,46671396
1028631350,17159484
1028631350,228180616
1028631350,245720604
1028631350,259843406
1028631350,135110066
1028631350,20155652
1028631350,22145200
1028631350,19651183
1028631350,24447643
1028631350,14824849
1028631350,137638516
1028631350,24886025
1028631350,25978675
1028631350,54214517
1028631350,19304788
1028631350,115906943
1028631350,37356209
1028631350,216257196
1028631350,14287094
1028631350,310799509
1028631350,249668133
1028631350,24353832
1028631350,161069801
1028631350,378463392
1028631350,335369838
1028631350,363917639
1028631350,46012855
1028631350,114870386
1028631350,16745015
1028631350,16012783
1028631350,22621083
1028631350,16661296
1028631350,203008363
1028631350,12
1028631350,380
1028631350,50707841
1028631350,14548453
1028631350,360857182
1028631350,405123394
1028631350,19135631
1028631350,22256050
1028631350,18730195
1028631350,19006934
1028631350,15308884
1028631350,11873582
1028631350,19814175
1028631350,15446126
1028631350,22637074
1028631350,217013522
1028631350,14847636
1028631350,23263743
1028631350,106446707
1028631350,14764758
1028631350,54730258
1028631350,177446118
1028631350,31986700
1028631350,67775207
1028631350,411594914
1028631350,47285504
1028631350,392219074
1028631350,318009386
1028631350,211194401
1028631350,54835826
1028631350,55636798
1028631350,19179687
1028631350,20767684
1028631350,18924866
1028631350,16443689
1028631350,326489988
1028631350,377837520
1028631350,279390084
1028631350,324087425
1028631350,89465917
1028631350,113707249
1028631350,481598648
1028631350,2735591
1028631350,158865339
1028631350,20478112
1028631350,606882262
1028631350,112729525
1028631350,92464299
1028631350,18713314
1028631350,83112392
1028631350,24789138
1028631350,144846166
1028631350,389702353
1028631350,360701073
1028631350,75974281
1028631350,15473958
1028631350,142770249
1028631350,7996082
1028631350,17311493
1028631350,181199293
1028631350,15143478
1028631350,391345509
1028631350,14559090
1028631350,395388847
1028631350,39608108
1028631350,20809515
1028631350,14426349
1028631350,328986134
1028631350,14745818
1028631350,21510894
1028631350,21138477
1028631350,16569045
1028631350,16171953
1028631350,8665572
1028631350,12026062
1028631350,123856230
1028631350,48131619
1028631350,76592712
1028631350,142738085
1028631350,223812209
1028631350,130459696
1028631350,228223545
1028631350,241252324
1028631350,122994639
1028631350,14353202
1028631350,407723824
1028631350,16660736
1028631350,16164541
1028631350,31358448
1028631350,18525597
1028631350,14719197
1028631350,21762950
1028631350,29392181
1028631350,49327483
1028631350,14907794
1028631350,16451028
1028631350,19247625
1028631350,23492956
1028631350,317420474
1028631350,25982570
1028631350,14758257
1028631350,807095
1028631350,33473366
1028631350,19921389
1028631350,18135386
1028631350,23585685
1028631350,94081671
1028631350,7109022
1028631350,2561091
1028631350,19264748
1028631350,26276346
1028631350,17163446
1028631350,8665852
1028631350,19889294
1028631350,21066857
