1089476370,2527168112
1089476370,2873616021
1089476370,46862819
1089476370,171550889
1089476370,4149399316
1089476370,319677725
1089476370,629363676
1089476370,4835123805
1089476370,89794486
1089476370,1179821407
1089476370,15426691
1089476370,129851733
1089476370,4763531355
1089476370,394062919
1089476370,21128318
1089476370,46677749
1089476370,3405382103
1089476370,1174444819
1089476370,1847241343
1089476370,347111716
1089476370,273631032
1089476370,124001436
1089476370,1488692892
1089476370,3050022227
1089476370,70199103
1089476370,12509262
1089476370,15903326
1089476370,3426036629
1089476370,11178902
1089476370,4569520787
1089476370,4439006721
1089476370,369384330
1089476370,556043585
1089476370,328446109
1089476370,2893875129
1089476370,2503123638
1089476370,1328662226
1089476370,4047422182
1089476370,3140886718
1089476370,816879318
1089476370,1090108430
1089476370,398900405
1089476370,23588883
1089476370,2164407859
1089476370,1472678526
1089476370,3302833893
1089476370,62065089
1089476370,2875019211
1089476370,1555279945
1089476370,153053540
1089476370,2372528155
1089476370,4112736921
1089476370,18530585
1089476370,422834462
1089476370,550236275
1089476370,22893053
1089476370,21187876
1089476370,67323265
1089476370,37030025
1089476370,323161302
1089476370,39733513
1089476370,434970373
1089476370,52545734
1089476370,22917668
1089476370,253103660
1089476370,3339785625
1089476370,3945131782
1089476370,425742663
1089476370,451351874
1089476370,47290489
1089476370,1205732059
1089476370,53336347
1089476370,110679698
1089476370,2459434584
1089476370,800121686
1089476370,3663849437
1089476370,299541362
1089476370,14660652
1089476370,65587941
1089476370,238133179
1089476370,2574596640
1089476370,414118719
1089476370,3575974395
1089476370,2210537704
1089476370,1327128151
1089476370,190237407
1089476370,851794118
1089476370,2805926353
1089476370,3200793821
1089476370,149111404
1089476370,196929267
1089476370,346774114
1089476370,3117906935
1089476370,3510143339
1089476370,2885420079
1089476370,3554025017
1089476370,3662349255
1089476370,214495203
1089476370,261766355
1089476370,197377702
1089476370,18761071
1089476370,12588712
1089476370,21133628
1089476370,2242170727
1089476370,395345674
1089476370,717890252
1089476370,3511217537
1089476370,54576417
1089476370,3527587037
1089476370,2301214895
1089476370,2219690264
1089476370,1451331493
1089476370,377936977
1089476370,3044661081
1089476370,1234208875
1089476370,1371913104
1089476370,251640008
1089476370,319649571
1089476370,3238845550
1089476370,1851608880
1089476370,224609329
1089476370,1537375399
1089476370,3350524115
1089476370,2754095831
1089476370,3307929149
1089476370,117777690
1089476370,53005406
1089476370,632797450
1089476370,401294079
1089476370,48320520
1089476370,860237030
1089476370,129865256
1089476370,21015448
1089476370,869481200
1089476370,3325685273
1089476370,2269593800
1089476370,2433914889
1089476370,1638767731
1089476370,474956396
1089476370,3415399805
1089476370,29958529
1089476370,813286
1089476370,24671422
1089476370,375167204
1089476370,2571105275
1089476370,247905857
1089476370,118680576
1089476370,2884575651
1089476370,2744657336
1089476370,2788901477
1089476370,216776631
1089476370,2761037007
1089476370,3398974391
1089476370,936486542
1089476370,24584445
1089476370,1259353171
1089476370,955519903
1089476370,3385425087
1089476370,1065899292
1089476370,843547291
1089476370,46671396
1089476370,14286629
1089476370,120236641
1089476370,50284267
1089476370,36633613
1089476370,22359380
1089476370,1185354854
1089476370,3147469192
1089476370,1291612784
1089476370,144457469
1089476370,1110974046
1089476370,319268829
1089476370,410070653
1089476370,546683248
1089476370,3331326928
1089476370,22121781
1089476370,404196766
1089476370,1041346340
1089476370,487130698
1089476370,25390350
1089476370,85286794
1089476370,85526005
1089476370,2304856490
1089476370,273019562
1089476370,1074353845
1089476370,18552351
1089476370,409231190
1089476370,388130788
1089476370,1198728272
1089476370,1116530071
1089476370,17230292
1089476370,19811190
1089476370,28296035
1089476370,105554801
1089476370,3246629231
1089476370,18630116
1089476370,955681706
1089476370,321856843
1089476370,3350523113
1089476370,2353143714
1089476370,283680605
1089476370,398058033
1089476370,68388805
1089476370,1641150530
1089476370,14600656
1089476370,2167222770
1089476370,397217085
1089476370,2582779480
1089476370,267302564
1089476370,987063433
1089476370,3300359405
1089476370,2848790590
1089476370,944503182
1089476370,700911980
1089476370,52990209
1089476370,3246409282
1089476370,491286401
1089476370,3154335231
1089476370,235247440
1089476370,999895254
1089476370,16473345
1089476370,252091651
1089476370,1076085770
1089476370,3213451075
1089476370,3239079219
1089476370,92313922
1089476370,80574004
1089476370,57048572
1089476370,3305954890
1089476370,1286842650
1089476370,183651742
1089476370,36348784
1089476370,2373684114
1089476370,415547764
1089476370,8943
1089476370,655093
1089476370,1396661442
1089476370,300459095
1089476370,877754977
1089476370,105838248
1089476370,2316247953
1089476370,3032774500
1089476370,41135079
1089476370,1372511658
1089476370,882201968
1089476370,2494183177
1089476370,373964455
1089476370,3200448358
1089476370,2816643851
1089476370,579033513
1089476370,499208460
1089476370,1150891753
1089476370,1234810806
1089476370,390707195
1089476370,2215468748
1089476370,555863680
1089476370,2443199572
1089476370,925787479
1089476370,543699789
1089476370,2811667024
1089476370,338961610
1089476370,2904052655
1089476370,138780908
1089476370,170254080
1089476370,36970167
1089476370,1622783882
1089476370,350908093
1089476370,3062121561
1089476370,1227524245
1089476370,249552780
1089476370,3165715329
1089476370,186356577
1089476370,18293696
1089476370,14810076
1089476370,401953710
1089476370,49953488
1089476370,14422253
1089476370,337807320
1089476370,2694518769
1089476370,539369223
1089476370,2770509641
1089476370,22974854
1089476370,3117335656
1089476370,23363518
1089476370,3123293704
1089476370,360739499
1089476370,528220760
1089476370,900862020
1089476370,130414230
1089476370,770248848
1089476370,399889221
1089476370,265582275
1089476370,233612497
1089476370,37432015
1089476370,253565272
1089476370,277466382
1089476370,15807425
1089476370,1851412051
1089476370,1004903046
1089476370,425820154
1089476370,1657328905
1089476370,714620526
1089476370,264272351
1089476370,77276942
1089476370,446450921
1089476370,93267523
1089476370,1213666213
1089476370,73979140
1089476370,257461232
1089476370,363862888
1089476370,30840230
1089476370,244525087
1089476370,20694291
1089476370,597600874
1089476370,1693763659
1089476370,982853798
1089476370,3023479456
1089476370,27198881
1089476370,17127004
1089476370,2581185196
1089476370,471877192
1089476370,1229389868
1089476370,22642996
1089476370,480504634
1089476370,124690469
1089476370,2986982733
1089476370,908832038
1089476370,941136462
1089476370,1277301577
1089476370,454031232
1089476370,2982642024
1089476370,2973632303
1089476370,201632630
1089476370,564686965
1089476370,156701169
1089476370,2544342385
1089476370,14640448
1089476370,300868924
1089476370,2782594274
1089476370,295970422
1089476370,2929445901
1089476370,2828226362
1089476370,205158959
1089476370,97938293
1089476370,2328562887
1089476370,2920367537
1089476370,2840989989
1089476370,1225071811
1089476370,962012749
1089476370,2182251391
1089476370,2493246408
1089476370,2340116574
1089476370,2902442621
1089476370,26472681
1089476370,297485620
1089476370,762195744
1089476370,1015975879
1089476370,81402532
1089476370,23422423
1089476370,479049463
1089476370,36326893
1089476370,523257581
1089476370,2880450013
1089476370,22128261
1089476370,2791868024
1089476370,369999388
1089476370,1156701156
1089476370,2152554866
1089476370,256861806
1089476370,1620034885
1089476370,2530733816
1089476370,2359475888
1089476370,100182561
1089476370,2807674700
1089476370,2772835668
1089476370,2294500723
1089476370,145968717
1089476370,139049158
1089476370,115653513
1089476370,204832963
1089476370,1201147934
1089476370,2285491118
1089476370,1919262062
1089476370,2656519729
1089476370,2511995582
1089476370,1197306992
1089476370,1715114714
1089476370,17964831
1089476370,145207741
1089476370,244897053
1089476370,86920414
1089476370,16851334
1089476370,195119699
1089476370,1140764995
1089476370,78990577
1089476370,572022180
1089476370,224421942
1089476370,15807855
1089476370,198915137
1089476370,28546325
1089476370,2615232002
1089476370,287308021
1089476370,245109046
1089476370,92295870
1089476370,20684615
1089476370,2433531229
1089476370,1548484621
1089476370,326694944
1089476370,26152340
1089476370,1378074536
1089476370,274562685
1089476370,292290821
1089476370,104792479
1089476370,20757837
1089476370,927265796
1089476370,116425421
1089476370,139407967
1089476370,1945125607
1089476370,1012812674
1089476370,20938255
1089476370,962614116
1089476370,102013179
1089476370,272954588
1089476370,1374182688
1089476370,467751114
1089476370,2178942570
1089476370,826911031
1089476370,436748964
1089476370,524155513
1089476370,81943573
1089476370,2331724812
1089476370,327313084
1089476370,2483418230
1089476370,108332005
1089476370,932398106
1089476370,2491404618
1089476370,2337400755
1089476370,121362786
1089476370,14859899
1089476370,2168427936
1089476370,1137724464
1089476370,252509068
1089476370,1272268758
1089476370,563918298
1089476370,38666823
1089476370,402048293
1089476370,1542533869
1089476370,718537353
1089476370,18075603
1089476370,414745507
1089476370,15544824
1089476370,61722483
1089476370,847598352
1089476370,14395334
1089476370,2292779365
1089476370,133868750
1089476370,210554635
1089476370,2400061807
1089476370,398607830
1089476370,15807984
1089476370,415743288
1089476370,2339229025
1089476370,1257036798
1089476370,2388298169
1089476370,333884213
1089476370,2364568520
1089476370,262592754
1089476370,2350334101
1089476370,410835310
1089476370,842170885
1089476370,494904911
1089476370,472079320
1089476370,243088609
1089476370,47666037
1089476370,126940663
1089476370,202529421
1089476370,2292454922
1089476370,2375349857
1089476370,36123280
1089476370,21187512
1089476370,787351544
1089476370,128941494
1089476370,2195728093
1089476370,48287464
1089476370,393981409
1089476370,936342698
1089476370,1605948661
1089476370,1086485478
1089476370,542886422
1089476370,993385620
1089476370,307851263
1089476370,20922167
1089476370,2176262252
1089476370,2301571195
1089476370,2231551135
1089476370,112798557
1089476370,1565247451
1089476370,2306898175
1089476370,9094572
1089476370,26307941
1089476370,479750939
1089476370,1418867791
1089476370,1104547411
1089476370,847021430
1089476370,2159193613
1089476370,1139888514
1089476370,1556254946
1089476370,1427390232
1089476370,102972988
1089476370,2313272431
1089476370,238565039
1089476370,85404003
1089476370,52796949
1089476370,376985761
1089476370,104986543
1089476370,45421005
1089476370,2301444499
1089476370,161340890
1089476370,1289362482
1089476370,852680910
1089476370,2220630835
1089476370,406328706
1089476370,2290090345
1089476370,2253271502
1089476370,1904493505
1089476370,60534720
1089476370,361763128
1089476370,2288584634
1089476370,183554545
1089476370,281491476
1089476370,246171204
1089476370,277012818
1089476370,260320066
1089476370,22482556
1089476370,857831262
1089476370,522177404
1089476370,109522492
1089476370,304017035
1089476370,1374016014
1089476370,25535678
1089476370,20993143
1089476370,1875572216
1089476370,197917573
1089476370,474866720
1089476370,2280464797
1089476370,241469943
1089476370,331535604
1089476370,273212180
1089476370,68704809
1089476370,25981686
1089476370,393975706
1089476370,1596152695
1089476370,1956719839
1089476370,471500028
1089476370,20790626
1089476370,2267374344
1089476370,569400949
1089476370,960368659
1089476370,955689264
1089476370,384316976
1089476370,18933321
1089476370,454512014
1089476370,46623193
1089476370,44101578
1089476370,221346506
1089476370,29950811
1089476370,254619863
1089476370,36309151
1089476370,18284686
1089476370,15811576
1089476370,217892331
1089476370,626762418
1089476370,244267043
1089476370,413961620
1089476370,804082776
1089476370,518514381
1089476370,35729546
1089476370,319180100
1089476370,473785880
1089476370,146521768
1089476370,560369134
1089476370,873731036
1089476370,52682734
1089476370,40026137
1089476370,196626953
1089476370,519290055
1089476370,342862011
1089476370,579060573
1089476370,132875367
1089476370,34237716
1089476370,994614456
1089476370,19391273
1089476370,2205529736
1089476370,519553325
1089476370,50292263
1089476370,172835639
1089476370,139713445
1089476370,49768990
1089476370,519742552
1089476370,822961586
1089476370,1379479981
1089476370,1943933587
1089476370,2208906854
1089476370,447077477
1089476370,276883224
1089476370,1044604304
1089476370,33992527
1089476370,276000835
1089476370,403245970
1089476370,39950808
1089476370,34652476
1089476370,14871856
1089476370,1546226414
1089476370,14342072
1089476370,16097307
1089476370,1397711707
1089476370,2207184570
1089476370,436604292
1089476370,1600689258
1089476370,550085554
1089476370,44655903
1089476370,1175668501
1089476370,1134434978
1089476370,1978520294
1089476370,2177904902
1089476370,156945116
1089476370,1212669223
1089476370,1417761
1089476370,15811530
1089476370,386504210
1089476370,482423819
1089476370,34578521
1089476370,2166975168
1089476370,2173967022
1089476370,1278850717
1089476370,378216951
1089476370,1283289241
1089476370,854535318
1089476370,21752022
1089476370,1571194939
1089476370,187465199
1089476370,26621307
1089476370,113607197
1089476370,249404950
1089476370,16127975
1089476370,1544180737
1089476370,67562622
1089476370,461907704
1089476370,1543602474
1089476370,1638903252
1089476370,590798448
1089476370,22660197
1089476370,20066934
1089476370,1897915712
1089476370,34295083
1089476370,182404196
1089476370,261667029
1089476370,328511517
1089476370,37202911
1089476370,28766842
1089476370,109543582
1089476370,51546578
1089476370,1533776071
1089476370,63443502
1089476370,948649590
1089476370,192610975
1089476370,465437720
1089476370,1649962346
1089476370,1489644792
1089476370,480218735
1089476370,102349393
1089476370,84944278
1089476370,168088056
1089476370,17101648
1089476370,915645019
1089476370,1843511268
1089476370,609307402
1089476370,38451030
1089476370,18721522
1089476370,201017209
1089476370,1003522783
1089476370,1870918706
1089476370,15997449
1089476370,110454124
1089476370,161279587
1089476370,15691219
1089476370,26750370
1089476370,990805998
1089476370,106164686
1089476370,47436725
1089476370,789051284
1089476370,50578233
1089476370,1552345842
1089476370,862795896
1089476370,1650979849
1089476370,1709830957
1089476370,1552831752
1089476370,404774994
1089476370,108639033
1089476370,495477206
1089476370,1083432877
1089476370,245815444
1089476370,14688446
1089476370,1425266257
1089476370,1729571318
1089476370,35698267
1089476370,421227675
1089476370,98931853
1089476370,492644846
1089476370,1615386120
1089476370,1649873454
1089476370,251227165
1089476370,1065920724
1089476370,1539274994
1089476370,34888442
1089476370,18000215
1089476370,712375274
1089476370,1098407588
1089476370,1512645733
1089476370,1466667967
1089476370,285576867
1089476370,334036057
1089476370,210749164
1089476370,133751783
1089476370,1226013932
1089476370,47483227
1089476370,510256876
1089476370,39983851
1089476370,542638829
1089476370,565531945
1089476370,219991963
1089476370,22470711
1089476370,25052706
1089476370,250110986
1089476370,1389083366
1089476370,21385327
1089476370,64994645
1089476370,17229513
1089476370,888289790
1089476370,242768624
1089476370,139442969
1089476370,14619744
1089476370,1329692352
1089476370,37943111
1089476370,109310122
1089476370,87469911
1089476370,35502446
1089476370,424038845
1089476370,21941508
1089476370,130833830
1089476370,601053907
1089476370,1243282393
1089476370,563812458
1089476370,264203612
1089476370,1161078804
1089476370,393270659
1089476370,1316390684
1089476370,414026849
1089476370,144862179
1089476370,1116502891
1089476370,535830368
1089476370,32183857
1089476370,398973444
1089476370,867711740
1089476370,1187623224
1089476370,1260213817
1089476370,441318294
1089476370,19530289
1089476370,24006034
1089476370,1283821316
1089476370,202539226
1089476370,460002683
1089476370,1479520285
1089476370,77195099
1089476370,316488595
1089476370,336484934
1089476370,1244287831
1089476370,507476630
1089476370,177218125
1089476370,94566436
1089476370,103808495
1089476370,91604187
1089476370,462747348
1089476370,14461814
1089476370,282272701
1089476370,240353417
1089476370,142321234
1089476370,157956713
1089476370,51103685
1089476370,432442339
1089476370,49411452
1089476370,421361695
1089476370,63670539
1089476370,50962955
1089476370,604492214
1089476370,126129253
1089476370,1055033996
1089476370,295018313
1089476370,229114172
1089476370,34237573
1089476370,241116544
1089476370,134263409
1089476370,28394609
1089476370,358134245
1089476370,234396546
1089476370,28194831
1089476370,468201217
1089476370,407983118
1089476370,17487476
1089476370,205172946
1089476370,71000118
1089476370,17448796
1089476370,555491247
1089476370,15143630
1089476370,29425843
1089476370,324977068
1089476370,630311428
1089476370,45557114
1089476370,92236219
1089476370,23187207
1089476370,20986770
1089476370,35846496
1089476370,254239887
1089476370,544317327
1089476370,40453504
1089476370,67974646
1089476370,29422232
1089476370,335207117
1089476370,222435529
1089476370,241966092
1089476370,870516744
1089476370,498864180
1089476370,591115786
1089476370,293474091
1089476370,116277411
1089476370,1270480345
1089476370,250038860
1089476370,467733723
1089476370,279642533
1089476370,16345103
1089476370,307313474
1089476370,15557246
1089476370,120087248
1089476370,26107725
1089476370,407083639
1089476370,483051148
1089476370,611997299
1089476370,948552829
1089476370,304297409
1089476370,65045121
1089476370,86301869
1089476370,87281380
1089476370,152421144
1089476370,518690191
1089476370,831611018
1089476370,97268285
1089476370,931494710
1089476370,39463907
1089476370,158679118
1089476370,877574538
1089476370,23793532
1089476370,75235241
1089476370,74951679
1089476370,44411598
1089476370,148084651
1089476370,313510104
1089476370,218812123
1089476370,49425338
1089476370,199196447
1089476370,420217807
1089476370,16600393
1089476370,243627800
1089476370,47375691
1089476370,381021987
1089476370,497792442
1089476370,532669620
1089476370,800897690
1089476370,195004291
1089476370,48390963
1089476370,29963566
1089476370,376819013
1089476370,188736341
1089476370,138717046
1089476370,1015153908
1089476370,492185110
1089476370,1035245052
1089476370,582996784
1089476370,1130572099
1089476370,461509794
1089476370,739051608
1089476370,24859442
1089476370,257415817
1089476370,501732841
1089476370,153134633
1089476370,57045168
1089476370,47602591
1089476370,577873854
1089476370,50688469
1089476370,397981715
1089476370,45542386
1089476370,479587052
1089476370,48994998
1089476370,469280888
1089476370,60838833
1089476370,478454872
1089476370,52724034
1089476370,244272465
1089476370,493936512
1089476370,72318188
1089476370,469336607
1089476370,131270238
1089476370,375958390
1089476370,40896991
1089476370,405532802
1089476370,197732726
1089476370,849012308
1089476370,28066013
1089476370,14613514
1089476370,588285508
1089476370,312871168
1089476370,600412934
1089476370,420475423
1089476370,18814998
1089476370,198618575
1089476370,304876789
1089476370,40250353
1089476370,196994616
1089476370,19078021
1089476370,485751594
1089476370,16705726
1089476370,76285289
1089476370,295137664
1089476370,15749452
1089476370,89035822
1089476370,139661393
1089476370,17006157
1089476370,177179008
1089476370,157981564
1089476370,23341062
1089476370,36332848
1089476370,20913100
1089476370,87056927
1089476370,86761587
1089476370,85891378
1089476370,84037868
1089476370,247349524
1089476370,55253528
1089476370,50698008
1089476370,120109196
1089476370,42632993
1089476370,299856802
1089476370,52188184
1089476370,28251658
1089476370,86342455
1089476370,389603528
1089476370,5321152
1089476370,219967271
1089476370,372275584
1089476370,17308639
1089476370,221508795
1089476370,53051029
1089476370,79013198
1089476370,33154963
1089476370,168482405
1089476370,154096311
1089476370,26203847
1089476370,25979378
1089476370,34349778
1089476370,39782465
1089476370,70916754
1089476370,238638860
1089476370,41551987
1089476370,139313482
1089476370,79836429
1089476370,85575990
1089476370,15243812
1089476370,479665838
