1189041228,4644839074
1189041228,917584699
1189041228,332759390
1189041228,19405367
1189041228,427383452
1189041228,413781160
1189041228,19247625
1189041228,3124853537
1189041228,3403995539
1189041228,21390674
1189041228,3143365889
1189041228,463072299
1189041228,256675420
1189041228,24756719
1189041228,1158222122
1189041228,351113756
1189041228,1969318148
1189041228,472828135
1189041228,1170150674
1189041228,2893280873
1189041228,156998330
1189041228,2807366889
1189041228,219294551
1189041228,394581283
1189041228,22910295
1189041228,167473396
1189041228,2308341270
1189041228,2214854612
1189041228,193074585
1189041228,444838837
1189041228,182921713
1189041228,35749236
1189041228,78268588
1189041228,249773992
1189041228,1677767653
1189041228,2279357997
1189041228,912812652
1189041228,718578462
1189041228,37188510
1189041228,1454524795
1189041228,2893939156
1189041228,252743984
1189041228,617418864
1189041228,712634850
1189041228,57009636
1189041228,1269425228
1189041228,517722727
1189041228,144921014
1189041228,287817450
1189041228,255710216
1189041228,2350785614
1189041228,413295955
1189041228,18247170
1189041228,31584670
1189041228,2427418736
1189041228,256551680
1189041228,1415791555
1189041228,148945945
1189041228,485801262
1189041228,473379234
1189041228,1834629433
1189041228,125310505
1189041228,122203400
1189041228,152816930
1189041228,105979517
1189041228,2700782630
1189041228,151811106
1189041228,441182335
1189041228,61567382
1189041228,100267582
1189041228,2289533660
1189041228,153403071
1189041228,2189434947
1189041228,51546677
1189041228,56463203
1189041228,19583545
1189041228,65465960
1189041228,213745334
1189041228,1327606909
1189041228,91462518
1189041228,24512241
1189041228,51443410
1189041228,368220699
1189041228,2493199232
1189041228,458755731
1189041228,1548317628
1189041228,438643630
1189041228,201356711
1189041228,183387449
1189041228,2235417414
1189041228,2512424461
1189041228,2550023839
1189041228,570099076
1189041228,393948633
1189041228,28118313
1189041228,322233676
1189041228,166767883
1189041228,620398542
1189041228,379827682
1189041228,50883209
1189041228,2255036665
1189041228,1306439426
1189041228,203917377
1189041228,199013425
1189041228,199354750
1189041228,264120930
1189041228,2411221668
1189041228,21309551
1189041228,251716551
1189041228,1871577913
1189041228,607281049
1189041228,235319817
1189041228,525208028
1189041228,2222976084
1189041228,617638058
1189041228,236108227
1189041228,61563842
1189041228,307807956
1189041228,837573500
1189041228,316917211
1189041228,346672826
1189041228,1895388408
1189041228,195551229
1189041228,17491650
1189041228,330886345
1189041228,248879448
1189041228,2271737225
1189041228,507672047
1189041228,18245664
1189041228,1114200326
1189041228,1626545264
1189041228,50602093
1189041228,366520644
1189041228,309232229
1189041228,289046042
1189041228,1713202652
1189041228,26916939
1189041228,1907069815
1189041228,60831764
1189041228,936702871
1189041228,21287076
1189041228,21856114
1189041228,1178944580
1189041228,27204039
1189041228,581641820
1189041228,333534411
1189041228,505089852
1189041228,835290290
1189041228,200283629
1189041228,756965030
1189041228,204417294
1189041228,1702400424
1189041228,288785053
1189041228,19051022
1189041228,1710336272
1189041228,112785317
1189041228,263099844
1189041228,333539571
1189041228,550283734
1189041228,586936224
1189041228,163548769
1189041228,1432977446
1189041228,1670095435
1189041228,421084617
1189041228,712189021
1189041228,395427756
1189041228,592891425
1189041228,108441763
1189041228,728592182
1189041228,236972737
1189041228,609007971
1189041228,34001965
1189041228,261194877
1189041228,427471285
1189041228,47600106
1189041228,394932432
1189041228,955229336
1189041228,1073336054
1189041228,256478613
1189041228,1337785291
1189041228,81575067
1189041228,486821136
1189041228,49087983
1189041228,745002644
1189041228,620034505
1189041228,21204154
1189041228,142001958
1189041228,243175199
1189041228,393028587
1189041228,903714534
1189041228,115044590
1189041228,417094242
1189041228,474322146
1189041228,213969309
1189041228,1155233203
1189041228,143691818
1189041228,86140730
1189041228,23440052
1189041228,304596944
1189041228,353715697
1189041228,71308607
1189041228,1620179197
1189041228,473229373
1189041228,282064204
1189041228,227722879
1189041228,579603807
1189041228,47599732
1189041228,440391459
1189041228,65103501
1189041228,327564412
1189041228,230013639
1189041228,240664869
1189041228,188417619
1189041228,368815525
1189041228,367971451
1189041228,624236847
1189041228,429247237
1189041228,393447487
1189041228,430197021
1189041228,159915141
1189041228,197001564
1189041228,326259791
1189041228,458381027
1189041228,381431945
1189041228,440352312
1189041228,121167080
1189041228,431429137
1189041228,539228988
1189041228,294809172
1189041228,425078541
1189041228,789605024
1189041228,627673190
1189041228,313245901
1189041228,714421232
1189041228,139092348
1189041228,932429090
1189041228,343627165
1189041228,1028241806
1189041228,507489702
1189041228,366592246
1189041228,230845588
1189041228,189850197
1189041228,14573900
1189041228,230567975
1189041228,411469404
1189041228,436702610
1189041228,152720747
1189041228,550122068
1189041228,259683667
1189041228,281146676
1189041228,524332413
1189041228,273933522
1189041228,53951960
1189041228,114422199
1189041228,992789466
1189041228,384874446
1189041228,45112524
1189041228,426738834
1189041228,185827887
1189041228,279452961
1189041228,250791516
1189041228,162622769
1189041228,142204481
1189041228,280458883
1189041228,158487331
1189041228,787239919
1189041228,89666251
1189041228,172782604
1189041228,329789735
1189041228,291714711
1189041228,1262229906
1189041228,485063714
1189041228,550202880
1189041228,1412531611
1189041228,332394826
1189041228,304242715
1189041228,171840420
1189041228,740336334
1189041228,533085085
1189041228,17236488
1189041228,344634424
1189041228,16951979
1189041228,70186440
1189041228,34352191
1189041228,403580183
1189041228,97409437
1189041228,590707856
1189041228,273984297
1189041228,259925559
1189041228,161762873
1189041228,280701704
1189041228,543533194
1189041228,480266014
1189041228,58531272
1189041228,47617770
1189041228,481142672
1189041228,69325456
1189041228,202327758
1189041228,381668522
1189041228,16727535
1189041228,16971072
1189041228,23746926
1189041228,21857603
1189041228,170591249
1189041228,52180583
1189041228,63525135
1189041228,461796015
1189041228,903913819
1189041228,581483024
1189041228,275575393
1189041228,60865434
1189041228,618420295
1189041228,152987149
1189041228,224223563
1189041228,49781518
1189041228,265982289
1189041228,252753618
1189041228,20448566
1189041228,38977171
1189041228,15683146
1189041228,97488105
1189041228,19490380
1189041228,19394887
1189041228,19186180
1189041228,8665572
1189041228,15746198
1189041228,103550271
1189041228,466444412
1189041228,333717815
1189041228,740645257
1189041228,136007061
1189041228,90836187
1189041228,140750163
1189041228,258758307
1189041228,19564523
1189041228,205011496
1189041228,34949757
1189041228,155659213
