1191717660,31237480
1191717660,24241544
1191717660,19686295
1191717660,21905142
1191717660,20766350
1191717660,620209961
1191717660,332721217
1191717660,71256932
1191717660,15492359
1191717660,17462723
1191717660,20048111
1191717660,135709068
1191717660,205315827
1191717660,1562935142
1191717660,23937508
1191717660,500279700
1191717660,60959527
1191717660,435929732
1191717660,68412310
1191717660,110509537
1191717660,221897458
1191717660,1302649411
1191717660,254218516
1191717660,2161582903
1191717660,17230018
1191717660,999095640
1191717660,65416867
1191717660,22007357
1191717660,572470115
1191717660,948552829
1191717660,1662057727
1191717660,2197487762
1191717660,3044738957
1191717660,19019970
1191717660,121176422
1191717660,21390674
1191717660,461554847
1191717660,79783264
1191717660,19826509
1191717660,8662472
1191717660,50393960
1191717660,2834773080
1191717660,608167078
1191717660,1648629770
1191717660,21138477
1191717660,17884125
1191717660,23585685
1191717660,15392221
1191717660,16451028
1191717660,46116615
1191717660,14089195
1191717660,688583
1191717660,459492940
1191717660,2573317902
1191717660,14746456
1191717660,2292454922
1191717660,124690469
1191717660,1435440998
1191717660,28595068
1191717660,634090894
1191717660,121167080
1191717660,23057502
1191717660,246202004
1191717660,20350081
1191717660,606412878
1191717660,27987687
1191717660,1142859176
1191717660,277495114
1191717660,2097571
1191717660,809766757
1191717660,4172860997
1191717660,1542533869
1191717660,742143
1191717660,21613426
1191717660,3220872822
1191717660,612155334
1191717660,543564541
1191717660,1023139638
1191717660,20712514
1191717660,158342368
1191717660,2288138575
1191717660,372952188
1191717660,14436439
1191717660,136028083
1191717660,41339478
1191717660,130194940
1191717660,14333754
1191717660,19713622
1191717660,19877504
1191717660,16589206
1191717660,24906032
1191717660,52506618
1191717660,24757744
1191717660,29439188
1191717660,34402325
1191717660,19112668
1191717660,328980753
1191717660,18135386
1191717660,17624543
1191717660,16171953
1191717660,124139163
1191717660,395388847
1191717660,1690412382
1191717660,87460291
1191717660,22061737
1191717660,14677919
1191717660,19472578
1191717660,23585763
1191717660,121489431
1191717660,1326731006
1191717660,2615139679
1191717660,132887265
1191717660,1615685677
1191717660,10125772
1191717660,133447336
1191717660,1205123202
1191717660,1058376110
1191717660,42894971
1191717660,1114731362
1191717660,40872043
1191717660,1097836022
1191717660,355307031
1191717660,66834664
1191717660,771383605
1191717660,19889294
1191717660,16632149
1191717660,15391813
1191717660,26276346
1191717660,2319516408
1191717660,64839161
1191717660,325000450
1191717660,166206898
1191717660,19965808
1191717660,199310552
1191717660,322002293
1191717660,793603441
1191717660,133573769
1191717660,1415626806
1191717660,158165952
1191717660,89986710
1191717660,98465307
1191717660,18948541
1191717660,19921389
1191717660,50602093
1191717660,461332350
1191717660,245848288
1191717660,213620086
1191717660,14372486
1191717660,15560223
1191717660,8963722
1191717660,22363802
1191717660,17220934
1191717660,56810507
1191717660,19766386
1191717660,11994692
1191717660,96109537
1191717660,14800270
1191717660,624413
1191717660,2561091
1191717660,19564523
1191717660,38261967
1191717660,10810102
1191717660,19904324
1191717660,16632219
1191717660,90420314
1191717660,29214466
1191717660,5402612
1191717660,15485441
1191717660,15962096
1191717660,20856282
1191717660,49781518
1191717660,19405367
1191717660,16854780
1191717660,19394887
1191717660,85932175
1191717660,20599255
1191717660,22621759
1191717660,783214
1191717660,19186180
1191717660,428333
1191717660,19033555
1191717660,813286
1191717660,97488105
1191717660,454843106
1191717660,19247625
1191717660,775804380
1191717660,555815668
1191717660,156272543
1191717660,912827412
1191717660,17311493
1191717660,14758257
1191717660,17163446
1191717660,16631331
1191717660,51241574
1191717660,23263743
1191717660,18075140
1191717660,20448566
1191717660,189134186
1191717660,15683146
1191717660,115485051
1191717660,807095
1191717660,31237480
1191717660,24241544
1191717660,19686295
1191717660,21905142
1191717660,20766350
1191717660,620209961
1191717660,332721217
1191717660,71256932
1191717660,15492359
1191717660,17462723
1191717660,20048111
1191717660,135709068
1191717660,205315827
1191717660,1562935142
1191717660,23937508
1191717660,500279700
1191717660,60959527
1191717660,435929732
1191717660,68412310
1191717660,110509537
1191717660,221897458
1191717660,1302649411
1191717660,254218516
1191717660,2161582903
1191717660,17230018
1191717660,999095640
1191717660,65416867
1191717660,22007357
1191717660,572470115
1191717660,948552829
1191717660,1662057727
1191717660,2197487762
1191717660,3044738957
1191717660,19019970
1191717660,121176422
1191717660,21390674
1191717660,461554847
1191717660,79783264
1191717660,19826509
1191717660,8662472
1191717660,50393960
1191717660,2834773080
1191717660,608167078
1191717660,1648629770
1191717660,21138477
1191717660,17884125
1191717660,23585685
1191717660,15392221
1191717660,16451028
1191717660,46116615
1191717660,14089195
1191717660,688583
1191717660,459492940
1191717660,2573317902
1191717660,14746456
1191717660,2292454922
1191717660,124690469
1191717660,1435440998
1191717660,28595068
1191717660,634090894
1191717660,121167080
1191717660,23057502
1191717660,246202004
1191717660,20350081
1191717660,606412878
1191717660,27987687
1191717660,1142859176
1191717660,277495114
1191717660,2097571
1191717660,809766757
1191717660,4172860997
1191717660,1542533869
1191717660,742143
1191717660,21613426
1191717660,3220872822
1191717660,612155334
1191717660,543564541
1191717660,1023139638
1191717660,20712514
1191717660,158342368
1191717660,2288138575
1191717660,372952188
1191717660,14436439
1191717660,136028083
1191717660,41339478
1191717660,130194940
1191717660,14333754
1191717660,19713622
1191717660,19877504
1191717660,16589206
1191717660,24906032
1191717660,52506618
1191717660,24757744
1191717660,29439188
1191717660,34402325
1191717660,19112668
1191717660,328980753
1191717660,18135386
1191717660,17624543
1191717660,16171953
1191717660,124139163
1191717660,395388847
1191717660,1690412382
1191717660,87460291
1191717660,22061737
1191717660,14677919
1191717660,19472578
1191717660,23585763
1191717660,121489431
1191717660,1326731006
1191717660,2615139679
1191717660,132887265
1191717660,1615685677
1191717660,10125772
1191717660,133447336
1191717660,1205123202
1191717660,1058376110
1191717660,42894971
1191717660,1114731362
1191717660,40872043
1191717660,1097836022
1191717660,355307031
1191717660,66834664
1191717660,771383605
1191717660,19889294
1191717660,16632149
1191717660,15391813
1191717660,26276346
1191717660,2319516408
1191717660,64839161
1191717660,325000450
1191717660,166206898
1191717660,19965808
1191717660,199310552
1191717660,322002293
1191717660,793603441
1191717660,133573769
1191717660,1415626806
1191717660,158165952
1191717660,89986710
1191717660,98465307
1191717660,18948541
1191717660,19921389
1191717660,50602093
1191717660,461332350
1191717660,245848288
1191717660,213620086
1191717660,14372486
1191717660,15560223
1191717660,8963722
1191717660,22363802
1191717660,17220934
1191717660,56810507
1191717660,19766386
1191717660,11994692
1191717660,96109537
1191717660,14800270
1191717660,624413
1191717660,2561091
1191717660,19564523
1191717660,38261967
1191717660,10810102
1191717660,19904324
1191717660,16632219
1191717660,90420314
1191717660,29214466
1191717660,5402612
1191717660,15485441
1191717660,15962096
1191717660,20856282
1191717660,49781518
1191717660,19405367
1191717660,16854780
1191717660,19394887
1191717660,85932175
1191717660,20599255
1191717660,22621759
1191717660,783214
1191717660,19186180
1191717660,428333
1191717660,19033555
1191717660,813286
1191717660,97488105
1191717660,454843106
1191717660,19247625
1191717660,775804380
1191717660,555815668
1191717660,156272543
1191717660,912827412
1191717660,17311493
1191717660,14758257
1191717660,17163446
1191717660,16631331
1191717660,51241574
1191717660,23263743
1191717660,18075140
1191717660,20448566
1191717660,189134186
1191717660,15683146
1191717660,115485051
1191717660,807095
