1213417057,25155186
1213417057,19283444
1213417057,20088182
1213417057,2841832947
1213417057,74754957
1213417057,19179687
1213417057,4264460938
1213417057,204832963
1213417057,1063642404
1213417057,4783641195
1213417057,4767309328
1213417057,19534202
1213417057,836214343
1213417057,558883123
1213417057,2435310141
1213417057,52185601
1213417057,42626527
1213417057,1599171037
1213417057,395149823
1213417057,2177420990
1213417057,24688868
1213417057,3159199110
1213417057,538181544
1213417057,283038024
1213417057,54880025
1213417057,102325442
1213417057,16349463
1213417057,377008435
1213417057,15804843
1213417057,2485845654
1213417057,1258398914
1213417057,1604603671
1213417057,1579422614
1213417057,2614811807
1213417057,2717346033
1213417057,2982628528
1213417057,105898722
1213417057,2546648230
1213417057,19136302
1213417057,771383605
1213417057,87460291
1213417057,77483502
1213417057,21247018
1213417057,56221681
1213417057,25756137
1213417057,16838962
1213417057,618393991
1213417057,14395119
1213417057,15279422
1213417057,2708829955
1213417057,30304549
1213417057,123754656
1213417057,23694165
1213417057,575197945
1213417057,449857467
1213417057,23455730
1213417057,2214724572
1213417057,3793163069
1213417057,630203544
1213417057,1719059299
1213417057,1471638758
1213417057,2811157746
1213417057,3392308694
1213417057,3241172025
1213417057,2545727035
1213417057,2882837308
1213417057,2398200307
1213417057,19472578
1213417057,572470115
1213417057,1690412382
1213417057,22321740
1213417057,19674338
1213417057,1367489305
1213417057,130650358
1213417057,20794341
1213417057,21648020
1213417057,23584173
1213417057,3524566516
1213417057,40872043
1213417057,2539906562
1213417057,2812936934
1213417057,24963878
1213417057,62325156
1213417057,10277482
1213417057,889514358
1213417057,3426947590
1213417057,487118986
1213417057,18228898
1213417057,85603854
1213417057,15693493
1213417057,68460366
1213417057,1567041686
1213417057,29214466
1213417057,20609518
1213417057,18009781
1213417057,1548317628
1213417057,3422617395
1213417057,61037301
1213417057,289573687
1213417057,456901717
1213417057,1582341876
1213417057,3374091143
1213417057,3306012947
1213417057,124690469
1213417057,1558141890
1213417057,2905301277
1213417057,2840429508
1213417057,438296720
1213417057,3209625694
1213417057,3246455373
1213417057,3319903745
1213417057,3150518559
1213417057,21294212
1213417057,3026480963
1213417057,3014548515
1213417057,2993476936
1213417057,3092058627
1213417057,232210570
1213417057,3019869466
1213417057,2983273786
1213417057,28577127
1213417057,3331230305
1213417057,2299367423
1213417057,147491390
1213417057,3323200955
1213417057,143819549
1213417057,575419782
1213417057,24784028
1213417057,368264456
1213417057,967768687
1213417057,3044738957
1213417057,754108867
1213417057,1419037717
1213417057,163853523
1213417057,1320073344
1213417057,22695694
1213417057,27042513
1213417057,14607522
1213417057,1660468830
1213417057,304329674
1213417057,760118960
1213417057,794110602
1213417057,2859118085
1213417057,25150711
1213417057,1255030290
1213417057,3040424454
1213417057,231703688
1213417057,26626434
1213417057,23837271
1213417057,1407892861
1213417057,331707065
1213417057,3026603044
1213417057,289085333
1213417057,93847902
1213417057,204422438
1213417057,40148479
1213417057,201812923
1213417057,2835594983
1213417057,1650006991
1213417057,1514578866
1213417057,281202851
1213417057,986878273
1213417057,2387610102
1213417057,37636997
1213417057,3031378642
1213417057,14313123
1213417057,18944007
1213417057,121167080
1213417057,19490380
1213417057,140091998
1213417057,19405367
1213417057,51241574
1213417057,23009949
1213417057,20717438
1213417057,21214421
1213417057,81445676
1213417057,112185190
1213417057,119035432
1213417057,1600989234
1213417057,18227783
1213417057,2301763806
1213417057,2988371463
1213417057,542923119
1213417057,97488105
1213417057,15951863
1213417057,21905142
1213417057,21309551
1213417057,14166909
1213417057,987807672
1213417057,1023139638
1213417057,21050755
1213417057,14614833
1213417057,14856333
1213417057,19709089
1213417057,18600155
1213417057,9697822
1213417057,25083467
1213417057,43943619
1213417057,2925633293
1213417057,2977348013
1213417057,1907400152
1213417057,51566870
1213417057,167399649
1213417057,761801714
1213417057,18719524
1213417057,63452015
1213417057,2767136540
1213417057,24733102
1213417057,978908012
1213417057,2699519000
1213417057,10799642
1213417057,8665852
1213417057,10228272
1213417057,2893002449
1213417057,289989016
1213417057,20856282
1213417057,1137980324
1213417057,85908999
1213417057,18075140
1213417057,277495114
1213417057,23585685
1213417057,34423857
1213417057,19889294
1213417057,19033555
1213417057,19394887
1213417057,23263743
1213417057,26276346
1213417057,14746456
1213417057,16631693
1213417057,19713622
1213417057,22904901
1213417057,17163446
1213417057,16451028
1213417057,31237480
1213417057,17311493
1213417057,2973345719
1213417057,328980753
1213417057,454843106
1213417057,17693232
1213417057,19247625
1213417057,18135386
1213417057,16171953
1213417057,19921389
1213417057,15683146
1213417057,156721917
1213417057,14502789
1213417057,19564523
1213417057,14872237
1213417057,49781518
1213417057,22134758
1213417057,19186180
1213417057,155659213
1213417057,17980026
1213417057,27553464
1213417057,17624543
1213417057,94081671
1213417057,25535042
1213417057,33193495
1213417057,25524832
1213417057,2561091
1213417057,16854780
1213417057,17220934
1213417057,813286
1213417057,409486555
1213417057,35094637
1213417057,184910040
1213417057,50393960
