1244680850,1703921150
1244680850,67315866
1244680850,1425295999
1244680850,1111545264
1244680850,451429617
1244680850,24149025
1244680850,1911812269
1244680850,20858380
1244680850,1117046706
1244680850,189291789
1244680850,2645325126
1244680850,489900556
1244680850,460163041
1244680850,229237555
1244680850,1968654061
1244680850,169426475
1244680850,3483917657
1244680850,243080822
1244680850,2916305152
1244680850,3376281958
1244680850,206717989
1244680850,157981564
1244680850,36329597
1244680850,2902138622
1244680850,17675072
1244680850,1662057727
1244680850,22007357
1244680850,1605520800
1244680850,3291321629
1244680850,1589634168
1244680850,460966881
1244680850,1566383408
1244680850,1513718124
1244680850,2613612890
1244680850,3044738957
1244680850,17151314
1244680850,39490506
1244680850,104298598
1244680850,2292454922
1244680850,334602996
1244680850,124690469
1244680850,1374888666
1244680850,15593510
1244680850,622324359
1244680850,14492722
1244680850,551247481
1244680850,63043
1244680850,382376904
1244680850,1560863718
1244680850,1060986140
1244680850,2333633767
1244680850,1927923236
1244680850,20068053
1244680850,22480199
1244680850,119856157
1244680850,2784630998
1244680850,8628562
1244680850,50300579
1244680850,352686923
1244680850,17496551
1244680850,16911419
1244680850,1275170778
1244680850,323138380
1244680850,1305318744
1244680850,2650818427
1244680850,1364930179
1244680850,2766403945
1244680850,29688273
1244680850,1140398052
1244680850,290263087
1244680850,26281917
1244680850,25981952
1244680850,365088244
1244680850,1330457336
1244680850,16399949
1244680850,1273844659
1244680850,77528520
1244680850,41601050
1244680850,1142859176
1244680850,266828775
1244680850,719705252
1244680850,99844318
1244680850,283038024
1244680850,14361633
1244680850,50346245
1244680850,97255485
1244680850,52135730
1244680850,18847920
1244680850,61455260
1244680850,930669439
1244680850,89512610
1244680850,395388847
1244680850,53217199
1244680850,241709263
1244680850,24279632
1244680850,65466158
1244680850,595871311
1244680850,29478334
1244680850,858852979
1244680850,29087407
1244680850,285428843
1244680850,19287037
1244680850,33154963
1244680850,30304705
1244680850,836533758
1244680850,108826934
1244680850,187723641
1244680850,20843014
1244680850,19963994
1244680850,22900663
1244680850,233292368
1244680850,27867641
1244680850,80628148
1244680850,18729562
1244680850,210140606
1244680850,752891688
1244680850,88320868
1244680850,509459216
1244680850,27615190
1244680850,31180667
1244680850,376255141
1244680850,526205748
1244680850,237330440
1244680850,21484650
1244680850,24399244
1244680850,42029230
1244680850,37675597
1244680850,71530380
1244680850,7330392
1244680850,70429646
1244680850,180363363
1244680850,2677731
1244680850,26186890
1244680850,25548886
1244680850,22407631
1244680850,19591633
1244680850,40202517
1244680850,377008435
1244680850,180411171
1244680850,244655353
1244680850,22176845
1244680850,20597486
1244680850,331893639
1244680850,261658451
1244680850,405123394
1244680850,520693481
1244680850,19534202
1244680850,19980148
1244680850,30103955
1244680850,19083439
1244680850,14183379
1244680850,182721799
1244680850,17623816
1244680850,62581962
1244680850,2794242157
1244680850,23565726
1244680850,1384717080
1244680850,271028583
1244680850,2704810795
1244680850,20479813
1244680850,15108702
1244680850,15005991
1244680850,2709877267
1244680850,2482218536
1244680850,1870100947
1244680850,16632149
1244680850,56038149
1244680850,258677564
1244680850,16631801
1244680850,59486068
1244680850,16664803
1244680850,36786482
1244680850,539863097
1244680850,5402612
1244680850,14173315
1244680850,9245812
1244680850,53647186
1244680850,1957554378
1244680850,404590040
1244680850,468026636
1244680850,302367778
1244680850,8953122
1244680850,24775410
1244680850,23959074
1244680850,2628997193
1244680850,32572068
1244680850,21495291
1244680850,21713520
1244680850,93847902
1244680850,700116202
1244680850,8623332
1244680850,1081
1244680850,104237736
1244680850,111887189
1244680850,888650520
1244680850,405581633
1244680850,868856461
1244680850,475311020
1244680850,53019309
1244680850,1210300506
1244680850,77304134
1244680850,38180321
1244680850,20865547
1244680850,2650975136
1244680850,162240741
1244680850,1426030496
1244680850,454395581
1244680850,74473873
1244680850,241100784
1244680850,264230483
1244680850,97908282
1244680850,82054005
1244680850,849522234
1244680850,2195930491
1244680850,6346082
1244680850,12334752
1244680850,15257970
1244680850,787950086
1244680850,46040232
1244680850,120944793
1244680850,17397658
1244680850,265645925
1244680850,19368263
1244680850,21905142
1244680850,12323012
1244680850,90735643
1244680850,238327175
1244680850,20717463
1244680850,19186180
1244680850,19394887
1244680850,1339835893
1244680850,2097571
1244680850,759251
1244680850,23946350
1244680850,115485051
1244680850,813286
1244680850,25521487
1244680850,15485441
1244680850,92088399
1244680850,1096233655
1244680850,304869811
1244680850,24431892
1244680850,27687919
1244680850,39123578
1244680850,2812215044
1244680850,111949306
1244680850,19712523
1244680850,103318842
1244680850,316260872
1244680850,23751864
1244680850,27486706
1244680850,48750532
1244680850,24783322
1244680850,140091998
1244680850,325799830
1244680850,21668133
1244680850,316313998
1244680850,1320048740
1244680850,498057777
1244680850,2201873430
1244680850,37431353
1244680850,1499080250
1244680850,274024406
1244680850,18083786
1244680850,18682917
1244680850,25983654
1244680850,7717612
1244680850,14800270
1244680850,8724862
1244680850,15353955
1244680850,19606528
1244680850,17813899
1244680850,18175018
1244680850,23426889
1244680850,48289662
1244680850,33474655
1244680850,555416759
1244680850,898418228
1244680850,17369110
1244680850,248795646
1244680850,18036441
1244680850,39585367
1244680850,5695032
1244680850,2790802182
1244680850,5694822
1244680850,15460048
1244680850,20809515
1244680850,17063215
1244680850,100854463
1244680850,2514422880
1244680850,2481804918
1244680850,20583613
1244680850,21324165
1244680850,20740074
1244680850,1870099063
1244680850,14762447
1244680850,16173032
1244680850,38767223
1244680850,19044557
1244680850,15030767
1244680850,31237480
1244680850,2198223044
1244680850,499170272
1244680850,18600155
1244680850,19600252
1244680850,20164477
1244680850,19682451
1244680850,127311168
1244680850,421477898
1244680850,360569242
1244680850,60751490
1244680850,10159762
1244680850,6417782
1244680850,2507574314
1244680850,122354696
1244680850,14519038
1244680850,21138477
1244680850,87460291
1244680850,46288579
1244680850,113108098
1244680850,1235219430
1244680850,485175016
1244680850,803479488
1244680850,291792721
1244680850,26571356
1244680850,20609518
1244680850,2302905458
1244680850,292204879
1244680850,1238897528
1244680850,339856765
1244680850,2203413369
1244680850,2205681944
1244680850,113714309
1244680850,53176453
1244680850,16193162
1244680850,794110602
1244680850,1598558840
1244680850,776641896
1244680850,2741384345
1244680850,543043594
1244680850,327315322
1244680850,295932016
1244680850,93645412
1244680850,17745219
1244680850,10799642
1244680850,883233672
1244680850,21510894
1244680850,17169390
1244680850,955063303
1244680850,17159484
1244680850,19356276
1244680850,21182766
1244680850,1414009188
1244680850,2416232804
1244680850,227802983
1244680850,25311070
1244680850,20439102
1244680850,43323244
1244680850,137645230
1244680850,37818134
1244680850,253613887
1244680850,5225991
1244680850,18807671
1244680850,22127667
1244680850,1663353241
1244680850,21298320
1244680850,24799500
1244680850,8683242
1244680850,179309435
1244680850,17896874
1244680850,41337901
1244680850,30834721
1244680850,418597196
1244680850,21872308
1244680850,22022795
1244680850,21258827
1244680850,30362529
1244680850,20448566
1244680850,8253582
1244680850,79783264
1244680850,14544190
1244680850,9207632
1244680850,84534359
1244680850,17636894
1244680850,20521915
1244680850,197927483
1244680850,556629230
1244680850,47930935
1244680850,2299367423
1244680850,1483024080
1244680850,2539906562
1244680850,1522181906
1244680850,20609141
1244680850,16303871
1244680850,280716675
1244680850,26021668
1244680850,353701419
1244680850,158865339
1244680850,27272199
1244680850,9779032
1244680850,19619047
1244680850,30065033
1244680850,1765921
1244680850,33923
1244680850,78453
1244680850,60273
1244680850,7738402
1244680850,2087371
1244680850,851760818
1244680850,21856254
1244680850,20618678
1244680850,44644692
1244680850,21112266
1244680850,25657017
1244680850,18212997
1244680850,22204459
1244680850,64896516
1244680850,22695694
1244680850,126960544
1244680850,12543242
1244680850,65356757
1244680850,71843505
1244680850,25268679
1244680850,50287595
1244680850,1435291280
1244680850,21195865
1244680850,30360274
1244680850,948552829
1244680850,22914702
1244680850,2597207754
1244680850,40705534
1244680850,22473054
1244680850,188242820
1244680850,1255030290
1244680850,1128071294
1244680850,13493302
1244680850,95613487
1244680850,188809568
1244680850,38830101
1244680850,14292458
1244680850,2425494408
1244680850,60633332
1244680850,55655615
1244680850,21425405
1244680850,38400294
1244680850,21417835
1244680850,2285292157
1244680850,2303751216
1244680850,16017475
1244680850,18622869
1244680850,755953153
1244680850,23504870
1244680850,23827692
1244680850,148529707
1244680850,29734071
1244680850,10718322
1244680850,315520219
1244680850,29442313
1244680850,1942049240
1244680850,80691846
1244680850,82235906
1244680850,21527369
1244680850,14562960
1244680850,249869615
1244680850,19106722
1244680850,160597046
1244680850,226070884
1244680850,311129822
1244680850,106865119
1244680850,2736081439
1244680850,20639175
1244680850,2190831163
1244680850,2768185712
1244680850,2605501004
1244680850,19780393
1244680850,26858764
1244680850,22054220
1244680850,930781598
1244680850,1640587670
1244680850,496414910
1244680850,190323946
1244680850,8841372
1244680850,20562637
1244680850,26792275
1244680850,191789666
1244680850,18648562
1244680850,173150263
1244680850,24733102
1244680850,24506246
1244680850,181233011
1244680850,20796969
1244680850,78706973
1244680850,34002725
1244680850,19912781
1244680850,53789862
1244680850,1753061
1244680850,248670810
1244680850,327708555
1244680850,7125512
1244680850,18934825
1244680850,20113223
1244680850,2253896635
1244680850,263774154
1244680850,19564284
1244680850,24765829
1244680850,12591
1244680850,48903
1244680850,22253
1244680850,8836032
1244680850,18758902
1244680850,21492030
1244680850,3373791
1244680850,24787524
1244680850,19265059
1244680850,17868497
1244680850,237918766
1244680850,13182702
1244680850,19415798
1244680850,19392223
1244680850,824153233
1244680850,396894374
1244680850,24279390
1244680850,15867973
1244680850,162089811
1244680850,2328735464
1244680850,34076997
1244680850,70235774
1244680850,14946308
1244680850,14903044
1244680850,49195175
1244680850,15950681
1244680850,8719302
1244680850,14296273
1244680850,19605981
1244680850,17626165
1244680850,335972576
1244680850,17004618
1244680850,20884910
1244680850,105898722
1244680850,20475285
1244680850,126118232
1244680850,402318365
1244680850,49160036
1244680850,19291928
1244680850,296511906
1244680850,14669471
1244680850,107190796
1244680850,550010708
1244680850,448356091
1244680850,255240646
1244680850,606776750
1244680850,224079521
1244680850,197848744
1244680850,154045477
1244680850,15808218
1244680850,18424289
1244680850,23839835
1244680850,18510860
1244680850,1947301
1244680850,16935292
1244680850,563093420
1244680850,513708554
1244680850,1533588679
1244680850,224698363
1244680850,2329066872
1244680850,16076032
1244680850,16334857
1244680850,6798592
1244680850,35432643
1244680850,21648020
1244680850,2331830774
1244680850,17633960
1244680850,14372143
1244680850,15759583
1244680850,752673
1244680850,22199970
1244680850,11855482
1244680850,73339662
1244680850,6896972
1244680850,1163799372
1244680850,53095311
1244680850,304329674
1244680850,17624959
1244680850,39349216
1244680850,48302014
1244680850,19964864
1244680850,19716315
1244680850,360230512
1244680850,117366399
1244680850,59213250
1244680850,404123976
1244680850,136004952
1244680850,259288589
1244680850,17005368
1244680850,6361512
1244680850,14157134
1244680850,128216887
1244680850,78433570
1244680850,22812734
1244680850,1002351
1244680850,21100803
1244680850,472079320
1244680850,10152982
1244680850,92645010
1244680850,2729061
1244680850,11388132
1244680850,16955991
1244680850,35773039
1244680850,15164565
1244680850,573918122
1244680850,3310571
1244680850,14691720
1244680850,19458129
1244680850,18944007
1244680850,11819792
1244680850,27965538
1244680850,59830916
1244680850,902858761
1244680850,8662472
1244680850,19405367
1244680850,1362132925
1244680850,56093343
1244680850,48424015
1244680850,20345378
1244680850,1062558625
1244680850,311606579
1244680850,1600989234
1244680850,1023139638
1244680850,1407892861
1244680850,47476545
1244680850,147518360
1244680850,990627116
1244680850,23837271
1244680850,331707065
1244680850,279390084
1244680850,1415626628
1244680850,14176375
1244680850,813909716
1244680850,1252917283
1244680850,825381325
1244680850,55405408
1244680850,77826352
1244680850,66359307
1244680850,54078222
1244680850,301631989
1244680850,59600093
1244680850,63452015
1244680850,19448989
1244680850,140084640
1244680850,513298480
1244680850,22321740
1244680850,761801714
1244680850,23316750
1244680850,1239671
1244680850,19199211
1244680850,44139807
1244680850,9300262
1244680850,96109537
1244680850,1440641
1244680850,17057271
1244680850,16336998
1244680850,19066345
1244680850,26012202
1244680850,7103272
1244680850,16219635
1244680850,12804422
1244680850,53149244
1244680850,17623957
1244680850,15446126
1244680850,15057943
1244680850,22009731
1244680850,4136381
1244680850,382253381
1244680850,102773210
1244680850,15135958
1244680850,1638631634
1244680850,14333754
1244680850,21661279
1244680850,20685061
1244680850,18743550
1244680850,125644689
1244680850,246493616
1244680850,30331404
1244680850,14428289
1244680850,13982132
1244680850,133022410
1244680850,14139811
1244680850,14706139
1244680850,16228337
1244680850,105197819
1244680850,35542372
1244680850,12206102
1244680850,2043041
1244680850,14866753
1244680850,32618486
1244680850,22790881
1244680850,107562560
1244680850,49413866
1244680850,205974045
1244680850,54015652
1244680850,377249175
1244680850,148517828
1244680850,17157238
1244680850,53096584
1244680850,18975726
1244680850,19649135
1244680850,19472578
1244680850,20982910
1244680850,2162697578
1244680850,15028398
1244680850,17445813
1244680850,16589206
1244680850,41258937
1244680850,4816
1244680850,543560090
1244680850,29415843
1244680850,18789893
1244680850,21877065
1244680850,36741547
1244680850,37755306
1244680850,139409902
1244680850,209811713
1244680850,605856131
1244680850,52024106
1244680850,14504859
1244680850,339443796
1244680850,36903534
1244680850,18466967
1244680850,41193473
1244680850,232680302
1244680850,990512911
1244680850,1112431
1244680850,2641980923
1244680850,14399709
1244680850,13409752
1244680850,26266891
1244680850,757903
1244680850,9159232
1244680850,45585899
1244680850,214125777
1244680850,15736487
1244680850,294905318
1244680850,12778882
1244680850,63163
1244680850,19673700
1244680850,1949322637
1244680850,32359921
1244680850,14075928
1244680850,158414847
1244680850,92263845
1244680850,5120691
1244680850,16423109
1244680850,169963553
1244680850,25390350
1244680850,14159148
1244680850,27860681
1244680850,25098482
1244680850,16348549
1244680850,24241544
1244680850,14746456
1244680850,976185420
1244680850,109459067
1244680850,275405363
1244680850,42867427
1244680850,137339884
1244680850,15012215
1244680850,69380896
1244680850,390655864
1244680850,17997273
1244680850,25524283
1244680850,18469707
1244680850,44932521
1244680850,18080585
1244680850,16144669
1244680850,199196447
1244680850,8884772
1244680850,237401623
1244680850,198618575
1244680850,819800
1244680850,14372486
1244680850,17872180
1244680850,9737032
1244680850,14539324
1244680850,9507322
1244680850,6070762
1244680850,15066271
1244680850,120207925
1244680850,14972862
1244680850,259348780
1244680850,15224867
1244680850,1205089686
1244680850,365657175
1244680850,17462723
1244680850,18803751
1244680850,16838962
1244680850,1114731362
1244680850,1097836022
1244680850,40872043
1244680850,23263743
1244680850,727094240
1244680850,19650966
1244680850,25150711
1244680850,358464377
1244680850,14345141
1244680850,15951863
1244680850,17293364
1244680850,127454692
1244680850,15615035
1244680850,15056788
1244680850,19292033
1244680850,16874616
1244680850,16740348
1244680850,103951768
1244680850,481943972
1244680850,20766350
1244680850,23922220
1244680850,15364280
1244680850,2695824529
1244680850,4641021
1244680850,22384691
1244680850,15808647
1244680850,1569421542
1244680850,1879821056
1244680850,7905122
1244680850,51241574
1244680850,126664186
1244680850,1065721033
1244680850,12078532
1244680850,281093710
1244680850,2890961
1244680850,388345704
1244680850,275686563
1244680850,972651
1244680850,20214495
1244680850,88914175
1244680850,96102210
1244680850,53560219
1244680850,184931891
1244680850,15492359
1244680850,816653
1244680850,1344951
1244680850,717313
1244680850,12819112
1244680850,1068831
1244680850,16438248
1244680850,15428397
1244680850,39582797
1244680850,27596259
1244680850,18700629
1244680850,867064910
1244680850,16632219
1244680850,14758257
1244680850,6017542
1244680850,14270254
1244680850,19826509
1244680850,14734304
1244680850,19019970
1244680850,14166909
1244680850,19932481
1244680850,1327843160
1244680850,59102196
1244680850,19247625
1244680850,298360697
1244680850,23011527
1244680850,14856333
1244680850,44671088
1244680850,18293604
1244680850,1256143021
1244680850,1967291292
1244680850,1650368761
1244680850,189253902
1244680850,93714983
1244680850,313665723
1244680850,43617175
1244680850,7144422
1244680850,12999402
1244680850,43901113
1244680850,163975783
1244680850,30261067
1244680850,17163743
1244680850,169021842
1244680850,15736190
1244680850,12497362
1244680850,112243365
1244680850,18122642
1244680850,67026664
1244680850,178246193
1244680850,20627896
1244680850,70096167
1244680850,10876852
1244680850,19277186
1244680850,17006157
1244680850,14120913
1244680850,14231648
1244680850,9973082
1244680850,717654410
1244680850,428333
1244680850,3108351
1244680850,25805235
1244680850,28785486
1244680850,24609163
1244680850,2335560870
1244680850,17469289
1244680850,15012486
1244680850,5988062
1244680850,14293310
1244680850,1652541
1244680850,232855418
1244680850,9980812
1244680850,101025176
1244680850,20781929
1244680850,16171953
1244680850,523510988
1244680850,16642746
1244680850,2884771
1244680850,25535042
1244680850,8699742
1244680850,7109022
1244680850,19264748
1244680850,18135386
1244680850,19889294
1244680850,124139163
1244680850,17163446
1244680850,15391813
1244680850,8665572
1244680850,2561091
1244680850,8665852
1244680850,26276346
1244680850,16451028
1244680850,22621759
1244680850,817141
1244680850,33933259
1244680850,14499829
1244680850,17509972
1244680850,20596281
1244680850,104277809
1244680850,515838635
1244680850,23585685
1244680850,17884125
1244680850,46003622
1244680850,3963051
1244680850,69231187
1244680850,20646711
1244680850,46243602
1244680850,17634892
1244680850,16709304
1244680850,6490642
1244680850,13567
1244680850,22197926
1244680850,20733754
1244680850,1684133550
1244680850,42614508
1244680850,1849552524
1244680850,2364926814
1244680850,2330998573
1244680850,2317609098
1244680850,2669881766
1244680850,2668770211
1244680850,13334762
1244680850,15895661
1244680850,33838201
1244680850,93711247
1244680850,87294312
1244680850,50090898
1244680850,106682853
1244680850,49012699
1244680850,24974216
1244680850,45496942
1244680850,34423857
1244680850,113713261
1244680850,14192589
1244680850,11695472
1244680850,553090178
1244680850,74286565
1244680850,14061059
1244680850,2142731
1244680850,648873
1244680850,382267114
1244680850,14895831
1244680850,56505125
1244680850,1541461
1244680850,22173676
1244680850,35761106
1244680850,571202103
1244680850,14231151
1244680850,793830
1244680850,17135931
1244680850,14490962
1244680850,86026492
1244680850,176565308
1244680850,22603407
1244680850,285019665
1244680850,517021184
1244680850,39765560
1244680850,26842343
1244680850,143816594
1244680850,16693
1244680850,14511951
1244680850,16817883
1244680850,13787402
1244680850,26832834
1244680850,46319532
1244680850,487833518
1244680850,15431856
1244680850,15862891
1244680850,70951899
1244680850,16303106
1244680850,414
1244680850,21801907
1244680850,138725262
1244680850,14647570
1244680850,32302688
1244680850,338240032
1244680850,949521
1244680850,16895274
1244680850,15461733
1244680850,103865085
1244680850,28694307
1244680850,19722699
1244680850,40930287
1244680850,21410687
1244680850,16130330
1244680850,742143
1244680850,87818409
1244680850,14361155
1244680850,15947602
1244680850,18213483
1244680850,14700316
1244680850,284933
1244680850,16153562
1244680850,29472803
1244680850,17918545
1244680850,11628
1244680850,15032736
1244680850,1615685677
1244680850,3459051
1244680850,120181944
1244680850,38146999
1244680850,84351228
1244680850,2526916549
1244680850,16958346
1244680850,6705042
1244680850,24919888
1244680850,60033
1244680850,61306578
1244680850,17220934
1244680850,219070649
1244680850,75662577
1244680850,849101
1244680850,15473958
1244680850,70349639
1244680850,28583197
1244680850,34554134
1244680850,19789439
1244680850,15165502
1244680850,11348282
1244680850,180200031
1244680850,15165493
1244680850,14993191
1244680850,21066857
1244680850,94081671
1244680850,15392221
1244680850,19921389
1244680850,14842285
1244680850,35718347
1244680850,19867777
1244680850,21182676
1244680850,16569045
1244680850,74428159
1244680850,19910996
1244680850,15823676
1244680850,117662694
1244680850,15110431
1244680850,17842366
1244680850,2197487762
1244680850,17471979
1244680850,8963722
1244680850,23018491
1244680850,997629601
1244680850,107225267
1244680850,24129206
1244680850,857331655
1244680850,13746792
1244680850,459275531
1244680850,1382404544
1244680850,14538601
1244680850,91985735
1244680850,372475592
1244680850,61037301
1244680850,240254617
1244680850,35225144
1244680850,22904901
1244680850,19713622
1244680850,17624543
1244680850,123754656
1244680850,774280
1244680850,167399649
1244680850,2550479695
1244680850,348664405
1244680850,61133
1244680850,13889622
1244680850,15234407
1244680850,18776131
1244680850,20060293
1244680850,15143478
1244680850,16331614
1244680850,16580226
1244680850,19658826
1244680850,11250
1244680850,135316691
1244680850,178363987
1244680850,21436960
1244680850,20542737
1244680850,32372834
1244680850,1046661
1244680850,26250872
1244680850,186154646
1244680850,48799978
1244680850,29328707
1244680850,17781165
1244680850,12415722
1244680850,21423021
1244680850,17248121
1244680850,223741798
1244680850,231796277
1244680850,14505838
1244680850,646533
1244680850,887251
1244680850,1671811
1244680850,621573
1244680850,21581503
1244680850,14085070
1244680850,23962323
1244680850,16866617
1244680850,220145170
1244680850,19402238
1244680850,37710752
1244680850,85932175
1244680850,5511
1244680850,20599255
1244680850,1703921150
1244680850,67315866
1244680850,1425295999
1244680850,1111545264
1244680850,451429617
1244680850,24149025
1244680850,1911812269
1244680850,20858380
1244680850,1117046706
1244680850,189291789
1244680850,2645325126
1244680850,489900556
1244680850,460163041
1244680850,229237555
1244680850,1968654061
1244680850,169426475
1244680850,3483917657
1244680850,243080822
1244680850,2916305152
1244680850,3376281958
1244680850,206717989
1244680850,157981564
1244680850,36329597
1244680850,2902138622
1244680850,17675072
1244680850,1662057727
1244680850,22007357
1244680850,1605520800
1244680850,3291321629
1244680850,1589634168
1244680850,460966881
1244680850,1566383408
1244680850,1513718124
1244680850,2613612890
1244680850,3044738957
1244680850,17151314
1244680850,39490506
1244680850,104298598
1244680850,2292454922
1244680850,334602996
1244680850,124690469
1244680850,1374888666
1244680850,15593510
1244680850,622324359
1244680850,14492722
1244680850,551247481
1244680850,63043
1244680850,382376904
1244680850,1560863718
1244680850,1060986140
1244680850,2333633767
1244680850,1927923236
1244680850,20068053
1244680850,22480199
1244680850,119856157
1244680850,2784630998
1244680850,8628562
1244680850,50300579
1244680850,352686923
1244680850,17496551
1244680850,16911419
1244680850,1275170778
1244680850,323138380
1244680850,1305318744
1244680850,2650818427
1244680850,1364930179
1244680850,2766403945
1244680850,29688273
1244680850,1140398052
1244680850,290263087
1244680850,26281917
1244680850,25981952
1244680850,365088244
1244680850,1330457336
1244680850,16399949
1244680850,1273844659
1244680850,77528520
1244680850,41601050
1244680850,1142859176
1244680850,266828775
1244680850,719705252
1244680850,99844318
1244680850,283038024
1244680850,14361633
1244680850,50346245
1244680850,97255485
1244680850,52135730
1244680850,18847920
1244680850,61455260
1244680850,930669439
1244680850,89512610
1244680850,395388847
1244680850,53217199
1244680850,241709263
1244680850,24279632
1244680850,65466158
1244680850,595871311
1244680850,29478334
1244680850,858852979
1244680850,29087407
1244680850,285428843
1244680850,19287037
1244680850,33154963
1244680850,30304705
1244680850,836533758
1244680850,108826934
1244680850,187723641
1244680850,20843014
1244680850,19963994
1244680850,22900663
1244680850,233292368
1244680850,27867641
1244680850,80628148
1244680850,18729562
1244680850,210140606
1244680850,752891688
1244680850,88320868
1244680850,509459216
1244680850,27615190
1244680850,31180667
1244680850,376255141
1244680850,526205748
1244680850,237330440
1244680850,21484650
1244680850,24399244
1244680850,42029230
1244680850,37675597
1244680850,71530380
1244680850,7330392
1244680850,70429646
1244680850,180363363
1244680850,2677731
1244680850,26186890
1244680850,25548886
1244680850,22407631
1244680850,19591633
1244680850,40202517
1244680850,377008435
1244680850,180411171
1244680850,244655353
1244680850,22176845
1244680850,20597486
1244680850,331893639
1244680850,261658451
1244680850,405123394
1244680850,520693481
1244680850,19534202
1244680850,19980148
1244680850,30103955
1244680850,19083439
1244680850,14183379
1244680850,182721799
1244680850,17623816
1244680850,62581962
1244680850,2794242157
1244680850,23565726
1244680850,1384717080
1244680850,271028583
1244680850,2704810795
1244680850,20479813
1244680850,15108702
1244680850,15005991
1244680850,2709877267
1244680850,2482218536
1244680850,1870100947
1244680850,16632149
1244680850,56038149
1244680850,258677564
1244680850,16631801
1244680850,59486068
1244680850,16664803
1244680850,36786482
1244680850,539863097
1244680850,5402612
1244680850,14173315
1244680850,9245812
1244680850,53647186
1244680850,1957554378
1244680850,404590040
1244680850,468026636
1244680850,302367778
1244680850,8953122
1244680850,24775410
1244680850,23959074
1244680850,2628997193
1244680850,32572068
1244680850,21495291
1244680850,21713520
1244680850,93847902
1244680850,700116202
1244680850,8623332
1244680850,1081
1244680850,104237736
1244680850,111887189
1244680850,888650520
1244680850,405581633
1244680850,868856461
1244680850,475311020
1244680850,53019309
1244680850,1210300506
1244680850,77304134
1244680850,38180321
1244680850,20865547
1244680850,2650975136
1244680850,162240741
1244680850,1426030496
1244680850,454395581
1244680850,74473873
1244680850,241100784
1244680850,264230483
1244680850,97908282
1244680850,82054005
1244680850,849522234
1244680850,2195930491
1244680850,6346082
1244680850,12334752
1244680850,15257970
1244680850,787950086
1244680850,46040232
1244680850,120944793
1244680850,17397658
1244680850,265645925
1244680850,19368263
1244680850,21905142
1244680850,12323012
1244680850,90735643
1244680850,238327175
1244680850,20717463
1244680850,19186180
1244680850,19394887
1244680850,1339835893
1244680850,2097571
1244680850,759251
1244680850,23946350
1244680850,115485051
1244680850,813286
1244680850,25521487
1244680850,15485441
1244680850,92088399
1244680850,1096233655
1244680850,304869811
1244680850,24431892
1244680850,27687919
1244680850,39123578
1244680850,2812215044
1244680850,111949306
1244680850,19712523
1244680850,103318842
1244680850,316260872
1244680850,23751864
1244680850,27486706
1244680850,48750532
1244680850,24783322
1244680850,140091998
1244680850,325799830
1244680850,21668133
1244680850,316313998
1244680850,1320048740
1244680850,498057777
1244680850,2201873430
1244680850,37431353
1244680850,1499080250
1244680850,274024406
1244680850,18083786
1244680850,18682917
1244680850,25983654
1244680850,7717612
1244680850,14800270
1244680850,8724862
1244680850,15353955
1244680850,19606528
1244680850,17813899
1244680850,18175018
1244680850,23426889
1244680850,48289662
1244680850,33474655
1244680850,555416759
1244680850,898418228
1244680850,17369110
1244680850,248795646
1244680850,18036441
1244680850,39585367
1244680850,5695032
1244680850,2790802182
1244680850,5694822
1244680850,15460048
1244680850,20809515
1244680850,17063215
1244680850,100854463
1244680850,2514422880
1244680850,2481804918
1244680850,20583613
1244680850,21324165
1244680850,20740074
1244680850,1870099063
1244680850,14762447
1244680850,16173032
1244680850,38767223
1244680850,19044557
1244680850,15030767
1244680850,31237480
1244680850,2198223044
1244680850,499170272
1244680850,18600155
1244680850,19600252
1244680850,20164477
1244680850,19682451
1244680850,127311168
1244680850,421477898
1244680850,360569242
1244680850,60751490
1244680850,10159762
1244680850,6417782
1244680850,2507574314
1244680850,122354696
1244680850,14519038
1244680850,21138477
1244680850,87460291
1244680850,46288579
1244680850,113108098
1244680850,1235219430
1244680850,485175016
1244680850,803479488
1244680850,291792721
1244680850,26571356
1244680850,20609518
1244680850,2302905458
1244680850,292204879
1244680850,1238897528
1244680850,339856765
1244680850,2203413369
1244680850,2205681944
1244680850,113714309
1244680850,53176453
1244680850,16193162
1244680850,794110602
1244680850,1598558840
1244680850,776641896
1244680850,2741384345
1244680850,543043594
1244680850,327315322
1244680850,295932016
1244680850,93645412
1244680850,17745219
1244680850,10799642
1244680850,883233672
1244680850,21510894
1244680850,17169390
1244680850,955063303
1244680850,17159484
1244680850,19356276
1244680850,21182766
1244680850,1414009188
1244680850,2416232804
1244680850,227802983
1244680850,25311070
1244680850,20439102
1244680850,43323244
1244680850,137645230
1244680850,37818134
1244680850,253613887
1244680850,5225991
1244680850,18807671
1244680850,22127667
1244680850,1663353241
1244680850,21298320
1244680850,24799500
1244680850,8683242
1244680850,179309435
1244680850,17896874
1244680850,41337901
1244680850,30834721
1244680850,418597196
1244680850,21872308
1244680850,22022795
1244680850,21258827
1244680850,30362529
1244680850,20448566
1244680850,8253582
1244680850,79783264
1244680850,14544190
1244680850,9207632
1244680850,84534359
1244680850,17636894
1244680850,20521915
1244680850,197927483
1244680850,556629230
1244680850,47930935
1244680850,2299367423
1244680850,1483024080
1244680850,2539906562
1244680850,1522181906
1244680850,20609141
1244680850,16303871
1244680850,280716675
1244680850,26021668
1244680850,353701419
1244680850,158865339
1244680850,27272199
1244680850,9779032
1244680850,19619047
1244680850,30065033
1244680850,1765921
1244680850,33923
1244680850,78453
1244680850,60273
1244680850,7738402
1244680850,2087371
1244680850,851760818
1244680850,21856254
1244680850,20618678
1244680850,44644692
1244680850,21112266
1244680850,25657017
1244680850,18212997
1244680850,22204459
1244680850,64896516
1244680850,22695694
1244680850,126960544
1244680850,12543242
1244680850,65356757
1244680850,71843505
1244680850,25268679
1244680850,50287595
1244680850,1435291280
1244680850,21195865
1244680850,30360274
1244680850,948552829
1244680850,22914702
1244680850,2597207754
1244680850,40705534
1244680850,22473054
1244680850,188242820
1244680850,1255030290
1244680850,1128071294
1244680850,13493302
1244680850,95613487
1244680850,188809568
1244680850,38830101
1244680850,14292458
1244680850,2425494408
1244680850,60633332
1244680850,55655615
1244680850,21425405
1244680850,38400294
1244680850,21417835
1244680850,2285292157
1244680850,2303751216
1244680850,16017475
1244680850,18622869
1244680850,755953153
1244680850,23504870
1244680850,23827692
1244680850,148529707
1244680850,29734071
1244680850,10718322
1244680850,315520219
1244680850,29442313
1244680850,1942049240
1244680850,80691846
1244680850,82235906
1244680850,21527369
1244680850,14562960
1244680850,249869615
1244680850,19106722
1244680850,160597046
1244680850,226070884
1244680850,311129822
1244680850,106865119
1244680850,2736081439
1244680850,20639175
1244680850,2190831163
1244680850,2768185712
1244680850,2605501004
1244680850,19780393
1244680850,26858764
1244680850,22054220
1244680850,930781598
1244680850,1640587670
1244680850,496414910
1244680850,190323946
1244680850,8841372
1244680850,20562637
1244680850,26792275
1244680850,191789666
1244680850,18648562
1244680850,173150263
1244680850,24733102
1244680850,24506246
1244680850,181233011
1244680850,20796969
1244680850,78706973
1244680850,34002725
1244680850,19912781
1244680850,53789862
1244680850,1753061
1244680850,248670810
1244680850,327708555
1244680850,7125512
1244680850,18934825
1244680850,20113223
1244680850,2253896635
1244680850,263774154
1244680850,19564284
1244680850,24765829
1244680850,12591
1244680850,48903
1244680850,22253
1244680850,8836032
1244680850,18758902
1244680850,21492030
1244680850,3373791
1244680850,24787524
1244680850,19265059
1244680850,17868497
1244680850,237918766
1244680850,13182702
1244680850,19415798
1244680850,19392223
1244680850,824153233
1244680850,396894374
1244680850,24279390
1244680850,15867973
1244680850,162089811
1244680850,2328735464
1244680850,34076997
1244680850,70235774
1244680850,14946308
1244680850,14903044
1244680850,49195175
1244680850,15950681
1244680850,8719302
1244680850,14296273
1244680850,19605981
1244680850,17626165
1244680850,335972576
1244680850,17004618
1244680850,20884910
1244680850,105898722
1244680850,20475285
1244680850,126118232
1244680850,402318365
1244680850,49160036
1244680850,19291928
1244680850,296511906
1244680850,14669471
1244680850,107190796
1244680850,550010708
1244680850,448356091
1244680850,255240646
1244680850,606776750
1244680850,224079521
1244680850,197848744
1244680850,154045477
1244680850,15808218
1244680850,18424289
1244680850,23839835
1244680850,18510860
1244680850,1947301
1244680850,16935292
1244680850,563093420
1244680850,513708554
1244680850,1533588679
1244680850,224698363
1244680850,2329066872
1244680850,16076032
1244680850,16334857
1244680850,6798592
1244680850,35432643
1244680850,21648020
1244680850,2331830774
1244680850,17633960
1244680850,14372143
1244680850,15759583
1244680850,752673
1244680850,22199970
1244680850,11855482
1244680850,73339662
1244680850,6896972
1244680850,1163799372
1244680850,53095311
1244680850,304329674
1244680850,17624959
1244680850,39349216
1244680850,48302014
1244680850,19964864
1244680850,19716315
1244680850,360230512
1244680850,117366399
1244680850,59213250
1244680850,404123976
1244680850,136004952
1244680850,259288589
1244680850,17005368
1244680850,6361512
1244680850,14157134
1244680850,128216887
1244680850,78433570
1244680850,22812734
1244680850,1002351
1244680850,21100803
1244680850,472079320
1244680850,10152982
1244680850,92645010
1244680850,2729061
1244680850,11388132
1244680850,16955991
1244680850,35773039
1244680850,15164565
1244680850,573918122
1244680850,3310571
1244680850,14691720
1244680850,19458129
1244680850,18944007
1244680850,11819792
1244680850,27965538
1244680850,59830916
1244680850,902858761
1244680850,8662472
1244680850,19405367
1244680850,1362132925
1244680850,56093343
1244680850,48424015
1244680850,20345378
1244680850,1062558625
1244680850,311606579
1244680850,1600989234
1244680850,1023139638
1244680850,1407892861
1244680850,47476545
1244680850,147518360
1244680850,990627116
1244680850,23837271
1244680850,331707065
1244680850,279390084
1244680850,1415626628
1244680850,14176375
1244680850,813909716
1244680850,1252917283
1244680850,825381325
1244680850,55405408
1244680850,77826352
1244680850,66359307
1244680850,54078222
1244680850,301631989
1244680850,59600093
1244680850,63452015
1244680850,19448989
1244680850,140084640
1244680850,513298480
1244680850,22321740
1244680850,761801714
1244680850,23316750
1244680850,1239671
1244680850,19199211
1244680850,44139807
1244680850,9300262
1244680850,96109537
1244680850,1440641
1244680850,17057271
1244680850,16336998
1244680850,19066345
1244680850,26012202
1244680850,7103272
1244680850,16219635
1244680850,12804422
1244680850,53149244
1244680850,17623957
1244680850,15446126
1244680850,15057943
1244680850,22009731
1244680850,4136381
1244680850,382253381
1244680850,102773210
1244680850,15135958
1244680850,1638631634
1244680850,14333754
1244680850,21661279
1244680850,20685061
1244680850,18743550
1244680850,125644689
1244680850,246493616
1244680850,30331404
1244680850,14428289
1244680850,13982132
1244680850,133022410
1244680850,14139811
1244680850,14706139
1244680850,16228337
1244680850,105197819
1244680850,35542372
1244680850,12206102
1244680850,2043041
1244680850,14866753
1244680850,32618486
1244680850,22790881
1244680850,107562560
1244680850,49413866
1244680850,205974045
1244680850,54015652
1244680850,377249175
1244680850,148517828
1244680850,17157238
1244680850,53096584
1244680850,18975726
1244680850,19649135
1244680850,19472578
1244680850,20982910
1244680850,2162697578
1244680850,15028398
1244680850,17445813
1244680850,16589206
1244680850,41258937
1244680850,4816
1244680850,543560090
1244680850,29415843
1244680850,18789893
1244680850,21877065
1244680850,36741547
1244680850,37755306
1244680850,139409902
1244680850,209811713
1244680850,605856131
1244680850,52024106
1244680850,14504859
1244680850,339443796
1244680850,36903534
1244680850,18466967
1244680850,41193473
1244680850,232680302
1244680850,990512911
1244680850,1112431
1244680850,2641980923
1244680850,14399709
1244680850,13409752
1244680850,26266891
1244680850,757903
1244680850,9159232
1244680850,45585899
1244680850,214125777
1244680850,15736487
1244680850,294905318
1244680850,12778882
1244680850,63163
1244680850,19673700
1244680850,1949322637
1244680850,32359921
1244680850,14075928
1244680850,158414847
1244680850,92263845
1244680850,5120691
1244680850,16423109
1244680850,169963553
1244680850,25390350
1244680850,14159148
1244680850,27860681
1244680850,25098482
1244680850,16348549
1244680850,24241544
1244680850,14746456
1244680850,976185420
1244680850,109459067
1244680850,275405363
1244680850,42867427
1244680850,137339884
1244680850,15012215
1244680850,69380896
1244680850,390655864
1244680850,17997273
1244680850,25524283
1244680850,18469707
1244680850,44932521
1244680850,18080585
1244680850,16144669
1244680850,199196447
1244680850,8884772
1244680850,237401623
1244680850,198618575
1244680850,819800
1244680850,14372486
1244680850,17872180
1244680850,9737032
1244680850,14539324
1244680850,9507322
1244680850,6070762
1244680850,15066271
1244680850,120207925
1244680850,14972862
1244680850,259348780
1244680850,15224867
1244680850,1205089686
1244680850,365657175
1244680850,17462723
1244680850,18803751
1244680850,16838962
1244680850,1114731362
1244680850,1097836022
1244680850,40872043
1244680850,23263743
1244680850,727094240
1244680850,19650966
1244680850,25150711
1244680850,358464377
1244680850,14345141
1244680850,15951863
1244680850,17293364
1244680850,127454692
1244680850,15615035
1244680850,15056788
1244680850,19292033
1244680850,16874616
1244680850,16740348
1244680850,103951768
1244680850,481943972
1244680850,20766350
1244680850,23922220
1244680850,15364280
1244680850,2695824529
1244680850,4641021
1244680850,22384691
1244680850,15808647
1244680850,1569421542
1244680850,1879821056
1244680850,7905122
1244680850,51241574
1244680850,126664186
1244680850,1065721033
1244680850,12078532
1244680850,281093710
1244680850,2890961
1244680850,388345704
1244680850,275686563
1244680850,972651
1244680850,20214495
1244680850,88914175
1244680850,96102210
1244680850,53560219
1244680850,184931891
1244680850,15492359
1244680850,816653
1244680850,1344951
1244680850,717313
1244680850,12819112
1244680850,1068831
1244680850,16438248
1244680850,15428397
1244680850,39582797
1244680850,27596259
1244680850,18700629
1244680850,867064910
1244680850,16632219
1244680850,14758257
1244680850,6017542
1244680850,14270254
1244680850,19826509
1244680850,14734304
1244680850,19019970
1244680850,14166909
1244680850,19932481
1244680850,1327843160
1244680850,59102196
1244680850,19247625
1244680850,298360697
1244680850,23011527
1244680850,14856333
1244680850,44671088
1244680850,18293604
1244680850,1256143021
1244680850,1967291292
1244680850,1650368761
1244680850,189253902
1244680850,93714983
1244680850,313665723
1244680850,43617175
1244680850,7144422
1244680850,12999402
1244680850,43901113
1244680850,163975783
1244680850,30261067
1244680850,17163743
1244680850,169021842
1244680850,15736190
1244680850,12497362
1244680850,112243365
1244680850,18122642
1244680850,67026664
1244680850,178246193
1244680850,20627896
1244680850,70096167
1244680850,10876852
1244680850,19277186
1244680850,17006157
1244680850,14120913
1244680850,14231648
1244680850,9973082
1244680850,717654410
1244680850,428333
1244680850,3108351
1244680850,25805235
1244680850,28785486
1244680850,24609163
1244680850,2335560870
1244680850,17469289
1244680850,15012486
1244680850,5988062
1244680850,14293310
1244680850,1652541
1244680850,232855418
1244680850,9980812
1244680850,101025176
1244680850,20781929
1244680850,16171953
1244680850,523510988
1244680850,16642746
1244680850,2884771
1244680850,25535042
1244680850,8699742
1244680850,7109022
1244680850,19264748
1244680850,18135386
1244680850,19889294
1244680850,124139163
1244680850,17163446
1244680850,15391813
1244680850,8665572
1244680850,2561091
1244680850,8665852
1244680850,26276346
1244680850,16451028
1244680850,22621759
1244680850,817141
1244680850,33933259
1244680850,14499829
1244680850,17509972
1244680850,20596281
1244680850,104277809
1244680850,515838635
1244680850,23585685
1244680850,17884125
1244680850,46003622
1244680850,3963051
1244680850,69231187
1244680850,20646711
1244680850,46243602
1244680850,17634892
1244680850,16709304
1244680850,6490642
1244680850,13567
1244680850,22197926
1244680850,20733754
1244680850,1684133550
1244680850,42614508
1244680850,1849552524
1244680850,2364926814
1244680850,2330998573
1244680850,2317609098
1244680850,2669881766
1244680850,2668770211
1244680850,13334762
1244680850,15895661
1244680850,33838201
1244680850,93711247
1244680850,87294312
1244680850,50090898
1244680850,106682853
1244680850,49012699
1244680850,24974216
1244680850,45496942
1244680850,34423857
1244680850,113713261
1244680850,14192589
1244680850,11695472
1244680850,553090178
1244680850,74286565
1244680850,14061059
1244680850,2142731
1244680850,648873
1244680850,382267114
1244680850,14895831
1244680850,56505125
1244680850,1541461
1244680850,22173676
1244680850,35761106
1244680850,571202103
1244680850,14231151
1244680850,793830
1244680850,17135931
1244680850,14490962
1244680850,86026492
1244680850,176565308
1244680850,22603407
1244680850,285019665
1244680850,517021184
1244680850,39765560
1244680850,26842343
1244680850,143816594
1244680850,16693
1244680850,14511951
1244680850,16817883
1244680850,13787402
1244680850,26832834
1244680850,46319532
1244680850,487833518
1244680850,15431856
1244680850,15862891
1244680850,70951899
1244680850,16303106
1244680850,414
1244680850,21801907
1244680850,138725262
1244680850,14647570
1244680850,32302688
1244680850,338240032
1244680850,949521
1244680850,16895274
1244680850,15461733
1244680850,103865085
1244680850,28694307
1244680850,19722699
1244680850,40930287
1244680850,21410687
1244680850,16130330
1244680850,742143
1244680850,87818409
1244680850,14361155
1244680850,15947602
1244680850,18213483
1244680850,14700316
1244680850,284933
1244680850,16153562
1244680850,29472803
1244680850,17918545
1244680850,11628
1244680850,15032736
1244680850,1615685677
1244680850,3459051
1244680850,120181944
1244680850,38146999
1244680850,84351228
1244680850,2526916549
1244680850,16958346
1244680850,6705042
1244680850,24919888
1244680850,60033
1244680850,61306578
1244680850,17220934
1244680850,219070649
1244680850,75662577
1244680850,849101
1244680850,15473958
1244680850,70349639
1244680850,28583197
1244680850,34554134
1244680850,19789439
1244680850,15165502
1244680850,11348282
1244680850,180200031
1244680850,15165493
1244680850,14993191
1244680850,21066857
1244680850,94081671
1244680850,15392221
1244680850,19921389
1244680850,14842285
1244680850,35718347
1244680850,19867777
1244680850,21182676
1244680850,16569045
1244680850,74428159
1244680850,19910996
1244680850,15823676
1244680850,117662694
1244680850,15110431
1244680850,17842366
1244680850,2197487762
1244680850,17471979
1244680850,8963722
1244680850,23018491
1244680850,997629601
1244680850,107225267
1244680850,24129206
1244680850,857331655
1244680850,13746792
1244680850,459275531
1244680850,1382404544
1244680850,14538601
1244680850,91985735
1244680850,372475592
1244680850,61037301
1244680850,240254617
1244680850,35225144
1244680850,22904901
1244680850,19713622
1244680850,17624543
1244680850,123754656
1244680850,774280
1244680850,167399649
1244680850,2550479695
1244680850,348664405
1244680850,61133
1244680850,13889622
1244680850,15234407
1244680850,18776131
1244680850,20060293
1244680850,15143478
1244680850,16331614
1244680850,16580226
1244680850,19658826
1244680850,11250
1244680850,135316691
1244680850,178363987
1244680850,21436960
1244680850,20542737
1244680850,32372834
1244680850,1046661
1244680850,26250872
1244680850,186154646
1244680850,48799978
1244680850,29328707
1244680850,17781165
1244680850,12415722
1244680850,21423021
1244680850,17248121
1244680850,223741798
1244680850,231796277
1244680850,14505838
1244680850,646533
1244680850,887251
1244680850,1671811
1244680850,621573
1244680850,21581503
1244680850,14085070
1244680850,23962323
1244680850,16866617
1244680850,220145170
1244680850,19402238
1244680850,37710752
1244680850,85932175
1244680850,5511
1244680850,20599255
