1295704664,4834633581
1295704664,3288691247
1295704664,1441180610
1295704664,1283310451
1295704664,4782914611
1295704664,4782845498
1295704664,2202002119
1295704664,458496089
1295704664,187533697
1295704664,3362559203
1295704664,723696356
1295704664,303229453
1295704664,4258023201
1295704664,4409487821
1295704664,4409605474
1295704664,803291118
1295704664,735710198
1295704664,380627331
1295704664,4217709131
1295704664,17676713
1295704664,4119160593
1295704664,148867925
1295704664,338965082
1295704664,3110047511
1295704664,4134541522
1295704664,156121420
1295704664,4211524955
1295704664,2905655770
1295704664,4037822896
1295704664,3206853700
1295704664,4177649597
1295704664,2730615427
1295704664,1894591321
1295704664,2495032879
1295704664,3327181637
1295704664,3906310100
1295704664,4155874523
1295704664,3360971008
1295704664,235368054
1295704664,948552829
1295704664,2433742945
1295704664,1483393165
1295704664,2921718664
1295704664,271372199
1295704664,3199315887
1295704664,4069301782
1295704664,811687681
1295704664,2403280765
1295704664,876187652
1295704664,2651380620
1295704664,440362326
1295704664,179138355
1295704664,159067496
1295704664,400892490
1295704664,953293784
1295704664,2771519366
1295704664,2256402420
1295704664,4138360139
1295704664,3019568698
1295704664,2790187043
1295704664,469126074
1295704664,2172257245
1295704664,2236413235
1295704664,2764207864
1295704664,3739893562
1295704664,298172693
1295704664,400574733
1295704664,3873197128
1295704664,1860869911
1295704664,3293828939
1295704664,3171497681
1295704664,360004921
1295704664,414227526
1295704664,2497809289
1295704664,191423777
1295704664,3027112640
1295704664,404756588
1295704664,3817813288
1295704664,327603604
1295704664,241844088
1295704664,3025516884
1295704664,3001962526
1295704664,3021953481
1295704664,391278211
1295704664,906400872
1295704664,465686805
1295704664,482815803
1295704664,3169751519
1295704664,125796196
1295704664,319634217
1295704664,3131180201
1295704664,1913850889
1295704664,2998366079
1295704664,3187672259
1295704664,305125192
1295704664,3714663616
1295704664,17820913
1295704664,2769135663
1295704664,526242817
1295704664,2615056009
1295704664,1411161968
1295704664,2878658775
1295704664,2885449607
1295704664,2204657341
1295704664,264957691
1295704664,2995836394
1295704664,827106738
1295704664,2855180813
1295704664,1066524380
1295704664,196874253
1295704664,2910853983
1295704664,240918134
1295704664,2206798507
1295704664,414151076
1295704664,59885627
1295704664,3399821327
1295704664,1689245514
1295704664,19762091
1295704664,1423179350
1295704664,948387920
1295704664,2601960416
1295704664,141953288
1295704664,3328091087
1295704664,2987781491
1295704664,258824428
1295704664,3368938876
1295704664,518561917
1295704664,626062557
1295704664,278243687
1295704664,566489482
1295704664,2905232597
1295704664,1423824241
1295704664,210509752
1295704664,2969481784
1295704664,2147633173
1295704664,3026228339
1295704664,2916305152
1295704664,3722302709
1295704664,3395436645
1295704664,74126402
1295704664,3340973451
1295704664,1581511
1295704664,1444436792
1295704664,2276821540
1295704664,314054286
1295704664,3375977103
1295704664,1493355812
1295704664,162000598
1295704664,15280016
1295704664,2299875572
1295704664,621133544
1295704664,1959556592
1295704664,625022363
1295704664,3096642344
1295704664,2982481407
1295704664,124690469
1295704664,3302327032
1295704664,2734713482
1295704664,238099531
1295704664,234252414
1295704664,1337785291
1295704664,188671764
1295704664,18986175
1295704664,161452959
1295704664,331020996
1295704664,2283501456
1295704664,3253358179
1295704664,16292537
1295704664,3055168421
1295704664,243772202
1295704664,1179981192
1295704664,2722945505
1295704664,151803781
1295704664,3091376321
1295704664,2810051205
1295704664,1111444609
1295704664,2933473510
1295704664,3056890672
1295704664,245551558
1295704664,2520748525
1295704664,3026896191
1295704664,3130864132
1295704664,2321526374
1295704664,2913819490
1295704664,3045358571
1295704664,2459398808
1295704664,3064602171
1295704664,154391771
1295704664,2973664948
1295704664,1361984828
1295704664,516405086
1295704664,3019961223
1295704664,3084704992
1295704664,2525943596
1295704664,2980591853
1295704664,464542552
1295704664,3005765446
1295704664,592700022
1295704664,2531053765
1295704664,220988872
1295704664,159119360
1295704664,915546782
1295704664,500147689
1295704664,555399367
1295704664,140034129
1295704664,394266186
1295704664,31090827
1295704664,23503181
1295704664,110403389
1295704664,115611795
1295704664,360612491
1295704664,19020032
1295704664,2537713124
1295704664,372812630
1295704664,1894734308
1295704664,2827528004
1295704664,380519207
1295704664,343447873
1295704664,2893333396
1295704664,157809480
1295704664,211473173
1295704664,142001958
1295704664,2875284701
1295704664,80820758
1295704664,2851358068
1295704664,2705005872
1295704664,85692611
1295704664,2623946513
1295704664,2816970126
1295704664,2841836122
1295704664,2814666913
1295704664,2836602820
1295704664,2602101853
1295704664,2578439390
1295704664,2826507825
1295704664,2792419105
1295704664,2568478819
1295704664,2827577223
1295704664,305514503
1295704664,2835124511
1295704664,455875065
1295704664,2735459970
1295704664,2783657026
1295704664,235234497
1295704664,358024490
1295704664,2505379236
1295704664,2815678316
1295704664,2603414691
1295704664,2711325787
1295704664,2752881102
1295704664,2624970136
1295704664,2532602628
1295704664,2809938715
1295704664,2599397826
1295704664,2573860115
1295704664,2535395756
1295704664,2587607558
1295704664,2614903982
1295704664,2749459453
1295704664,2765927214
1295704664,2723889259
1295704664,2657704711
1295704664,2600345748
1295704664,1979110297
1295704664,2687729113
1295704664,2787875539
1295704664,2656673719
1295704664,2589508616
1295704664,2650592862
1295704664,2766210864
1295704664,2686076408
1295704664,2682185628
1295704664,2697559416
1295704664,2748945457
1295704664,2603946558
1295704664,2590643181
1295704664,2789995579
1295704664,2528301445
1295704664,2715354914
1295704664,2596242340
1295704664,2684796697
1295704664,2721965122
1295704664,2703862020
1295704664,2530429004
1295704664,2573650146
1295704664,2714310894
1295704664,2721964998
1295704664,2545693088
1295704664,2570611927
1295704664,2665394286
1295704664,2582085967
1295704664,2551156238
1295704664,442385889
1295704664,2745582662
1295704664,2587344205
1295704664,119922927
1295704664,2571044095
1295704664,17018967
1295704664,2562977478
1295704664,2576464567
1295704664,2563141286
1295704664,2532924168
1295704664,2538402978
1295704664,2562169386
1295704664,2721639975
1295704664,2532028868
1295704664,2648338970
1295704664,2701415551
1295704664,2700732134
1295704664,2721060505
1295704664,2735824667
1295704664,2687809255
1295704664,2689999933
1295704664,2539379366
1295704664,2540097936
1295704664,2570765599
1295704664,2685928004
1295704664,2609351846
1295704664,2551405590
1295704664,2584515763
1295704664,2549991476
1295704664,2740214931
1295704664,2555463932
1295704664,2554549399
1295704664,1375644380
1295704664,1042079851
1295704664,2570928339
1295704664,2561945353
1295704664,2600542021
1295704664,2535702715
1295704664,2657996282
1295704664,2552164399
1295704664,2570331058
1295704664,2676820970
1295704664,2646442976
1295704664,2732453638
1295704664,2539152318
1295704664,2658882019
1295704664,2587353546
1295704664,2564860104
1295704664,2557138064
1295704664,2529467335
1295704664,2718703949
1295704664,2558652859
1295704664,2605114866
1295704664,2524439976
1295704664,2580952639
1295704664,2563062943
1295704664,2613392648
1295704664,2552899519
1295704664,2599550268
1295704664,2539721864
1295704664,2653508766
1295704664,2645927713
1295704664,2607459792
1295704664,2596486566
1295704664,2525195270
1295704664,2682144595
1295704664,2624280397
1295704664,2599650913
1295704664,2561535258
1295704664,2693597420
1295704664,2600509387
1295704664,2565049822
1295704664,2654803686
1295704664,2555560098
1295704664,2571490974
1295704664,180200031
1295704664,2555784974
1295704664,2537896518
1295704664,33602654
1295704664,2616976669
1295704664,2657381467
1295704664,2613863862
1295704664,2590486596
1295704664,2573996062
1295704664,2647472544
1295704664,2539668984
1295704664,2617165741
1295704664,2563190743
1295704664,2554340894
1295704664,2665333626
1295704664,2625164449
1295704664,2669609666
1295704664,2586317322
1295704664,2598344835
1295704664,2591010685
1295704664,2565624127
1295704664,2559307399
1295704664,2591387953
1295704664,2532156737
1295704664,2584977352
1295704664,2606524901
1295704664,2582019140
1295704664,2537986273
1295704664,2573565321
1295704664,2682152480
1295704664,2675385550
1295704664,2564103878
1295704664,2645858581
1295704664,2651030132
1295704664,2684809098
1295704664,2579896665
1295704664,2678045622
1295704664,2522793576
1295704664,2678164400
1295704664,2577576056
1295704664,2563194896
1295704664,2534187912
1295704664,2724570567
1295704664,2722071771
1295704664,378255901
1295704664,1390094221
1295704664,2688804099
1295704664,2654708304
1295704664,2559910213
1295704664,2577702241
1295704664,2544588912
1295704664,2541061652
1295704664,2564140898
1295704664,2569713463
1295704664,2722185202
1295704664,2533562977
1295704664,2641393288
1295704664,2534793787
1295704664,1938233653
1295704664,2543730192
1295704664,2585601110
1295704664,2541696301
1295704664,2475857089
1295704664,2584272168
1295704664,2595428935
1295704664,2578751660
1295704664,2551749961
1295704664,2652181519
1295704664,2539198190
1295704664,2562964652
1295704664,2570845920
1295704664,2576322986
1295704664,2594899427
1295704664,2571550279
1295704664,2575455440
1295704664,2571495722
1295704664,2574717494
1295704664,2559612343
1295704664,2613459056
1295704664,2714496563
1295704664,2646335538
1295704664,2605784216
1295704664,2600766270
1295704664,2520375234
1295704664,2645020105
1295704664,2585542909
1295704664,2617697844
1295704664,2564286884
1295704664,2580674148
1295704664,2601324836
1295704664,2584126416
1295704664,2583861012
1295704664,1925102802
1295704664,2430837884
1295704664,2600238342
1295704664,2561669216
1295704664,2638487437
1295704664,2601895699
1295704664,2555142332
1295704664,2626020785
1295704664,2567589956
1295704664,2549818356
1295704664,2525060665
1295704664,2544317785
1295704664,2538384960
1295704664,2530648993
1295704664,2583216088
1295704664,2565033758
1295704664,2574718412
1295704664,2602389459
1295704664,2590172239
1295704664,2582220498
1295704664,2638833089
1295704664,2551737732
1295704664,2655727108
1295704664,2610280009
1295704664,2574912234
1295704664,2572277640
1295704664,1433428914
1295704664,2573580191
1295704664,2625819000
1295704664,2589553322
1295704664,2525555630
1295704664,784574954
1295704664,2610512965
1295704664,73350229
1295704664,2603483545
1295704664,1144933434
1295704664,2596511816
1295704664,2565795854
1295704664,2591391230
1295704664,2600832427
1295704664,2634771135
1295704664,1518957877
1295704664,2640901593
1295704664,2616213841
1295704664,1958927894
1295704664,11162772
1295704664,2585856354
1295704664,2591240341
1295704664,2597692616
1295704664,2608434896
1295704664,223599338
1295704664,2583971959
1295704664,2572850928
1295704664,1928325846
1295704664,50421081
1295704664,2184681223
1295704664,2591218939
1295704664,2553195716
1295704664,2568816071
1295704664,2589400650
1295704664,36626651
1295704664,68740712
1295704664,230175706
1295704664,2327435306
1295704664,848187727
1295704664,2558484630
1295704664,2543404104
1295704664,2529780720
1295704664,2547033829
1295704664,2544678110
1295704664,2525586524
1295704664,2546137448
1295704664,2556517622
1295704664,2574639536
1295704664,2534822612
1295704664,2572904918
1295704664,2575108274
1295704664,2463266929
1295704664,2571172014
1295704664,2569746547
1295704664,2569521362
1295704664,2571144658
1295704664,2547754604
1295704664,2585127473
1295704664,2535691490
1295704664,2569428000
1295704664,2579258896
1295704664,132554878
1295704664,2549439618
1295704664,2541563623
1295704664,2565842988
1295704664,2557492039
1295704664,2619524632
1295704664,2567255546
1295704664,2565522972
1295704664,2565112290
1295704664,2560029331
1295704664,2573293459
1295704664,2569829227
1295704664,2606977390
1295704664,890931560
1295704664,2535439272
1295704664,2557360813
1295704664,2567503478
1295704664,2499850574
1295704664,2534748980
1295704664,2534328144
1295704664,2569690440
1295704664,2545478041
1295704664,2567204444
1295704664,2570762804
1295704664,2569034376
1295704664,2525826060
1295704664,2577576897
1295704664,2555376043
1295704664,2502427040
1295704664,2547960758
1295704664,2525629536
1295704664,2546312856
1295704664,2530575578
1295704664,2559340927
1295704664,1567864274
1295704664,2539232318
1295704664,2543314112
1295704664,2565219393
1295704664,2525940665
1295704664,2512783176
1295704664,2565176305
1295704664,2562730328
1295704664,2566965042
1295704664,2558607084
1295704664,2566881986
1295704664,2550360169
1295704664,2540326495
1295704664,2539138356
1295704664,2383568360
1295704664,2562038690
1295704664,2535835441
1295704664,2547785582
1295704664,2534706636
1295704664,2526681025
1295704664,2533253444
1295704664,316721629
1295704664,2528386368
1295704664,2567970161
1295704664,2548698607
1295704664,2534628223
1295704664,2538291451
1295704664,2537946487
1295704664,2532966824
1295704664,2546520576
1295704664,2530328448
1295704664,2563177074
1295704664,2524905294
1295704664,2561646846
1295704664,2561759029
1295704664,2561608927
1295704664,2563063958
1295704664,2430663941
1295704664,2521200282
1295704664,2540275796
1295704664,2485396573
1295704664,2552627106
1295704664,2469186217
1295704664,2565739067
1295704664,2515130640
1295704664,1266947503
1295704664,2595024005
1295704664,2545533642
1295704664,2529447438
1295704664,2555045430
1295704664,2561650712
1295704664,2532476809
1295704664,2557870814
1295704664,2537437903
1295704664,2540620147
1295704664,2554767362
1295704664,2530795826
1295704664,2576141739
1295704664,2561165474
1295704664,2561224982
1295704664,2548456418
1295704664,2544450474
1295704664,2540007427
1295704664,2609147818
1295704664,2556730549
1295704664,2508972052
1295704664,2570762055
1295704664,2502545781
1295704664,2524886635
1295704664,2547647796
1295704664,2572323135
1295704664,2552256649
1295704664,2538999422
1295704664,2541657132
1295704664,2549950370
1295704664,2581117731
1295704664,2539679342
1295704664,2574463907
1295704664,2555676205
1295704664,2549713189
1295704664,2540282306
1295704664,2539291350
1295704664,2554300980
1295704664,2528268002
1295704664,2537378258
1295704664,2528137021
1295704664,2533330075
1295704664,2528266723
1295704664,2547966031
1295704664,2564553461
1295704664,2491729555
1295704664,2578529147
1295704664,2548763970
1295704664,2421104238
1295704664,2523253046
1295704664,2545660620
1295704664,2537886528
1295704664,2525894690
1295704664,300504472
1295704664,65045121
1295704664,2553148580
1295704664,2584134639
1295704664,2549752014
1295704664,2549827694
1295704664,1247478108
1295704664,2550004333
1295704664,2390936420
1295704664,2483741334
1295704664,2570390855
1295704664,2556158960
1295704664,2507557010
1295704664,2563118279
1295704664,2445760703
1295704664,2553534170
1295704664,2549586726
1295704664,413181062
1295704664,158110011
1295704664,2534781043
1295704664,1454491112
1295704664,2534735358
1295704664,2437406791
1295704664,2475490628
1295704664,2530245529
1295704664,2324417802
1295704664,2321064234
1295704664,2327408432
1295704664,2327356922
1295704664,2533046240
1295704664,2533357650
1295704664,2535075157
1295704664,2504192694
1295704664,2528579629
1295704664,309681130
1295704664,2537060107
1295704664,2508684464
1295704664,2573936229
1295704664,2527893938
1295704664,2467419615
1295704664,2543462690
1295704664,2546846576
1295704664,2571217053
1295704664,2540419933
1295704664,2537204101
1295704664,2540401028
1295704664,2540341231
1295704664,128321976
1295704664,2570219661
1295704664,2539256820
1295704664,2501963352
1295704664,2519643290
1295704664,1312146331
1295704664,2573488462
1295704664,2575354324
1295704664,1251708026
1295704664,2571296422
1295704664,2521264206
1295704664,2526978985
1295704664,2572568235
1295704664,2531983308
1295704664,2534873094
1295704664,2537630840
1295704664,2508251310
1295704664,2505203611
1295704664,2563783317
1295704664,2537232146
1295704664,2532312637
1295704664,2524929114
1295704664,2526108890
1295704664,2531044442
1295704664,2527277491
1295704664,2532267632
1295704664,2516313397
1295704664,2569699060
1295704664,2528189708
1295704664,2526946112
1295704664,2525639965
1295704664,2536932912
1295704664,2532973896
1295704664,2569785573
1295704664,2526080149
1295704664,2529391002
1295704664,2524651302
1295704664,2528175486
1295704664,2534660454
1295704664,2530641728
1295704664,2567134067
1295704664,2530414844
1295704664,2511404036
1295704664,2564269654
1295704664,2527332601
1295704664,54599427
1295704664,382301489
1295704664,233582234
1295704664,221817410
1295704664,2449461288
1295704664,2449376515
1295704664,398306220
1295704664,115216851
1295704664,2489634931
1295704664,2497155462
1295704664,2482761703
1295704664,2422241990
1295704664,318986714
1295704664,2466229423
1295704664,2384283548
1295704664,2419290031
1295704664,2418920929
1295704664,1327464931
1295704664,381128084
1295704664,613502009
1295704664,601887686
1295704664,2504419378
1295704664,2421578204
1295704664,2292454922
1295704664,119875281
1295704664,2427273956
1295704664,30938602
1295704664,2461016952
1295704664,2399844698
1295704664,1108550282
1295704664,2438349547
1295704664,2446855748
1295704664,2354557608
1295704664,622053533
1295704664,2450298302
1295704664,2393312148
1295704664,2424265676
1295704664,2353341670
1295704664,301692718
1295704664,34743251
1295704664,2336665274
1295704664,2429271014
1295704664,2467886543
1295704664,2396550344
1295704664,2344954560
1295704664,2437112695
1295704664,11348282
1295704664,362565198
1295704664,2417356686
1295704664,2452909599
1295704664,2394386869
1295704664,2425279866
1295704664,2422713110
1295704664,2397043430
1295704664,2388060384
1295704664,2419270632
1295704664,2440888791
1295704664,347338413
1295704664,2416100726
1295704664,2389561586
1295704664,2409496302
1295704664,2409760422
1295704664,2414054797
1295704664,25555639
1295704664,2329184163
1295704664,2381228046
1295704664,2409623485
1295704664,1292021250
1295704664,135958227
1295704664,450577566
1295704664,1424145636
1295704664,2397803437
1295704664,2394550602
1295704664,2400501522
1295704664,197863865
1295704664,299416334
1295704664,157265223
1295704664,2407577317
1295704664,2360878495
1295704664,1539575989
1295704664,2315119148
1295704664,2374449668
1295704664,2353653462
1295704664,2360881140
1295704664,2353129188
1295704664,2364643942
1295704664,2377043383
1295704664,2377548338
1295704664,2370405912
1295704664,2355478280
1295704664,2369476213
1295704664,2380768976
1295704664,2327872688
1295704664,85467544
1295704664,749200710
1295704664,2367108482
1295704664,2364688010
1295704664,2342568294
1295704664,2375909599
1295704664,2381904935
1295704664,2385450659
1295704664,2327667186
1295704664,2389532889
1295704664,2373977124
1295704664,2371659696
1295704664,2371789428
1295704664,2367590120
1295704664,2354633318
1295704664,2357953789
1295704664,2348523625
1295704664,2342670624
1295704664,2373922155
1295704664,2366848069
1295704664,1046105768
1295704664,2314288622
1295704664,1443604814
1295704664,2363249856
1295704664,2306287023
1295704664,2343862071
1295704664,2339427847
1295704664,2335378297
1295704664,2360808756
1295704664,2365599848
1295704664,2349149545
1295704664,2358017780
1295704664,2347154142
1295704664,2347621451
1295704664,2336560177
1295704664,2320759825
1295704664,2258806376
1295704664,110442665
1295704664,938951737
1295704664,2356734773
1295704664,2318561829
1295704664,2339277062
1295704664,2352295656
1295704664,2346899324
1295704664,2352291500
1295704664,2313946769
1295704664,94876182
1295704664,2349088537
1295704664,39483072
1295704664,105579238
1295704664,2347093926
1295704664,2344045376
1295704664,2339514876
1295704664,109537758
1295704664,2316233962
1295704664,2301684518
1295704664,2347011210
1295704664,1284339228
1295704664,2317369278
1295704664,2343394706
1295704664,2334908088
1295704664,2341742071
1295704664,2339934734
1295704664,2342655565
1295704664,2342265724
1295704664,2338904665
1295704664,2342595733
1295704664,1606303016
1295704664,2326817515
1295704664,2340753991
1295704664,2304531976
1295704664,2330635004
1295704664,2335154190
1295704664,2330209658
1295704664,2330427221
1295704664,2326954436
1295704664,2320586323
1295704664,2319411390
1295704664,2323072512
1295704664,2322314204
1295704664,2343951043
1295704664,84054978
1295704664,128210257
1295704664,2336118106
1295704664,97535213
1295704664,137831966
1295704664,2341373581
1295704664,2331667668
1295704664,437502212
1295704664,412553833
1295704664,2342299004
1295704664,57981270
1295704664,2201195173
1295704664,2316123014
1295704664,2316527311
1295704664,2313979656
1295704664,2302058545
1295704664,2312755610
1295704664,531214890
1295704664,2317340606
1295704664,2292455086
1295704664,2303221610
1295704664,2299636291
1295704664,2309120827
1295704664,2319603954
1295704664,2317352768
1295704664,2302030993
1295704664,2299803774
1295704664,2317115528
1295704664,2301521132
1295704664,2291751346
1295704664,2299805726
1295704664,2301243672
1295704664,2307846715
1295704664,2300409494
1295704664,2308653811
1295704664,2317449571
1295704664,2301274694
1295704664,2299499070
1295704664,2299976863
1295704664,2299791145
1295704664,251290516
1295704664,94849023
1295704664,301692495
1295704664,2303383770
1295704664,2318110975
1295704664,2291383507
1295704664,2310782705
1295704664,2308576394
1295704664,273825677
1295704664,234334894
1295704664,510535152
1295704664,550660399
1295704664,187864310
1295704664,13346352
1295704664,482389606
1295704664,392199690
1295704664,299920075
1295704664,20507534
1295704664,2288138575
1295704664,152722929
1295704664,780717692
1295704664,271067527
1295704664,2284166722
1295704664,525264466
1295704664,267355099
1295704664,228885826
1295704664,2291367451
1295704664,582259056
1295704664,637015978
1295704664,904313300
1295704664,301184150
1295704664,832928402
1295704664,196512674
1295704664,78863928
1295704664,309022429
1295704664,632006526
1295704664,378944786
1295704664,1949809458
1295704664,375749713
1295704664,1494100669
1295704664,27064091
1295704664,1202045964
1295704664,20907765
1295704664,280227352
1295704664,707244590
1295704664,717416409
1295704664,215977099
1295704664,1269484171
1295704664,275745535
1295704664,26839592
1295704664,51681636
1295704664,5402612
1295704664,579217415
1295704664,301306806
1295704664,33546284
1295704664,1381654130
1295704664,160508718
1295704664,1650027518
1295704664,1870743038
1295704664,1426131164
1295704664,381050968
1295704664,28121061
1295704664,302855428
1295704664,344559894
1295704664,1151557338
1295704664,701469121
1295704664,14246806
1295704664,1031322858
1295704664,16832632
1295704664,20909329
1295704664,413295645
1295704664,417841498
1295704664,344325743
1295704664,48822802
1295704664,169874262
1295704664,380456440
1295704664,112134350
1295704664,80096621
1295704664,315675648
1295704664,158201610
1295704664,120620613
1295704664,252202143
1295704664,1691713519
1295704664,214522063
1295704664,252734430
1295704664,147277255
1295704664,535153760
1295704664,14173443
1295704664,596717255
1295704664,253542793
1295704664,418197038
1295704664,266641960
1295704664,1168762387
1295704664,320963012
1295704664,263780425
1295704664,636454025
1295704664,148880708
1295704664,137671936
1295704664,475585621
1295704664,279606587
1295704664,278458079
1295704664,712338200
1295704664,247212255
1295704664,15473958
1295704664,293012562
1295704664,562512877
1295704664,104228227
1295704664,63797776
1295704664,1163579720
1295704664,6692562
1295704664,108994652
1295704664,714676398
1295704664,457818237
1295704664,609368290
1295704664,136666412
1295704664,108670198
1295704664,208161524
1295704664,280605546
1295704664,132635013
1295704664,212377097
1295704664,198516419
1295704664,78864249
1295704664,389625332
1295704664,1341278569
1295704664,232152308
1295704664,18238467
1295704664,215707523
1295704664,912364213
1295704664,280477631
1295704664,260016002
1295704664,563307174
1295704664,475690521
1295704664,223091784
1295704664,220047267
1295704664,289322163
1295704664,61510234
1295704664,731501923
1295704664,1390467966
1295704664,59398402
1295704664,211498571
1295704664,426450380
1295704664,19017675
1295704664,552573323
1295704664,76914701
1295704664,121725562
1295704664,33131041
1295704664,771915493
1295704664,451332972
1295704664,381499746
1295704664,254093643
1295704664,65375759
1295704664,205437050
1295704664,313927408
1295704664,15999738
1295704664,1410021434
1295704664,20929745
1295704664,194934827
1295704664,12349742
1295704664,25251453
1295704664,135936369
1295704664,21361705
1295704664,244279225
1295704664,186154646
1295704664,23791197
1295704664,405227451
1295704664,29958529
1295704664,147171210
1295704664,1245852163
1295704664,1106071328
1295704664,82856243
1295704664,14824411
1295704664,43701409
1295704664,317817664
1295704664,154121618
1295704664,423049148
1295704664,1387902714
1295704664,147976995
1295704664,192308402
1295704664,567901420
1295704664,792226416
1295704664,70249195
1295704664,1188386340
1295704664,893012234
1295704664,126706721
1295704664,380808030
1295704664,16589206
1295704664,227346465
1295704664,23132206
1295704664,907979474
1295704664,37883400
1295704664,1361517733
1295704664,764605597
1295704664,1212633373
1295704664,16080129
1295704664,13734322
1295704664,92397834
1295704664,621695114
1295704664,191386998
1295704664,80899853
1295704664,243426102
1295704664,42702612
1295704664,179304336
1295704664,282521367
1295704664,740841738
1295704664,241147024
1295704664,321618284
1295704664,1652541
1295704664,110509537
1295704664,255988123
1295704664,57986415
1295704664,404224265
1295704664,858344377
1295704664,15178410
1295704664,916898954
1295704664,184993308
1295704664,14436030
1295704664,301388743
1295704664,14371600
1295704664,135785246
1295704664,65369125
1295704664,158342368
1295704664,153329477
1295704664,813286
1295704664,44091448
1295704664,241496045
1295704664,30697822
1295704664,133371674
1295704664,344634424
1295704664,38381308
1295704664,69060709
1295704664,14436317
1295704664,789758492
1295704664,382581361
1295704664,14814402
1295704664,102095809
1295704664,537995806
1295704664,591056354
1295704664,42075966
1295704664,27760317
1295704664,11419202
1295704664,566315292
1295704664,241961179
1295704664,101755540
1295704664,304287573
1295704664,14780915
1295704664,44089785
1295704664,82487821
1295704664,13426312
1295704664,535707261
1295704664,7996082
1295704664,106769240
1295704664,507672047
1295704664,11904592
1295704664,50982086
1295704664,20509689
