1296862099,186478607
1296862099,2544912293
1296862099,2966725523
1296862099,310875875
1296862099,268059310
1296862099,2695442858
1296862099,4143426616
1296862099,327228358
1296862099,48320268
1296862099,370878056
1296862099,2289825756
1296862099,4331693441
1296862099,326405269
1296862099,1712945083
1296862099,121171958
1296862099,4061605347
1296862099,2785663088
1296862099,3115970205
1296862099,162427574
1296862099,75742264
1296862099,493370166
1296862099,3630578959
1296862099,1903519165
1296862099,2458051544
1296862099,2982404955
1296862099,15066876
1296862099,527543213
1296862099,3039733491
1296862099,813286
1296862099,17064195
1296862099,30313925
1296862099,20646711
1296862099,14499829
1296862099,439463212
1296862099,248726341
1296862099,14700316
1296862099,14159148
1296862099,33933259
1296862099,69231187
1296862099,787300813
1296862099,14511951
1296862099,14361155
1296862099,9300262
1296862099,2201553658
1296862099,337657234
1296862099,3970866023
1296862099,36347303
1296862099,26717286
1296862099,2237896405
1296862099,2915160171
1296862099,392539106
1296862099,86301869
1296862099,390384801
1296862099,1366981790
1296862099,31193470
1296862099,407347022
1296862099,3031587432
1296862099,14784765
1296862099,2422102190
1296862099,484092165
1296862099,58240279
1296862099,3401005989
1296862099,16589206
1296862099,2926678882
1296862099,64643056
1296862099,954258577
1296862099,613791577
1296862099,510658372
1296862099,13264792
1296862099,2820447172
1296862099,3342573567
1296862099,466466267
1296862099,886945338
1296862099,1830442682
1296862099,563613307
1296862099,246192217
1296862099,951348098
1296862099,479587052
1296862099,523704145
1296862099,949341888
1296862099,88952603
1296862099,370036504
1296862099,453030125
1296862099,280976134
1296862099,3305994758
1296862099,1002500058
1296862099,487764197
1296862099,111328116
1296862099,9999972
1296862099,547504953
1296862099,3367210215
1296862099,609032735
1296862099,334048374
1296862099,3306481919
1296862099,29466039
1296862099,24519519
1296862099,281516351
1296862099,323190050
1296862099,572490158
1296862099,7847192
1296862099,490126636
1296862099,18814998
1296862099,70385068
1296862099,24732180
1296862099,1976143068
1296862099,1500504980
1296862099,28066013
1296862099,47375691
1296862099,18933321
1296862099,888289790
1296862099,44101578
1296862099,122104353
1296862099,21107582
1296862099,39475170
1296862099,20429858
1296862099,14553288
1296862099,46085533
1296862099,24725119
1296862099,347792540
1296862099,626287930
1296862099,293066780
1296862099,68487244
1296862099,2177874557
1296862099,569832889
1296862099,16593114
1296862099,306760808
1296862099,20611290
1296862099,17870684
1296862099,467556902
1296862099,52839756
1296862099,69002929
1296862099,2482719410
1296862099,1498593469
1296862099,512029333
1296862099,421894082
1296862099,557575116
1296862099,2548235118
1296862099,3341454070
1296862099,402048293
1296862099,514333227
1296862099,106878438
1296862099,3241631453
1296862099,2291364008
1296862099,7381772
1296862099,977010265
1296862099,2929224743
1296862099,160952087
1296862099,898469210
1296862099,297963914
1296862099,404196766
1296862099,242704372
1296862099,607613327
1296862099,398058033
1296862099,116763916
1296862099,458966079
1296862099,288909699
1296862099,8220792
1296862099,825707342
1296862099,25668050
1296862099,803311
1296862099,13482112
1296862099,16591979
1296862099,3101481833
1296862099,57268394
1296862099,503250806
1296862099,745015783
1296862099,1002351
1296862099,408422581
1296862099,409532041
1296862099,312705486
1296862099,65616414
1296862099,97268285
1296862099,1425256856
1296862099,1346074165
1296862099,305073570
1296862099,49682005
1296862099,158044902
1296862099,2286056016
1296862099,305608187
1296862099,77540948
1296862099,602011269
1296862099,1503332706
1296862099,903820338
1296862099,227430820
1296862099,2789497826
1296862099,2789277667
1296862099,2872161425
1296862099,1121989255
1296862099,78864249
1296862099,190202163
1296862099,138717046
1296862099,19811190
1296862099,246089288
1296862099,591744952
1296862099,14157134
1296862099,87914827
1296862099,243716026
1296862099,223490551
1296862099,443984155
1296862099,510438177
1296862099,77528520
1296862099,339646302
1296862099,247366953
1296862099,27333516
1296862099,43081691
1296862099,103838317
1296862099,715706952
1296862099,498926486
1296862099,236077937
1296862099,1735063320
1296862099,1197967508
1296862099,471516779
1296862099,1343714233
1296862099,2710854359
1296862099,263224778
1296862099,217422465
1296862099,461919971
1296862099,111554274
1296862099,420461348
1296862099,951326846
1296862099,962012749
1296862099,1225071811
1296862099,1221108739
1296862099,960212832
1296862099,180394103
1296862099,1227160704
1296862099,1227104120
1296862099,106323953
1296862099,211699719
1296862099,60674075
1296862099,2537719684
1296862099,3306601618
1296862099,421851589
1296862099,1190774388
1296862099,2370080514
1296862099,32357365
1296862099,18762875
1296862099,3190558281
1296862099,142696927
1296862099,3291473164
1296862099,431584358
1296862099,1499096816
1296862099,138343953
1296862099,440782115
1296862099,201201906
1296862099,233978509
1296862099,1111517431
1296862099,198538431
1296862099,239767060
1296862099,53879771
1296862099,20840441
1296862099,116729780
1296862099,38823427
1296862099,201680757
1296862099,236347294
1296862099,358079945
1296862099,1379281795
1296862099,350362817
1296862099,710767088
1296862099,829544400
1296862099,272348292
1296862099,36349838
1296862099,205689342
1296862099,20302958
1296862099,1410615324
1296862099,571193359
1296862099,1731731006
1296862099,21100803
1296862099,246854726
1296862099,951347707
1296862099,2196023400
1296862099,41592271
1296862099,1407342985
1296862099,1222717968
1296862099,1197234409
1296862099,1600453668
1296862099,254619863
1296862099,1527023172
1296862099,29742534
1296862099,479841633
1296862099,483312341
1296862099,994734272
1296862099,2687663330
1296862099,24165160
1296862099,106704947
1296862099,111920727
1296862099,862812992
1296862099,192993369
1296862099,2926738486
1296862099,1222553491
1296862099,105479275
1296862099,1413046501
1296862099,2441578856
1296862099,3094511231
1296862099,298734224
1296862099,63670539
1296862099,516522890
1296862099,54903471
1296862099,1839938162
1296862099,3096625888
1296862099,252113889
1296862099,15657682
1296862099,15144122
1296862099,132801344
1296862099,36326893
1296862099,2154823326
1296862099,28164923
1296862099,22627258
1296862099,59132894
1296862099,17039236
1296862099,29701712
1296862099,15281391
1296862099,241789496
1296862099,494494595
1296862099,141137711
1296862099,35003783
1296862099,1667550055
1296862099,32429400
1296862099,1117283898
1296862099,2811022140
1296862099,2479883252
1296862099,412303032
1296862099,245490505
1296862099,1635671234
1296862099,3074885603
1296862099,240251200
1296862099,84571957
1296862099,246196874
1296862099,2369668423
1296862099,14163474
1296862099,850888453
1296862099,57044449
1296862099,2977900810
1296862099,17463137
1296862099,260654380
1296862099,425859762
1296862099,569061144
1296862099,33154963
1296862099,132545278
1296862099,1428138349
1296862099,2293287188
1296862099,3011889243
1296862099,435117930
1296862099,89654698
1296862099,397103940
1296862099,38171370
1296862099,17965092
1296862099,114508061
1296862099,40129171
1296862099,5715752
1296862099,281766494
1296862099,336007986
1296862099,211106542
1296862099,68806595
1296862099,581351672
1296862099,210754487
1296862099,6361512
1296862099,25667702
1296862099,5988062
1296862099,394659559
1296862099,260743284
1296862099,899488993
1296862099,57355147
1296862099,124690469
1296862099,1171473138
1296862099,168574501
1296862099,63423356
1296862099,29956924
1296862099,190218281
1296862099,114390197
1296862099,247388645
1296862099,1292292907
1296862099,176385448
1296862099,1194573096
1296862099,890605604
1296862099,92034115
1296862099,2370554281
1296862099,2954627333
1296862099,1562750732
1296862099,2985414046
1296862099,14388061
1296862099,366717205
1296862099,1267622114
1296862099,1891096868
1296862099,2590991065
1296862099,1286356693
1296862099,1327061083
1296862099,1920431011
1296862099,394183289
1296862099,437346019
1296862099,168596933
1296862099,125338759
1296862099,408537154
1296862099,2262902325
1296862099,1106482400
1296862099,2850290531
1296862099,2867454101
1296862099,17284228
1296862099,17752816
1296862099,431956637
1296862099,89431845
1296862099,117761523
1296862099,234035533
1296862099,404894090
1296862099,1206108030
1296862099,2841196901
1296862099,1702204111
1296862099,2326762340
1296862099,978175734
1296862099,2650351980
1296862099,2985520822
1296862099,248714344
1296862099,2935408785
1296862099,253120708
1296862099,234786485
1296862099,755538919
1296862099,280951231
1296862099,28311144
1296862099,366020573
1296862099,2769934316
1296862099,2335142726
1296862099,64201883
1296862099,2906951984
1296862099,17408229
1296862099,29430922
1296862099,88457086
1296862099,141888000
1296862099,148734294
1296862099,154265052
1296862099,318478792
1296862099,463031493
1296862099,555904639
1296862099,791977938
1296862099,1070613488
1296862099,1622094828
1296862099,1943442703
1296862099,2308568906
1296862099,2314915915
1296862099,2599948532
1296862099,258269139
1296862099,31451735
1296862099,369499542
1296862099,173083804
1296862099,36937687
1296862099,2592065605
1296862099,28114621
1296862099,27892802
1296862099,55538311
1296862099,499900882
1296862099,19976004
1296862099,238096056
1296862099,151395664
1296862099,297979560
1296862099,2584295490
1296862099,886949988
1296862099,39259269
1296862099,50455552
1296862099,18721034
1296862099,15762615
1296862099,135096804
1296862099,385929059
1296862099,1391776140
1296862099,208016984
1296862099,2896912111
1296862099,51407641
1296862099,2459413387
1296862099,155681001
1296862099,2472437337
1296862099,1307664012
1296862099,2813261545
1296862099,2677043776
1296862099,2314417056
1296862099,2321192496
1296862099,946159243
1296862099,77157132
1296862099,2240802265
1296862099,71245999
1296862099,2829994476
1296862099,86029069
1296862099,131935861
1296862099,428333
1296862099,525779070
1296862099,742143
1296862099,156975161
1296862099,2408020351
1296862099,917821999
1296862099,2467791
1296862099,807095
1296862099,22481098
1296862099,2786144421
1296862099,372182708
1296862099,39755903
1296862099,36329597
1296862099,125995973
1296862099,217616314
1296862099,395227835
1296862099,44676065
1296862099,29935980
1296862099,88901487
1296862099,100970816
1296862099,387628270
1296862099,990802033
1296862099,94529866
1296862099,2273497872
1296862099,608903640
1296862099,4808861
1296862099,1400804851
1296862099,962085350
1296862099,103065157
1296862099,850713475
1296862099,342144097
1296862099,163717761
1296862099,239983392
1296862099,2267427151
1296862099,227319854
1296862099,25485013
1296862099,49446130
1296862099,429341248
1296862099,188736341
1296862099,2361144680
1296862099,575131400
1296862099,21223877
1296862099,1125320198
1296862099,19590009
1296862099,14861745
1296862099,38840286
1296862099,582868342
1296862099,720311168
1296862099,197361048
1296862099,442322151
1296862099,1331242087
1296862099,309857816
1296862099,151638637
1296862099,1638057462
1296862099,2468150413
1296862099,771355910
1296862099,964195134
1296862099,1875818202
1296862099,989668490
1296862099,232325501
1296862099,2314191194
1296862099,2794265861
1296862099,2467711490
1296862099,8400352
1296862099,180540061
1296862099,274889355
1296862099,332725337
1296862099,410070653
1296862099,432012784
1296862099,452474576
1296862099,497211964
1296862099,501104883
1296862099,634508919
1296862099,2194570908
1296862099,582713699
1296862099,57969589
1296862099,16297777
1296862099,16826367
1296862099,17576181
1296862099,17780822
1296862099,17621447
1296862099,19017675
1296862099,19231330
1296862099,19763668
1296862099,23339387
1296862099,31099936
1296862099,42590805
1296862099,80820758
1296862099,144238332
1296862099,149813090
1296862099,149299258
1296862099,165786404
1296862099,167328296
1296862099,217749896
1296862099,246295381
1296862099,378480926
1296862099,379325675
1296862099,380226093
1296862099,429065822
1296862099,472043689
1296862099,771383605
1296862099,815107976
1296862099,819843415
1296862099,914281548
1296862099,948552829
1296862099,1030730444
1296862099,1108382916
1296862099,1347250338
1296862099,1485429175
1296862099,1525524354
1296862099,1580316804
1296862099,1585889305
1296862099,1949513514
1296862099,2369520374
1296862099,2370090686
1296862099,2389235778
1296862099,2447738125
1296862099,2445174992
1296862099,2467689584
1296862099,2598036859
1296862099,2606242467
1296862099,21288298
1296862099,1417959649
1296862099,1994321
1296862099,5402612
1296862099,14704278
1296862099,17133897
1296862099,18549528
1296862099,24744541
1296862099,45542386
1296862099,47098236
1296862099,47646874
1296862099,95148130
1296862099,110682525
1296862099,118147850
1296862099,126031327
1296862099,133853744
1296862099,147326307
1296862099,154174463
1296862099,159090275
1296862099,187965811
1296862099,207441433
1296862099,250157926
1296862099,268392598
1296862099,300744871
1296862099,306152873
1296862099,322817239
1296862099,329106031
1296862099,336020675
1296862099,335207117
1296862099,397981715
1296862099,425935485
1296862099,462181071
1296862099,462747348
1296862099,2805926353
1296862099,2599249849
1296862099,2438273430
1296862099,2220009464
1296862099,1586266080
1296862099,1545333888
1296862099,19232649
1296862099,42183750
1296862099,123109597
1296862099,205750967
1296862099,232242473
1296862099,377976301
1296862099,460966881
1296862099,1310353159
1296862099,2845793163
1296862099,12122202
1296862099,2348739600
1296862099,23746425
1296862099,2803587655
1296862099,2782279077
1296862099,225364882
1296862099,854409614
1296862099,381540723
1296862099,908998735
1296862099,2801315695
1296862099,196529830
1296862099,2821313957
1296862099,19452793
1296862099,191779603
1296862099,2397887054
1296862099,394291433
1296862099,2596036850
1296862099,2669409754
1296862099,2801793288
1296862099,141158796
1296862099,2544031290
1296862099,30628113
1296862099,17507122
1296862099,2803242812
1296862099,218812123
1296862099,381021987
1296862099,7197752
1296862099,486495400
1296862099,820190174
1296862099,48390963
1296862099,2720634765
1296862099,225398897
1296862099,525583948
1296862099,230849793
1296862099,547173846
1296862099,102018086
1296862099,199196447
1296862099,206717989
1296862099,960847880
1296862099,40228592
1296862099,27054706
1296862099,198618575
1296862099,869894239
1296862099,250071935
1296862099,48269055
1296862099,43317911
1296862099,36048614
1296862099,82912952
1296862099,18949452
1296862099,14454247
1296862099,206647539
1296862099,16337664
1296862099,17131762
1296862099,20610385
1296862099,16345369
1296862099,16705726
1296862099,18022037
1296862099,42378378
1296862099,29958529
1296862099,183622298
1296862099,469280888
1296862099,242656443
1296862099,821247049
1296862099,2292454922
1296862099,16600393
1296862099,259323371
1296862099,1307502276
1296862099,1513377937
1296862099,601844810
1296862099,360789888
1296862099,1040088108
1296862099,246308538
1296862099,17487476
1296862099,1011129121
1296862099,93687642
1296862099,1113993006
1296862099,481426295
1296862099,633688898
1296862099,452026451
1296862099,1379066754
1296862099,2442716232
1296862099,460163041
1296862099,14460250
1296862099,375146901
1296862099,183213553
1296862099,2421073909
1296862099,370760631
1296862099,20399735
1296862099,19287037
1296862099,234343491
1296862099,94668950
1296862099,1601316937
1296862099,856010760
1296862099,173929268
1296862099,1313814055
1296862099,169426475
1296862099,606349480
1296862099,29707536
1296862099,545933563
1296862099,150576256
1296862099,24150634
1296862099,157981564
1296862099,25652786
1296862099,324300629
1296862099,392904895
1296862099,298723968
1296862099,544312946
1296862099,62561542
1296862099,1311173616
1296862099,14808226
1296862099,42586014
1296862099,88048785
1296862099,380648579
1296862099,259040396
1296862099,70966833
1296862099,28565356
1296862099,25067168
1296862099,469263260
1296862099,304909941
1296862099,29422232
1296862099,34578176
1296862099,202567283
1296862099,568981074
1296862099,196994616
1296862099,17675072
1296862099,376819013
1296862099,177179008
