1309585675,4785298521
1309585675,556905235
1309585675,1239534397
1309585675,2250445700
1309585675,221769181
1309585675,180712163
1309585675,2240172280
1309585675,3052767927
1309585675,4745988500
1309585675,171142400
1309585675,418685061
1309585675,4073595442
1309585675,45084517
1309585675,226181908
1309585675,2829701702
1309585675,3341404648
1309585675,4185192513
1309585675,3709319115
1309585675,4106166826
1309585675,2285087978
1309585675,19080530
1309585675,54201094
1309585675,1498461505
1309585675,42571365
1309585675,113621212
1309585675,53891672
1309585675,2868773332
1309585675,1053311161
1309585675,36147876
1309585675,2383766186
1309585675,2320856971
1309585675,1027078424
1309585675,4229227997
1309585675,336420929
1309585675,296415488
1309585675,1498196982
1309585675,4287943462
1309585675,403696147
1309585675,634466910
1309585675,2999438117
1309585675,107758773
1309585675,335873856
1309585675,1372111862
1309585675,324263512
1309585675,626570135
1309585675,2262973376
1309585675,3543099497
1309585675,1358743466
1309585675,3879316318
1309585675,3235533891
1309585675,436076980
1309585675,3290254998
1309585675,1275340316
1309585675,3389956197
1309585675,1093334618
1309585675,574293020
1309585675,536730868
1309585675,20190747
1309585675,166610763
1309585675,123838309
1309585675,711115034
1309585675,37163625
1309585675,2797955251
1309585675,2838395656
1309585675,221867430
1309585675,3298913087
1309585675,2964353081
1309585675,637016270
1309585675,1386556501
1309585675,4070614702
1309585675,2529799404
1309585675,154453672
1309585675,606042047
1309585675,3995593677
1309585675,16031875
1309585675,3087296489
1309585675,334588886
1309585675,6717192
1309585675,717791052
1309585675,462008253
1309585675,1324888782
1309585675,366177707
1309585675,934215746
1309585675,1445963048
1309585675,321948343
1309585675,2844175299
1309585675,701689069
1309585675,2361466136
1309585675,2287034804
1309585675,330840984
1309585675,2409301014
1309585675,1071803216
1309585675,557497348
1309585675,23131534
1309585675,2780544707
1309585675,313497877
1309585675,3216318773
1309585675,423262506
1309585675,93094812
1309585675,141186899
1309585675,2447338722
1309585675,2699117187
1309585675,2785083190
1309585675,151992025
1309585675,3898567761
1309585675,3369335763
1309585675,3401327429
1309585675,712235071
1309585675,2829411031
1309585675,3014314494
1309585675,769192628
1309585675,32356440
1309585675,234035533
1309585675,1433592900
1309585675,18320070
1309585675,19181137
1309585675,60334517
1309585675,525328791
1309585675,1318147909
1309585675,237810050
1309585675,21334179
1309585675,94073370
1309585675,2433409932
1309585675,17814938
1309585675,372903388
1309585675,44147083
1309585675,441247273
1309585675,3247014928
1309585675,1144939752
1309585675,588375859
1309585675,3773248655
1309585675,2897106316
1309585675,2841969255
1309585675,156606649
1309585675,72789336
1309585675,1114056259
1309585675,3430281970
1309585675,202302952
1309585675,17834520
1309585675,2302568185
1309585675,1860356900
1309585675,275485335
1309585675,55679374
1309585675,36099823
1309585675,59884608
1309585675,123081895
1309585675,1605675331
1309585675,485913950
1309585675,96747030
1309585675,3543926356
1309585675,937625916
1309585675,3097124662
1309585675,308443731
1309585675,93892827
1309585675,382523759
1309585675,165231292
1309585675,3401469783
1309585675,267390486
1309585675,403353663
1309585675,283277909
1309585675,3585497717
1309585675,22665692
1309585675,2785329251
1309585675,364921861
1309585675,2343396063
1309585675,3055062306
1309585675,3017905708
1309585675,83018191
1309585675,3049684400
1309585675,618813757
1309585675,2932137304
1309585675,534295809
1309585675,62606806
1309585675,20362041
1309585675,320977736
1309585675,2815480455
1309585675,432402857
1309585675,1471853257
1309585675,122041341
1309585675,2798058029
1309585675,229391776
1309585675,1095428394
1309585675,1064997415
1309585675,539823632
1309585675,3179692600
1309585675,775640252
1309585675,3290420868
1309585675,53547426
1309585675,2718164052
1309585675,119368940
1309585675,488316449
1309585675,3193968699
1309585675,3311838977
1309585675,3394274614
1309585675,2166908538
1309585675,32397706
1309585675,3395635750
1309585675,2732311486
1309585675,104887850
1309585675,3044777709
1309585675,1734717882
1309585675,2656533409
1309585675,2464496491
1309585675,463021401
1309585675,358883891
1309585675,406968125
1309585675,46857915
1309585675,237222584
1309585675,19707292
1309585675,788692651
1309585675,1917053191
1309585675,720490902
1309585675,251071028
1309585675,348977450
1309585675,2199448542
1309585675,1208742746
1309585675,3208308148
1309585675,586590220
1309585675,264331598
1309585675,1388812777
1309585675,1083934874
1309585675,1409702978
1309585675,343630881
1309585675,47347451
1309585675,325016642
1309585675,546918340
1309585675,354963977
1309585675,372853982
1309585675,1234185528
1309585675,546666445
1309585675,847214029
1309585675,320806396
1309585675,2287804196
1309585675,992627281
1309585675,489759029
1309585675,765352394
1309585675,371152728
1309585675,1572614209
1309585675,386158509
1309585675,1460244878
1309585675,319256080
1309585675,309652867
1309585675,616881400
1309585675,3096488331
1309585675,223858606
1309585675,56190648
1309585675,222416197
1309585675,237935093
1309585675,20469981
1309585675,2801960196
1309585675,3338463995
1309585675,3003539645
1309585675,1151573706
1309585675,182031020
1309585675,135071511
1309585675,135880618
1309585675,2451483625
1309585675,303041405
1309585675,1382775878
1309585675,1120322132
1309585675,573017262
1309585675,215791617
1309585675,149255377
1309585675,136716082
1309585675,2955390825
1309585675,242295150
1309585675,176404421
1309585675,413875331
1309585675,1562495922
1309585675,2311841674
1309585675,2319306062
1309585675,837395910
1309585675,399374586
1309585675,2460858921
1309585675,2385430665
1309585675,2155362192
1309585675,601669508
1309585675,27864822
1309585675,3010518371
1309585675,2315251567
1309585675,1438463828
1309585675,3306937349
1309585675,968367296
1309585675,626497570
1309585675,244988513
1309585675,1098585744
1309585675,3244696871
1309585675,426205473
1309585675,482133423
1309585675,335291108
1309585675,260743284
1309585675,2241431167
1309585675,514333227
1309585675,3350561997
1309585675,67339136
1309585675,331634839
1309585675,32429400
1309585675,1424934056
1309585675,248288597
1309585675,22407719
1309585675,1493824074
1309585675,236304191
1309585675,44863742
1309585675,372425377
1309585675,496189107
1309585675,210056242
1309585675,340330506
1309585675,19065540
1309585675,486447664
1309585675,24367418
1309585675,360659189
1309585675,21309448
1309585675,339646302
1309585675,15823888
1309585675,91356136
1309585675,109278136
1309585675,286726803
1309585675,17463778
1309585675,73392641
1309585675,14259768
1309585675,26838948
1309585675,951191054
1309585675,33849868
1309585675,312582546
1309585675,949341888
1309585675,419683742
1309585675,1264063530
1309585675,1603607869
1309585675,552176780
1309585675,123368165
1309585675,135271123
1309585675,3290938661
1309585675,1433321612
1309585675,84047875
1309585675,159940467
1309585675,234747378
1309585675,427502845
1309585675,1217706133
1309585675,533138850
1309585675,3346482160
1309585675,409885370
1309585675,2385310698
1309585675,607174392
1309585675,460163041
1309585675,1391776140
1309585675,23746425
1309585675,2786900559
1309585675,2220009464
1309585675,205750967
1309585675,2804154672
1309585675,532557713
1309585675,75033822
1309585675,266557254
1309585675,2890908965
1309585675,414648280
1309585675,2341278207
1309585675,921821934
1309585675,80328342
1309585675,3024638555
1309585675,888381853
1309585675,2852236247
1309585675,2203228277
1309585675,141137711
1309585675,3026627572
1309585675,1397494652
1309585675,190185699
1309585675,1410724886
1309585675,15234407
1309585675,15559763
1309585675,253955658
1309585675,2326481
1309585675,3375611182
1309585675,2969760609
1309585675,365444860
1309585675,378197959
1309585675,1086998118
1309585675,1954382821
1309585675,390033263
1309585675,914281548
1309585675,36911205
1309585675,3128427628
1309585675,2965872203
1309585675,20994287
1309585675,712305538
1309585675,1116505856
1309585675,303885267
1309585675,36329597
1309585675,19227096
1309585675,17442320
1309585675,144238332
1309585675,25309555
1309585675,217382063
1309585675,415475621
1309585675,2293287188
1309585675,24736125
1309585675,162055437
1309585675,119434647
1309585675,1010857538
1309585675,3102442881
1309585675,17874544
1309585675,483761421
1309585675,2204872148
1309585675,2611779636
1309585675,2203454424
1309585675,2491655298
1309585675,3017006398
1309585675,707727883
1309585675,343462878
1309585675,551633991
1309585675,1530339367
1309585675,1342191438
1309585675,17093617
1309585675,2258729774
1309585675,22558872
1309585675,2999415003
1309585675,2981502471
1309585675,89134471
1309585675,434328453
1309585675,42406709
1309585675,2543768746
1309585675,2571346034
1309585675,2534424152
1309585675,1402929888
1309585675,1053020894
1309585675,2442861657
1309585675,263273700
1309585675,2338201688
1309585675,994734272
1309585675,1327061083
1309585675,1659434688
1309585675,547840684
1309585675,459469291
1309585675,724140312
1309585675,307513807
1309585675,1288273092
1309585675,63404148
1309585675,289290980
1309585675,1011412910
1309585675,487393533
1309585675,20228586
1309585675,589945243
1309585675,14808226
1309585675,42586014
1309585675,43317911
1309585675,2596278278
1309585675,296139716
1309585675,1108382916
1309585675,202086424
1309585675,255941995
1309585675,24909190
1309585675,166102184
1309585675,2893380749
1309585675,18873086
1309585675,2843868553
1309585675,284067858
1309585675,356190403
1309585675,72277900
1309585675,189082017
1309585675,992741821
1309585675,195681218
1309585675,1274709210
1309585675,1560926802
1309585675,2460011960
1309585675,1048626774
1309585675,578240398
1309585675,2341068978
1309585675,31417167
1309585675,627200944
1309585675,263243802
1309585675,26586771
1309585675,192877061
1309585675,2239747586
1309585675,533432517
1309585675,364463420
1309585675,338376865
1309585675,202610289
1309585675,1248413726
1309585675,338231033
1309585675,34014616
1309585675,48664313
1309585675,493137511
1309585675,27288390
1309585675,165786404
1309585675,1525524354
1309585675,484794981
1309585675,50294474
1309585675,2338003878
1309585675,1603208262
1309585675,53033594
1309585675,156383371
1309585675,948552829
1309585675,2239134758
1309585675,92704636
1309585675,2399271630
1309585675,27453467
1309585675,73521496
1309585675,89286622
1309585675,243097200
1309585675,1557028850
1309585675,76596562
1309585675,109241118
1309585675,39516018
1309585675,510345697
1309585675,274463086
1309585675,122548196
1309585675,42662924
1309585675,2163024187
1309585675,96746102
1309585675,54841397
1309585675,574646646
1309585675,34632500
1309585675,11456632
1309585675,36648708
1309585675,17961422
1309585675,143764992
1309585675,560024124
1309585675,157965660
1309585675,87431232
1309585675,15722647
1309585675,250093988
1309585675,57645871
1309585675,92941377
1309585675,105171742
1309585675,58497209
1309585675,164670951
1309585675,94079197
1309585675,249122813
1309585675,292840524
1309585675,82040397
1309585675,278583497
1309585675,73069526
1309585675,24161565
1309585675,102136956
1309585675,23963046
1309585675,143403749
1309585675,31161851
1309585675,266051385
1309585675,599951648
1309585675,589955312
1309585675,318329783
1309585675,27098085
1309585675,25178152
1309585675,25921428
1309585675,147501755
1309585675,1285972838
1309585675,1285982984
1309585675,1285946886
1309585675,180779476
1309585675,341367328
1309585675,300890212
1309585675,1073936347
1309585675,96556796
1309585675,418769043
1309585675,313836722
1309585675,438638223
1309585675,1615499725
1309585675,507688852
1309585675,1545333888
1309585675,935521292
1309585675,453815493
1309585675,399426344
1309585675,1249695476
1309585675,570018183
1309585675,278427495
1309585675,529247064
1309585675,163847606
1309585675,112474129
1309585675,29958529
1309585675,38444415
1309585675,481964948
1309585675,36332848
1309585675,177179008
1309585675,85136881
1309585675,84353216
1309585675,17404871
1309585675,19864682
1309585675,117761523
1309585675,15255580
1309585675,25380551
1309585675,24899436
1309585675,29180679
1309585675,25104112
1309585675,25051152
1309585675,23646603
1309585675,31099936
1309585675,83611277
1309585675,19590009
1309585675,76584619
1309585675,25735272
1309585675,37891431
1309585675,22066767
1309585675,89675146
1309585675,39972060
1309585675,191779603
1309585675,34578176
1309585675,42018575
1309585675,68213392
1309585675,92233525
1309585675,81838067
1309585675,89431845
1309585675,22982441
1309585675,28773799
1309585675,21195865
1309585675,22915582
1309585675,14460250
1309585675,22933654
1309585675,42378378
1309585675,22759754
1309585675,88928275
1309585675,962085350
1309585675,23339701
1309585675,37621971
1309585675,19231330
1309585675,33154963
1309585675,24732180
1309585675,16705726
1309585675,135430876
1309585675,92969084
1309585675,16297777
1309585675,167328296
1309585675,36349838
1309585675,26461674
1309585675,19206899
1309585675,856010760
1309585675,227818863
1309585675,36626651
1309585675,29986675
1309585675,62026496
1309585675,223301147
1309585675,19161627
1309585675,102918775
1309585675,16600393
1309585675,19452793
1309585675,204816763
1309585675,11911322
1309585675,157981564
1309585675,20237435
1309585675,19763668
1309585675,39836631
1309585675,331544473
1309585675,22481098
1309585675,199196447
1309585675,17780822
1309585675,19287037
1309585675,17675072
1309585675,951326846
1309585675,951333319
1309585675,951348098
1309585675,47350606
1309585675,19763877
1309585675,23341062
1309585675,920895180
1309585675,21111483
1309585675,23339387
1309585675,48507794
1309585675,26228880
1309585675,144483627
1309585675,308677137
1309585675,615011876
1309585675,32323724
1309585675,93687642
1309585675,183622298
1309585675,38455020
1309585675,53347647
1309585675,20610385
1309585675,17487476
1309585675,40022142
1309585675,71061262
1309585675,166509226
1309585675,310221185
1309585675,21707498
1309585675,324983207
1309585675,771383605
1309585675,113583713
1309585675,128874159
1309585675,203044507
1309585675,104782747
1309585675,1088593087
1309585675,180415006
1309585675,14691032
1309585675,17131762
1309585675,270850017
1309585675,522501686
1309585675,88184493
1309585675,21440665
1309585675,216327829
1309585675,95631693
1309585675,819843415
1309585675,11587032
1309585675,18721034
1309585675,108882900
1309585675,18512892
1309585675,29969008
1309585675,322529131
1309585675,93709885
1309585675,19758148
1309585675,835659450
1309585675,239862568
1309585675,18020811
1309585675,454779231
1309585675,192993369
1309585675,25097735
1309585675,20153975
1309585675,376775023
1309585675,46123918
1309585675,121127090
1309585675,31177357
1309585675,381932497
1309585675,108587399
1309585675,106110469
1309585675,20980622
1309585675,16884084
1309585675,27054706
1309585675,23056912
1309585675,85794542
1309585675,380226093
1309585675,236852549
1309585675,385883178
1309585675,47709450
1309585675,23940447
1309585675,191813764
