1357724636,4367933489
1357724636,4074754815
1357724636,188549127
1357724636,3437225518
1357724636,3390972917
1357724636,229593585
1357724636,4127268460
1357724636,4205589099
1357724636,1874735352
1357724636,3254341759
1357724636,84561775
1357724636,1286751272
1357724636,1566646566
1357724636,1734821592
1357724636,1228031743
1357724636,3077828954
1357724636,1183584528
1357724636,1216823052
1357724636,2581127400
1357724636,3407603542
1357724636,2586174955
1357724636,175449657
1357724636,2372904482
1357724636,70686409
1357724636,249088027
1357724636,2436038348
1357724636,171017300
1357724636,3375954849
1357724636,455878587
1357724636,2253618582
1357724636,144841110
1357724636,1470196976
1357724636,159899026
1357724636,1696661198
1357724636,1603111440
1357724636,248632488
1357724636,4765217723
1357724636,40580641
1357724636,4628828367
1357724636,4474343800
1357724636,4643663657
1357724636,3988681871
1357724636,3996890805
1357724636,3995422277
1357724636,4343116049
1357724636,3372707470
1357724636,4448565857
1357724636,4789833075
1357724636,4709135716
1357724636,4290285802
1357724636,4135903217
1357724636,4111310321
1357724636,396206460
1357724636,79320096
1357724636,4820849385
1357724636,1387265250
1357724636,758729852
1357724636,107599609
1357724636,1581673514
1357724636,380801406
1357724636,545417327
1357724636,558836313
1357724636,2176124383
1357724636,1137072180
1357724636,3252462299
1357724636,1140366440
1357724636,4695937681
1357724636,4767538875
1357724636,3343972265
1357724636,25537232
1357724636,3021235211
1357724636,3377948140
1357724636,79962986
1357724636,319361857
1357724636,3021568204
1357724636,1321863290
1357724636,3940102757
1357724636,3939842361
1357724636,4704724537
1357724636,1067010066
1357724636,3109395461
1357724636,2333460206
1357724636,2382743872
1357724636,3894527837
1357724636,3376549577
1357724636,3403016903
1357724636,4078168581
1357724636,3389542817
1357724636,3054256032
1357724636,2314593390
1357724636,3165377104
1357724636,2167298225
1357724636,131322928
1357724636,3376740136
1357724636,2322696398
1357724636,3299430790
1357724636,2998274763
1357724636,2262443015
1357724636,2407431206
1357724636,2670095198
1357724636,4718308053
1357724636,1583966192
1357724636,4523725469
1357724636,1061712896
1357724636,3312520029
1357724636,20599255
1357724636,3034931573
1357724636,227078562
1357724636,2843933986
1357724636,234175224
1357724636,109735889
1357724636,2546648230
1357724636,1436634936
1357724636,3091793722
1357724636,3320028232
1357724636,898058054
1357724636,3555338667
1357724636,2982701369
1357724636,2824378621
1357724636,3976766235
1357724636,750840786
1357724636,379736568
1357724636,170425792
1357724636,2845574613
1357724636,340555690
1357724636,2477829638
1357724636,2835594983
1357724636,895892744
1357724636,2874076650
1357724636,48609098
1357724636,3370968088
1357724636,1357351500
1357724636,3732040289
1357724636,50332400
1357724636,349683849
1357724636,1441621748
1357724636,618374928
1357724636,18396319
1357724636,70501772
1357724636,3088654174
1357724636,2987504631
1357724636,737906336
1357724636,3158258348
1357724636,3072701817
1357724636,314743296
1357724636,2973921280
1357724636,3059894957
1357724636,3093974104
1357724636,19398282
1357724636,20164477
1357724636,19368263
1357724636,21302527
1357724636,19248800
1357724636,1950188826
1357724636,20885390
1357724636,19024453
1357724636,196720851
1357724636,2043041
1357724636,25190574
1357724636,956257758
1357724636,2693251788
1357724636,2994285435
1357724636,2959309365
1357724636,2959692748
1357724636,1112720222
1357724636,3051618305
1357724636,2929464585
1357724636,2399429053
1357724636,3015282411
1357724636,3004207065
1357724636,2909767823
1357724636,3035872822
1357724636,312614515
1357724636,1296749527
1357724636,3041615945
1357724636,3033580301
1357724636,2973648400
1357724636,59486068
1357724636,3008955700
1357724636,3056328400
1357724636,59736898
1357724636,19875808
1357724636,2986222061
1357724636,2653143864
1357724636,21114610
1357724636,3004231708
1357724636,1513690226
1357724636,169201868
1357724636,3023997945
1357724636,116023648
1357724636,373054942
1357724636,2570722760
1357724636,116449277
1357724636,886882542
1357724636,3568411
1357724636,2964691421
1357724636,114680042
1357724636,1411440512
1357724636,1041569353
1357724636,1536912458
1357724636,2188346556
1357724636,46432178
1357724636,2188758368
1357724636,2724592531
1357724636,588559501
1357724636,18214484
1357724636,125296735
1357724636,70366554
1357724636,51400447
1357724636,199646482
1357724636,128898396
1357724636,108951648
1357724636,220280882
1357724636,115711568
1357724636,157316411
1357724636,78908122
1357724636,2945978932
1357724636,2975152570
1357724636,2953415241
1357724636,35766159
1357724636,2294267436
1357724636,3001413141
1357724636,2933018525
1357724636,2993559311
1357724636,1447538562
1357724636,2347209104
1357724636,2314204320
1357724636,2998784795
1357724636,253386524
1357724636,2419408628
1357724636,303150779
1357724636,19448989
1357724636,2481851892
1357724636,15057943
1357724636,1440641
1357724636,46400289
1357724636,147589161
1357724636,1078075676
1357724636,2984275312
1357724636,102707504
1357724636,2980413557
1357724636,1220410784
1357724636,24787524
1357724636,1629417704
1357724636,2891938875
1357724636,83649009
1357724636,534570663
1357724636,60186503
1357724636,111276330
1357724636,72127653
1357724636,239819612
1357724636,60424207
1357724636,32937527
1357724636,563906790
1357724636,62777876
1357724636,2951926913
1357724636,2588499709
1357724636,2842709907
1357724636,2893577805
1357724636,1399814264
1357724636,9951012
1357724636,83554234
1357724636,2877021769
1357724636,2659751558
1357724636,271610696
1357724636,278651251
1357724636,450934342
1357724636,1532166038
1357724636,2951758647
1357724636,1505215189
1357724636,2883585455
1357724636,2857700271
1357724636,2821676677
1357724636,2837398018
1357724636,376302246
1357724636,2802939157
1357724636,2477438250
1357724636,257770141
1357724636,2520482660
1357724636,1917950460
1357724636,2575394821
1357724636,2707584330
1357724636,2874042711
1357724636,2956339463
1357724636,747411656
1357724636,2463736926
1357724636,93230391
1357724636,1636294038
1357724636,101708543
1357724636,26486870
1357724636,2419558868
1357724636,121386407
1357724636,328976336
1357724636,30665139
1357724636,93392809
1357724636,2885006993
1357724636,38066701
1357724636,2326913132
1357724636,21081847
1357724636,1087102166
1357724636,166280349
1357724636,2448097340
1357724636,164771969
1357724636,2860474118
1357724636,2871042774
1357724636,229127212
1357724636,179221282
1357724636,2912836355
1357724636,1340321083
1357724636,2784759109
1357724636,489676860
1357724636,1663338932
1357724636,301981059
1357724636,34888353
1357724636,501234715
1357724636,2301487622
1357724636,2812761955
1357724636,2458780249
1357724636,2543712655
1357724636,2366963778
1357724636,2616244429
1357724636,219859001
1357724636,2937441226
1357724636,2957441734
1357724636,2415650813
1357724636,173911739
1357724636,151123001
1357724636,155659213
1357724636,488658316
1357724636,609267635
1357724636,58044111
1357724636,2820437859
1357724636,2431922473
1357724636,2802159723
1357724636,547040090
1357724636,338763558
1357724636,456001031
1357724636,131985677
1357724636,1118076962
1357724636,1069083295
1357724636,17218582
1357724636,422037371
1357724636,2285292157
1357724636,2698975002
1357724636,2787152589
1357724636,72928307
1357724636,2776326063
1357724636,2825384492
1357724636,268046233
1357724636,56377143
1357724636,772704067
1357724636,2731976665
1357724636,69433903
1357724636,103112326
1357724636,474336983
1357724636,1390494817
1357724636,297697016
1357724636,84180276
1357724636,2205467119
1357724636,600582433
1357724636,2219542061
1357724636,2353133300
1357724636,308849480
1357724636,2651811799
1357724636,2561369089
1357724636,2710595214
1357724636,2815580296
1357724636,2222232708
1357724636,2549134454
1357724636,586773731
1357724636,84157985
1357724636,1379978280
1357724636,1146603498
1357724636,1710618673
1357724636,2710792897
1357724636,2764347753
1357724636,2582831497
1357724636,2434685905
1357724636,34120754
1357724636,2606867024
1357724636,2598485305
1357724636,2815929103
1357724636,2303683386
1357724636,2185043576
1357724636,87775422
1357724636,43334917
1357724636,14116807
1357724636,1961343001
1357724636,16459040
1357724636,14866753
1357724636,23640660
1357724636,16668834
1357724636,872186413
1357724636,1641025891
1357724636,13409752
1357724636,19337148
1357724636,20766350
1357724636,18678493
1357724636,7668952
1357724636,49938269
1357724636,943422660
1357724636,1374888666
1357724636,2501096407
1357724636,82514923
1357724636,963585722
1357724636,16274597
1357724636,88445619
1357724636,605805760
1357724636,2474871596
1357724636,2608228212
1357724636,2592289724
1357724636,297174372
1357724636,14208474
1357724636,16425197
1357724636,1932175584
1357724636,160047813
1357724636,2847103750
1357724636,28381678
1357724636,2792082114
1357724636,612931307
1357724636,2828909797
1357724636,2799205743
1357724636,2693113932
1357724636,2724862061
1357724636,2646296880
1357724636,1897931312
1357724636,2189294376
1357724636,2686732928
1357724636,2484087346
1357724636,2491539049
1357724636,2460328694
1357724636,14878011
1357724636,2254209354
1357724636,1921377649
1357724636,1370092314
1357724636,543435348
1357724636,131096208
1357724636,113669790
1357724636,103251774
1357724636,172570336
1357724636,840297158
1357724636,1634226164
1357724636,1564378266
1357724636,368507172
1357724636,2289930278
1357724636,21522017
1357724636,51596933
1357724636,1949741857
1357724636,760670527
1357724636,2289090611
1357724636,130321047
1357724636,154023356
1357724636,14066513
1357724636,2427498314
1357724636,2485922359
1357724636,1407892861
1357724636,57016932
1357724636,323319539
1357724636,27650674
1357724636,48497136
1357724636,384750535
1357724636,1680988777
1357724636,301697842
1357724636,1667746986
1357724636,356487006
1357724636,2567916402
1357724636,99376652
1357724636,1472407616
1357724636,2568064220
1357724636,240367997
1357724636,354489884
1357724636,24688868
1357724636,74473873
1357724636,1020848227
1357724636,39122874
1357724636,454395581
1357724636,2432238138
1357724636,765120691
1357724636,2470176061
1357724636,1912117148
1357724636,1252917283
1357724636,2482218536
1357724636,898418228
1357724636,398064722
1357724636,40018037
1357724636,137640094
1357724636,2790802182
1357724636,736928064
1357724636,111698159
1357724636,1498900339
1357724636,65413686
1357724636,50771399
1357724636,17793871
1357724636,15377831
1357724636,17999469
1357724636,24204336
1357724636,1643862703
1357724636,59572063
1357724636,28372873
1357724636,25576998
1357724636,2325767473
1357724636,82248959
1357724636,315002750
1357724636,256635667
1357724636,84786801
1357724636,2410377930
1357724636,352470944
1357724636,192026117
1357724636,451256188
1357724636,599065130
1357724636,2410335800
1357724636,2485400986
1357724636,2402677962
1357724636,2356777488
1357724636,2354375312
1357724636,303862998
1357724636,248381447
1357724636,367489464
1357724636,15110357
1357724636,25053299
1357724636,1690412382
1357724636,175813681
1357724636,191995162
1357724636,1688455242
1357724636,843604494
1357724636,91267688
1357724636,31237480
1357724636,218860642
1357724636,2809518265
1357724636,218851543
1357724636,6806612
1357724636,162691514
1357724636,781198777
1357724636,1418877625
1357724636,582185202
1357724636,127930079
1357724636,16865461
1357724636,1312092541
1357724636,83693122
1357724636,67514398
1357724636,18584932
1357724636,367565931
1357724636,214666395
1357724636,829078488
1357724636,20865547
1357724636,622299605
1357724636,83767620
1357724636,26017256
1357724636,281231257
1357724636,19912781
1357724636,78869566
1357724636,20796969
1357724636,257009208
1357724636,214022498
1357724636,366281144
1357724636,2410401427
1357724636,234058909
1357724636,273356088
1357724636,2622553496
1357724636,2716514027
1357724636,2347515872
1357724636,19543062
1357724636,18480435
1357724636,92524415
1357724636,41964836
1357724636,1154595163
1357724636,233254676
1357724636,46339623
1357724636,15721256
1357724636,24924400
1357724636,2797701
1357724636,18898079
1357724636,16049944
1357724636,263774154
1357724636,17740486
1357724636,66553045
1357724636,29091529
1357724636,85913912
1357724636,88897003
1357724636,260134310
1357724636,291181702
1357724636,2371510549
1357724636,107391936
1357724636,17406745
1357724636,2664104605
1357724636,2401937708
1357724636,19383099
1357724636,97650875
1357724636,1115874631
1357724636,487118986
1357724636,50910154
1357724636,147491390
1357724636,21486288
1357724636,78349097
1357724636,90958347
1357724636,459250459
1357724636,427750541
1357724636,16492352
1357724636,132887265
1357724636,315208482
1357724636,66693668
1357724636,40659419
1357724636,1606624886
1357724636,339382033
1357724636,846205238
1357724636,219047863
1357724636,300456517
1357724636,65029555
1357724636,188979036
1357724636,1568813617
1357724636,343039699
1357724636,1601509794
1357724636,1198872210
1357724636,66799471
1357724636,474397968
1357724636,891959702
1357724636,1498343437
1357724636,30889740
1357724636,16525183
1357724636,32861321
1357724636,180505807
1357724636,2419964550
1357724636,2677341949
1357724636,2241313825
1357724636,379235430
1357724636,432145596
1357724636,478072755
1357724636,130452311
1357724636,36344640
1357724636,18164632
1357724636,1070877486
1357724636,88708920
1357724636,908713932
1357724636,462917697
1357724636,25048816
1357724636,194540361
1357724636,52484614
1357724636,722265409
1357724636,20230015
1357724636,61275359
1357724636,26688378
1357724636,61457123
1357724636,2200010930
1357724636,1733806081
1357724636,21114659
1357724636,26792275
1357724636,17508660
1357724636,102160486
1357724636,86233091
1357724636,142261464
1357724636,466444412
1357724636,8081882
1357724636,23156823
1357724636,36704352
1357724636,2613395379
1357724636,251524687
1357724636,16717501
1357724636,387107509
1357724636,50037051
1357724636,209288001
1357724636,88069914
1357724636,321302326
1357724636,342968614
1357724636,587909429
1357724636,316480510
1357724636,148703149
1357724636,2279120438
1357724636,2419553534
1357724636,1549490742
1357724636,1213723536
1357724636,596420812
1357724636,1609220030
1357724636,34294667
1357724636,187903455
1357724636,472241849
1357724636,114704955
1357724636,219794743
1357724636,164441881
1357724636,2218702341
1357724636,464222475
1357724636,156007719
1357724636,513800442
1357724636,34570323
1357724636,157727377
1357724636,289875731
1357724636,2621253203
1357724636,297394202
1357724636,1413978493
1357724636,1064294443
1357724636,600179073
1357724636,2259394999
1357724636,1534534105
1357724636,1935654338
1357724636,1966665546
1357724636,1707281754
1357724636,2436485370
1357724636,2433948835
1357724636,403366002
1357724636,133663801
1357724636,485909705
1357724636,1965407653
1357724636,305192408
1357724636,58576769
1357724636,116696938
1357724636,2491675632
1357724636,14140057
1357724636,36383320
1357724636,34867057
1357724636,38142665
1357724636,2353817136
1357724636,38395124
1357724636,68440549
1357724636,21313364
1357724636,8460572
1357724636,92564226
1357724636,13353862
1357724636,8350912
1357724636,24744541
1357724636,27541463
1357724636,154145365
1357724636,145207434
1357724636,25067168
1357724636,174676399
1357724636,43565078
1357724636,380648579
1357724636,292049821
1357724636,21011522
1357724636,73212481
1357724636,158152660
1357724636,73016103
1357724636,481358781
1357724636,305616818
1357724636,379417608
1357724636,18730195
1357724636,17595890
1357724636,1605775848
1357724636,30013475
1357724636,53772716
1357724636,2335560870
1357724636,105946470
1357724636,48900102
1357724636,30042114
1357724636,81700726
1357724636,2517868011
1357724636,2437443726
1357724636,2402007396
1357724636,25087215
1357724636,129198284
1357724636,1665460952
1357724636,90131684
1357724636,464259474
1357724636,334362159
1357724636,860711412
1357724636,2402665088
1357724636,22627258
1357724636,236347294
1357724636,85391566
1357724636,95671022
1357724636,87540357
1357724636,37816856
1357724636,221502089
1357724636,104177077
1357724636,221045059
1357724636,2203298052
1357724636,67693913
1357724636,154137295
1357724636,73623870
1357724636,80197195
1357724636,20646380
1357724636,239313282
1357724636,22182947
1357724636,174361486
1357724636,70187344
1357724636,19390244
1357724636,395548660
1357724636,187042474
1357724636,79982342
1357724636,1038210404
1357724636,60954521
1357724636,139727749
1357724636,58821418
1357724636,170831607
1357724636,156711834
1357724636,242448965
1357724636,197095948
1357724636,211918976
1357724636,240447091
1357724636,39276115
1357724636,95326483
1357724636,65042768
1357724636,306245721
1357724636,119844526
1357724636,25318226
1357724636,1344359197
1357724636,621102084
1357724636,25135302
1357724636,48449254
1357724636,61859134
1357724636,450145397
1357724636,2218723908
1357724636,2439544448
1357724636,61537017
1357724636,67032756
1357724636,535641635
1357724636,62826407
1357724636,17417591
1357724636,128203714
1357724636,227390518
1357724636,257305275
1357724636,95835083
1357724636,32359921
1357724636,503772433
1357724636,188188234
1357724636,140509492
1357724636,5120691
1357724636,102700680
1357724636,27656714
1357724636,50731221
1357724636,25098482
1357724636,25390350
1357724636,89500924
1357724636,308373404
1357724636,27860681
1357724636,42214809
1357724636,546199467
1357724636,92027622
1357724636,65339733
1357724636,259325103
1357724636,57341938
1357724636,146620155
1357724636,115420312
1357724636,148852389
1357724636,140897183
1357724636,240390424
1357724636,222642262
1357724636,15163518
1357724636,36924745
1357724636,139832064
1357724636,70638743
1357724636,454343140
1357724636,58607378
1357724636,62587367
1357724636,38531941
1357724636,16451893
1357724636,293773040
1357724636,316647243
1357724636,377249175
1357724636,92025092
1357724636,70481856
1357724636,59776495
1357724636,565080390
1357724636,288420164
1357724636,64583791
1357724636,56485037
1357724636,1143367590
1357724636,67171030
1357724636,28932160
1357724636,309697781
1357724636,122363328
1357724636,57484020
1357724636,169426475
1357724636,190458821
1357724636,468864930
1357724636,1728498385
1357724636,44431448
1357724636,61511916
1357724636,26553137
1357724636,286386314
1357724636,53468588
1357724636,2192534010
1357724636,54493347
1357724636,13058772
1357724636,685513
1357724636,60601204
1357724636,251105671
1357724636,124848179
1357724636,383239967
1357724636,823905
1357724636,60429276
1357724636,48799494
1357724636,257514514
1357724636,272456770
1357724636,163219408
1357724636,57403623
1357724636,42447171
1357724636,110526251
1357724636,84105009
1357724636,274768741
1357724636,60909688
1357724636,406237556
1357724636,54189291
1357724636,375895824
1357724636,234769601
1357724636,264897818
1357724636,636456969
1357724636,286487272
1357724636,635022903
1357724636,1273117326
1357724636,250613352
1357724636,412353794
1357724636,252877447
1357724636,17394775
1357724636,38861093
1357724636,19391470
1357724636,128635410
1357724636,401383540
1357724636,242928303
1357724636,869758004
1357724636,196349359
1357724636,350031537
1357724636,277063356
1357724636,113340109
1357724636,5520952
1357724636,1281301897
1357724636,560504417
1357724636,1517528467
1357724636,1486200434
1357724636,1112176562
1357724636,2241517922
1357724636,51617148
1357724636,387054551
1357724636,61930870
1357724636,338199212
1357724636,1402575259
1357724636,297626273
1357724636,209363195
1357724636,377546845
1357724636,305701525
1357724636,1559822779
1357724636,1471518734
1357724636,348491118
1357724636,226070884
1357724636,1063642404
1357724636,239993804
1357724636,1517945677
1357724636,1000979617
1357724636,2153140355
1357724636,1399910954
1357724636,334390634
1357724636,93835044
1357724636,2332880266
1357724636,309848690
1357724636,2389850220
1357724636,2339593591
1357724636,1114938859
1357724636,1183941770
1357724636,339165754
1357724636,599382152
1357724636,1856044861
1357724636,289491625
1357724636,336001561
1357724636,193014907
1357724636,319980658
1357724636,1960918896
1357724636,471701792
1357724636,369083577
1357724636,1334528390
1357724636,2407507767
1357724636,380523283
1357724636,556671141
1357724636,295927291
1357724636,578363658
1357724636,1022010084
1357724636,1660771033
1357724636,1062089641
1357724636,146276390
1357724636,200072035
1357724636,23446053
1357724636,22827600
1357724636,46544734
1357724636,1460546738
1357724636,352413079
1357724636,230489297
1357724636,105328660
1357724636,19277186
1357724636,109720244
1357724636,47559603
1357724636,957596474
1357724636,1334512356
1357724636,1227932700
1357724636,2284056344
1357724636,38704343
1357724636,260928758
1357724636,2229660265
1357724636,351281366
1357724636,1662592699
1357724636,515838635
1357724636,44031134
1357724636,30889727
1357724636,69389879
1357724636,2231705316
1357724636,128697416
1357724636,716674410
1357724636,164263382
1357724636,46003622
1357724636,104277809
1357724636,16935292
1357724636,994142736
1357724636,1947839280
1357724636,14361155
1357724636,1935997724
1357724636,14700316
1357724636,993695455
1357724636,887232343
1357724636,1213991593
1357724636,40324126
1357724636,246995393
1357724636,372887496
1357724636,389592385
1357724636,177179008
1357724636,217811715
1357724636,176881244
1357724636,339931559
1357724636,609554524
1357724636,338680960
1357724636,348554765
1357724636,2298510338
1357724636,866731674
1357724636,487511780
1357724636,46340260
1357724636,50344099
1357724636,141158796
1357724636,258790331
1357724636,1192644307
1357724636,109283292
1357724636,1915113230
1357724636,1081022420
1357724636,1895639702
1357724636,1852110577
1357724636,1625681856
1357724636,76479400
1357724636,245796408
1357724636,134647381
1357724636,1850029578
1357724636,88301032
1357724636,338970258
1357724636,1921215012
1357724636,851496152
1357724636,374530548
1357724636,107425820
1357724636,1523027724
1357724636,450701415
1357724636,831390944
1357724636,59618431
1357724636,15893876
1357724636,1121936539
1357724636,222323783
1357724636,49129140
1357724636,371614322
1357724636,115754870
1357724636,16589206
1357724636,64643056
1357724636,214125777
1357724636,531462295
1357724636,308703933
1357724636,1397477076
1357724636,226541132
1357724636,206717989
1357724636,398345250
1357724636,75126193
1357724636,1215618902
1357724636,316185201
1357724636,54639341
1357724636,29011418
1357724636,2350213374
1357724636,89910140
1357724636,24080072
1357724636,33106219
1357724636,1444197716
1357724636,163655818
1357724636,1311173616
1357724636,1963338120
1357724636,15847644
1357724636,1361788304
1357724636,125186260
1357724636,820455565
1357724636,68251943
1357724636,34655603
1357724636,32435747
1357724636,48836145
1357724636,1400804851
1357724636,990802033
1357724636,388077479
1357724636,57044449
1357724636,231781498
1357724636,459536227
1357724636,406403893
1357724636,85443996
1357724636,1544328649
1357724636,384677591
1357724636,478689725
1357724636,2361738812
1357724636,476241808
1357724636,50995683
1357724636,183314121
1357724636,582370620
1357724636,556546159
1357724636,205390536
1357724636,228477285
1357724636,9604032
1357724636,8163442
1357724636,10877272
1357724636,126975337
1357724636,248308366
1357724636,106901254
1357724636,138399567
1357724636,197212954
1357724636,268907346
1357724636,386843247
1357724636,43453648
1357724636,2336515010
1357724636,1389653912
1357724636,350374460
1357724636,73676717
1357724636,1363055870
1357724636,2329292672
1357724636,3373791
1357724636,22481098
1357724636,373412585
1357724636,136078948
1357724636,483419859
1357724636,233000743
1357724636,292693591
1357724636,2256870855
1357724636,2299308050
1357724636,2252252546
1357724636,311035097
1357724636,2356410552
1357724636,38164846
1357724636,80937256
1357724636,21223877
1357724636,14808226
1357724636,199196447
1357724636,19590009
1357724636,42586014
1357724636,78962127
1357724636,1040026244
1357724636,43317911
1357724636,22903765
1357724636,29913589
1357724636,9317652
1357724636,43902998
1357724636,22403050
1357724636,155050678
1357724636,14138785
1357724636,317896392
1357724636,15438913
1357724636,69199794
1357724636,38740122
1357724636,47307291
1357724636,85318913
1357724636,138087117
1357724636,2354756490
1357724636,1876170152
1357724636,124835385
1357724636,65359165
1357724636,196108728
1357724636,60761772
1357724636,201201906
1357724636,241352906
1357724636,66492953
1357724636,116729780
1357724636,191021142
1357724636,342702490
1357724636,235609285
1357724636,522585767
1357724636,1244875651
1357724636,24906706
1357724636,438324063
1357724636,52169920
1357724636,36751350
1357724636,107737415
1357724636,143656207
1357724636,361901974
1357724636,33884545
1357724636,17790667
1357724636,525264466
1357724636,965741665
1357724636,42200692
1357724636,1460115356
1357724636,2225189881
1357724636,1674448015
1357724636,2315936148
1357724636,2343595548
1357724636,2239182733
1357724636,794722602
1357724636,209162745
1357724636,401088435
1357724636,617612919
1357724636,940054848
1357724636,393391514
1357724636,339252658
1357724636,434093150
1357724636,54738648
1357724636,382358601
1357724636,594823297
1357724636,338659090
1357724636,467656396
1357724636,1107776846
1357724636,1511545135
1357724636,1615165789
1357724636,68448205
1357724636,66736384
1357724636,24692342
1357724636,153156131
1357724636,45119096
1357724636,40872043
1357724636,19591633
1357724636,81138708
1357724636,385007349
1357724636,74692602
1357724636,261221729
1357724636,273503855
1357724636,427475002
1357724636,357750891
1357724636,436266454
1357724636,130649891
1357724636,6253282
1357724636,198731851
1357724636,1615685677
1357724636,14306125
1357724636,23941036
1357724636,18241122
1357724636,396107061
1357724636,41377889
1357724636,297613691
1357724636,39474837
1357724636,91130461
1357724636,198618575
1357724636,235203784
1357724636,17675072
1357724636,196994616
1357724636,376819013
1357724636,24150634
1357724636,98762886
1357724636,157981564
1357724636,232855418
1357724636,216694277
1357724636,1471503042
1357724636,61836890
1357724636,61525944
1357724636,28894510
1357724636,18346623
1357724636,18746143
1357724636,67738163
1357724636,58791906
1357724636,50843597
1357724636,24241544
1357724636,32959253
1357724636,22948591
1357724636,22007357
1357724636,34423857
1357724636,246356472
1357724636,42406756
1357724636,49195175
1357724636,111949306
1357724636,339064364
1357724636,153763519
1357724636,50300579
1357724636,415929494
1357724636,34642785
1357724636,230206226
1357724636,243242472
1357724636,21112266
1357724636,1098810938
1357724636,948552829
1357724636,1221643736
1357724636,30360274
1357724636,89273104
1357724636,84128595
1357724636,446948570
1357724636,150677740
1357724636,21195865
1357724636,771383605
1357724636,70349639
1357724636,177736182
1357724636,63136550
1357724636,77874637
1357724636,19971002
1357724636,132341643
1357724636,20733972
1357724636,17683011
1357724636,245895031
1357724636,1544357946
1357724636,1590104412
1357724636,459821824
1357724636,12907112
1357724636,41108109
1357724636,42960026
1357724636,69572156
1357724636,146324375
1357724636,129394089
1357724636,107015405
1357724636,72131919
1357724636,312266543
1357724636,91872955
1357724636,15681837
1357724636,8628562
1357724636,368590534
1357724636,14208199
1357724636,37812529
1357724636,271028583
1357724636,38318589
1357724636,700293852
1357724636,594292035
1357724636,976185420
1357724636,217039408
1357724636,167399649
1357724636,255055775
1357724636,1641489433
1357724636,1046148638
1357724636,18803751
1357724636,333889590
1357724636,88718227
1357724636,527921841
1357724636,278487148
1357724636,229821499
1357724636,19261460
1357724636,408079041
1357724636,954078518
1357724636,40019154
1357724636,53082082
1357724636,88716843
1357724636,222252523
1357724636,90891909
1357724636,90888313
1357724636,22912225
1357724636,16722300
1357724636,90889951
1357724636,439397278
1357724636,24906032
1357724636,34076997
1357724636,41396381
1357724636,19301021
1357724636,89210395
1357724636,107472906
1357724636,17292986
1357724636,44885180
1357724636,15935892
1357724636,111079605
1357724636,204907407
1357724636,108647487
1357724636,1930624746
1357724636,32114883
1357724636,88020025
1357724636,48446276
1357724636,129676463
1357724636,165156281
1357724636,36114928
1357724636,61012531
1357724636,92386310
1357724636,47440484
1357724636,102460821
1357724636,21287076
1357724636,294765558
1357724636,19405174
1357724636,104205059
1357724636,96109537
1357724636,87460291
1357724636,122439708
1357724636,19663485
1357724636,18995665
1357724636,18055408
1357724636,613628735
1357724636,32589145
1357724636,548482109
1357724636,613529492
1357724636,286974714
1357724636,379781259
1357724636,408940545
1357724636,265902729
1357724636,1903256809
1357724636,134554923
1357724636,43108394
1357724636,24727891
1357724636,40263343
1357724636,19230601
1357724636,713993413
1357724636,297169759
1357724636,2228148667
1357724636,54650603
1357724636,108568373
1357724636,32918599
1357724636,138372303
1357724636,140070953
1357724636,8159472
1357724636,343627165
1357724636,789605024
1357724636,627673190
1357724636,1613005327
1357724636,217583811
1357724636,21687606
1357724636,28177507
1357724636,25311067
1357724636,33639255
1357724636,159903408
1357724636,1631542010
1357724636,1082377592
1357724636,342810108
1357724636,20553753
1357724636,20182642
1357724636,590939809
1357724636,62773207
1357724636,441247273
1357724636,34993020
1357724636,182721799
1357724636,357641944
1357724636,285694773
1357724636,129497959
1357724636,462053902
1357724636,23263743
1357724636,1496566789
1357724636,602974078
1357724636,70392518
1357724636,24915429
1357724636,21492030
1357724636,587517391
1357724636,275056995
1357724636,26306694
1357724636,98480910
1357724636,159251367
1357724636,174056354
1357724636,14384740
1357724636,52446754
1357724636,61528225
1357724636,44625875
1357724636,75344719
1357724636,277495114
1357724636,75331119
1357724636,68853691
1357724636,80580232
1357724636,59778891
1357724636,45136148
1357724636,69383348
1357724636,52407497
1357724636,119083988
1357724636,291383850
1357724636,826037515
1357724636,67611340
1357724636,365125982
1357724636,440211079
1357724636,65833787
1357724636,2803191
1357724636,73476045
1357724636,46684261
1357724636,902995676
1357724636,364683554
1357724636,17369980
1357724636,36784207
1357724636,58582807
1357724636,17313071
1357724636,50333411
1357724636,42625523
1357724636,121176422
1357724636,56799835
1357724636,14849990
1357724636,21510894
1357724636,32965485
1357724636,19713622
1357724636,124239082
1357724636,193343976
1357724636,254827032
1357724636,118098515
1357724636,16951979
1357724636,27968160
1357724636,20163851
1357724636,47688615
1357724636,214570761
1357724636,30070288
1357724636,21207962
1357724636,53453984
1357724636,31208512
1357724636,60742949
1357724636,54341363
1357724636,77306609
1357724636,17715048
1357724636,450874614
1357724636,170545114
1357724636,16684907
1357724636,322230045
1357724636,771843636
1357724636,342281034
1357724636,138780219
1357724636,15794130
1357724636,52387308
1357724636,248769589
1357724636,44376439
1357724636,171712036
1357724636,39567574
1357724636,44407035
1357724636,79018177
1357724636,185753912
1357724636,45910262
1357724636,76923965
1357724636,39823486
1357724636,49506581
1357724636,143096678
1357724636,81775907
1357724636,107839758
1357724636,18991014
1357724636,18949982
1357724636,46559925
1357724636,18048997
1357724636,142391273
1357724636,65066323
1357724636,36847620
1357724636,21854625
1357724636,48113196
1357724636,18193018
1357724636,16330759
1357724636,50699507
1357724636,16668550
1357724636,16529640
1357724636,33611395
1357724636,1922812615
1357724636,20511502
1357724636,362725644
1357724636,12379862
1357724636,17693232
1357724636,21324165
1357724636,234223064
1357724636,268406421
1357724636,63751487
1357724636,17063215
1357724636,20618678
1357724636,19472578
1357724636,22905057
1357724636,18717426
1357724636,70186440
1357724636,39776107
1357724636,17993489
1357724636,21648020
1357724636,20667335
1357724636,81838067
1357724636,478842703
1357724636,175750254
1357724636,23617610
1357724636,17806553
1357724636,95683302
1357724636,18049879
1357724636,26775098
1357724636,55923058
1357724636,35718347
1357724636,20144443
1357724636,14842285
1357724636,16631801
1357724636,15030767
1357724636,25319819
1357724636,22626223
1357724636,123129924
1357724636,540950520
1357724636,14843763
1357724636,58319041
1357724636,202254708
1357724636,796167456
1357724636,568768355
1357724636,419567671
1357724636,30104082
1357724636,2201964012
1357724636,405086411
1357724636,586027940
1357724636,387332470
1357724636,329387653
1357724636,251958642
1357724636,300993081
1357724636,340759529
1357724636,365514032
1357724636,348098480
1357724636,33787626
1357724636,121167375
1357724636,226990055
1357724636,323219092
1357724636,135589017
1357724636,109575905
1357724636,36406985
1357724636,108992388
1357724636,38665237
1357724636,67046877
1357724636,82760700
1357724636,408610782
1357724636,216705162
1357724636,215771320
1357724636,204426281
1357724636,55273705
1357724636,87445791
1357724636,93969116
1357724636,201768494
1357724636,250631970
1357724636,98442042
1357724636,33111454
1357724636,61480855
1357724636,7109022
1357724636,85908999
1357724636,17980026
1357724636,17624543
1357724636,406929268
1357724636,1657267063
1357724636,24274948
1357724636,17137628
1357724636,39511166
1357724636,38146999
1357724636,16153562
1357724636,14055301
1357724636,20596281
1357724636,20646711
1357724636,27830610
1357724636,18213483
1357724636,69231187
1357724636,33933259
1357724636,18758902
1357724636,24590293
1357724636,17087162
1357724636,66369181
1357724636,14159148
1357724636,9624742
1357724636,30313925
1357724636,17169390
1357724636,14677919
1357724636,169962622
1357724636,20973478
1357724636,78311231
1357724636,26043177
1357724636,603772676
1357724636,1526073854
1357724636,1890415664
1357724636,546978161
1357724636,1399634527
1357724636,369018737
1357724636,22838300
1357724636,15852417
1357724636,22611082
1357724636,232997874
1357724636,85626038
1357724636,79264576
1357724636,179727790
1357724636,200266197
1357724636,125797558
1357724636,238794194
1357724636,152468525
1357724636,259379883
1357724636,586671909
1357724636,175178463
1357724636,2162931966
1357724636,232989941
1357724636,62164894
1357724636,243222950
1357724636,181584787
1357724636,254809626
1357724636,14435488
1357724636,206840196
1357724636,147561921
1357724636,44946572
1357724636,86611634
1357724636,369651780
1357724636,109424049
1357724636,381051960
1357724636,206181302
1357724636,282743074
1357724636,16831192
1357724636,16831314
1357724636,496883368
1357724636,392558258
1357724636,115242386
1357724636,553948144
1357724636,383915990
1357724636,146935739
1357724636,69703664
1357724636,107845334
1357724636,220855508
1357724636,864917575
1357724636,527281446
1357724636,1730304661
1357724636,1736929788
1357724636,433554312
1357724636,20416216
1357724636,325654994
1357724636,418533892
1357724636,2201018048
1357724636,402065460
1357724636,17696167
1357724636,16548023
1357724636,19490380
1357724636,20322929
1357724636,116362700
1357724636,26257166
1357724636,2557521
1357724636,68399194
1357724636,97488105
1357724636,49239873
1357724636,382613598
1357724636,24047612
1357724636,246148760
1357724636,47459700
1357724636,69615397
1357724636,141333617
1357724636,44084633
1357724636,821276
1357724636,450438759
1357724636,572064770
1357724636,298029599
1357724636,57022252
1357724636,867932791
1357724636,19403548
1357724636,511059332
1357724636,87946729
1357724636,203848293
1357724636,1941019159
1357724636,556374711
1357724636,839651262
1357724636,1554302744
1357724636,1615794589
1357724636,615478934
1357724636,14293310
1357724636,5402612
1357724636,121572326
1357724636,72702729
1357724636,1401190854
1357724636,1626536846
1357724636,322139442
1357724636,414736352
1357724636,34507480
1357724636,630356475
1357724636,17881816
1357724636,14390109
1357724636,36947388
1357724636,14840869
1357724636,14497313
1357724636,23560015
1357724636,15291335
1357724636,203162990
1357724636,21904217
1357724636,20255162
1357724636,304185486
1357724636,160817572
1357724636,22548403
1357724636,46475424
1357724636,58545637
1357724636,62513246
1357724636,166739404
1357724636,18091904
1357724636,564595075
1357724636,408823762
1357724636,919843327
1357724636,87403396
1357724636,1432675429
1357724636,191156996
1357724636,1692949772
1357724636,404916846
1357724636,53429770
1357724636,355741893
1357724636,112764971
1357724636,22910295
1357724636,14872237
1357724636,41004058
1357724636,82696023
1357724636,93687642
1357724636,199354750
1357724636,418968300
1357724636,33990291
1357724636,109312021
1357724636,21389998
1357724636,21390674
1357724636,268439864
1357724636,23421880
1357724636,35094637
1357724636,19033555
1357724636,251716551
1357724636,413487212
1357724636,24742040
1357724636,17208832
1357724636,74286565
1357724636,50393960
1357724636,58970005
1357724636,102840899
1357724636,389686685
1357724636,813286
1357724636,14055186
1357724636,224611655
1357724636,15607774
1357724636,7428362
1357724636,19691643
1357724636,17008203
1357724636,11994692
1357724636,123754656
1357724636,19921389
1357724636,141301260
1357724636,20845323
1357724636,22782297
1357724636,22637074
1357724636,14684733
1357724636,395388847
1357724636,23780652
1357724636,14847636
1357724636,14746456
1357724636,105898722
1357724636,26266891
1357724636,237241020
1357724636,16804762
1357724636,38977171
1357724636,83627515
1357724636,21044191
1357724636,40977821
1357724636,19019970
1357724636,34352191
1357724636,21585387
1357724636,23124996
1357724636,30884383
1357724636,57794292
1357724636,122078946
1357724636,126334806
1357724636,105164381
1357724636,115642985
1357724636,78549013
1357724636,10242272
1357724636,84355412
1357724636,82579563
1357724636,108897269
1357724636,78021221
1357724636,18225787
1357724636,18135386
1357724636,30180137
1357724636,1950636817
1357724636,18647765
1357724636,23585685
1357724636,9459622
1357724636,1958978268
1357724636,348379865
1357724636,221292213
1357724636,573497596
1357724636,334111568
1357724636,320099525
1357724636,37599351
1357724636,182384817
1357724636,564000560
1357724636,2148915494
1357724636,484147594
1357724636,1400293710
1357724636,1234426592
1357724636,31540671
1357724636,27426035
1357724636,16032925
1357724636,250911289
1357724636,180124279
1357724636,1367531
1357724636,19186180
1357724636,10228272
1357724636,19331985
1357724636,15012486
1357724636,15005991
1357724636,12925072
1357724636,102407976
1357724636,27914085
1357724636,250600998
1357724636,142797379
1357724636,26494583
1357724636,16631331
1357724636,84635940
1357724636,16631693
1357724636,405123394
1357724636,21182676
1357724636,94081671
1357724636,16973333
1357724636,20809515
1357724636,87818409
1357724636,6017542
1357724636,51241574
1357724636,22424209
1357724636,5988062
1357724636,595609173
1357724636,3108351
1357724636,51070460
1357724636,16854780
1357724636,807095
1357724636,19264748
1357724636,21783395
1357724636,15392221
1357724636,2561091
1357724636,115643097
1357724636,28318504
1357724636,19814175
1357724636,124139163
1357724636,7587032
1357724636,121787937
1357724636,612473
1357724636,19712523
1357724636,428333
1357724636,16632149
1357724636,2097571
1357724636,759251
1357724636,1652541
1357724636,15391813
1357724636,26102409
1357724636,17163446
1357724636,26276346
1357724636,16632219
1357724636,1200426523
1357724636,592753596
1357724636,16451028
1357724636,14758257
1357724636,8665572
1357724636,56172283
1357724636,17884125
1357724636,19889294
1357724636,20781929
1357724636,18972986
1357724636,25535042
1357724636,17311493
1357724636,24915307
1357724636,22780877
1357724636,19967197
1357724636,19903099
1357724636,29214466
1357724636,49781518
1357724636,409486555
1357724636,50602093
1357724636,15683146
1357724636,19394887
1357724636,14270254
1357724636,47319936
1357724636,210816380
