137713236,54346196
137713236,212604444
137713236,133085255
137713236,163208644
137713236,21114659
137713236,137175799
137713236,26187589
137713236,185657251
137713236,353686677
137713236,15567851
137713236,948552829
137713236,4136607509
137713236,69069168
137713236,1560943934
137713236,16504459
137713236,42453250
137713236,2984674484
137713236,3084950638
137713236,64269811
137713236,16196902
137713236,4171164160
137713236,60881156
137713236,133051204
137713236,28392786
137713236,420535612
137713236,14595245
137713236,4696774614
137713236,3381158369
137713236,3144080825
137713236,200089758
137713236,833808541
137713236,4519861217
137713236,4355479637
137713236,351279875
137713236,3799046241
137713236,2821368357
137713236,15488353
137713236,2613749605
137713236,1833572562
137713236,201854017
137713236,1546427636
137713236,4387175902
137713236,199876297
137713236,612046286
137713236,4276176449
137713236,385849509
137713236,226610910
137713236,310734823
137713236,105828812
137713236,4243196416
137713236,3154762343
137713236,380543846
137713236,829607016
137713236,443606843
137713236,2471955655
137713236,16334137
137713236,484679568
137713236,2435676479
137713236,206667641
137713236,24744541
137713236,212297066
137713236,759251
137713236,376488330
137713236,166783358
137713236,158418056
137713236,2697846476
137713236,16973333
137713236,69373037
137713236,84721141
137713236,56245102
137713236,77210725
137713236,131286287
137713236,14594813
137713236,569923172
137713236,151984352
137713236,26416363
137713236,188025490
137713236,1551580638
137713236,19337662
137713236,92083727
137713236,1151011908
137713236,14757966
137713236,53111492
137713236,21390437
137713236,26767094
137713236,2190755568
137713236,525264466
137713236,3298465420
137713236,259234878
137713236,503518393
137713236,102095809
137713236,112790338
137713236,323529913
137713236,47943832
137713236,273611797
137713236,8385442
137713236,1035307940
137713236,135936369
137713236,1331814649
137713236,28350349
137713236,137908322
137713236,149673483
137713236,246551522
137713236,265707467
137713236,3363145816
137713236,3431463381
137713236,55668875
137713236,15505088
137713236,790680
137713236,44153555
137713236,3524655321
137713236,2738435326
137713236,17010391
137713236,2546294725
137713236,19406393
137713236,133008925
137713236,148592815
137713236,69085200
137713236,67397709
137713236,26561613
137713236,827742842
137713236,152849763
137713236,2426375252
137713236,394535660
137713236,68885588
137713236,2749745307
137713236,1544484896
137713236,2474471474
137713236,132227518
137713236,112543044
137713236,3248168596
137713236,127873414
137713236,111123176
137713236,274590714
137713236,1436645192
137713236,464128120
137713236,56158936
137713236,450200372
137713236,3384842477
137713236,2990168949
137713236,3374561686
137713236,3233868943
137713236,325231257
137713236,3485131
137713236,127023076
137713236,2174422802
137713236,18633022
137713236,518762336
137713236,3081807328
137713236,106714016
137713236,166173854
137713236,437115515
137713236,2439514328
137713236,55440842
137713236,64074348
137713236,54337535
137713236,43966093
137713236,11162772
137713236,97237306
137713236,159072956
137713236,3351901864
137713236,14754376
137713236,26932840
137713236,53939086
137713236,17229791
137713236,1193286186
137713236,878509388
137713236,123355219
137713236,402750356
137713236,2888238526
137713236,135743827
137713236,1418934474
137713236,110699775
137713236,136352778
137713236,69126346
137713236,158487331
137713236,196676738
137713236,2359639830
137713236,43340387
137713236,27733656
137713236,738392300
137713236,2199126640
137713236,128333141
137713236,2841576191
137713236,124788162
137713236,2910178972
137713236,462041917
137713236,3080036249
137713236,45447020
137713236,107824979
137713236,70442460
137713236,17149381
137713236,82084630
137713236,3019961223
137713236,574727653
137713236,1524689467
137713236,2574810392
137713236,2259165798
137713236,1688587550
137713236,106900550
137713236,1606071684
137713236,3118507900
137713236,3048321070
137713236,118553312
137713236,3256615781
137713236,21894000
137713236,120256278
137713236,124658538
137713236,74604641
137713236,248773805
137713236,401495432
137713236,17798745
137713236,87490448
137713236,45083460
137713236,129892683
137713236,69650953
137713236,119761755
137713236,398992251
137713236,3218321998
137713236,111996704
137713236,1617884742
137713236,25704704
137713236,3038383125
137713236,69962890
137713236,3191049173
137713236,17477363
137713236,28338716
137713236,204198030
137713236,2327088307
137713236,45870897
137713236,2477786197
137713236,16350198
137713236,117810236
137713236,62159419
137713236,1973460409
137713236,24989174
137713236,108107661
137713236,153881965
137713236,39522911
137713236,2806091754
137713236,68396702
137713236,16718844
137713236,2870648206
137713236,3081042361
137713236,366437435
137713236,133770672
137713236,199354750
137713236,95654153
137713236,373105295
137713236,221345363
137713236,14456622
137713236,61828582
137713236,25562342
137713236,276543976
137713236,330783103
137713236,194609643
137713236,102388575
137713236,184963714
137713236,158342368
137713236,2288138575
137713236,14486954
137713236,231984891
137713236,57732270
137713236,1978559052
137713236,146919703
137713236,12975572
137713236,63118359
137713236,64120999
137713236,186829577
137713236,595911965
137713236,1060964462
137713236,115026203
137713236,66816259
137713236,165262519
137713236,70676131
137713236,139821685
137713236,239476816
137713236,250262033
137713236,180557211
137713236,39799853
137713236,33379496
137713236,332551930
137713236,35747858
137713236,102249889
137713236,129565297
137713236,153841715
137713236,398880968
137713236,407340092
137713236,168175820
137713236,419474731
137713236,82143155
137713236,89961254
137713236,205654605
137713236,45833031
137713236,357121951
137713236,83495917
137713236,140698053
137713236,185785923
137713236,55587309
137713236,315968836
137713236,768410558
137713236,309017947
137713236,77895475
137713236,382442504
137713236,33719533
137713236,171035235
137713236,57547564
137713236,21128822
137713236,273967768
137713236,128742866
137713236,147992371
137713236,353715239
137713236,274274249
137713236,154548614
137713236,330553334
137713236,70170422
137713236,546449766
137713236,2312946196
137713236,577561904
137713236,1263248708
137713236,132519247
137713236,77888828
137713236,2550332278
137713236,2570008830
137713236,295885626
137713236,80360324
137713236,69353104
137713236,2458403310
137713236,801267594
137713236,2688187788
137713236,151635190
137713236,172397028
137713236,73721204
137713236,216660885
137713236,96803589
137713236,2440556792
137713236,2790123911
137713236,326022716
137713236,57792480
137713236,2660999103
137713236,148112254
137713236,71558137
137713236,56684472
137713236,192578825
137713236,2850911887
137713236,1497651098
137713236,2206213064
137713236,584793255
137713236,2858783043
137713236,291238168
137713236,210148155
137713236,321765070
137713236,143177134
137713236,64839766
137713236,2897441
137713236,373642650
137713236,2670726740
137713236,42102939
137713236,151190865
137713236,118864905
137713236,794751666
137713236,2537462617
137713236,71529716
137713236,85611444
137713236,37984973
137713236,189906799
137713236,2837525153
137713236,63712414
137713236,121422504
137713236,68404402
137713236,21068395
137713236,59912646
137713236,182156020
137713236,55737086
137713236,242281071
137713236,178933420
137713236,58668131
137713236,2353482919
137713236,2435888269
137713236,179057277
137713236,22954354
137713236,57986415
137713236,105082141
137713236,587899638
137713236,312053815
137713236,344379876
137713236,96835898
137713236,157412449
137713236,405208531
137713236,55069015
137713236,138880879
137713236,8105922
137713236,380980266
137713236,91167808
137713236,2495199115
137713236,237432120
137713236,2511441026
137713236,2174537102
137713236,56117840
137713236,56780945
137713236,138290323
137713236,53161113
137713236,523168320
137713236,2389335901
137713236,335132253
137713236,150767364
137713236,48063251
137713236,2443821176
137713236,2402194313
137713236,151522703
137713236,66485580
137713236,1306116049
137713236,108441676
137713236,190859808
137713236,51847793
137713236,589238308
137713236,327728672
137713236,525859193
137713236,295275637
137713236,18144791
137713236,189545054
137713236,74426491
137713236,1262984406
137713236,192353090
137713236,36376988
137713236,158092325
137713236,834772386
137713236,64257256
137713236,1433882124
137713236,47739030
137713236,85386874
137713236,58693020
137713236,49849732
137713236,247379224
137713236,123379510
137713236,191612064
137713236,16080129
137713236,132560200
137713236,74491989
137713236,1541495023
137713236,1658007079
137713236,95253000
137713236,291220589
137713236,17095342
137713236,24043827
137713236,2193212287
137713236,206126628
137713236,59033382
137713236,362662282
137713236,15095537
137713236,14614833
137713236,7586182
137713236,142261464
137713236,60586908
137713236,20584172
137713236,35635584
137713236,1540034828
137713236,394856629
137713236,87677475
137713236,96461487
137713236,116820742
137713236,54074611
137713236,278293374
137713236,370235146
137713236,48990668
137713236,265130876
137713236,34586817
137713236,191641626
137713236,40502070
137713236,298765238
137713236,1252764865
137713236,33884545
137713236,204129044
137713236,1645434290
137713236,109468833
137713236,183673546
137713236,141586286
137713236,174398983
137713236,102094084
137713236,10242562
137713236,45013575
137713236,213739273
137713236,19028805
137713236,205515269
137713236,108256637
137713236,211848071
137713236,1679213899
137713236,207098718
137713236,211995221
137713236,191955687
137713236,8813332
137713236,214872694
137713236,62534089
137713236,52040220
137713236,266361038
137713236,260380907
137713236,270378014
137713236,78139021
137713236,813286
137713236,231131436
137713236,87324565
137713236,14246806
137713236,15180395
137713236,36248739
137713236,296912924
137713236,68689247
137713236,84880944
137713236,405900747
137713236,8597172
137713236,14872237
137713236,372163914
137713236,41269233
137713236,15183391
137713236,1366137302
137713236,112523709
137713236,42099016
137713236,202372417
137713236,1444915388
137713236,380200858
137713236,55729783
137713236,50982086
137713236,189226939
137713236,54445637
137713236,36552275
137713236,89492261
137713236,441650620
137713236,353334846
137713236,333694787
137713236,948444397
137713236,42157075
137713236,7996082
137713236,304287573
137713236,31090827
137713236,83490378
137713236,401674909
137713236,51124892
137713236,351606648
137713236,66482525
137713236,25559706
137713236,266747350
137713236,265081880
137713236,335532571
137713236,364470053
137713236,190840767
137713236,295288913
137713236,156043878
137713236,169611916
137713236,107574450
137713236,523733280
137713236,209853409
137713236,201941470
137713236,78605792
137713236,66336940
137713236,163282565
137713236,66663270
137713236,58386355
137713236,140519633
137713236,56771504
137713236,254088362
137713236,577244124
137713236,586520108
137713236,636095071
137713236,83959481
137713236,255649220
137713236,25119832
137713236,78139406
137713236,174440317
137713236,87320033
137713236,76699270
137713236,16632084
137713236,54641022
137713236,42328281
137713236,17373712
137713236,29443752
137713236,718656198
137713236,267350536
137713236,562030936
137713236,59915378
137713236,415004906
137713236,283283746
137713236,17327804
137713236,78684416
137713236,268852942
137713236,41400540
137713236,342836049
137713236,71443527
137713236,46409160
137713236,342994346
137713236,185631585
137713236,587474936
137713236,64302846
137713236,167894554
137713236,292499294
137713236,49596582
137713236,70992524
137713236,76810481
137713236,209780362
137713236,60640635
137713236,174396298
137713236,71310152
137713236,76039327
137713236,42305352
137713236,159303457
137713236,54751648
137713236,54336513
137713236,83696895
137713236,93158719
137713236,10842792
137713236,143061654
137713236,227400370
137713236,37741027
137713236,30714018
137713236,22864100
137713236,61617112
137713236,354095556
137713236,45884967
137713236,33276018
137713236,84365525
137713236,44409004
137713236,143525806
137713236,115388833
137713236,23241059
137713236,273737665
137713236,385519578
137713236,24756029
137713236,380716440
137713236,218663669
137713236,367777209
137713236,375324640
137713236,347315965
137713236,158108858
137713236,138814032
137713236,225445834
137713236,53772241
137713236,349843118
137713236,118904782
137713236,171739937
137713236,36145962
137713236,330963762
137713236,21764205
137713236,96863446
137713236,55583641
137713236,299096370
137713236,9722452
137713236,122429793
137713236,34271853
137713236,20237983
137713236,74452681
137713236,119576076
137713236,95227165
137713236,322774059
137713236,77658135
137713236,130155083
137713236,83822156
137713236,91351823
137713236,62804559
137713236,294368660
137713236,25516105
137713236,296924645
137713236,77268936
137713236,296257613
137713236,252530217
137713236,205243467
137713236,206222507
137713236,119180419
137713236,16519398
137713236,34820469
137713236,179211526
137713236,288392383
137713236,55546637
137713236,293209934
137713236,291953808
137713236,45454189
137713236,127918245
137713236,54790300
137713236,50333996
137713236,56095783
137713236,133008975
137713236,66993866
137713236,281818698
137713236,56103923
137713236,50088149
137713236,34074380
137713236,143592420
137713236,140538348
137713236,148145814
137713236,61006705
137713236,54316180
137713236,130919142
137713236,120241898
137713236,132725948
137713236,22947629
137713236,81170575
137713236,171879786
137713236,21761390
137713236,70389315
137713236,238333941
137713236,162794224
137713236,100240171
137713236,134644979
137713236,128591063
137713236,131574396
137713236,66657084
137713236,25858078
137713236,145606723
137713236,117722784
137713236,37122131
137713236,135269423
