138403207,42678046
138403207,230927249
138403207,19875072
138403207,771383605
138403207,948552829
138403207,1662057727
138403207,95693963
138403207,541023928
138403207,124690469
138403207,163138175
138403207,3044738957
138403207,1710336272
138403207,27073252
138403207,1272263407
138403207,513708554
138403207,59512284
138403207,333517437
138403207,24915312
138403207,246565905
138403207,1053469046
138403207,851153042
138403207,520672127
138403207,130594732
138403207,70728069
138403207,477771850
138403207,479621490
138403207,174780495
138403207,212256947
138403207,25319534
138403207,191413848
138403207,55246492
138403207,2328685993
138403207,127288992
138403207,74791999
138403207,225072440
138403207,219243547
138403207,55809761
138403207,2467791
138403207,86230406
138403207,28534252
138403207,32073913
138403207,188039706
138403207,113712551
138403207,32717570
138403207,14063426
138403207,64736207
138403207,2462356590
138403207,1615685677
138403207,21204154
138403207,16951979
138403207,1542862735
138403207,21138477
138403207,36171039
138403207,63062645
138403207,37059085
138403207,632391705
138403207,1275678150
138403207,18758902
138403207,177736182
138403207,19713622
138403207,19472578
138403207,11862072
138403207,34076997
138403207,127099154
138403207,42220353
138403207,297380894
138403207,93131556
138403207,1337785291
138403207,543533194
138403207,533085085
138403207,155659213
138403207,344634424
138403207,139092348
138403207,139556944
138403207,485511296
138403207,288333760
138403207,117715973
138403207,87265557
138403207,79293791
138403207,1357767427
138403207,717748068
138403207,18417628
138403207,342227411
138403207,466444412
138403207,893460884
138403207,87460291
138403207,214845681
138403207,259925559
138403207,480782173
138403207,14353392
138403207,563628971
138403207,115485051
138403207,8159472
138403207,17311493
138403207,454395581
138403207,17213053
138403207,1152488772
138403207,740336334
138403207,95870075
138403207,32493647
138403207,19921389
138403207,110573642
138403207,157381435
138403207,136356564
138403207,19965852
138403207,39568864
138403207,342144097
138403207,612034914
138403207,43901270
138403207,136277712
138403207,1014338786
138403207,21899787
138403207,945675932
138403207,50602093
138403207,328980753
138403207,20015311
138403207,336116660
138403207,20448566
138403207,50374439
138403207,62638109
138403207,454843106
138403207,575655088
138403207,38977171
138403207,20740074
138403207,187539995
138403207,45216253
138403207,301388743
138403207,28119356
138403207,22512970
138403207,166258687
138403207,22941152
138403207,21324165
138403207,20809515
138403207,33286742
138403207,19853493
138403207,18678493
138403207,19186180
138403207,112193517
138403207,3550091
138403207,21783395
138403207,14270254
138403207,19391470
138403207,24241544
138403207,21357208
138403207,320899985
138403207,48473529
138403207,140091998
138403207,15287423
138403207,201822092
138403207,259379883
138403207,12692172
138403207,19301487
138403207,183642910
138403207,20766350
138403207,19488569
138403207,16569045
138403207,15005991
138403207,22904901
138403207,21112266
138403207,14758257
138403207,17163446
138403207,14746456
138403207,19901822
138403207,19537263
138403207,48143363
138403207,28312880
138403207,21648222
138403207,28435623
138403207,24714420
138403207,27209226
138403207,25836321
138403207,24914644
138403207,19663485
138403207,23256569
138403207,58972850
138403207,25365536
138403207,69853536
138403207,168841922
138403207,19247625
138403207,19509051
138403207,20712514
138403207,428333
138403207,15392221
138403207,24399244
138403207,14857290
138403207,19451823
138403207,141284529
138403207,20609518
138403207,19674853
138403207,21456666
138403207,25982907
138403207,19405174
138403207,33875502
138403207,22677822
138403207,126664704
138403207,143945820
138403207,9697822
138403207,30043495
138403207,14123683
138403207,50725573
138403207,26589987
138403207,119914528
138403207,92020072
138403207,20684105
138403207,110827653
138403207,16171953
138403207,19394887
138403207,21905142
138403207,50751556
138403207,19554706
138403207,44409004
138403207,56777230
138403207,48459607
138403207,60865434
138403207,34965137
138403207,20843014
138403207,16854780
138403207,19033555
138403207,115746176
138403207,22616738
138403207,26017256
138403207,36412963
138403207,32453930
138403207,100630788
138403207,102097897
138403207,14700117
138403207,50393960
138403207,35779304
138403207,18135386
138403207,25082055
138403207,50662856
138403207,46199807
138403207,62130152
138403207,91346549
138403207,19732375
138403207,34055498
138403207,138732942
138403207,30041546
138403207,21492030
138403207,49781518
138403207,18116794
138403207,64256328
138403207,18970523
138403207,16451028
138403207,2561091
138403207,19019970
138403207,807095
138403207,5402612
138403207,7996082
138403207,19689047
138403207,14333754
138403207,20781929
138403207,15683146
138403207,20884910
138403207,37895682
138403207,19973332
138403207,23263743
138403207,19911186
138403207,8665572
138403207,26276346
138403207,25503709
138403207,19284122
138403207,22996693
138403207,20583613
138403207,19265059
138403207,60916506
138403207,20618678
138403207,17953384
138403207,17624543
138403207,13850422
138403207,27867017
138403207,621533
138403207,36699432
138403207,42189303
138403207,14208199
138403207,19910996
138403207,27935844
138403207,19916184
138403207,104205059
138403207,48631668
138403207,15962096
138403207,56352258
138403207,23585685
138403207,3373791
138403207,16727535
138403207,115643097
138403207,31140929
138403207,14456107
138403207,19933508
138403207,86761616
138403207,128637475
138403207,19264748
138403207,55991727
138403207,18949452
138403207,32359921
138403207,8161232
138403207,27149340
138403207,22903765
138403207,68679960
138403207,31237480
138403207,47617770
138403207,17220934
138403207,14224719
138403207,31127446
138403207,19394188
138403207,30313925
138403207,15224867
138403207,16129920
138403207,12044602
138403207,813286
138403207,5988062
138403207,73181712
138403207,18791763
