138581315,948552829
138581315,557379987
138581315,216776631
138581315,166739404
138581315,128069969
138581315,2916305152
138581315,29873662
138581315,461147700
138581315,25053299
138581315,91478624
138581315,50393960
138581315,3124020169
138581315,43901270
138581315,1344951
138581315,850839715
138581315,164693233
138581315,2925920477
138581315,872330059
138581315,18080969
138581315,1660468830
138581315,15439395
138581315,15492359
138581315,7144422
138581315,14372486
138581315,275686563
138581315,3688337955
138581315,365065928
138581315,3832903876
138581315,3375881991
138581315,3208728964
138581315,1600739892
138581315,337368418
138581315,887433672
138581315,193411344
138581315,1577655024
138581315,1588358150
138581315,609947999
138581315,14758166
138581315,224274185
138581315,2427741030
138581315,565555135
138581315,1501744945
138581315,478253707
138581315,630239172
138581315,172822444
138581315,41777199
138581315,3347734275
138581315,707967973
138581315,39538010
138581315,36994785
138581315,3066057052
138581315,85196913
138581315,602913392
138581315,67659557
138581315,19490380
138581315,1355739504
138581315,251716551
138581315,2601107455
138581315,155659213
138581315,20716956
138581315,12955202
138581315,3169892746
138581315,1016211966
138581315,95474044
138581315,623280953
138581315,514363471
138581315,1589289414
138581315,80683756
138581315,2459371
138581315,86390214
138581315,17602896
138581315,31284372
138581315,39472543
138581315,16589206
138581315,10380732
138581315,1598644159
138581315,16736535
138581315,867702739
138581315,2196922086
138581315,2846848924
138581315,2806389327
138581315,2833357448
138581315,381988690
138581315,2578959439
138581315,2550023839
138581315,173984381
138581315,88776463
138581315,30261067
138581315,422744968
138581315,191790175
138581315,148850220
138581315,70888891
138581315,109184306
138581315,172442947
138581315,611986351
138581315,21390674
138581315,382267114
138581315,20536157
138581315,2298476850
138581315,783214
138581315,172694509
138581315,38251403
138581315,237380802
138581315,90368802
138581315,421286008
138581315,612009655
138581315,18884601
138581315,15531582
138581315,1246219638
138581315,176438599
138581315,11348282
138581315,813286
138581315,16632149
138581315,547898426
138581315,1114707756
138581315,373280870
138581315,403383741
138581315,1627200780
138581315,391584505
138581315,480316412
138581315,17487884
138581315,499176510
138581315,16631801
138581315,707945341
138581315,625959894
138581315,115216851
138581315,86391789
138581315,143482316
138581315,488021513
138581315,214782823
138581315,459324357
138581315,288019271
138581315,27531390
138581315,545558899
138581315,825634778
138581315,2142731
138581315,63485337
138581315,376819013
138581315,323503130
138581315,19198198
138581315,600286726
138581315,11167502
138581315,965212778
138581315,14706299
138581315,14480405
138581315,526229299
138581315,373316841
138581315,112432842
138581315,42861755
138581315,45672198
138581315,594082259
138581315,44875897
138581315,207033734
138581315,260856372
138581315,594787542
138581315,407326968
138581315,120944793
138581315,70814014
138581315,591795083
138581315,84987868
138581315,15391813
138581315,175036967
138581315,12579252
138581315,407813459
138581315,186556792
138581315,454843106
138581315,3202551
138581315,119959446
138581315,3373791
138581315,24696669
138581315,52551600
138581315,19186180
138581315,99795732
138581315,98165330
138581315,400005461
138581315,23011527
138581315,15392221
138581315,209605999
138581315,49781518
138581315,24784028
138581315,414898286
138581315,23046181
138581315,192303150
138581315,360765203
138581315,169015850
138581315,14847636
138581315,19041826
138581315,2480951
138581315,758608
138581315,18944007
138581315,209169572
138581315,45297205
138581315,15804843
138581315,42387965
138581315,24783322
138581315,47450772
138581315,188443111
138581315,19033555
138581315,19394887
138581315,97950001
138581315,161288528
138581315,19689047
138581315,342613223
138581315,140091998
138581315,19247625
138581315,160786918
138581315,139532603
138581315,91935208
138581315,354072855
138581315,7841652
138581315,22901537
138581315,12005092
138581315,18075140
138581315,41339478
138581315,48812961
138581315,184895996
138581315,117079814
138581315,15774009
138581315,14270254
138581315,291481300
138581315,162089811
138581315,115485051
138581315,58601997
138581315,23645959
138581315,111551994
138581315,49423975
138581315,214810390
138581315,165056930
138581315,81871749
138581315,18553889
138581315,95580785
138581315,33231158
138581315,175001271
138581315,72915446
138581315,17311493
138581315,225516778
138581315,20667335
138581315,22090550
138581315,8633582
