1388940600,377314175
1388940600,537860826
1388940600,485933622
1388940600,2901757885
1388940600,589041865
1388940600,951765632
1388940600,3176322304
1388940600,2172814405
1388940600,613440717
1388940600,1717247845
1388940600,2340993620
1388940600,613462470
1388940600,28207060
1388940600,1073812441
1388940600,3450125057
1388940600,61219717
1388940600,613617582
1388940600,205354545
1388940600,65977009
1388940600,106446805
1388940600,1241297262
1388940600,438436392
1388940600,2175213942
1388940600,444002860
1388940600,2941018330
1388940600,2730615427
1388940600,97478285
1388940600,2835594983
1388940600,95948044
1388940600,2915923217
1388940600,61302982
1388940600,265537951
1388940600,287660464
1388940600,1331047976
1388940600,989709265
1388940600,17886341
1388940600,817857596
1388940600,19468364
1388940600,116581738
1388940600,1884260971
1388940600,285903641
1388940600,227105435
1388940600,341115145
1388940600,283928121
1388940600,753846457
1388940600,94215780
1388940600,3065948045
1388940600,213041614
1388940600,19287037
1388940600,1540529606
1388940600,123216018
1388940600,375213973
1388940600,21386236
1388940600,320424355
1388940600,861782546
1388940600,1238732384
1388940600,57822326
1388940600,2932217224
1388940600,244122344
1388940600,158453795
1388940600,112990334
1388940600,93894541
1388940600,17153008
1388940600,180434089
1388940600,2415931159
1388940600,1323017960
1388940600,1423824241
1388940600,985169389
1388940600,3161370881
1388940600,1395972560
1388940600,259823635
1388940600,226930878
1388940600,537063140
1388940600,300213607
1388940600,2647271935
1388940600,167137604
1388940600,51806144
1388940600,2222513024
1388940600,333298069
1388940600,72364524
1388940600,2214928279
1388940600,21417835
1388940600,262763249
1388940600,1423723100
1388940600,236328006
1388940600,486544134
1388940600,1307309502
1388940600,349566284
1388940600,1379632658
1388940600,563874843
1388940600,1911541170
1388940600,422250953
1388940600,2247881587
1388940600,2552685050
1388940600,193303382
1388940600,950798084
1388940600,249200284
1388940600,2325659210
1388940600,115766036
1388940600,238255720
1388940600,429773452
1388940600,478981917
1388940600,2379030434
1388940600,136454125
1388940600,2719370575
1388940600,612421980
1388940600,79048510
1388940600,624003687
1388940600,47147814
1388940600,453887814
1388940600,21044187
1388940600,624237116
1388940600,782197603
1388940600,1059524977
1388940600,282123042
1388940600,366560406
1388940600,169414527
1388940600,165818774
1388940600,526165069
1388940600,1244138090
1388940600,409918971
1388940600,281984830
1388940600,438346752
1388940600,557149488
1388940600,51006891
1388940600,39234246
1388940600,82104463
1388940600,9975262
1388940600,406625695
1388940600,290065393
1388940600,65048966
1388940600,808449950
1388940600,83020813
1388940600,66382030
1388940600,136124557
1388940600,14632233
1388940600,156778498
1388940600,469570364
1388940600,2275044954
1388940600,578189814
1388940600,164481328
1388940600,2229116852
1388940600,2710589750
1388940600,2688960949
1388940600,1898911052
1388940600,2674769546
1388940600,2709863443
1388940600,1130669227
1388940600,801865488
1388940600,2715562322
1388940600,2664245708
1388940600,2334051667
1388940600,222128961
1388940600,48406843
1388940600,54999614
1388940600,60429110
1388940600,87474370
1388940600,66460356
1388940600,54228412
1388940600,107144568
1388940600,111323743
1388940600,52295033
1388940600,44110744
1388940600,42942385
1388940600,49022286
1388940600,61302938
1388940600,140289196
1388940600,127900187
1388940600,42593930
1388940600,43347078
1388940600,16334137
1388940600,110765001
1388940600,87740074
1388940600,93623575
1388940600,87706561
1388940600,82421419
1388940600,28109685
1388940600,16955224
1388940600,14213711
1388940600,67363257
1388940600,298602677
1388940600,72656787
1388940600,15230805
1388940600,171118728
1388940600,398056479
1388940600,16858203
1388940600,570142876
1388940600,1737156338
1388940600,2546314124
1388940600,2716823882
1388940600,350403410
1388940600,1950594277
1388940600,442208174
1388940600,215707523
1388940600,69423473
1388940600,2525321084
1388940600,145254292
1388940600,49933297
1388940600,891915300
1388940600,952722624
1388940600,1180106941
1388940600,1246721282
1388940600,1333684314
1388940600,1335092466
1388940600,1338165547
1388940600,1456171123
1388940600,1481054065
1388940600,418860635
1388940600,1479431929
1388940600,301620715
1388940600,930944634
1388940600,1594579836
1388940600,1690648986
1388940600,1465499256
1388940600,1901315041
1388940600,1944140630
1388940600,1952387762
1388940600,720765572
1388940600,2162740573
1388940600,2178636338
1388940600,2183219441
1388940600,277330761
1388940600,424267973
1388940600,416611386
1388940600,2283417024
1388940600,230299826
1388940600,711850968
1388940600,2330820198
1388940600,1512310214
1388940600,2436195959
1388940600,1965966368
1388940600,2437417076
1388940600,2421781130
1388940600,2531780152
1388940600,527516708
1388940600,81167559
1388940600,102141588
1388940600,47302521
1388940600,552539446
1388940600,419807119
1388940600,625986125
1388940600,254715016
1388940600,634662553
1388940600,626371049
1388940600,704602052
1388940600,239999375
1388940600,421200632
1388940600,745578584
1388940600,228402205
1388940600,615066694
1388940600,714926137
1388940600,858376742
1388940600,18135879
1388940600,171258955
1388940600,201410043
1388940600,310405424
1388940600,408692071
1388940600,53487889
1388940600,354100329
1388940600,560741399
1388940600,216107365
1388940600,81117979
1388940600,178411249
1388940600,253792333
1388940600,114498955
1388940600,93215201
1388940600,377165414
1388940600,376081047
1388940600,217187875
1388940600,238382157
1388940600,278006395
1388940600,161084107
1388940600,1001049884
1388940600,396320134
1388940600,252807037
1388940600,147637782
1388940600,460682565
1388940600,248803801
1388940600,100093892
1388940600,313541291
1388940600,290672220
1388940600,309128606
1388940600,270964429
1388940600,359485274
1388940600,193755319
1388940600,283554291
1388940600,481423292
1388940600,128357759
1388940600,294406350
1388940600,289349682
1388940600,279847153
1388940600,1043567958
1388940600,416602927
1388940600,2268381296
1388940600,490836625
1388940600,374752807
1388940600,152375786
1388940600,1169488278
1388940600,224417427
1388940600,14270254
1388940600,385513234
1388940600,17813487
1388940600,19236074
1388940600,98781946
1388940600,20560294
1388940600,20845323
1388940600,19349699
1388940600,31237480
1388940600,43865255
1388940600,49849732
1388940600,37905845
1388940600,93687642
1388940600,17177897
1388940600,158597935
1388940600,23421880
1388940600,52053647
1388940600,19706280
1388940600,38159069
1388940600,38789283
1388940600,64466884
1388940600,1201554451
1388940600,193003734
1388940600,957758965
1388940600,151395664
1388940600,17471979
1388940600,584021657
1388940600,30889727
1388940600,93962745
1388940600,92389107
1388940600,14269768
1388940600,14159148
1388940600,20646711
1388940600,16153562
1388940600,14700316
1388940600,57365059
1388940600,18049879
1388940600,65768265
1388940600,123031890
1388940600,309381043
1388940600,446608005
1388940600,1327849758
1388940600,890717376
1388940600,94263431
1388940600,19674652
1388940600,335299650
1388940600,17137628
1388940600,965741665
1388940600,500704345
1388940600,20609518
1388940600,74198943
1388940600,519805965
1388940600,924367026
1388940600,89153759
1388940600,1965033403
1388940600,14805524
1388940600,22996604
1388940600,126388701
1388940600,2216041987
1388940600,424177322
1388940600,1654221708
1388940600,20954762
1388940600,14607522
1388940600,19612753
1388940600,454783605
1388940600,394073804
1388940600,14072078
1388940600,19784606
1388940600,176175208
1388940600,15762708
1388940600,2237909048
1388940600,225065716
1388940600,121571029
1388940600,373105307
1388940600,86358205
1388940600,217807120
1388940600,22537325
1388940600,19600252
1388940600,41385260
1388940600,477333741
1388940600,515199646
1388940600,2294735010
1388940600,928419246
1388940600,948552829
1388940600,2197487762
1388940600,53672272
1388940600,254252442
1388940600,22695704
1388940600,21648020
1388940600,22092783
1388940600,1718659525
1388940600,27601392
1388940600,2283961363
1388940600,128322839
1388940600,2373621931
1388940600,21329490
1388940600,187892453
1388940600,49195175
1388940600,35777973
1388940600,460065842
1388940600,579018137
1388940600,2591804729
1388940600,2555577463
1388940600,35449426
1388940600,1242476707
1388940600,2518413102
1388940600,100584083
1388940600,2283857647
1388940600,38721901
1388940600,15301575
1388940600,61101771
1388940600,1360440373
1388940600,2237899310
1388940600,16913002
1388940600,21616014
1388940600,2732376064
1388940600,2431777177
1388940600,538651840
1388940600,20428821
1388940600,75105092
1388940600,60118220
1388940600,404855685
1388940600,19940089
1388940600,23361812
1388940600,61292615
1388940600,189919411
1388940600,51550964
1388940600,2683300177
1388940600,175473782
1388940600,59935906
1388940600,546209404
1388940600,250807201
1388940600,64735077
1388940600,44988936
1388940600,77448822
1388940600,356770262
1388940600,17530865
1388940600,28147658
1388940600,67174173
1388940600,73326641
1388940600,306610482
1388940600,51302483
1388940600,255387143
1388940600,44255167
1388940600,17833649
1388940600,150215411
1388940600,50653120
1388940600,112456085
1388940600,90456033
1388940600,2692738452
1388940600,758957208
1388940600,2586450620
1388940600,126006849
1388940600,92415862
1388940600,1394643247
1388940600,162040438
1388940600,51661271
1388940600,87567459
1388940600,1490001355
1388940600,966591235
1388940600,444873040
1388940600,238831523
1388940600,200324660
1388940600,490612629
1388940600,43285022
1388940600,564414157
1388940600,429841791
1388940600,426614328
1388940600,2549430136
1388940600,110925106
1388940600,479972726
1388940600,224193104
1388940600,392398073
1388940600,915133441
1388940600,2318907492
1388940600,299613106
1388940600,366053993
1388940600,300156767
1388940600,624718296
1388940600,198675812
1388940600,312500149
1388940600,466167525
1388940600,383054755
1388940600,426809288
1388940600,198201401
1388940600,143911002
1388940600,191165834
1388940600,704042058
1388940600,106153647
1388940600,980684000
1388940600,1704483096
1388940600,90725961
1388940600,309781659
1388940600,237364244
1388940600,62862863
1388940600,78584993
1388940600,48027296
1388940600,148466828
1388940600,26061356
1388940600,110636926
1388940600,623575711
1388940600,1608152863
1388940600,251652836
1388940600,89005170
1388940600,105785181
1388940600,266085233
1388940600,11695602
1388940600,225817175
1388940600,557520496
1388940600,590550405
1388940600,202643121
1388940600,11695472
1388940600,69231187
1388940600,550298840
1388940600,2340821371
1388940600,335563945
1388940600,322245198
1388940600,33933259
1388940600,701973404
1388940600,36462622
1388940600,70650764
1388940600,556424139
1388940600,17899109
1388940600,176356611
1388940600,155014704
1388940600,220125655
1388940600,244058232
1388940600,323367354
1388940600,103975120
1388940600,592667834
1388940600,755022872
1388940600,102922245
1388940600,113479897
1388940600,625940998
1388940600,578379317
1388940600,191824303
1388940600,15947602
1388940600,445432046
1388940600,442948716
1388940600,448356387
1388940600,184037947
1388940600,214288640
1388940600,500995656
1388940600,22140200
1388940600,205714038
1388940600,1189407266
1388940600,224625075
1388940600,179227788
1388940600,22544839
1388940600,571751391
1388940600,92031317
1388940600,787317506
1388940600,155352749
1388940600,326939843
1388940600,470994751
1388940600,94825596
1388940600,209881341
1388940600,569297271
1388940600,147369276
1388940600,172818389
1388940600,128574764
1388940600,971847174
1388940600,146464562
1388940600,1127086909
1388940600,800803620
1388940600,285454541
1388940600,297577553
1388940600,20329672
1388940600,1496407117
1388940600,774531703
1388940600,2377547269
1388940600,525311402
1388940600,38938031
1388940600,1347413534
1388940600,19700544
1388940600,84886805
1388940600,249857380
1388940600,38146588
1388940600,154417515
1388940600,470976631
1388940600,16724953
1388940600,43349186
1388940600,192423161
1388940600,967006800
1388940600,24961671
1388940600,599093603
1388940600,9379912
1388940600,257905617
1388940600,110140381
1388940600,73750671
1388940600,424496153
1388940600,1494100669
1388940600,480645146
1388940600,568621785
1388940600,213932438
1388940600,18533588
1388940600,183022206
1388940600,204654828
1388940600,67294867
1388940600,1171501316
1388940600,1245888846
1388940600,581632670
1388940600,376825211
1388940600,94819499
1388940600,119840565
1388940600,336662943
1388940600,498256037
1388940600,127839157
1388940600,261637232
1388940600,705701246
1388940600,475820295
1388940600,27974637
1388940600,409867007
1388940600,34069072
1388940600,729416204
1388940600,113705294
1388940600,184115109
1388940600,290609948
1388940600,1640894846
1388940600,616142737
1388940600,421228498
1388940600,587334866
1388940600,474642593
1388940600,29469673
1388940600,389972540
1388940600,186551731
1388940600,395551060
1388940600,16646529
1388940600,187942728
1388940600,244283010
1388940600,81111803
1388940600,753774152
1388940600,396133119
1388940600,207973622
1388940600,186289505
1388940600,81196128
1388940600,280919148
1388940600,421081555
1388940600,424450783
1388940600,1545206774
1388940600,419081818
1388940600,93427377
1388940600,252767227
1388940600,113910284
1388940600,1591254643
1388940600,30628722
1388940600,96430204
1388940600,35705767
1388940600,2314127191
1388940600,213358644
1388940600,104120086
1388940600,297809867
1388940600,596110297
1388940600,202460955
1388940600,469750028
1388940600,43135184
1388940600,103494199
1388940600,118776469
1388940600,472170010
1388940600,122097290
1388940600,80899853
1388940600,270652116
1388940600,506007359
1388940600,527889707
1388940600,24870470
1388940600,226957094
1388940600,132789236
1388940600,529795547
1388940600,257068100
1388940600,188877556
1388940600,1393529605
1388940600,1001495388
1388940600,72049501
1388940600,178975033
1388940600,463152537
1388940600,222344324
1388940600,525416576
1388940600,16228699
1388940600,271067527
1388940600,162114517
1388940600,169704476
1388940600,154064182
1388940600,267355099
1388940600,29988606
1388940600,296912924
1388940600,127307617
1388940600,510535152
1388940600,2330784871
1388940600,915977826
1388940600,516466200
1388940600,41687953
1388940600,18510063
1388940600,75404835
1388940600,327476968
1388940600,424106196
1388940600,301388743
1388940600,306473740
1388940600,16279105
1388940600,34113439
1388940600,14824411
1388940600,270064609
1388940600,110442665
1388940600,832297014
1388940600,1074863725
1388940600,632284256
1388940600,359547887
1388940600,69060709
1388940600,14786217
1388940600,16550480
1388940600,3554721
1388940600,21022960
1388940600,1107557988
1388940600,17596622
1388940600,187864310
1388940600,278198272
1388940600,16854780
1388940600,150220120
1388940600,118099003
1388940600,13201312
1388940600,52871994
1388940600,20604674
1388940600,88387513
1388940600,17676713
1388940600,535707261
1388940600,11162772
1388940600,43368985
1388940600,14955908
1388940600,520856742
1388940600,43928023
1388940600,14436317
1388940600,485822222
1388940600,222552446
1388940600,318995873
1388940600,1060271658
1388940600,279649054
1388940600,65369125
1388940600,111986793
1388940600,67296270
1388940600,155344404
1388940600,11904592
1388940600,158342368
1388940600,740841738
1388940600,2288138575
1388940600,106886983
1388940600,80107076
1388940600,182945800
1388940600,412232593
1388940600,74771067
1388940600,714011023
1388940600,41160647
1388940600,816140419
1388940600,518340481
1388940600,726940987
1388940600,19546081
1388940600,18942450
1388940600,48072153
1388940600,102965164
1388940600,268546778
1388940600,339641594
1388940600,247334254
1388940600,34625282
1388940600,25490995
1388940600,340175088
1388940600,1678160977
1388940600,700568280
1388940600,125306809
1388940600,65588895
1388940600,59431562
1388940600,14112805
1388940600,1471514466
1388940600,237727459
1388940600,8283082
1388940600,454506109
1388940600,479840612
1388940600,323284679
1388940600,357584312
1388940600,51494754
1388940600,1466870654
1388940600,162645380
1388940600,602140112
1388940600,21522163
1388940600,214636132
1388940600,30404308
1388940600,1202793056
1388940600,43303934
1388940600,84959399
1388940600,29355352
1388940600,102397497
1388940600,223935062
1388940600,209404581
1388940600,387539520
1388940600,24719390
1388940600,794052858
1388940600,193964064
1388940600,66531319
1388940600,949648550
1388940600,228034810
1388940600,84061224
1388940600,323998361
1388940600,352523910
1388940600,22029553
1388940600,378746121
1388940600,29221344
1388940600,262832316
1388940600,16029780
1388940600,556297194
1388940600,37595712
1388940600,43660789
1388940600,15847523
1388940600,102620193
1388940600,379996546
1388940600,15683146
1388940600,14746456
1388940600,1583783856
1388940600,80494181
1388940600,17156000
1388940600,276082976
1388940600,55200317
1388940600,84592338
1388940600,632286493
1388940600,84859490
1388940600,887657864
1388940600,1949495336
1388940600,34514558
1388940600,948218270
1388940600,808952018
1388940600,16229878
1388940600,70344790
1388940600,35764723
1388940600,333923265
1388940600,17850456
1388940600,42665683
1388940600,403228010
1388940600,51519449
1388940600,612940901
1388940600,28345417
1388940600,17975938
1388940600,79867737
1388940600,1050020503
1388940600,831398228
1388940600,1567864274
1388940600,14478762
1388940600,27585991
1388940600,33323849
1388940600,21754399
1388940600,124419017
1388940600,196753676
1388940600,1321020890
1388940600,1589003696
1388940600,183575472
1388940600,178873162
1388940600,248697166
1388940600,512285903
1388940600,863448780
1388940600,231925864
1388940600,508768686
1388940600,248626366
1388940600,300518361
1388940600,184725856
1388940600,168637711
1388940600,299451451
1388940600,29169161
1388940600,41074834
1388940600,16687923
1388940600,297332147
1388940600,531982747
1388940600,821915251
1388940600,87356295
1388940600,142116907
1388940600,409270593
1388940600,274585756
1388940600,324125730
1388940600,390322374
1388940600,2260698097
1388940600,206321699
1388940600,335245398
1388940600,1186493522
1388940600,385179187
1388940600,16266033
1388940600,113437820
1388940600,36032320
1388940600,1416426793
1388940600,20897273
1388940600,44609300
1388940600,115483373
1388940600,725990022
1388940600,503339878
1388940600,382147419
1388940600,310073944
1388940600,489525953
1388940600,615205006
1388940600,1593421711
1388940600,164975534
1388940600,1262467650
1388940600,890438934
1388940600,168760653
1388940600,348687280
1388940600,1959455546
1388940600,1471907959
1388940600,236951204
1388940600,77962682
1388940600,326202869
1388940600,618728872
1388940600,126106871
1388940600,1577805602
1388940600,2156946350
1388940600,1324753352
1388940600,449532356
1388940600,187690561
1388940600,2215845366
1388940600,551601605
1388940600,916921838
1388940600,499173756
1388940600,174391894
1388940600,1548703908
1388940600,396949175
1388940600,597323215
1388940600,2214526270
1388940600,2259510271
1388940600,137134164
1388940600,187683219
1388940600,1657728668
1388940600,284001034
1388940600,240054646
1388940600,19100811
1388940600,138933382
1388940600,33787936
1388940600,27074856
1388940600,417317499
1388940600,28609947
1388940600,19363528
1388940600,31766093
1388940600,374814539
1388940600,22035674
1388940600,476845419
1388940600,178841887
1388940600,1631695646
1388940600,357443329
1388940600,81994664
1388940600,16908562
1388940600,121572093
1388940600,76603593
1388940600,1216801964
1388940600,102832793
1388940600,313402562
1388940600,21519495
1388940600,18687619
1388940600,159226345
1388940600,153864102
1388940600,716143098
1388940600,78540461
1388940600,22782336
1388940600,19718430
1388940600,14912751
1388940600,569944086
1388940600,20505533
1388940600,20729766
1388940600,20503762
1388940600,80571413
1388940600,26545339
1388940600,51471781
1388940600,84283427
1388940600,14332297
1388940600,19715065
1388940600,223101760
1388940600,15288851
1388940600,1170058435
1388940600,34568634
1388940600,21844990
1388940600,243579928
1388940600,55868276
1388940600,516677125
1388940600,238100286
1388940600,411833428
1388940600,24908813
1388940600,1517876136
1388940600,128934009
1388940600,1491169650
1388940600,19091423
1388940600,190186106
1388940600,2043041
1388940600,20583613
1388940600,50515656
1388940600,171543152
1388940600,11185062
1388940600,110399091
1388940600,97282420
1388940600,377812753
1388940600,292012031
1388940600,195756373
1388940600,50664827
1388940600,60323192
1388940600,209773560
1388940600,19686295
1388940600,24604702
1388940600,15769327
1388940600,280981302
1388940600,126331978
1388940600,57025078
1388940600,635734831
1388940600,15158054
1388940600,51714305
1388940600,101463163
1388940600,468720538
1388940600,135963508
1388940600,299315652
1388940600,293976442
1388940600,17163446
1388940600,874518307
1388940600,374083628
1388940600,630352713
1388940600,30243400
1388940600,393145117
1388940600,182877848
1388940600,208573668
1388940600,337215982
1388940600,398331876
1388940600,201378696
1388940600,552210829
1388940600,23263743
1388940600,19264748
1388940600,476973136
1388940600,102882166
1388940600,300596177
1388940600,16451028
1388940600,20809515
1388940600,274124460
1388940600,390852088
1388940600,16631693
1388940600,16631331
1388940600,21783395
1388940600,26276346
1388940600,18708177
1388940600,410762826
1388940600,232376243
1388940600,19921389
1388940600,20553892
1388940600,21492030
1388940600,883197072
1388940600,1257660912
1388940600,402636591
1388940600,182763517
1388940600,24241544
1388940600,89441466
1388940600,295712705
1388940600,3459051
1388940600,30328300
1388940600,17675072
1388940600,15391813
1388940600,23816051
1388940600,2561091
1388940600,20172352
1388940600,43208158
1388940600,14333754
1388940600,203506335
1388940600,30547095
1388940600,79772558
1388940600,14562960
1388940600,72019122
1388940600,516931300
1388940600,1318212308
1388940600,1271254699
1388940600,1393693747
1388940600,49781518
1388940600,20335444
1388940600,1166498990
1388940600,9890492
1388940600,1408878698
1388940600,151395450
1388940600,20843014
1388940600,109954164
1388940600,102095809
1388940600,562801149
1388940600,334814607
1388940600,8544672
1388940600,84054978
1388940600,22905057
1388940600,18240187
1388940600,301962639
1388940600,951539437
1388940600,405770215
1388940600,839532984
1388940600,910522118
1388940600,314914851
1388940600,304957122
1388940600,51727832
1388940600,1381370360
1388940600,372403973
1388940600,97282093
1388940600,517164143
1388940600,58657849
1388940600,75319669
1388940600,106923942
1388940600,293013170
1388940600,1334844703
1388940600,302904837
1388940600,1334337132
1388940600,237499413
1388940600,1226169246
1388940600,1291282069
1388940600,1191259639
1388940600,1265024756
1388940600,46450116
1388940600,468253936
1388940600,835668787
1388940600,184232835
1388940600,48337166
1388940600,21066857
1388940600,19889294
1388940600,124139163
1388940600,8665852
1388940600,94081671
1388940600,25086986
1388940600,22948591
1388940600,10228272
1388940600,1387721328
