14328004,59627487
14328004,61037301
14328004,20108560
14328004,17602896
14328004,4300796133
14328004,403778789
14328004,19136302
14328004,2835594983
14328004,227720229
14328004,133663801
14328004,1255030290
14328004,31237480
14328004,3871751002
14328004,60916506
14328004,3108351
14328004,6017542
14328004,986878273
14328004,18075140
14328004,20380673
14328004,3320722841
14328004,27935844
14328004,1652541
14328004,51241574
14328004,1367531
14328004,2998450037
14328004,187482894
14328004,742143
14328004,759251
14328004,2467791
14328004,807095
14328004,87818409
14328004,1536791610
14328004,16589206
14328004,73874037
14328004,2916305152
14328004,3011094627
14328004,353773157
14328004,454843106
14328004,149833456
14328004,19564523
14328004,140091998
14328004,19405367
14328004,3308456165
14328004,378770677
14328004,20777243
14328004,21235867
14328004,21182676
14328004,19903099
14328004,19910996
14328004,21390674
14328004,40019154
14328004,22903765
14328004,14993191
14328004,8699742
14328004,7109022
14328004,19264748
14328004,15485441
14328004,605805760
14328004,137365854
14328004,21389998
14328004,115485051
14328004,297174372
14328004,22209176
14328004,15670515
14328004,74286565
14328004,50300579
14328004,50393960
14328004,948552829
14328004,428333
14328004,205323928
14328004,1662057727
14328004,5402612
14328004,157981564
14328004,813286
14328004,29422232
14328004,2097571
14328004,169426475
14328004,2292454922
14328004,2848630785
14328004,104272265
14328004,2478671546
14328004,1548402900
14328004,2575606147
14328004,16632149
14328004,8665572
14328004,14758257
14328004,21783395
14328004,18135386
14328004,26276346
14328004,17884125
14328004,16451028
14328004,94081671
14328004,23585685
14328004,19663485
14328004,21066857
14328004,19889294
14328004,14842285
14328004,204832963
14328004,8662472
14328004,20015311
14328004,19391470
14328004,22384691
14328004,520693481
14328004,2176281192
14328004,377008435
14328004,19529777
14328004,25319819
14328004,16631331
14328004,23263743
14328004,19921389
14328004,124139163
14328004,8665852
14328004,2561091
14328004,2474719452
14328004,877252848
14328004,112785317
14328004,65033679
14328004,517883555
14328004,284188179
14328004,91478624
14328004,38202026
14328004,18398474
14328004,22411875
14328004,64167996
14328004,1495596271
14328004,8628562
14328004,22924012
14328004,20772551
14328004,637361038
14328004,737317548
14328004,763987394
14328004,181232680
14328004,1009213476
14328004,105327824
14328004,1134678956
14328004,988502240
14328004,24680112
14328004,234395707
14328004,367891284
14328004,18190278
14328004,193807708
14328004,307504401
14328004,592836680
14328004,210010525
14328004,534237443
14328004,39221142
14328004,192863698
14328004,214458271
14328004,980429570
14328004,1301303412
14328004,157008624
14328004,22007615
14328004,54705790
14328004,37752214
14328004,9860792
14328004,19593583
14328004,438343141
14328004,116753125
14328004,286905465
14328004,1073686592
14328004,166143767
14328004,816122678
14328004,754037528
14328004,22632946
14328004,434100155
14328004,528695150
14328004,963983599
14328004,989151992
14328004,276016311
14328004,16529124
14328004,619444487
14328004,1201592718
14328004,53548958
14328004,106127860
14328004,624701958
14328004,532318277
14328004,298233716
14328004,175091584
14328004,236444781
14328004,562058051
14328004,22926310
14328004,135854278
14328004,36135882
14328004,20319462
14328004,22361066
14328004,316519114
14328004,390846325
14328004,56769994
14328004,191220933
14328004,1059386491
14328004,35776107
14328004,30570782
14328004,125466339
14328004,391251370
14328004,897134886
14328004,122642094
14328004,219249181
14328004,130960315
14328004,237515808
14328004,519375691
14328004,1332650936
14328004,21508005
14328004,81363796
14328004,344341200
14328004,89759989
14328004,18415491
14328004,1017615385
14328004,191986872
14328004,1540975662
14328004,387041303
14328004,471061916
14328004,137711728
14328004,921151651
14328004,1560624733
14328004,23220504
14328004,1338766326
14328004,1455261
14328004,12920482
14328004,843691
14328004,372179058
14328004,521640856
14328004,872545662
14328004,231905372
14328004,1558185499
14328004,20109521
14328004,26921353
14328004,493325326
14328004,570322396
14328004,920730848
14328004,473911838
14328004,94570599
14328004,376880554
14328004,1465678772
14328004,1001565248
14328004,259900168
14328004,220795859
14328004,1341892412
14328004,313455020
14328004,537534386
14328004,342240968
14328004,23442098
14328004,338740353
14328004,1124600306
14328004,849389017
14328004,40204803
14328004,374461660
14328004,513131422
14328004,27470648
14328004,1539164006
14328004,15798656
14328004,386365444
14328004,1071741283
14328004,263184019
14328004,616389954
14328004,87457622
14328004,22887948
14328004,497248165
14328004,1270075436
14328004,227700298
14328004,265710966
14328004,366192762
14328004,116435845
14328004,217851686
14328004,161448839
14328004,23490782
14328004,72989656
14328004,1063297525
14328004,110482222
14328004,12007882
14328004,847440434
14328004,1182691255
14328004,1338594186
14328004,424137563
14328004,1318671679
14328004,618162368
14328004,220699103
14328004,843619008
14328004,753718123
14328004,577254332
14328004,29287369
14328004,304598554
14328004,551875019
14328004,21853275
14328004,563566900
14328004,371685755
14328004,1019455386
14328004,1004826385
14328004,122192954
14328004,377645388
14328004,893654996
14328004,58350963
14328004,78095126
14328004,588756312
14328004,1356342073
14328004,176337240
14328004,380457225
14328004,488065232
14328004,215084775
14328004,27499000
14328004,1488335792
14328004,18730512
14328004,17163446
14328004,15392221
14328004,50488813
14328004,919991689
14328004,20349987
14328004,17311493
14328004,25260220
14328004,25883564
14328004,23653161
14328004,19628231
14328004,20775703
14328004,21918085
14328004,21817597
14328004,21008396
14328004,18803003
14328004,20338657
14328004,19736296
14328004,20022969
14328004,19179355
14328004,18798877
14328004,19715292
14328004,16511031
14328004,19415144
14328004,15202275
14328004,17558781
14328004,18679659
14328004,19304213
14328004,14313123
14328004,3831651
14328004,16854780
14328004,19186180
14328004,18909913
14328004,19371582
14328004,14894134
14328004,6346082
14328004,15674011
14328004,14331047
14328004,14328277
14328004,14244585
