1433037122,2587971944
1433037122,2267839850
1433037122,128879582
1433037122,20676778
1433037122,4054472237
1433037122,15492359
1433037122,61037301
1433037122,3368792711
1433037122,199990054
1433037122,3899982389
1433037122,24688868
1433037122,3015240291
1433037122,3399135855
1433037122,198895937
1433037122,2812936934
1433037122,3320884601
1433037122,2831859546
1433037122,3349224615
1433037122,33908618
1433037122,1252917283
1433037122,447313907
1433037122,20627896
1433037122,2985200446
1433037122,131102007
1433037122,1305995330
1433037122,166739404
1433037122,1530122682
1433037122,14746456
1433037122,20712514
1433037122,98957692
1433037122,627593739
1433037122,14856333
1433037122,2954794744
1433037122,3092399177
1433037122,68753018
1433037122,2811368731
1433037122,948552829
1433037122,1662057727
1433037122,3091332105
1433037122,3126569506
1433037122,3137940655
1433037122,2579349613
1433037122,145317578
1433037122,711555775
1433037122,25059963
1433037122,2892785986
1433037122,520205627
1433037122,341739007
1433037122,2860639203
1433037122,2754268514
1433037122,77826352
1433037122,3077814281
1433037122,3065657878
1433037122,103416757
1433037122,1610565044
1433037122,2454419568
1433037122,398389779
1433037122,358905141
1433037122,2452874257
1433037122,2428489732
1433037122,534119552
1433037122,253021871
1433037122,1967039582
1433037122,2496821086
1433037122,11657922
1433037122,2569299876
1433037122,386678085
1433037122,2897589292
1433037122,1635828884
1433037122,387356716
1433037122,21214421
1433037122,457908527
1433037122,2446713998
1433037122,2803834855
1433037122,2871364267
1433037122,2825434355
1433037122,2844579359
1433037122,390418979
1433037122,2277752014
1433037122,2912206667
1433037122,2922786088
1433037122,166729631
1433037122,238327175
1433037122,2897571538
1433037122,2887381629
1433037122,239093860
1433037122,2501580252
1433037122,1663353241
1433037122,258805408
1433037122,2845809791
1433037122,18729562
1433037122,153163131
1433037122,1582097646
1433037122,390641663
1433037122,492288571
1433037122,50393960
1433037122,87460291
1433037122,296511906
1433037122,2285292157
1433037122,2544491467
1433037122,835895456
1433037122,2798778997
1433037122,397576561
1433037122,1179998652
1433037122,555414549
1433037122,28340830
1433037122,2436301885
1433037122,2238067646
1433037122,1889832038
1433037122,20980429
1433037122,257150288
1433037122,34042766
1433037122,24636272
1433037122,70001932
1433037122,8457092
1433037122,267939430
1433037122,2567281778
1433037122,248248618
1433037122,2200027039
1433037122,13391992
1433037122,29112483
1433037122,68961917
1433037122,2763608477
1433037122,2482218536
1433037122,751937934
1433037122,2444008736
1433037122,2455097209
1433037122,2305431584
1433037122,2584907634
1433037122,2696688477
1433037122,2732742424
1433037122,1939195669
1433037122,55217433
1433037122,1603607755
1433037122,265645925
1433037122,44928509
1433037122,2687104585
1433037122,14293310
1433037122,2410401427
1433037122,2585907294
1433037122,13404632
1433037122,1235219430
1433037122,111887189
1433037122,2572387314
1433037122,16193162
1433037122,1255030290
1433037122,255240646
1433037122,461554847
1433037122,183368996
1433037122,608167078
1433037122,362506197
1433037122,493642155
1433037122,2435310141
1433037122,16081046
1433037122,904506355
1433037122,14995420
1433037122,2427501451
1433037122,1652541
1433037122,18847920
1433037122,21510894
1433037122,23946350
1433037122,21424725
1433037122,18758902
1433037122,63996905
1433037122,188247746
1433037122,1096233655
1433037122,28452495
1433037122,732680216
1433037122,2254082515
1433037122,253018671
1433037122,5988062
1433037122,60751490
1433037122,19405396
1433037122,194884274
1433037122,64788246
1433037122,2316972510
1433037122,2348858587
1433037122,18944007
1433037122,25268679
1433037122,2457230478
1433037122,1435440998
1433037122,2421760713
1433037122,12334752
1433037122,717874436
1433037122,2407322029
1433037122,2431097629
1433037122,1588647229
1433037122,923824482
1433037122,2400525914
1433037122,395388847
1433037122,277495114
1433037122,771943484
1433037122,838464523
1433037122,42214809
1433037122,2411697578
1433037122,39122874
1433037122,43675318
1433037122,1541483240
1433037122,14176375
1433037122,25192228
1433037122,2288146734
1433037122,2402139265
1433037122,251190602
1433037122,241922511
1433037122,20775703
1433037122,52782073
1433037122,45615081
1433037122,2379635657
1433037122,113714309
1433037122,20521915
1433037122,1600989234
1433037122,1215031777
1433037122,1158586956
1433037122,146796141
1433037122,504993350
1433037122,365088244
1433037122,508086493
1433037122,704630144
1433037122,2345584904
1433037122,2341568615
1433037122,2202210446
1433037122,38767223
1433037122,2327722129
1433037122,111369310
1433037122,2201415726
1433037122,566846225
1433037122,65356757
1433037122,153763519
1433037122,339064364
1433037122,1389653912
1433037122,22695694
1433037122,117110737
1433037122,1020848227
1433037122,1023139638
1433037122,2302960440
1433037122,50103643
1433037122,2296368156
1433037122,576328499
1433037122,1975449037
1433037122,1411182055
1433037122,1934386676
1433037122,1005158101
1433037122,1007432648
1433037122,399125922
1433037122,104856659
1433037122,550926122
1433037122,619487701
1433037122,1058334391
1433037122,298162238
1433037122,100339264
1433037122,2246137831
1433037122,1213751708
1433037122,271028583
1433037122,16632219
1433037122,2244568548
1433037122,23824904
1433037122,70366780
1433037122,98731961
1433037122,2242308974
1433037122,14116807
1433037122,120980768
1433037122,19106722
1433037122,304329674
1433037122,783204546
1433037122,24787524
1433037122,1407892861
1433037122,527645001
1433037122,19450907
1433037122,360230512
1433037122,1961394018
1433037122,25063768
1433037122,83872772
1433037122,15653840
1433037122,2149791714
1433037122,2192474413
1433037122,1406192910
1433037122,78323166
1433037122,2201476579
1433037122,2198705342
1433037122,160216989
1433037122,12979052
1433037122,19472578
1433037122,140091998
1433037122,121167080
1433037122,27331249
1433037122,396590059
1433037122,50099084
1433037122,331260153
1433037122,499392916
1433037122,226934847
1433037122,52691579
1433037122,14661779
1433037122,2184532136
1433037122,2163279998
1433037122,221003210
1433037122,592987663
1433037122,700528695
1433037122,271464555
1433037122,197406560
1433037122,390560138
1433037122,55141018
1433037122,360765203
1433037122,17173144
1433037122,377008435
1433037122,89273104
1433037122,19709089
1433037122,1499509868
1433037122,215537170
1433037122,66834664
1433037122,85908999
1433037122,19490380
1433037122,22780877
1433037122,19867777
1433037122,19903099
1433037122,21182676
1433037122,283038024
1433037122,22637074
1433037122,18730195
1433037122,16569045
1433037122,14684733
1433037122,90868883
1433037122,458352950
1433037122,1007069430
1433037122,379295598
1433037122,180928454
1433037122,467512674
1433037122,93171318
1433037122,180398300
1433037122,252165164
1433037122,2159905778
1433037122,233575429
1433037122,302307362
1433037122,226187782
1433037122,368699898
1433037122,19704314
1433037122,239390460
1433037122,80342552
1433037122,97297134
1433037122,1658796343
1433037122,270483550
1433037122,386100096
1433037122,56094607
1433037122,1138072885
1433037122,350801946
1433037122,1093347361
1433037122,771199405
1433037122,225144794
1433037122,156637896
1433037122,336891017
1433037122,1471397088
1433037122,490788519
1433037122,241950581
1433037122,890560974
1433037122,625645232
1433037122,1974542384
1433037122,142022015
1433037122,565690976
1433037122,24940389
1433037122,533130353
1433037122,1969682880
1433037122,986878273
1433037122,19612753
1433037122,12497362
1433037122,145833956
1433037122,50300579
1433037122,465173206
1433037122,802973426
1433037122,3108351
1433037122,32359921
1433037122,788524
1433037122,19910996
1433037122,4898091
1433037122,21492030
1433037122,20781929
1433037122,91478624
1433037122,621523
1433037122,7996082
1433037122,18639734
1433037122,16589206
1433037122,24784028
1433037122,20583613
1433037122,21323268
1433037122,50602093
1433037122,19033555
1433037122,300370883
1433037122,35203171
1433037122,206583031
1433037122,130924107
1433037122,51468445
1433037122,123754656
1433037122,18075140
1433037122,15683146
1433037122,17693232
1433037122,21138477
1433037122,14903044
1433037122,1574630706
1433037122,207833322
1433037122,126482541
1433037122,329761721
1433037122,118058876
1433037122,321687113
1433037122,402287743
1433037122,220945565
1433037122,236537086
1433037122,424449822
1433037122,266712846
1433037122,17624959
1433037122,17624543
1433037122,17311493
1433037122,851316548
1433037122,320099525
1433037122,37599351
1433037122,75511224
1433037122,254590305
1433037122,58837642
1433037122,253693387
1433037122,807095
1433037122,16854780
1433037122,20843014
1433037122,20856282
1433037122,19264748
1433037122,17980026
1433037122,16171953
1433037122,227116176
1433037122,1018352270
1433037122,19394887
1433037122,14758257
1433037122,3373791
1433037122,558589497
1433037122,787317506
1433037122,14270254
1433037122,21390674
1433037122,73389835
1433037122,49781518
1433037122,20809515
1433037122,97488105
1433037122,19405367
1433037122,14562960
1433037122,23011527
1433037122,19186180
1433037122,20609518
1433037122,500704345
1433037122,80374834
1433037122,593140639
1433037122,637068754
1433037122,633090156
1433037122,1029291846
1433037122,719186587
1433037122,19247625
1433037122,239760107
1433037122,205437050
1433037122,337598651
1433037122,1608999254
1433037122,543923439
1433037122,1628900040
1433037122,405123394
1433037122,21648020
1433037122,23455730
1433037122,624413
1433037122,823905
1433037122,34225497
1433037122,167001476
1433037122,8728392
1433037122,20536157
1433037122,18135386
1433037122,454843106
1433037122,256061146
1433037122,1401866005
1433037122,287145240
1433037122,428333
1433037122,15392221
1433037122,23585685
1433037122,26276346
1433037122,15391813
1433037122,16451028
1433037122,94081671
1433037122,8665572
1433037122,17163446
1433037122,21066857
1433037122,17884125
1433037122,2561091
1433037122,8665852
1433037122,19921389
1433037122,382267114
1433037122,10228272
1433037122,409486555
1433037122,19889294
1433037122,19644753
1433037122,783214
1433037122,813286
1433037122,525264466
1433037122,15670515
1433037122,180505807
1433037122,23263743
1433037122,361759220
1433037122,14518090
