1510718353,129051309
1510718353,1207654748
1510718353,44101800
1510718353,46400289
1510718353,113680261
1510718353,113684726
1510718353,193661018
1510718353,85788285
1510718353,54961149
1510718353,3294986883
1510718353,2338213146
1510718353,4692781514
1510718353,1112743363
1510718353,4540348515
1510718353,19264748
1510718353,17884125
1510718353,268208070
1510718353,19136302
1510718353,2162942852
1510718353,52000483
1510718353,31237480
1510718353,8665852
1510718353,21390756
1510718353,22012460
1510718353,605611517
1510718353,344613908
1510718353,186478607
1510718353,608167078
1510718353,1142859176
1510718353,19875072
1510718353,3483917657
1510718353,701167788
1510718353,17576181
1510718353,3824253808
1510718353,287725645
1510718353,137288990
1510718353,119421299
1510718353,23213589
1510718353,492288571
1510718353,22384691
1510718353,151859708
1510718353,1850950010
1510718353,566282431
1510718353,483930658
1510718353,24382468
1510718353,2389235778
1510718353,14331898
1510718353,17169453
1510718353,17173144
1510718353,22874178
1510718353,22007357
1510718353,89431845
1510718353,4808861
1510718353,87416722
1510718353,7587032
1510718353,380648579
1510718353,2566535282
1510718353,21112266
1510718353,19713622
1510718353,14333754
1510718353,572470115
1510718353,1662057727
1510718353,14992885
1510718353,50643002
1510718353,392714686
1510718353,988900345
1510718353,50300579
1510718353,2969760609
1510718353,32429400
1510718353,167328296
1510718353,72590658
1510718353,608971524
1510718353,272401679
1510718353,2292454922
1510718353,2518759400
1510718353,48439918
1510718353,2220009464
1510718353,1011129121
1510718353,1545333888
1510718353,2805926353
1510718353,394647614
1510718353,87914827
1510718353,21862494
1510718353,23172370
1510718353,1131097766
1510718353,60783724
1510718353,2230258634
1510718353,55914752
1510718353,1063589060
1510718353,326404272
1510718353,3242187995
1510718353,2397673789
1510718353,1940223324
1510718353,295617117
1510718353,9300262
1510718353,23746425
1510718353,2803587655
1510718353,2421073909
1510718353,84571957
1510718353,19227096
1510718353,183213553
1510718353,2180126766
1510718353,820190174
1510718353,164905103
1510718353,591460008
1510718353,81119708
1510718353,24506246
1510718353,42176166
1510718353,47156708
1510718353,480678403
1510718353,103046392
1510718353,56356860
1510718353,22177602
1510718353,16631693
1510718353,14460250
1510718353,21303235
1510718353,21783395
1510718353,6467332
1510718353,75896448
1510718353,70985635
1510718353,151896622
1510718353,19265059
1510718353,279238668
1510718353,14291684
1510718353,23341062
1510718353,29701712
1510718353,68440549
1510718353,8350912
1510718353,34867057
1510718353,15750213
1510718353,18814998
1510718353,198618575
1510718353,157981564
1510718353,234035533
1510718353,16717501
1510718353,22627258
1510718353,230849793
1510718353,338985020
1510718353,260743284
1510718353,1525524354
1510718353,24519519
1510718353,36293076
1510718353,24899436
1510718353,53347647
1510718353,53395621
1510718353,42863753
1510718353,453030125
1510718353,53063155
1510718353,2718299444
1510718353,62605366
1510718353,150693910
1510718353,16012783
1510718353,117110840
1510718353,52487389
1510718353,500704345
1510718353,24264540
1510718353,15035484
1510718353,822298344
1510718353,596635286
1510718353,57041360
1510718353,456136267
1510718353,98853413
1510718353,231703688
1510718353,92719494
1510718353,1097836022
1510718353,949341888
1510718353,22558579
1510718353,40872043
1510718353,36971175
1510718353,394712083
1510718353,2933472605
1510718353,30966484
1510718353,1731731006
1510718353,152570227
1510718353,2793518473
1510718353,70349639
1510718353,395388847
1510718353,7996082
1510718353,932754481
1510718353,424297500
1510718353,20058825
1510718353,15391813
1510718353,36329597
1510718353,28565356
1510718353,2423491189
1510718353,137384014
1510718353,373931023
1510718353,26281917
1510718353,19232649
1510718353,53017384
1510718353,72884783
1510718353,232855418
1510718353,140928811
1510718353,189875553
1510718353,1391776140
1510718353,333050777
1510718353,30513520
1510718353,761801714
1510718353,1690412382
1510718353,20794341
1510718353,403291015
1510718353,154183852
1510718353,869894239
1510718353,377976301
1510718353,169426475
1510718353,370760631
1510718353,20618678
1510718353,19472578
1510718353,185971095
1510718353,848292949
1510718353,726322861
1510718353,132577455
1510718353,14235503
1510718353,246018008
1510718353,494830380
1510718353,364534938
1510718353,1709864132
1510718353,517571435
1510718353,439463212
1510718353,330378124
1510718353,460163041
1510718353,935056812
1510718353,2811462840
1510718353,2645325126
1510718353,34423857
1510718353,87711816
1510718353,94081671
1510718353,123109597
1510718353,151106990
1510718353,16451028
1510718353,36048614
1510718353,17163446
1510718353,148517828
1510718353,104277809
1510718353,515838635
1510718353,46003622
1510718353,164263382
1510718353,850713475
1510718353,92263845
1510718353,5120691
1510718353,25531164
1510718353,169963553
1510718353,25390350
1510718353,384923143
1510718353,70235774
1510718353,20357820
1510718353,331893639
1510718353,2825993232
1510718353,948552829
1510718353,175096065
1510718353,522451281
1510718353,1615685677
1510718353,177736182
1510718353,166739404
1510718353,39007862
1510718353,37486158
1510718353,19541556
1510718353,1436080232
1510718353,2190755568
1510718353,146204811
1510718353,402770265
1510718353,277192369
1510718353,19415798
1510718353,158679118
1510718353,2765098928
1510718353,761840618
1510718353,206717989
1510718353,71294756
1510718353,856010760
1510718353,17137628
1510718353,20596281
1510718353,69181624
1510718353,21111483
1510718353,277747585
1510718353,25048530
1510718353,51845375
1510718353,38151754
1510718353,81134232
1510718353,164630559
1510718353,34985699
1510718353,467625483
1510718353,259348780
1510718353,1994321
1510718353,415555178
1510718353,175072012
1510718353,54311364
1510718353,2359926157
1510718353,16635362
1510718353,1242580045
1510718353,15173291
1510718353,116763916
1510718353,472079320
1510718353,91418741
1510718353,314564645
1510718353,1019825430
1510718353,815824752
1510718353,2334732225
1510718353,55670459
1510718353,405040709
1510718353,144830278
1510718353,1909144490
1510718353,2365672292
1510718353,2393961596
1510718353,69231187
1510718353,17839398
1510718353,976219230
1510718353,1227104120
1510718353,553825052
1510718353,247350322
1510718353,443031042
1510718353,1444029422
1510718353,21100803
1510718353,14353202
1510718353,14511951
1510718353,1330457336
1510718353,61731614
1510718353,376775023
1510718353,30313925
1510718353,20226248
1510718353,510499013
1510718353,23585685
1510718353,14361155
1510718353,16153562
1510718353,116729780
1510718353,19869732
1510718353,255827932
1510718353,14811485
1510718353,1480749782
1510718353,939181530
1510718353,23263743
1510718353,545454535
1510718353,80669530
1510718353,88846611
1510718353,17654763
1510718353,87463106
1510718353,1334595600
1510718353,430705225
1510718353,957320341
1510718353,59486068
1510718353,113583713
1510718353,460252310
1510718353,1674277502
1510718353,425114052
1510718353,1615463502
1510718353,1689316512
1510718353,62442994
1510718353,376819013
1510718353,1390017163
1510718353,21492030
1510718353,17311493
1510718353,567272864
1510718353,196994616
1510718353,388555493
1510718353,1339835893
1510718353,1707321486
1510718353,180415006
1510718353,26223484
1510718353,53095311
1510718353,108631068
1510718353,11316572
1510718353,17469492
1510718353,373010630
1510718353,1222483976
1510718353,60743126
1510718353,488354822
1510718353,303756308
1510718353,439056004
1510718353,123754656
1510718353,17672825
1510718353,20667204
1510718353,32323724
1510718353,23484039
1510718353,34713362
1510718353,2561091
1510718353,17675072
1510718353,485027222
1510718353,19674502
1510718353,19590009
1510718353,418609418
1510718353,20884910
1510718353,80803819
1510718353,45542386
1510718353,18549724
1510718353,813286
1510718353,759251
1510718353,21223877
1510718353,15066760
1510718353,31115134
1510718353,5988062
1510718353,26792275
1510718353,15458694
1510718353,43317911
1510718353,21114659
1510718353,21332200
1510718353,17965523
1510718353,18949452
1510718353,742143
1510718353,1877831
1510718353,38630618
1510718353,428333
1510718353,17990493
1510718353,17006157
1510718353,4970411
1510718353,20770862
1510718353,9624742
1510718353,525509924
1510718353,47814419
1510718353,32357365
1510718353,290971505
1510718353,19287037
1510718353,17624543
1510718353,47101500
1510718353,14401607
1510718353,86135637
1510718353,65354167
1510718353,22759754
1510718353,47288381
1510718353,316901024
1510718353,607946179
1510718353,284703881
1510718353,531225089
1510718353,109523018
1510718353,17344272
1510718353,430752604
1510718353,221471703
1510718353,365088244
1510718353,25981952
1510718353,21195865
1510718353,19921389
1510718353,22904901
1510718353,14746456
1510718353,771383605
1510718353,612767192
1510718353,494257742
1510718353,130442063
1510718353,24744541
1510718353,5402612
1510718353,217422465
1510718353,18213483
1510718353,14700316
1510718353,125995973
1510718353,807095
1510718353,586625152
1510718353,78869862
