1516844593,2350583700
1516844593,2301274694
1516844593,477020497
1516844593,1277206357
1516844593,2615056009
1516844593,948552829
1516844593,2537713124
1516844593,1167554012
1516844593,1281187602
1516844593,4704505282
1516844593,174339596
1516844593,73350229
1516844593,914600838
1516844593,1439531532
1516844593,4122722961
1516844593,343327901
1516844593,94456609
1516844593,3001979242
1516844593,2885014492
1516844593,168033508
1516844593,545598529
1516844593,1283597983
1516844593,64975450
1516844593,1148209903
1516844593,206634263
1516844593,546192699
1516844593,4119160593
1516844593,1402845487
1516844593,33498017
1516844593,2310362749
1516844593,1541554483
1516844593,2157004088
1516844593,2857051729
1516844593,2975337455
1516844593,2814705599
1516844593,702541567
1516844593,180731328
1516844593,3000166318
1516844593,3770712075
1516844593,545036484
1516844593,2436752112
1516844593,3495570335
1516844593,224223563
1516844593,3532576815
1516844593,460386348
1516844593,220389772
1516844593,1561963537
1516844593,309591896
1516844593,3297901879
1516844593,84108759
1516844593,266601231
1516844593,463619824
1516844593,603884167
1516844593,1459764907
1516844593,270294865
1516844593,44898619
1516844593,2312527981
1516844593,301308940
1516844593,16080129
1516844593,1275332653
1516844593,1270068241
1516844593,3091376321
1516844593,268470229
1516844593,301458256
1516844593,11904592
1516844593,1118908476
1516844593,304646709
1516844593,419008875
1516844593,102095809
1516844593,26330200
1516844593,2885616191
1516844593,341657886
1516844593,945778428
1516844593,158487331
1516844593,2290335583
1516844593,14436317
1516844593,1728306902
1516844593,3139771833
1516844593,1356645037
1516844593,1012161284
1516844593,120620613
1516844593,1111444609
1516844593,1598625684
1516844593,205258531
1516844593,921437701
1516844593,2841164391
1516844593,2371774700
1516844593,250789059
1516844593,244696732
1516844593,2547917395
1516844593,2971461028
1516844593,106631345
1516844593,3014309945
1516844593,3003071753
1516844593,20909329
1516844593,1138924070
1516844593,2548222950
1516844593,69124342
1516844593,267343145
1516844593,2727522892
1516844593,573400510
1516844593,1674978139
1516844593,1572425550
1516844593,327495778
1516844593,2888382844
1516844593,159201683
1516844593,587324926
1516844593,250859381
1516844593,124690469
1516844593,2974706602
1516844593,553049411
1516844593,2964693177
1516844593,455875065
1516844593,3009822369
1516844593,258356662
1516844593,2808080594
1516844593,266641960
1516844593,8077212
1516844593,503240852
1516844593,1308157880
1516844593,955466101
1516844593,2530925702
1516844593,569530309
1516844593,432894790
1516844593,1949941501
1516844593,2830130933
1516844593,1407325321
1516844593,2352039481
1516844593,301388743
1516844593,1976773766
1516844593,141649044
1516844593,1128848408
1516844593,301680886
1516844593,2192974257
1516844593,1947334334
1516844593,418974343
1516844593,199650395
1516844593,1545788990
1516844593,2831390103
1516844593,1218833520
1516844593,2863073843
1516844593,715579207
1516844593,111308982
1516844593,2858910921
1516844593,295111271
1516844593,305159698
1516844593,1073228234
1516844593,557072610
1516844593,128375004
1516844593,2785193837
1516844593,238751672
1516844593,1494100669
1516844593,209472738
1516844593,991380758
1516844593,386964179
1516844593,1465305956
1516844593,1528612118
1516844593,2249438515
1516844593,372812630
1516844593,203357480
1516844593,77792947
1516844593,2218550779
1516844593,2380058643
1516844593,796170523
1516844593,2709640310
1516844593,488710727
1516844593,473941556
1516844593,90978052
1516844593,2258864049
1516844593,1573296535
1516844593,703908920
1516844593,158342368
1516844593,461323152
1516844593,2441454078
1516844593,598382932
1516844593,128039926
1516844593,262389559
1516844593,317760195
1516844593,2461037207
1516844593,745522578
1516844593,2150231376
1516844593,369472943
1516844593,534120948
1516844593,2518280258
1516844593,2580757946
1516844593,784574954
1516844593,25555639
1516844593,482389606
1516844593,609848749
1516844593,15648827
1516844593,290674266
1516844593,2495032879
1516844593,2520075217
1516844593,2617868469
1516844593,2623450865
1516844593,2506187932
1516844593,2469076109
1516844593,213205164
1516844593,297698315
1516844593,325799830
1516844593,235234497
1516844593,2223453895
1516844593,955655491
1516844593,612676389
1516844593,399680822
1516844593,307879207
1516844593,2354486324
1516844593,101586725
1516844593,2528189708
1516844593,2288138575
1516844593,1854093978
1516844593,930473504
1516844593,510089959
1516844593,1191830412
1516844593,225887277
1516844593,233916847
1516844593,2438317962
1516844593,1000724150
1516844593,167604665
1516844593,266743073
1516844593,2407012104
1516844593,782298660
1516844593,628742328
1516844593,2382784929
1516844593,182330628
1516844593,112764971
1516844593,50982086
1516844593,541697427
1516844593,1457706348
1516844593,13426312
1516844593,1063580893
1516844593,587466829
1516844593,1318191372
1516844593,971659286
1516844593,1332794407
1516844593,569259563
1516844593,533107906
1516844593,211374036
1516844593,74042781
1516844593,437681996
1516844593,253127353
1516844593,219984083
1516844593,16808626
1516844593,238577495
1516844593,1435861814
1516844593,96951800
1516844593,90836187
