151851819,138805922
151851819,26576457
151851819,2786490839
151851819,225065716
151851819,2790326771
151851819,53332353
151851819,728962178
151851819,46857408
151851819,389878705
151851819,17062028
151851819,33040475
151851819,2675567020
151851819,386782622
151851819,232855418
151851819,17534649
151851819,382185785
151851819,17778709
151851819,300373252
151851819,300105351
151851819,302147653
151851819,180505807
151851819,16029780
151851819,11155602
151851819,138042003
151851819,20582958
151851819,38625677
151851819,19719076
151851819,20329672
151851819,19904685
151851819,10340482
151851819,4012161
151851819,1189043576
151851819,198801334
151851819,183690096
151851819,338791665
151851819,419344685
151851819,4077671
151851819,51136224
151851819,70939654
151851819,9329202
151851819,81803127
151851819,47862165
151851819,633485518
151851819,14207996
151851819,2891016098
151851819,311534515
151851819,413234849
151851819,405030961
151851819,2954017775
151851819,1949495336
151851819,829929312
151851819,3047759655
151851819,3209203498
151851819,948552829
151851819,37168276
151851819,19472578
151851819,386382657
151851819,1662057727
151851819,126966022
151851819,258386116
151851819,2707681759
151851819,749348659
151851819,243798637
151851819,807907748
151851819,341115145
151851819,14992885
151851819,454509384
151851819,19503869
151851819,259823635
151851819,2315981094
151851819,2899780294
151851819,153677665
151851819,281684300
151851819,17566680
151851819,738961856
151851819,387719837
151851819,3021504317
151851819,792079501
151851819,183679427
151851819,14712293
151851819,2316231589
151851819,1545169400
151851819,22560138
151851819,231551897
151851819,67723732
151851819,170307063
151851819,2601927390
151851819,18002860
151851819,572470115
151851819,93275922
151851819,123693152
151851819,75558007
151851819,198501333
151851819,492392209
151851819,895887420
151851819,436172910
151851819,188117938
151851819,348116552
151851819,17097590
151851819,1292904582
151851819,137708849
151851819,175779720
151851819,467797578
151851819,62399709
151851819,20607184
151851819,194001739
151851819,125087649
151851819,1444649024
151851819,837856136
151851819,753392791
151851819,377049591
151851819,1135830314
151851819,1517780833
151851819,231610984
151851819,274077627
151851819,294332197
151851819,121645894
151851819,2198905602
151851819,2361839720
151851819,20113223
151851819,2438599644
151851819,342599531
151851819,139592608
151851819,881020382
151851819,143912566
151851819,1016163534
151851819,934076544
151851819,125841294
151851819,183995556
151851819,284623324
151851819,598559437
151851819,294506892
151851819,1050814326
151851819,374993560
151851819,85311388
151851819,20977655
151851819,1956312918
151851819,1040178745
151851819,2530130347
151851819,20863582
151851819,2190409692
151851819,141387468
151851819,169254140
151851819,790121510
151851819,122465797
151851819,177399935
151851819,875825094
151851819,1354811461
151851819,43359735
151851819,2353465381
151851819,798291756
151851819,205145741
151851819,2395076569
151851819,252754464
151851819,53761951
151851819,138047015
151851819,2567727090
151851819,1577573629
151851819,351550017
151851819,419393244
151851819,2160734684
151851819,154084869
151851819,912889693
151851819,2437080841
151851819,80690254
151851819,565572915
151851819,633950769
151851819,2362487898
151851819,242511903
151851819,1015522872
151851819,1227197294
151851819,925749470
151851819,282919637
151851819,391523353
151851819,1045553442
151851819,2242799131
151851819,51723640
151851819,18027161
151851819,15616466
151851819,389372384
151851819,1712203466
151851819,319279664
151851819,3014482421
151851819,2799722296
151851819,704899010
151851819,866590512
151851819,349691265
151851819,121583431
151851819,2870334671
151851819,276116320
151851819,17275689
151851819,537691830
151851819,20871345
151851819,284843270
151851819,79272029
151851819,830976829
151851819,145464509
151851819,223290735
151851819,31896992
151851819,110106731
151851819,1874612030
151851819,2288089446
151851819,2350383938
151851819,163454510
151851819,279321862
151851819,138096750
151851819,1260663620
151851819,198037395
151851819,258069730
151851819,2624622810
151851819,555333361
151851819,1952074885
151851819,323905471
151851819,34400417
151851819,950761692
151851819,1960694750
151851819,394368962
151851819,224438427
151851819,18388217
151851819,2972402674
151851819,380648579
151851819,372893125
151851819,19612753
151851819,49930897
151851819,19602035
151851819,301302786
151851819,188744348
151851819,368760126
151851819,378613675
151851819,13393052
151851819,19955763
151851819,29407140
151851819,50909090
151851819,414507530
151851819,40758652
151851819,379131295
151851819,343799878
151851819,380546146
151851819,380545564
151851819,380034414
151851819,292690707
151851819,223307973
151851819,381619954
151851819,381349520
151851819,381367928
151851819,381674071
151851819,381328603
151851819,381682505
151851819,381614643
151851819,381891583
151851819,380024623
151851819,383607151
151851819,383817593
151851819,380151165
151851819,384324846
151851819,382838928
151851819,384897608
151851819,384614874
151851819,382941308
151851819,384169222
151851819,385028095
151851819,383598438
151851819,384987696
151851819,385207417
151851819,385180229
151851819,385631638
151851819,385984921
151851819,384114962
151851819,386156529
151851819,384448849
151851819,386483403
151851819,382810889
151851819,385143954
151851819,381939609
151851819,386592622
151851819,386287710
151851819,386136696
151851819,21708032
151851819,387863432
151851819,393745256
151851819,387828007
151851819,385239482
151851819,394053298
151851819,383641606
151851819,384418929
151851819,392395650
151851819,395387105
151851819,385100084
151851819,385744607
151851819,396990724
151851819,395356924
151851819,394123460
151851819,48355785
151851819,396936460
151851819,397630787
151851819,397738167
151851819,396572804
151851819,391217515
151851819,395836614
151851819,384781231
151851819,388081187
151851819,395553070
151851819,398558514
151851819,393039357
151851819,389072771
151851819,384964277
151851819,398255712
151851819,386523073
151851819,392874623
151851819,388699660
151851819,387387384
151851819,384266044
151851819,399887293
151851819,381739408
151851819,390309880
151851819,383944933
151851819,390099292
151851819,395006887
151851819,392545860
151851819,386651532
151851819,383832878
151851819,389600582
151851819,389296556
151851819,391006645
151851819,389318915
151851819,385329053
151851819,399756498
151851819,396945121
151851819,394803123
151851819,384462312
151851819,401805519
151851819,383756048
151851819,401787914
151851819,396327544
151851819,259227982
151851819,397646977
151851819,390159702
151851819,395630585
151851819,391899216
151851819,398798169
151851819,392941793
151851819,387669848
151851819,383717414
151851819,400751806
151851819,397241547
151851819,399944847
151851819,387952600
151851819,392394646
151851819,393681731
151851819,385851407
151851819,16662687
151851819,387259463
151851819,401257107
151851819,402282098
151851819,403900273
151851819,400274218
151851819,403767464
151851819,403234885
151851819,399616747
151851819,384682379
151851819,408998182
151851819,386109542
151851819,382978758
151851819,386097541
151851819,385150140
151851819,8606612
151851819,414868396
151851819,380778711
151851819,35206283
151851819,38336708
151851819,14815420
151851819,9973512
151851819,16498923
151851819,21622619
151851819,19891675
151851819,48704922
151851819,15529670
151851819,28370071
151851819,19652551
151851819,20424235
151851819,17046577
151851819,41617592
151851819,44219524
151851819,15208351
151851819,19315635
151851819,20014937
151851819,30411962
151851819,57389437
151851819,87063616
151851819,17793878
151851819,104578311
151851819,108823022
151851819,111216929
151851819,118605790
151851819,250583968
151851819,14706560
151851819,49663841
151851819,225684687
151851819,209944791
151851819,234535697
151851819,146297323
151851819,348196315
151851819,386203387
151851819,385673973
151851819,16893491
151851819,89599540
151851819,32309773
151851819,8757362
151851819,17676713
151851819,413560202
151851819,409662494
151851819,391797991
151851819,413285493
151851819,412047147
151851819,413401361
151851819,380714855
151851819,383461981
151851819,385995650
151851819,385552596
151851819,385262262
151851819,21341870
151851819,379323662
151851819,16470129
151851819,16076032
151851819,38516217
151851819,385353837
151851819,15173291
151851819,375805708
151851819,124234862
151851819,823905
151851819,382442573
151851819,209834944
151851819,14101418
151851819,756628
151851819,17168459
151851819,76786614
151851819,21942112
151851819,72200278
151851819,16710833
151851819,21838811
151851819,15908253
151851819,101335247
151851819,89339378
151851819,11131522
151851819,84400158
151851819,29819266
151851819,103689446
151851819,9118502
151851819,15817434
151851819,93953966
151851819,69286214
151851819,82898734
151851819,92116839
151851819,28672750
151851819,90944882
151851819,19841902
151851819,17731430
151851819,42327829
151851819,29650127
151851819,16385139
151851819,115886327
151851819,107852591
151851819,16710908
151851819,66410797
151851819,23839835
151851819,19120837
151851819,17933517
151851819,82255477
151851819,14884161
151851819,19985189
151851819,28237955
151851819,17156000
151851819,73505143
151851819,79045833
151851819,38617835
151851819,90298560
151851819,18791520
151851819,85211520
151851819,60425408
151851819,67206895
151851819,74962228
151851819,21718571
151851819,16547450
151851819,145753059
151851819,46339623
151851819,77786209
151851819,8772422
151851819,35569018
151851819,95662722
151851819,81008908
151851819,19324427
151851819,69097128
151851819,42127026
151851819,17418804
151851819,83605374
151851819,24434337
151851819,49315148
151851819,182946272
151851819,16701317
151851819,186532393
151851819,32576058
151851819,6721522
151851819,248765957
151851819,134474432
151851819,19826122
151851819,70896034
151851819,73411833
151851819,168212640
151851819,18026435
151851819,156347193
151851819,41126618
151851819,82214973
151851819,49441621
151851819,18510860
151851819,50282498
151851819,18195997
151851819,63216199
151851819,329974940
151851819,319094876
151851819,316420083
151851819,307522175
151851819,140139638
151851819,14730443
151851819,358379515
151851819,345196945
151851819,382742944
151851819,381315857
151851819,219646406
151851819,384438627
151851819,379377782
151851819,381882560
151851819,27288119
151851819,383558254
151851819,379994604
151851819,381619230
151851819,381852921
151851819,380019637
151851819,378717164
151851819,380561921
151851819,380885436
151851819,359518856
151851819,9067962
151851819,133449031
151851819,41415550
151851819,44551030
151851819,382241249
151851819,347331518
151851819,379850247
151851819,402100819
151851819,381376785
151851819,382998789
151851819,382060519
151851819,382464914
151851819,384128760
151851819,385255678
151851819,388253995
151851819,384572060
151851819,386461137
151851819,82656516
151851819,156013735
151851819,92267891
151851819,83559512
151851819,158414847
151851819,95860369
151851819,247872733
151851819,16094355
151851819,19621607
151851819,346756557
151851819,25946632
151851819,83638901
151851819,14124673
151851819,18643437
151851819,38206876
151851819,41196457
151851819,104695425
151851819,246944222
151851819,40165121
151851819,27969992
151851819,55355654
151851819,19405367
151851819,48196686
151851819,20311818
151851819,14749383
151851819,100598423
151851819,4620451
151851819,14395119
151851819,15067830
151851819,381675276
151851819,380112883
151851819,381900540
151851819,382468227
151851819,383558512
151851819,381043666
151851819,383473364
151851819,14954006
151851819,9456442
151851819,75079616
151851819,2459371
151851819,68639853
151851819,176982668
151851819,15723290
151851819,209780362
151851819,362012484
151851819,100731315
151851819,144691152
151851819,345301111
151851819,116679270
151851819,370147805
151851819,64229967
151851819,351364324
151851819,32837797
151851819,364893067
151851819,2649991
151851819,31812497
151851819,14341194
151851819,390384801
151851819,17572296
151851819,21339204
151851819,300383
151851819,269916429
151851819,48799978
151851819,11695602
151851819,20038221
151851819,14758257
151851819,14178795
151851819,380386081
151851819,28165335
151851819,259178731
151851819,188809568
151851819,5988062
151851819,379037915
151851819,381307020
151851819,118861192
151851819,21648020
151851819,378869947
151851819,21138477
151851819,19391470
151851819,378391549
151851819,365902529
151851819,54728418
151851819,169530968
151851819,247578467
151851819,224079521
151851819,323521646
151851819,95687078
151851819,312755256
151851819,24116580
151851819,343934622
151851819,380160016
151851819,380733736
151851819,379246522
151851819,357297859
151851819,381621715
151851819,379481082
151851819,275293426
151851819,380924583
151851819,382024311
151851819,231250733
151851819,381878371
151851819,382727734
151851819,381851558
151851819,383429855
151851819,381536393
151851819,382297071
151851819,384081470
151851819,382942684
151851819,385225503
151851819,383605361
151851819,385139403
151851819,385770615
151851819,386097960
151851819,384441153
151851819,385075993
151851819,114828876
151851819,382026391
151851819,386713648
151851819,382311371
151851819,379926908
151851819,380440302
151851819,384395689
151851819,383745850
151851819,382722472
151851819,386424543
151851819,387105451
151851819,380200629
151851819,383792527
151851819,380455286
151851819,383023946
151851819,382441834
151851819,383676240
151851819,380981168
151851819,136884095
151851819,385841976
151851819,387703751
151851819,375941635
151851819,381698223
151851819,383867884
151851819,387629501
151851819,385233065
151851819,387840870
151851819,380002203
151851819,387913142
151851819,387491462
151851819,386579819
151851819,386618770
151851819,387899532
151851819,385404467
151851819,388860827
151851819,388025206
151851819,384027016
151851819,386699338
151851819,378855846
151851819,381949060
151851819,382340048
151851819,383593934
151851819,388638251
151851819,385147725
151851819,386848383
151851819,285137726
151851819,389032125
151851819,380607631
151851819,389340009
151851819,389365147
151851819,384677298
151851819,384163882
151851819,388728852
151851819,385579186
151851819,386654365
151851819,383859204
151851819,94368502
151851819,383998120
151851819,389083301
151851819,41424159
151851819,376497964
151851819,386979673
151851819,384740510
151851819,386186375
151851819,391099219
151851819,385336844
151851819,385774226
151851819,389262395
151851819,381184924
151851819,384489507
151851819,391273815
151851819,388638249
151851819,385592966
151851819,171537922
151851819,390827036
151851819,390382418
151851819,392233215
151851819,392151110
151851819,389240606
151851819,388965390
151851819,392549566
151851819,393106132
151851819,380709078
151851819,390033421
151851819,199494760
151851819,393484348
151851819,392351509
151851819,392219074
151851819,393629978
151851819,392464110
151851819,323817277
151851819,392363816
151851819,383565384
151851819,390218327
151851819,383824802
151851819,385638635
151851819,384161038
151851819,245141901
151851819,394965042
151851819,394989639
151851819,389586543
151851819,386960244
151851819,388470644
151851819,382239094
151851819,394238159
151851819,385230272
151851819,393055010
151851819,376109186
151851819,393141049
151851819,380222303
151851819,394966310
151851819,394962139
151851819,394969362
151851819,377071661
151851819,381384580
151851819,379856695
151851819,121425154
151851819,19019970
151851819,19342492
151851819,26347653
151851819,188266169
151851819,6385432
151851819,250466938
151851819,326489988
151851819,241282959
151851819,274298606
151851819,331443314
151851819,321021119
151851819,21668133
151851819,292560291
151851819,18957407
151851819,365824009
151851819,14780915
151851819,227720229
151851819,226394227
151851819,381583858
151851819,381643928
151851819,380484587
151851819,383800212
151851819,312899735
151851819,378938407
151851819,378750821
151851819,379993394
151851819,165712711
151851819,301914124
151851819,334794508
151851819,317050590
151851819,272012442
151851819,379412542
151851819,383506859
151851819,379065429
151851819,379864330
151851819,303164339
151851819,379540069
151851819,37714822
151851819,380241707
151851819,303852336
151851819,380409830
151851819,314630960
151851819,189376144
151851819,53406497
151851819,377097322
151851819,380618487
151851819,356547453
151851819,133463809
151851819,378415750
151851819,386512642
151851819,381940946
151851819,382266972
151851819,378728875
151851819,318365183
151851819,382883808
151851819,301717082
151851819,382980585
151851819,380061064
151851819,385671257
151851819,379885122
151851819,384090861
151851819,381047204
151851819,380804845
151851819,380463256
151851819,384936340
151851819,326332631
151851819,318536454
151851819,245396070
151851819,95633575
151851819,380072608
151851819,25458668
151851819,380550773
151851819,375366749
151851819,381678416
151851819,379690677
151851819,381268219
151851819,379614285
151851819,198323067
151851819,382010902
151851819,380759102
151851819,382231341
151851819,379019688
151851819,381728241
151851819,384486141
151851819,382198266
151851819,384629987
151851819,384099340
151851819,383585321
151851819,383071230
151851819,382995309
151851819,382696215
151851819,382893635
151851819,382576845
151851819,382570573
151851819,383264596
151851819,382415645
151851819,382143099
151851819,382015906
151851819,382394345
151851819,366262200
151851819,294131075
151851819,381745349
151851819,384662685
151851819,376791981
151851819,382871173
151851819,381159954
151851819,382487924
151851819,381968286
151851819,382201998
151851819,14957147
151851819,385238590
151851819,385136193
151851819,384949368
151851819,384449008
151851819,382369056
151851819,24718372
151851819,386699094
151851819,30150276
151851819,127997189
151851819,25065207
151851819,105041607
151851819,17757642
151851819,27737053
151851819,50367908
151851819,15639642
151851819,7215512
151851819,9653432
151851819,46969537
151851819,93142555
151851819,97994396
151851819,203676335
151851819,109641722
151851819,73695791
151851819,208058457
151851819,383493940
151851819,379936422
151851819,377725125
151851819,363360444
151851819,17383707
151851819,303436625
151851819,378463392
151851819,139195301
151851819,47430824
151851819,107209989
151851819,383411768
151851819,624413
151851819,156066307
151851819,122715461
151851819,84149896
151851819,65915515
151851819,58261480
151851819,383136675
151851819,383172776
151851819,225235528
151851819,368140106
151851819,378686035
151851819,378419352
151851819,378454469
151851819,14927297
151851819,340329096
151851819,24729040
151851819,358474095
151851819,378707542
151851819,378382981
151851819,379204407
151851819,378546078
151851819,14173084
151851819,14513611
151851819,380186246
151851819,278883036
151851819,380228147
151851819,380407298
151851819,377913439
151851819,378163685
151851819,380006161
151851819,380501378
151851819,378850213
151851819,379778017
151851819,378522669
151851819,379440902
151851819,319200513
151851819,380987810
151851819,380697409
151851819,378784519
151851819,382082669
151851819,382117059
151851819,380009003
151851819,378977056
151851819,381262341
151851819,51480241
151851819,47027780
151851819,127239004
151851819,384065854
151851819,380539788
151851819,380296773
151851819,34530891
151851819,356603264
151851819,352169821
151851819,1019951
151851819,377011275
151851819,377451160
151851819,14980091
151851819,147849382
151851819,377266690
151851819,352223275
151851819,377220892
151851819,45018828
151851819,309064268
151851819,91169393
151851819,39299241
151851819,369991155
151851819,377837520
151851819,16042794
151851819,114452371
151851819,352445450
151851819,3819701
151851819,21237045
151851819,54683017
151851819,127511629
151851819,158044902
151851819,335472524
151851819,243793691
151851819,278848970
151851819,241056520
151851819,130157278
151851819,65322179
151851819,83593936
151851819,177179008
151851819,34982466
151851819,42586014
151851819,17451702
151851819,277998390
151851819,233763289
151851819,218482621
151851819,228468456
151851819,18498684
151851819,93295809
151851819,18664838
151851819,225184043
151851819,147115383
151851819,240003849
151851819,244352458
151851819,48778278
151851819,277544513
151851819,279390084
151851819,310102651
151851819,335972576
151851819,13858872
151851819,13133252
151851819,288481652
151851819,308757074
151851819,15503210
151851819,16909904
151851819,72688325
151851819,17710206
151851819,68440549
151851819,15383497
151851819,64391491
151851819,254144174
151851819,76598564
151851819,252256028
151851819,69546677
151851819,14962441
151851819,48138419
151851819,119190802
151851819,16869719
151851819,64257256
151851819,66445462
151851819,36687908
151851819,69545227
151851819,15081340
151851819,46756867
151851819,201431781
151851819,15226612
151851819,191282454
151851819,33148747
151851819,21126840
151851819,186673620
151851819,19556126
151851819,197608624
151851819,63716380
151851819,51775918
151851819,221263983
151851819,37147987
151851819,21113105
151851819,301124797
151851819,301804417
151851819,302030065
151851819,301135264
151851819,5518042
151851819,141266003
151851819,17164974
151851819,26250547
151851819,15918815
151851819,84838078
151851819,224671209
151851819,43119158
151851819,143959720
151851819,21401331
151851819,47524452
151851819,155792265
151851819,203104511
151851819,30502115
151851819,28608099
151851819,225445834
151851819,367640979
151851819,35787985
151851819,253020963
151851819,34262462
151851819,221754622
151851819,282569007
151851819,31730367
151851819,133249760
151851819,15843059
151851819,28790071
151851819,204770276
151851819,269437629
151851819,318502838
151851819,21492030
151851819,15392221
151851819,85302575
151851819,27604942
151851819,20404273
151851819,67530102
151851819,58386898
151851819,59994728
151851819,19002481
151851819,19889294
151851819,102401577
151851819,169680131
151851819,300784203
151851819,293983039
151851819,316380889
151851819,37887047
151851819,23751864
151851819,26729931
151851819,259743006
151851819,74453123
151851819,107752492
151851819,264965924
151851819,45839562
151851819,19562712
151851819,20843014
151851819,157580978
151851819,63261171
151851819,57706523
151851819,218470302
151851819,25070893
151851819,33170260
151851819,198584761
151851819,15665394
151851819,277737890
151851819,224239516
151851819,275205865
151851819,262183944
151851819,118761212
151851819,94566436
151851819,14207824
151851819,25524832
151851819,18646236
151851819,71922638
151851819,20740074
151851819,20532031
151851819,14396986
151851819,21141462
151851819,21112266
151851819,20884910
151851819,13695112
151851819,19033555
151851819,18803751
151851819,19989787
151851819,17693232
151851819,18648562
151851819,112301438
151851819,26899126
151851819,18847920
151851819,20437573
151851819,18798877
151851819,55578503
151851819,20618678
151851819,49195175
151851819,11862072
151851819,19332953
151851819,17413907
151851819,14903044
151851819,15273523
151851819,17626165
151851819,47476545
151851819,141022749
151851819,20451618
151851819,1652541
151851819,206393099
151851819,11883132
151851819,35225144
151851819,81403166
151851819,17093617
151851819,17149381
151851819,22019885
151851819,55539184
151851819,335369838
151851819,320444430
151851819,334791167
151851819,22934558
151851819,123210338
151851819,273513557
151851819,65454115
151851819,35317431
151851819,121842586
151851819,52416605
151851819,67858217
151851819,59207132
151851819,139656484
151851819,18944456
151851819,335254933
151851819,82162004
151851819,104856368
151851819,10934352
151851819,258971864
151851819,271067527
151851819,306742746
151851819,85131627
151851819,8287442
151851819,80003
151851819,343897457
151851819,268546956
151851819,63705153
151851819,276225958
151851819,306141234
151851819,50619867
151851819,16160352
151851819,14147176
151851819,6324592
151851819,2898611
151851819,41287144
151851819,312262050
151851819,308800406
151851819,309344853
151851819,305657269
151851819,293506667
151851819,317224336
151851819,322305490
151851819,300485002
151851819,302188823
151851819,211627806
151851819,330502724
151851819,131599237
151851819,90415370
151851819,281987054
151851819,25405911
151851819,14241254
151851819,39054558
151851819,82068261
151851819,19827707
151851819,335815442
151851819,62239381
151851819,20756241
151851819,282625827
151851819,84427144
151851819,104134033
151851819,14516141
151851819,52741407
151851819,14270254
151851819,170713179
151851819,68978681
151851819,223237824
151851819,2142731
151851819,258756731
151851819,302733179
151851819,296140607
151851819,300004808
151851819,295036846
151851819,11542582
151851819,21199855
151851819,6801772
151851819,122729604
151851819,150634768
151851819,87250016
151851819,112134350
151851819,90725961
151851819,52752773
151851819,24870470
151851819,110403389
151851819,83701499
151851819,104219645
151851819,161284927
151851819,164591989
151851819,257677310
151851819,276584810
151851819,298177034
151851819,21849140
151851819,284513148
151851819,307564172
151851819,224971847
151851819,292294135
151851819,306933295
151851819,300769924
151851819,315381003
151851819,304138156
151851819,325738387
151851819,132768677
151851819,19811190
151851819,259683390
151851819,244893364
151851819,164752095
151851819,307228314
151851819,15439395
151851819,29470302
151851819,307252425
151851819,197962366
151851819,299897336
151851819,300374432
151851819,301184150
151851819,302367778
151851819,56447221
151851819,302502282
151851819,301096788
151851819,301402623
151851819,301381206
151851819,244547413
151851819,281798145
151851819,75249183
151851819,90813976
151851819,155958692
151851819,167860942
151851819,154532994
151851819,55568037
151851819,207650884
151851819,19878288
151851819,47931174
151851819,38609371
151851819,31090827
151851819,257151066
151851819,267355099
151851819,301410225
151851819,269838205
151851819,278017278
151851819,7183962
151851819,263466153
151851819,211235703
151851819,300313414
151851819,66162948
151851819,36770136
151851819,300985236
151851819,299416334
151851819,201286563
151851819,252566306
151851819,37883400
151851819,20657128
151851819,252877003
151851819,159827281
151851819,186921528
151851819,38267947
151851819,6070762
151851819,31189743
151851819,18865282
151851819,279094322
151851819,268495194
151851819,246750309
151851819,113059751
151851819,103461688
151851819,23567622
151851819,273925280
151851819,16484797
151851819,109065990
151851819,30261067
151851819,19062153
151851819,155952299
151851819,27428084
151851819,10230
151851819,6633812
151851819,20374262
151851819,18418338
151851819,32891404
151851819,39923155
151851819,61375366
151851819,10321222
151851819,14427603
151851819,22627874
151851819,56081005
151851819,252602098
151851819,89441010
151851819,156658404
151851819,12784732
151851819,132540713
151851819,29212999
151851819,106494754
151851819,19365633
151851819,22071730
151851819,19906791
151851819,52066460
151851819,171283600
151851819,254861422
151851819,192457321
151851819,16069002
151851819,248716567
151851819,256757864
151851819,17624543
151851819,117810351
151851819,17325090
151851819,253857592
151851819,147494771
151851819,66650114
151851819,71498154
151851819,2097571
151851819,14953077
151851819,171276528
151851819,181199293
151851819,13862172
151851819,122448174
151851819,101677248
151851819,24924400
151851819,48166344
151851819,14485018
151851819,88576822
151851819,2553151
151851819,18711404
151851819,18865289
151851819,50374439
151851819,40198892
151851819,5740092
151851819,18891555
151851819,19409079
151851819,128636277
151851819,238843898
151851819,14700316
151851819,64643056
151851819,17113430
151851819,20719191
151851819,252175656
151851819,78506639
151851819,32212920
151851819,115754870
151851819,93191667
151851819,4995881
151851819,245696038
151851819,253486971
151851819,252853870
151851819,7489012
151851819,238956608
151851819,38447898
151851819,24265090
151851819,244827095
151851819,253632605
151851819,9624742
151851819,2168011
151851819,21675256
151851819,23606073
151851819,196479219
151851819,24337157
151851819,47742585
151851819,14746456
151851819,19186180
151851819,21510894
151851819,20583613
151851819,22425307
151851819,56149037
151851819,15155662
151851819,63576169
151851819,253243393
151851819,252740191
151851819,251506769
151851819,61151216
151851819,199125370
151851819,239947536
151851819,238911107
151851819,248516060
151851819,70302344
151851819,21589783
151851819,24670390
151851819,222696716
151851819,196941086
151851819,15155640
151851819,18424289
151851819,15880642
151851819,253359158
151851819,238845761
151851819,253353521
151851819,251973330
151851819,239152755
151851819,9567972
151851819,32027422
151851819,57523832
151851819,15224867
151851819,254138326
151851819,253877138
151851819,252746102
151851819,254770205
151851819,216324164
151851819,96104822
151851819,5108161
151851819,1921671
151851819,225663702
151851819,70658420
151851819,20923305
151851819,12609292
151851819,19341389
151851819,23477836
151851819,14079122
151851819,14723002
151851819,17993621
151851819,224424715
151851819,19024453
151851819,34076997
151851819,19024850
151851819,18000022
151851819,190705200
151851819,1170101
151851819,18344173
151851819,92546663
151851819,16171953
151851819,14334532
151851819,40283581
151851819,154045477
151851819,224257403
151851819,42750334
151851819,139568724
151851819,43515026
151851819,16122373
151851819,26729864
151851819,141667589
151851819,131574396
151851819,68768482
151851819,49650715
151851819,131137515
151851819,19270523
151851819,44577798
151851819,246635722
151851819,3419141
151851819,18165740
151851819,20530938
151851819,19605981
151851819,18331782
151851819,16926249
151851819,23588075
151851819,16795445
151851819,24797315
151851819,119360445
151851819,16078644
151851819,17410657
151851819,21192419
151851819,38164805
151851819,28412340
151851819,94081671
151851819,34271853
151851819,120125871
151851819,89785537
151851819,22613704
151851819,223838621
151851819,227878325
151851819,14090321
151851819,30062207
151851819,75332609
151851819,7109022
151851819,85539440
151851819,31428652
151851819,23011527
151851819,15896379
151851819,123856230
151851819,30050899
151851819,788524
151851819,19621599
151851819,21195592
151851819,21385327
151851819,49955267
151851819,52378617
151851819,90454117
151851819,16479161
151851819,16119842
151851819,20613843
151851819,16281912
151851819,32232269
151851819,230527949
151851819,230833585
151851819,225141341
151851819,99335960
151851819,6375322
151851819,18549385
151851819,23079148
151851819,44783062
151851819,19597783
151851819,38410768
151851819,45597535
151851819,26566469
151851819,16367286
151851819,18851248
151851819,19515246
151851819,14275129
151851819,87818409
151851819,52815944
151851819,5402612
151851819,7400702
151851819,45013575
151851819,25333609
151851819,242049585
151851819,8161232
151851819,302683
151851819,13451922
151851819,114140255
151851819,39993351
151851819,16379264
151851819,8086202
151851819,60669118
151851819,5490392
151851819,51241574
151851819,71294756
151851819,11316572
151851819,24136198
151851819,46744791
151851819,18164272
151851819,18929690
151851819,24593728
151851819,83590349
151851819,428333
151851819,8719302
151851819,10117892
151851819,21181478
151851819,16079569
151851819,15509529
151851819,173696575
151851819,50134116
151851819,42101624
151851819,106419598
151851819,228816686
151851819,220878524
151851819,72457333
151851819,215451652
151851819,190763294
151851819,115036626
151851819,72407584
151851819,73344602
151851819,224758059
151851819,17969805
151851819,10380732
151851819,34423857
151851819,17637572
151851819,236574643
151851819,60916506
151851819,2279401
151851819,76580641
151851819,1075
151851819,16591728
151851819,115476363
151851819,94672253
151851819,45908423
151851819,20508973
151851819,19488569
151851819,73618980
151851819,18186509
151851819,66517768
151851819,216799227
151851819,15942016
151851819,24879483
151851819,18650093
151851819,14292458
151851819,16935292
151851819,84937365
151851819,23991863
151851819,30917862
151851819,14296273
151851819,20304502
151851819,15950681
151851819,231570562
151851819,22716777
151851819,15584605
151851819,35726000
151851819,26276346
151851819,229788403
151851819,47348084
151851819,135709068
151851819,128637475
151851819,4774881
151851819,6508552
151851819,83515182
151851819,23023236
151851819,16041234
151851819,14606079
151851819,16589206
151851819,122229206
151851819,20845323
151851819,223990573
151851819,94819499
151851819,74198943
151851819,176810342
151851819,18047313
151851819,77286146
151851819,41339478
151851819,37263014
151851819,61193412
151851819,178397085
151851819,24350982
151851819,40587400
151851819,22824228
151851819,18135386
151851819,46803606
151851819,17481015
151851819,115520092
151851819,2425151
151851819,24967668
151851819,14596530
151851819,36447741
151851819,100876980
151851819,147602648
151851819,90868883
151851819,192510454
151851819,14106476
151851819,21093606
151851819,48528914
151851819,128035939
151851819,134215134
151851819,122157274
151851819,83100538
151851819,120837850
151851819,134812481
151851819,180206137
151851819,22802398
151851819,132974295
151851819,163900040
151851819,197509449
151851819,138492248
151851819,122503016
151851819,126752842
151851819,119388215
151851819,46607995
151851819,17362917
151851819,41344678
151851819,98415234
151851819,134469062
151851819,23586077
151851819,23135573
151851819,24859059
151851819,16111825
151851819,59870057
151851819,192879205
151851819,196827335
151851819,82593325
151851819,62527273
151851819,74470394
151851819,192462297
151851819,152429521
151851819,180286901
151851819,198538627
151851819,186604230
151851819,150922126
151851819,42217987
151851819,17487884
151851819,46026799
151851819,55928951
151851819,187822366
151851819,19255050
151851819,19790810
151851819,187549325
151851819,186078836
151851819,186546801
151851819,183803287
151851819,197475271
151851819,196429126
151851819,42439690
151851819,190980500
151851819,90535608
151851819,67438499
151851819,59429122
151851819,75298969
151851819,37588212
151851819,156169171
151851819,153987201
151851819,117569600
151851819,17502089
151851819,59652451
151851819,74231930
151851819,17376893
151851819,165776055
151851819,19604764
151851819,46714280
151851819,25177831
151851819,65305830
151851819,22993801
151851819,192962906
151851819,188947372
151851819,39422821
151851819,138755736
151851819,19388605
151851819,24066719
151851819,44624625
151851819,21833728
151851819,111964902
151851819,83212892
151851819,17220636
151851819,9890492
151851819,194398917
151851819,22455296
151851819,136879221
151851819,52393488
151851819,100141729
151851819,98432133
151851819,20479813
151851819,152397330
151851819,21525216
151851819,65064406
151851819,24019308
151851819,27823571
151851819,18486045
151851819,16339870
151851819,9284252
151851819,62714992
151851819,38757660
151851819,111951799
151851819,89969720
151851819,166787332
151851819,31135856
151851819,28494520
151851819,75668156
151851819,32477374
151851819,127323988
151851819,39319668
151851819,82890073
151851819,15659248
151851819,19956399
151851819,29910281
151851819,49459986
151851819,83570696
151851819,35514886
151851819,117971977
151851819,155919841
151851819,54652659
151851819,165415377
151851819,101297831
151851819,20507919
151851819,706323
151851819,11819792
151851819,48424015
151851819,150411914
151851819,23190207
151851819,15637965
151851819,14761795
151851819,11348282
151851819,23034673
151851819,15207101
151851819,39770351
151851819,791635
151851819,87495739
151851819,17386562
151851819,33697077
151851819,180891781
151851819,17450452
151851819,791911
151851819,35447863
151851819,28886311
151851819,18656830
151851819,67066499
151851819,28462767
151851819,136288573
151851819,37193501
151851819,156823525
151851819,13058232
151851819,12925072
151851819,27098767
151851819,89152739
151851819,14544571
151851819,17907509
151851819,55253127
151851819,104587869
151851819,48150931
151851819,82412928
151851819,19974666
151851819,74720965
151851819,14680596
151851819,17336784
151851819,167244408
151851819,53459104
151851819,17509045
151851819,21494365
151851819,67258990
151851819,55326534
151851819,17929306
151851819,46686058
151851819,46748074
151851819,60725965
151851819,34136154
151851819,62876999
151851819,22657914
151851819,131386885
151851819,89626056
151851819,20831583
151851819,20187758
151851819,54630705
151851819,38918276
151851819,152451782
151851819,50572306
151851819,49519258
151851819,88720410
151851819,183002383
151851819,20473808
151851819,69012106
151851819,33519870
151851819,21991769
151851819,15527577
151851819,87383875
151851819,15161102
151851819,17220934
151851819,15652468
151851819,73945821
151851819,19530437
151851819,107307374
151851819,111429640
151851819,59025555
151851819,138737516
151851819,174604481
151851819,46427741
151851819,43347078
151851819,46627824
151851819,17655568
151851819,70812944
151851819,25503709
151851819,30041546
151851819,23263743
151851819,18904973
151851819,117001860
151851819,14634720
151851819,4008771
151851819,16644278
151851819,30547095
151851819,14281466
151851819,25429682
151851819,18942298
151851819,130248006
151851819,15689590
151851819,20950239
151851819,118005627
151851819,113502159
151851819,73398465
151851819,5360012
151851819,14333754
151851819,64462470
151851819,15907720
151851819,34910961
151851819,54511750
151851819,77219470
151851819,53067415
151851819,151395664
151851819,47350606
151851819,18307793
151851819,18820955
151851819,4970411
151851819,16959340
151851819,59379757
151851819,29499561
151851819,116994659
151851819,14967552
151851819,9033762
151851819,7725
151851819,58540270
151851819,14456474
151851819,18000919
151851819,18632045
151851819,18279794
151851819,17697300
151851819,24483626
151851819,76369192
151851819,15143478
151851819,14247139
151851819,12728272
151851819,36855678
151851819,148843460
151851819,24798779
151851819,10228272
151851819,136401087
151851819,147265053
151851819,14455712
151851819,19583388
151851819,816653
151851819,46545961
151851819,21116626
151851819,128347731
151851819,39628842
151851819,35548898
151851819,5526292
151851819,14803701
151851819,145170473
151851819,142758297
151851819,34733652
151851819,22253303
151851819,67108610
151851819,127339214
151851819,123915127
151851819,66240260
151851819,76749927
151851819,21453216
151851819,74947012
151851819,125440293
151851819,85259796
151851819,15066760
151851819,17173775
151851819,15208246
151851819,20536157
151851819,10350
151851819,20460235
151851819,3459051
151851819,13201312
151851819,17044207
151851819,16153562
151851819,17471979
151851819,23519852
151851819,813286
151851819,15492359
151851819,93957809
151851819,783214
