1566411426,16723213
1566411426,2225334668
1566411426,2857928806
1566411426,16955870
1566411426,485637676
1566411426,18393196
1566411426,89477148
1566411426,17089636
1566411426,340476666
1566411426,15249166
1566411426,111557141
1566411426,30915622
1566411426,1562177648
1566411426,2361873631
1566411426,56564230
1566411426,18949452
1566411426,102700680
1566411426,1282121312
1566411426,816653
1566411426,5971922
1566411426,126674016
1566411426,10810102
1566411426,155844883
1566411426,16343974
1566411426,134610558
1566411426,52488565
1566411426,560340567
1566411426,10454572
1566411426,6981492
1566411426,217530555
1566411426,2174267708
1566411426,2159245760
1566411426,43554342
1566411426,18122496
1566411426,40545889
1566411426,370589204
1566411426,50769684
1566411426,17099921
1566411426,951678589
1566411426,28049003
1566411426,71646627
1566411426,203560532
1566411426,147058877
1566411426,1611697987
1566411426,15136522
1566411426,762597577
1566411426,56566321
1566411426,768679872
1566411426,173984192
1566411426,94825622
1566411426,578198979
1566411426,16752757
1566411426,9172102
1566411426,68433711
1566411426,2699834545
1566411426,91442128
1566411426,259771124
1566411426,2997475979
1566411426,3392774613
1566411426,127920420
1566411426,44534909
1566411426,2705236788
1566411426,159179244
1566411426,48777623
1566411426,277716318
1566411426,101471017
1566411426,56782360
1566411426,135627418
1566411426,38154205
1566411426,446246330
1566411426,39721543
1566411426,18985501
1566411426,63269862
1566411426,2597576840
1566411426,232986907
1566411426,3367584611
1566411426,2282898774
1566411426,52409092
1566411426,82140807
1566411426,1359431822
1566411426,15862891
1566411426,227620673
1566411426,526478126
1566411426,1367112637
1566411426,3073795223
1566411426,280090596
1566411426,772149001
1566411426,14890756
1566411426,603146498
1566411426,17682537
1566411426,47789220
1566411426,19811190
1566411426,595524255
1566411426,21703544
1566411426,1963312058
1566411426,17006157
1566411426,381214787
1566411426,63082578
1566411426,393548694
1566411426,501968170
1566411426,17018765
1566411426,3291691
1566411426,27212264
1566411426,40713876
1566411426,27047369
1566411426,2558484630
1566411426,25562002
1566411426,1652541
1566411426,78400205
1566411426,458966079
1566411426,126042283
1566411426,19654724
1566411426,2292454922
1566411426,2462189112
1566411426,948552829
1566411426,196994616
1566411426,217626503
1566411426,1247425225
1566411426,846207865
1566411426,14677919
1566411426,989
1566411426,48388985
1566411426,3034814919
1566411426,15664281
1566411426,2514243032
1566411426,386585750
1566411426,16076032
1566411426,386420847
1566411426,56331789
1566411426,65045121
1566411426,23753711
1566411426,1365971
1566411426,14149971
1566411426,27531762
1566411426,122792963
1566411426,45447020
1566411426,14194620
1566411426,2825439584
1566411426,157265223
1566411426,713666696
1566411426,634011027
1566411426,8493302
1566411426,381583235
1566411426,2815701638
1566411426,28081047
1566411426,20449367
1566411426,87920683
1566411426,295202264
1566411426,3135480897
1566411426,213380154
1566411426,61030910
1566411426,3215541084
1566411426,6754052
1566411426,31030273
1566411426,16777774
1566411426,11268482
1566411426,46576649
1566411426,55100008
1566411426,84134067
1566411426,1694040764
1566411426,17004618
1566411426,44408141
1566411426,14349894
1566411426,21626432
1566411426,9342312
1566411426,25058787
1566411426,56707992
1566411426,2468828556
1566411426,1250111466
1566411426,204822449
1566411426,371017223
1566411426,1039531
1566411426,58504135
1566411426,219233615
1566411426,20096223
1566411426,195324503
1566411426,630706192
1566411426,4970411
1566411426,42415997
1566411426,1870998606
1566411426,15377946
1566411426,18917769
1566411426,56662071
1566411426,45467698
1566411426,150633655
1566411426,140286867
1566411426,268443387
1566411426,275065851
1566411426,126170694
1566411426,1563588649
1566411426,334063845
1566411426,290999229
1566411426,124690469
1566411426,73760208
1566411426,126410054
1566411426,1468048220
1566411426,162349471
1566411426,45409867
1566411426,2363506767
1566411426,104210701
1566411426,91863617
1566411426,262191637
1566411426,354279444
1566411426,947601090
1566411426,348006242
1566411426,200618652
1566411426,2743198574
1566411426,90963197
1566411426,170121552
1566411426,72421754
1566411426,41660842
1566411426,131536498
1566411426,39546264
1566411426,16892481
1566411426,34672243
1566411426,139859134
1566411426,159551047
1566411426,31483090
1566411426,269751522
1566411426,718656198
1566411426,54619276
1566411426,98976495
1566411426,170254080
1566411426,237457123
1566411426,59796814
1566411426,27158364
1566411426,14698489
1566411426,2173280120
1566411426,43564999
1566411426,214503504
1566411426,48394931
1566411426,19466856
1566411426,10198822
1566411426,2869973397
1566411426,597499972
1566411426,53827116
1566411426,2152651
1566411426,377821433
1566411426,564601367
1566411426,308065135
1566411426,130557513
1566411426,187356243
1566411426,1194265992
1566411426,15859984
1566411426,28605392
1566411426,2845185553
1566411426,2885289877
1566411426,31173497
1566411426,49762925
1566411426,158342368
1566411426,15349721
1566411426,354095556
1566411426,210889606
1566411426,319000682
1566411426,14909191
1566411426,238847633
1566411426,2419290031
1566411426,15189870
1566411426,111466358
1566411426,510328105
1566411426,17455865
1566411426,2608648182
1566411426,137720152
1566411426,288755234
1566411426,67873788
1566411426,57290867
1566411426,296515429
1566411426,1617603914
1566411426,596203049
1566411426,89719774
1566411426,93361828
1566411426,617656628
1566411426,154962891
1566411426,52883022
1566411426,36761331
1566411426,47336791
1566411426,17895558
1566411426,2288138575
1566411426,22951441
1566411426,32144146
1566411426,73763394
1566411426,2827406488
1566411426,68180551
1566411426,15964102
1566411426,24285082
1566411426,139156922
1566411426,14702105
1566411426,46466027
1566411426,242389080
1566411426,47495939
1566411426,151635190
1566411426,407345942
1566411426,25704704
1566411426,85611444
1566411426,118938881
1566411426,57044549
1566411426,51885263
1566411426,184799851
1566411426,45870897
1566411426,74836878
1566411426,22491678
1566411426,37316870
1566411426,87403662
1566411426,42802941
1566411426,234398308
1566411426,50412082
1566411426,1202130601
1566411426,2788003297
1566411426,16922486
1566411426,36096958
1566411426,107430967
1566411426,389448453
1566411426,112525438
1566411426,2307205771
1566411426,332290048
1566411426,67906135
1566411426,52883026
1566411426,166143203
1566411426,380956211
1566411426,236786367
1566411426,153318410
1566411426,199317536
1566411426,44706837
1566411426,29473552
1566411426,16991109
1566411426,147633912
1566411426,43717592
1566411426,57495210
1566411426,131508484
1566411426,700689212
1566411426,60783724
1566411426,48356556
1566411426,105891771
1566411426,16941327
1566411426,90275200
1566411426,397351278
1566411426,45554898
1566411426,85318529
1566411426,16372635
1566411426,10914572
1566411426,35867385
1566411426,175521254
1566411426,386476099
1566411426,571988150
1566411426,2573966918
1566411426,2274635522
1566411426,90147134
1566411426,569921322
1566411426,112474129
1566411426,268630665
1566411426,85293890
1566411426,44449830
1566411426,18562125
1566411426,30331417
1566411426,2353486418
1566411426,22974854
1566411426,124206521
1566411426,109263459
1566411426,455669701
1566411426,770057
1566411426,18026609
1566411426,351000707
1566411426,15557246
1566411426,1630849633
1566411426,2558110421
1566411426,2149973089
1566411426,180540061
1566411426,121738611
1566411426,238557730
1566411426,112543044
1566411426,138803729
1566411426,64257256
1566411426,14971572
1566411426,42417582
1566411426,198584761
1566411426,934399189
1566411426,2184876041
1566411426,1329298158
1566411426,2438407770
1566411426,24993000
1566411426,53008944
1566411426,169993414
1566411426,23128095
1566411426,122175039
1566411426,50125494
1566411426,2174537102
1566411426,68424621
1566411426,29719911
1566411426,15214573
1566411426,2416646792
1566411426,92333693
1566411426,2196991368
1566411426,17631203
1566411426,191852684
1566411426,6756822
1566411426,211511990
1566411426,243318995
1566411426,17138110
1566411426,16949344
1566411426,2367512199
1566411426,63016008
1566411426,1040157330
1566411426,122454595
1566411426,48071620
1566411426,18071473
1566411426,21516944
1566411426,140887581
1566411426,252710934
1566411426,1577969400
1566411426,14795451
1566411426,1640024238
1566411426,435260935
1566411426,134298815
1566411426,27238485
1566411426,53939086
1566411426,119457859
1566411426,82665694
1566411426,2368242392
1566411426,52259653
1566411426,8352352
1566411426,1519199366
1566411426,15023475
1566411426,252078606
1566411426,2360247360
1566411426,209520514
1566411426,125616993
1566411426,449974691
1566411426,388736253
1566411426,41123392
1566411426,14416869
1566411426,431650480
1566411426,114718372
1566411426,10196452
1566411426,1451876610
1566411426,68767947
1566411426,57665732
1566411426,2194614697
1566411426,68440549
1566411426,14754376
1566411426,319675272
1566411426,324396529
1566411426,29427144
1566411426,1580711167
1566411426,554720674
1566411426,19387828
1566411426,108607180
1566411426,246196874
1566411426,559798530
1566411426,160723031
1566411426,26318018
1566411426,17871562
1566411426,2280696494
1566411426,274676051
1566411426,921759169
1566411426,540721019
1566411426,80820758
1566411426,294613911
1566411426,17216503
1566411426,85657389
1566411426,852483272
1566411426,17001490
1566411426,2283196046
1566411426,52815944
1566411426,835494236
1566411426,19039126
1566411426,111073483
1566411426,204439588
1566411426,255471924
1566411426,70644870
1566411426,64643056
1566411426,349816997
1566411426,50656855
1566411426,18025377
1566411426,37390030
1566411426,83605374
1566411426,365947568
1566411426,973987704
1566411426,266345747
1566411426,109002790
1566411426,242154581
1566411426,17322666
1566411426,39483072
1566411426,378520938
1566411426,14125476
1566411426,905387540
1566411426,17951382
1566411426,14436317
1566411426,57771039
1566411426,249345275
1566411426,223622176
1566411426,56487453
1566411426,334085451
1566411426,492390755
1566411426,29010710
1566411426,245343379
1566411426,497815260
1566411426,1137528390
1566411426,2291393227
1566411426,36687908
1566411426,53789862
1566411426,71427267
1566411426,376905895
1566411426,84944278
1566411426,980818891
1566411426,82521777
1566411426,27288119
1566411426,15518054
1566411426,163924021
1566411426,586102874
1566411426,16632084
1566411426,36210597
1566411426,306932184
1566411426,36823059
1566411426,1938658021
1566411426,47862165
1566411426,18601589
1566411426,63252159
1566411426,161279587
1566411426,278067602
1566411426,71341707
1566411426,37202911
1566411426,2223788700
1566411426,946905968
1566411426,51735588
1566411426,25535996
1566411426,1583333905
1566411426,1304888814
1566411426,254671490
1566411426,16589206
1566411426,1540034828
1566411426,202169299
1566411426,1163619438
1566411426,238174236
1566411426,568554456
1566411426,45293000
1566411426,106296137
1566411426,140810916
1566411426,357152982
1566411426,74230066
1566411426,1090794266
1566411426,41565803
1566411426,51328274
