1578354325,372812630
1578354325,292186883
1578354325,231306638
1578354325,72224015
1578354325,4113059722
1578354325,553077776
1578354325,22160201
1578354325,135638665
1578354325,936885403
1578354325,1178700896
1578354325,13499622
1578354325,97634297
1578354325,3748663636
1578354325,2329010197
1578354325,16929349
1578354325,3590651422
1578354325,3365803143
1578354325,76230888
1578354325,435750195
1578354325,2515583556
1578354325,324971370
1578354325,38728395
1578354325,292042471
1578354325,3285667268
1578354325,9157102
1578354325,3675060975
1578354325,3809882308
1578354325,2916305152
1578354325,932754692
1578354325,19407306
1578354325,19351707
1578354325,207360595
1578354325,201166347
1578354325,18346636
1578354325,310071377
1578354325,36018674
1578354325,335780690
1578354325,26254456
1578354325,39707634
1578354325,119728721
1578354325,33980215
1578354325,39376074
1578354325,531567902
1578354325,1395580662
1578354325,11904592
1578354325,285386469
1578354325,354972158
1578354325,3452361333
1578354325,3346389057
1578354325,2321121594
1578354325,2217868646
1578354325,18604117
1578354325,91903736
1578354325,216569483
1578354325,63583652
1578354325,1360674458
1578354325,118046102
1578354325,1222616827
1578354325,15994601
1578354325,14707666
1578354325,245706515
1578354325,108136605
1578354325,13049362
1578354325,6580122
1578354325,3128087469
1578354325,42492514
1578354325,200293513
1578354325,58519139
1578354325,244723075
1578354325,48787628
1578354325,1676027179
1578354325,41992038
1578354325,18699923
1578354325,106637102
1578354325,27930135
1578354325,24977474
1578354325,177454783
1578354325,253167239
1578354325,15469000
1578354325,123248458
1578354325,1513855592
1578354325,19898829
1578354325,177615725
1578354325,17791204
1578354325,39727062
1578354325,98976495
1578354325,373792665
1578354325,265715142
1578354325,246301575
1578354325,2157132122
1578354325,112028832
1578354325,2496874674
1578354325,1421845969
1578354325,95951964
1578354325,2831420384
1578354325,85160629
1578354325,180317412
1578354325,301317810
1578354325,33304274
1578354325,14089195
1578354325,512546424
1578354325,2153956568
1578354325,53121567
1578354325,3142075631
1578354325,37501003
1578354325,21716139
1578354325,21942676
1578354325,205301689
1578354325,253782007
1578354325,2944787406
1578354325,19129719
1578354325,486860163
1578354325,14955620
1578354325,2438733998
1578354325,1439598847
1578354325,9127922
1578354325,74841675
1578354325,24099041
1578354325,2427663498
1578354325,1523831630
1578354325,2288617242
1578354325,2566904870
1578354325,2347646468
1578354325,55091156
1578354325,110509537
1578354325,321776291
1578354325,987637980
1578354325,1223901055
1578354325,257017445
1578354325,287634761
1578354325,342736286
1578354325,3199964753
1578354325,2818557823
1578354325,3316495198
1578354325,1427627245
1578354325,3252283458
1578354325,600640278
1578354325,2830782828
1578354325,22681680
1578354325,20973750
1578354325,17839398
1578354325,3019961223
1578354325,2478742087
1578354325,248195532
1578354325,7239422
1578354325,1489691
1578354325,1599502412
1578354325,86640232
1578354325,199766003
1578354325,303249407
1578354325,34570753
1578354325,331803536
1578354325,223856150
1578354325,1009165855
1578354325,1477941582
1578354325,2566535282
1578354325,32036992
1578354325,14514703
1578354325,408102371
1578354325,19224439
1578354325,59486068
1578354325,1605874532
1578354325,273956196
1578354325,74159604
1578354325,1541790210
1578354325,399361634
1578354325,1223600953
1578354325,525509924
1578354325,240664803
1578354325,28657802
1578354325,105235530
1578354325,2308445042
1578354325,1725985022
1578354325,3197697225
1578354325,14275129
1578354325,7157292
1578354325,215707523
1578354325,169426475
1578354325,206717989
1578354325,36329597
1578354325,157981564
1578354325,217616314
1578354325,125995973
1578354325,15947602
1578354325,19673700
1578354325,3459051
1578354325,16153562
1578354325,56723973
1578354325,21303235
1578354325,14499829
1578354325,18213483
1578354325,69231187
1578354325,14700316
1578354325,11348282
1578354325,488860875
1578354325,32525096
1578354325,21914810
1578354325,19811190
1578354325,1960825746
1578354325,88118454
1578354325,216776631
1578354325,14199378
1578354325,16568227
1578354325,19686204
1578354325,245469967
1578354325,14991920
1578354325,19412366
1578354325,21108916
1578354325,38681183
1578354325,22061737
1578354325,67691067
1578354325,1094829409
1578354325,235936133
1578354325,2346704239
1578354325,1635570602
1578354325,272396760
1578354325,949341888
1578354325,17137628
1578354325,217422465
1578354325,20582958
1578354325,1227104120
1578354325,278020492
1578354325,467625483
1578354325,146793059
1578354325,25555639
1578354325,948552829
1578354325,182404196
1578354325,80820758
1578354325,2537896518
1578354325,121385551
1578354325,22366636
1578354325,227273338
1578354325,3091376321
1578354325,146974766
1578354325,323306871
1578354325,26538972
1578354325,1530012529
1578354325,69590100
1578354325,467505601
1578354325,195864514
1578354325,461920003
1578354325,46400289
1578354325,1140640176
1578354325,2762725567
1578354325,63184330
1578354325,325642640
1578354325,23395204
1578354325,20710330
1578354325,42714344
1578354325,609113469
1578354325,2586172081
1578354325,181626394
1578354325,239946851
1578354325,2787504830
1578354325,199173399
1578354325,386021243
1578354325,463241494
1578354325,156005429
1578354325,2566355915
1578354325,2369954558
1578354325,989003154
1578354325,29242192
1578354325,2838358228
1578354325,619468301
1578354325,53518563
1578354325,2932605346
1578354325,1525752132
1578354325,1630896181
1578354325,2912945062
1578354325,2315888899
1578354325,84597767
1578354325,399949065
1578354325,564851190
1578354325,36918785
1578354325,399514037
1578354325,3248427069
1578354325,1536791610
1578354325,707655223
1578354325,3083556646
1578354325,96211098
1578354325,235149066
1578354325,102095809
1578354325,99625216
1578354325,110326494
1578354325,50621225
1578354325,156291821
1578354325,90572210
1578354325,198618575
1578354325,2292454922
1578354325,415985101
1578354325,3339207527
1578354325,3185738107
1578354325,47234082
1578354325,14749818
1578354325,3021682595
1578354325,336336582
1578354325,412762633
1578354325,3132568320
1578354325,34349003
1578354325,10090902
1578354325,62607221
1578354325,214195022
1578354325,273613748
1578354325,371659582
1578354325,108670198
1578354325,60995534
1578354325,91929201
1578354325,510791122
1578354325,2444370223
1578354325,15212315
1578354325,73134348
1578354325,27516174
1578354325,2516599999
1578354325,107190796
1578354325,178376306
1578354325,2300107730
1578354325,50134116
1578354325,298549189
1578354325,482389606
1578354325,218992297
1578354325,789462536
1578354325,392199690
1578354325,124690469
1578354325,818249312
1578354325,4280871
1578354325,205479079
1578354325,596893898
1578354325,43682591
1578354325,91521785
1578354325,2578756100
1578354325,3001012973
1578354325,1471893511
1578354325,9624742
1578354325,73181712
1578354325,14361155
1578354325,161279587
1578354325,477904492
1578354325,3061871582
1578354325,41152287
1578354325,20339143
1578354325,19676893
1578354325,32166256
1578354325,1394898739
1578354325,284135763
1578354325,13779472
1578354325,115502860
1578354325,913447502
1578354325,488077387
1578354325,2308059823
1578354325,110571807
1578354325,21553442
1578354325,628502737
1578354325,33524445
1578354325,1613352300
1578354325,17560195
1578354325,16353994
1578354325,80815034
1578354325,18014805
1578354325,17599655
1578354325,32012825
1578354325,21307750
1578354325,32347743
1578354325,75338174
1578354325,320691712
1578354325,624897703
1578354325,1544788183
1578354325,82689705
1578354325,1419865447
1578354325,512339437
1578354325,882989904
1578354325,3014431916
1578354325,18637730
1578354325,30134228
1578354325,976213328
1578354325,30051289
1578354325,41406567
1578354325,2548179426
1578354325,901108766
1578354325,1031441605
1578354325,2815033988
1578354325,308789438
1578354325,2958508169
1578354325,25235500
1578354325,2336971710
1578354325,1919860843
1578354325,84461823
1578354325,54450794
1578354325,3005713698
1578354325,221373280
1578354325,2342336029
1578354325,738288895
1578354325,22706835
1578354325,142712093
1578354325,22058884
1578354325,79738193
1578354325,20447037
1578354325,93735205
1578354325,19066345
1578354325,921974724
1578354325,18807671
1578354325,203105551
1578354325,76387070
1578354325,253798159
1578354325,589495073
1578354325,21126842
1578354325,199327139
1578354325,1623997220
1578354325,545056826
1578354325,26206020
1578354325,211475854
1578354325,69296910
1578354325,480513378
1578354325,18214541
1578354325,16426039
1578354325,151707452
1578354325,155987003
1578354325,285532049
1578354325,717489351
1578354325,470837237
1578354325,93963821
1578354325,1222689073
1578354325,1908263497
1578354325,2927190770
1578354325,537854053
1578354325,410218943
1578354325,62303696
1578354325,561722062
1578354325,158145014
1578354325,95703081
1578354325,509203663
1578354325,2513461250
1578354325,2296443391
1578354325,17669332
1578354325,335245708
1578354325,17772404
1578354325,9595682
1578354325,6855602
1578354325,2284066573
1578354325,231948251
1578354325,22549560
1578354325,541195449
1578354325,246025255
1578354325,2238276848
1578354325,2522618753
1578354325,1069060597
1578354325,89802469
1578354325,548773433
1578354325,3020581
1578354325,1269918116
1578354325,283088591
1578354325,370110943
1578354325,28506024
1578354325,15022212
1578354325,312153203
1578354325,201863891
1578354325,776360834
1578354325,1158109002
1578354325,288335374
1578354325,34990326
1578354325,2891267326
1578354325,1240209476
1578354325,786618270
1578354325,60624338
1578354325,950552557
1578354325,545882226
1578354325,95064459
1578354325,1909073868
1578354325,204530081
1578354325,218858750
1578354325,1141262396
1578354325,2236413235
1578354325,52056366
1578354325,14800270
1578354325,14681579
1578354325,53801260
1578354325,420552115
1578354325,119492755
1578354325,29524628
1578354325,2878628135
1578354325,19817778
1578354325,141943563
1578354325,158342368
1578354325,2549586726
1578354325,2288138575
1578354325,36849498
1578354325,298584211
1578354325,82845447
1578354325,18773368
1578354325,19157601
1578354325,88239077
1578354325,428871330
1578354325,53605251
1578354325,2657568866
1578354325,397494908
1578354325,123038255
1578354325,154846741
1578354325,14650248
1578354325,17939037
1578354325,304242146
1578354325,102045229
1578354325,45375002
1578354325,2195401460
1578354325,14073364
1578354325,588239110
1578354325,322576198
1578354325,2425486483
1578354325,380858759
1578354325,43218978
1578354325,15722277
1578354325,2296149308
1578354325,121764862
1578354325,1695459816
1578354325,2809942587
1578354325,2366140458
1578354325,71256932
1578354325,22001973
1578354325,124087958
1578354325,429070997
1578354325,708348362
1578354325,305043634
1578354325,107124682
1578354325,2174543018
1578354325,2508473557
1578354325,707697565
1578354325,2527677463
1578354325,16686144
1578354325,16929600
1578354325,16929520
1578354325,2654149556
1578354325,2436605492
1578354325,14940354
1578354325,96815847
1578354325,69062210
1578354325,210668986
1578354325,2317351705
1578354325,201826742
1578354325,2535611094
1578354325,2601871531
1578354325,284002836
1578354325,109950738
1578354325,459573096
1578354325,2363506767
1578354325,367342562
1578354325,82156508
1578354325,18538894
1578354325,17769744
1578354325,117805892
1578354325,36761331
1578354325,1216842596
1578354325,763448233
1578354325,14075928
1578354325,16303106
1578354325,146140182
1578354325,190713771
1578354325,18621445
1578354325,19384995
1578354325,2278468590
1578354325,445782442
1578354325,15169565
1578354325,347338413
1578354325,299897336
1578354325,306932184
1578354325,1328735881
1578354325,39306271
1578354325,2444038028
1578354325,269871651
1578354325,39805005
1578354325,1912131469
1578354325,47952923
1578354325,2471063797
1578354325,82880631
1578354325,1630770589
1578354325,119914580
1578354325,156499904
1578354325,43365508
1578354325,439396991
1578354325,2571063955
1578354325,20548476
1578354325,2548499876
1578354325,2578754557
1578354325,1623181272
1578354325,18124625
1578354325,14863969
1578354325,616590918
1578354325,68507339
1578354325,426125648
1578354325,27586268
1578354325,12096202
1578354325,772177578
1578354325,17087208
1578354325,362093408
1578354325,126511890
1578354325,173996982
1578354325,1120702164
1578354325,156029314
1578354325,367565216
1578354325,16798876
1578354325,1416262446
1578354325,31030273
1578354325,42372086
1578354325,135691977
1578354325,1398324079
1578354325,253331508
1578354325,2428154512
1578354325,277020362
1578354325,2741451082
1578354325,54200427
1578354325,1285934558
1578354325,77183116
1578354325,1126584932
1578354325,2610879210
1578354325,2786278391
1578354325,132206112
1578354325,61469350
1578354325,16503596
1578354325,41166162
1578354325,182325533
1578354325,7417462
1578354325,28051892
1578354325,39857445
1578354325,151106990
1578354325,1198481
1578354325,605600353
1578354325,16808626
1578354325,57607992
1578354325,234328327
1578354325,534701222
1578354325,454097938
1578354325,17676539
1578354325,367041604
1578354325,9186442
1578354325,116966175
1578354325,495408749
1578354325,700595030
1578354325,61270808
1578354325,47115628
1578354325,6397742
1578354325,330047357
1578354325,571518016
1578354325,119729913
1578354325,119728496
1578354325,1717527690
1578354325,94121048
1578354325,18928144
1578354325,2285482363
1578354325,273096352
1578354325,40853674
1578354325,156868415
1578354325,2710617336
1578354325,21416927
1578354325,241303985
1578354325,824155087
1578354325,1276169215
1578354325,54597172
1578354325,52433761
1578354325,958910287
1578354325,22985149
1578354325,68998562
1578354325,1329409206
1578354325,22974854
1578354325,22353416
1578354325,43187274
1578354325,438021973
1578354325,123083487
1578354325,2195241
1578354325,399679253
1578354325,29031624
1578354325,37711336
1578354325,5940772
1578354325,23221329
1578354325,60599511
1578354325,73209953
1578354325,45856775
1578354325,48771921
1578354325,6644322
1578354325,88524736
1578354325,87753138
1578354325,90158326
1578354325,64801117
1578354325,43664690
1578354325,98430822
1578354325,17367982
1578354325,238226228
1578354325,201004160
1578354325,59208749
1578354325,210903446
1578354325,50769684
1578354325,443802369
1578354325,580158090
1578354325,609360961
1578354325,284495623
1578354325,878342012
1578354325,26307941
1578354325,1898566122
1578354325,534279670
1578354325,2191879418
1578354325,17018765
1578354325,1598068813
1578354325,450099787
1578354325,1917674971
1578354325,83876527
1578354325,2314464974
1578354325,729146216
1578354325,2720924331
1578354325,197561927
1578354325,19605981
1578354325,2732470305
1578354325,2613472531
1578354325,170254080
1578354325,2303477106
1578354325,2290252585
1578354325,2600345678
1578354325,974553308
1578354325,2360897307
1578354325,101895561
1578354325,2309447450
1578354325,55221728
1578354325,603688939
1578354325,272454677
1578354325,19277950
1578354325,372619025
1578354325,15370860
1578354325,15446126
1578354325,14694680
1578354325,16336998
1578354325,17462723
1578354325,1434251
1578354325,19661294
1578354325,52810109
1578354325,15164565
1578354325,16129920
1578354325,14293310
1578354325,9300262
1578354325,17968261
1578354325,15675814
1578354325,2555245992
1578354325,24357823
1578354325,2471343595
1578354325,1395849770
1578354325,456253373
1578354325,1448905602
1578354325,34300257
1578354325,1104774114
1578354325,1422497004
1578354325,235204765
1578354325,2339388570
1578354325,97643318
1578354325,188004162
1578354325,290650773
1578354325,213715805
1578354325,181233011
1578354325,11127012
1578354325,481655487
1578354325,35173389
1578354325,571202103
1578354325,2521636663
1578354325,395836614
1578354325,2594886978
1578354325,1836112668
1578354325,321964683
1578354325,16045268
1578354325,83002087
1578354325,1155834775
1578354325,20639175
1578354325,245513323
1578354325,1964037260
1578354325,109387470
1578354325,54851652
1578354325,248670810
1578354325,64054704
1578354325,1278123914
1578354325,531685674
1578354325,18676162
1578354325,16404772
1578354325,2174525810
1578354325,232589841
1578354325,20009944
1578354325,18252242
1578354325,371835425
1578354325,318321002
1578354325,1308423180
1578354325,31175214
1578354325,1726341870
1578354325,904492934
1578354325,904523874
1578354325,116978864
1578354325,9834362
1578354325,236356103
1578354325,593919531
1578354325,2491788450
1578354325,2541557634
1578354325,18765554
1578354325,52127481
1578354325,171980326
1578354325,733178377
1578354325,2584420134
1578354325,52796949
1578354325,1179708733
1578354325,292400254
1578354325,8038212
1578354325,2356420580
1578354325,102809134
1578354325,15460048
1578354325,23866949
1578354325,717313
1578354325,53438265
1578354325,29442313
1578354325,970207298
1578354325,80858285
1578354325,515838635
1578354325,121877446
1578354325,571072597
1578354325,211918976
1578354325,1633259659
1578354325,419572258
1578354325,1960908852
1578354325,2611650650
1578354325,23975060
1578354325,119184007
1578354325,153810216
1578354325,316389142
1578354325,872390989
1578354325,48981187
1578354325,185485915
1578354325,1345944889
1578354325,259215272
1578354325,1962761460
1578354325,12609292
1578354325,2497156471
1578354325,2359926157
1578354325,30313925
1578354325,117439544
1578354325,94018766
1578354325,43344357
1578354325,43216644
1578354325,2455051556
1578354325,2246309280
1578354325,116332567
1578354325,617219802
1578354325,204832963
1578354325,637011097
1578354325,2384129311
1578354325,2335978514
1578354325,36743910
1578354325,333046721
1578354325,308402178
1578354325,612282945
1578354325,19531769
1578354325,262103170
1578354325,522308403
1578354325,134395489
1578354325,1947301
1578354325,156995543
1578354325,58920564
1578354325,2463134065
1578354325,90836187
1578354325,178288103
1578354325,15097291
1578354325,359917594
1578354325,301012485
1578354325,2510323866
1578354325,621202575
1578354325,102735443
1578354325,755189887
1578354325,587316362
1578354325,229834622
1578354325,413415775
1578354325,26413051
1578354325,290156167
1578354325,335331533
1578354325,59587932
1578354325,30020518
1578354325,1675378549
1578354325,58431280
1578354325,863243492
1578354325,1633178948
1578354325,526175293
1578354325,41120320
1578354325,59508360
1578354325,1443702890
1578354325,2150042190
1578354325,283461270
1578354325,36218852
1578354325,52524786
1578354325,55078954
1578354325,1436809278
1578354325,47276890
1578354325,27533133
1578354325,260022048
1578354325,339543746
1578354325,234526708
1578354325,349061638
1578354325,986538936
1578354325,55659143
1578354325,20685061
1578354325,2317104522
1578354325,2456646444
1578354325,94758217
1578354325,179987764
1578354325,87726517
1578354325,1874501886
1578354325,197764197
1578354325,237825207
1578354325,47246492
1578354325,904137332
1578354325,401280337
1578354325,106288617
1578354325,1305750858
1578354325,2447821278
1578354325,1223820192
1578354325,7556722
1578354325,551448479
1578354325,130314799
1578354325,533122049
1578354325,283133146
1578354325,2479224200
1578354325,274954995
1578354325,1137766208
1578354325,2296743534
1578354325,163794654
1578354325,268476335
1578354325,11178902
1578354325,75839397
1578354325,189254823
1578354325,612761403
1578354325,1617970686
1578354325,621244821
1578354325,2409931818
1578354325,38625438
1578354325,440789230
1578354325,631207703
1578354325,635472780
1578354325,42801084
1578354325,148080685
1578354325,2259574580
1578354325,541105360
1578354325,223900471
1578354325,557915977
1578354325,2388220145
1578354325,94124814
1578354325,326834507
1578354325,136305687
1578354325,593524853
1578354325,553628421
1578354325,19983050
1578354325,186333281
1578354325,966600216
1578354325,142156370
1578354325,14577493
1578354325,350888901
1578354325,1377577717
1578354325,1446576960
1578354325,15836200
1578354325,186116263
1578354325,916063544
1578354325,582164437
1578354325,142378159
1578354325,956364650
1578354325,472499685
1578354325,19608297
1578354325,411747987
1578354325,274155282
1578354325,189488360
1578354325,19304974
1578354325,19664869
1578354325,483161207
1578354325,133248280
1578354325,336039624
1578354325,15304152
1578354325,773486695
1578354325,20682165
1578354325,31434063
1578354325,18074392
1578354325,47056417
1578354325,223941023
1578354325,1954046946
1578354325,951317816
1578354325,57440214
1578354325,813076333
1578354325,316213309
1578354325,583938358
1578354325,2350647732
1578354325,1891806212
1578354325,303150779
1578354325,7076492
1578354325,15367558
1578354325,36543496
1578354325,20607698
1578354325,289260670
1578354325,2329066872
1578354325,176906206
1578354325,102829920
1578354325,31928972
1578354325,1584043610
1578354325,14321959
1578354325,519912830
1578354325,6858242
1578354325,482599267
1578354325,126015422
1578354325,21919812
1578354325,188001904
1578354325,46770535
1578354325,203843920
1578354325,2261564666
1578354325,740841738
1578354325,1499958241
1578354325,54937138
1578354325,1014384037
1578354325,551673560
1578354325,14780915
1578354325,17636751
1578354325,17399168
1578354325,759920088
1578354325,574242426
1578354325,568247551
1578354325,33535429
1578354325,41814169
1578354325,34113439
1578354325,35658033
1578354325,558703789
1578354325,227408521
1578354325,126751301
1578354325,142713268
1578354325,631514887
1578354325,1695154602
1578354325,24172236
1578354325,150225993
1578354325,18805854
1578354325,202178786
1578354325,62378353
1578354325,240280762
1578354325,8428332
1578354325,5281191
1578354325,16661296
1578354325,13116
1578354325,15770684
1578354325,29724741
1578354325,54972010
1578354325,19619776
1578354325,39375192
1578354325,20674829
1578354325,590255933
1578354325,10447722
1578354325,17518626
1578354325,145697529
1578354325,16010685
1578354325,326359913
1578354325,60054156
1578354325,2243098508
1578354325,55823687
1578354325,485249299
1578354325,278152815
1578354325,145083962
1578354325,138372303
1578354325,627673190
1578354325,789605024
1578354325,2247571232
1578354325,521767423
1578354325,2250950612
1578354325,69545227
1578354325,373157754
1578354325,77302589
1578354325,41565803
1578354325,240582389
1578354325,401593074
1578354325,169465839
1578354325,475070554
1578354325,919626126
1578354325,86187162
1578354325,167037476
1578354325,47855309
1578354325,55445932
1578354325,275296188
1578354325,335972576
1578354325,335369838
1578354325,77451747
1578354325,48038366
1578354325,28510661
1578354325,19815593
1578354325,42596648
1578354325,22402924
1578354325,2217593979
1578354325,102700680
1578354325,28140646
1578354325,25390350
1578354325,27860681
1578354325,91478624
1578354325,20596281
1578354325,3108351
1578354325,27830610
1578354325,32359921
1578354325,33933259
1578354325,156651229
1578354325,788524
1578354325,14159148
1578354325,19834403
1578354325,612473
1578354325,2467791
1578354325,20646711
1578354325,505048458
1578354325,2226476132
1578354325,1945008697
1578354325,85325561
1578354325,144798844
1578354325,1465400509
1578354325,13962572
1578354325,1477507579
1578354325,209620668
1578354325,376905895
1578354325,107208078
1578354325,17578881
1578354325,45917268
1578354325,21346320
1578354325,66149692
1578354325,313526139
1578354325,301678970
1578354325,6323872
1578354325,57755131
1578354325,1633366392
1578354325,58849180
1578354325,1490376998
1578354325,30968032
1578354325,22058057
1578354325,49659772
1578354325,20715956
1578354325,126702658
1578354325,7348612
1578354325,5695032
1578354325,19259102
1578354325,19606528
1578354325,22708797
1578354325,39585367
1578354325,216424663
1578354325,372320592
1578354325,1159261807
1578354325,514653896
1578354325,1261087008
1578354325,325196695
1578354325,971884856
1578354325,795260294
1578354325,1958686436
1578354325,510566404
1578354325,17846546
1578354325,214222965
1578354325,381149705
1578354325,33860739
1578354325,278568329
1578354325,299608609
1578354325,543692335
1578354325,46701382
1578354325,28106969
1578354325,488611949
1578354325,1571270053
1578354325,1906103084
1578354325,742143
1578354325,6618962
1578354325,20493283
1578354325,25311070
1578354325,125470035
1578354325,115217405
1578354325,386010307
1578354325,5225991
1578354325,18393196
1578354325,506056111
1578354325,417051383
1578354325,280485301
1578354325,1808381
1578354325,456580201
1578354325,31109712
1578354325,1278207686
1578354325,109229440
1578354325,126625282
1578354325,465618018
1578354325,245755846
1578354325,210594036
1578354325,46107447
1578354325,82593060
1578354325,10735842
1578354325,497047417
1578354325,21145236
1578354325,249224928
1578354325,1170429314
1578354325,363450850
1578354325,301689952
1578354325,1588747111
1578354325,986206628
1578354325,1698876996
1578354325,92997757
1578354325,241218046
1578354325,46014119
1578354325,50013895
1578354325,111924917
1578354325,240554813
1578354325,534345822
1578354325,478216296
1578354325,50344152
1578354325,62889290
1578354325,169202379
1578354325,22034409
1578354325,26309215
1578354325,1680247788
1578354325,350411337
1578354325,78085696
1578354325,1252070760
1578354325,958981508
1578354325,110223237
1578354325,273922155
1578354325,39664874
1578354325,59945830
1578354325,19813399
1578354325,229184551
1578354325,92116090
1578354325,3893571
1578354325,174230583
1578354325,222736588
1578354325,5694822
1578354325,515553813
1578354325,550521377
1578354325,147643280
1578354325,40940905
1578354325,181722994
1578354325,224974595
1578354325,486246050
1578354325,562923663
1578354325,16517711
1578354325,21661279
1578354325,16071068
1578354325,5056521
1578354325,5056421
1578354325,102472853
1578354325,24674497
1578354325,14289603
1578354325,26874452
1578354325,166367047
1578354325,37319854
1578354325,14692379
1578354325,1344951
1578354325,21870570
1578354325,38454132
1578354325,169152646
1578354325,193661018
1578354325,187964609
1578354325,17623957
1578354325,9130882
1578354325,32137602
1578354325,4254301
1578354325,139941011
1578354325,18726289
1578354325,72552542
1578354325,17897601
1578354325,78647372
1578354325,177546846
1578354325,52422905
1578354325,17057271
1578354325,14677919
1578354325,7614292
1578354325,18771458
1578354325,29166694
1578354325,18188234
1578354325,52768955
1578354325,146689216
1578354325,13982132
1578354325,194234931
1578354325,50614203
1578354325,72835716
1578354325,24799500
1578354325,20782128
1578354325,15906950
1578354325,24706309
1578354325,189166166
1578354325,84567070
1578354325,199769434
1578354325,18130686
1578354325,21238039
1578354325,22660726
1578354325,29732908
1578354325,44803423
1578354325,151099524
1578354325,58169148
1578354325,69581576
1578354325,158865339
1578354325,81198123
1578354325,10630482
1578354325,71571342
1578354325,31585636
1578354325,117431223
1578354325,129037641
1578354325,50458495
1578354325,144000640
1578354325,33790745
1578354325,146924475
1578354325,19404112
1578354325,239789789
1578354325,54961149
1578354325,9917512
1578354325,15455705
1578354325,317953158
1578354325,269726855
1578354325,248795646
1578354325,285803620
1578354325,186048745
1578354325,17070926
1578354325,80048596
1578354325,19692478
1578354325,23187207
1578354325,122728088
1578354325,435301739
1578354325,27460003
1578354325,130740456
1578354325,18168987
1578354325,23585763
1578354325,476206169
1578354325,488743376
1578354325,505796643
1578354325,14494677
1578354325,131232596
1578354325,239667601
1578354325,19621110
1578354325,18164336
1578354325,30870974
1578354325,35773039
1578354325,41476705
1578354325,145367846
1578354325,20208931
1578354325,209416690
1578354325,248873473
1578354325,235177399
1578354325,305304430
1578354325,428371622
1578354325,60747383
1578354325,121809623
1578354325,602885148
1578354325,73751855
1578354325,39818937
1578354325,129051309
1578354325,593923373
1578354325,299413847
1578354325,20322459
1578354325,23605171
1578354325,46365884
1578354325,726299251
1578354325,634227707
1578354325,36196223
1578354325,27582945
1578354325,558474162
1578354325,234199020
1578354325,188752382
1578354325,36600881
1578354325,126733673
1578354325,116503527
1578354325,63295553
1578354325,472341161
1578354325,185790674
1578354325,20622594
1578354325,771047766
1578354325,344269783
1578354325,582651579
1578354325,122049012
1578354325,587033528
1578354325,339954338
1578354325,7436592
1578354325,7593322
1578354325,402463155
1578354325,182984866
1578354325,25708664
1578354325,258368815
1578354325,612839082
1578354325,457574229
1578354325,43306320
1578354325,882487112
1578354325,38993997
1578354325,1074327054
1578354325,1205442180
1578354325,537473601
1578354325,550088885
1578354325,185308330
1578354325,378208429
1578354325,34978957
1578354325,362687208
1578354325,103646347
1578354325,262125835
1578354325,4898091
1578354325,352086629
1578354325,611869530
1578354325,242477152
1578354325,570699241
1578354325,23357735
1578354325,16347028
1578354325,496419931
1578354325,20002184
1578354325,267270685
1578354325,16042794
1578354325,48568199
1578354325,110806634
1578354325,322066177
1578354325,31505730
1578354325,52557448
1578354325,21298320
1578354325,50390258
1578354325,27035865
1578354325,89764887
1578354325,300355838
1578354325,132291445
1578354325,42708545
1578354325,28205375
1578354325,17872898
1578354325,599514399
1578354325,56852722
1578354325,103610974
1578354325,91180720
1578354325,813286
1578354325,34553148
1578354325,67630960
1578354325,763839110
1578354325,196694959
1578354325,78619678
1578354325,54303617
1578354325,867203958
1578354325,23992315
1578354325,149149150
1578354325,16063337
1578354325,313537605
1578354325,62816265
1578354325,14785784
1578354325,14282132
1578354325,135627418
1578354325,141223563
1578354325,754041043
1578354325,299798272
1578354325,56059854
1578354325,334344018
1578354325,15714547
1578354325,405053690
1578354325,313893397
1578354325,8101752
1578354325,216470301
1578354325,70432194
1578354325,8223872
1578354325,15594318
1578354325,125735734
1578354325,17150156
1578354325,436748964
1578354325,382169591
1578354325,97942861
1578354325,17995712
1578354325,417208820
1578354325,513386178
1578354325,598921658
1578354325,238428602
1578354325,108303560
1578354325,156366733
1578354325,15748390
1578354325,16313140
1578354325,152182188
1578354325,229009709
1578354325,48771036
1578354325,1343525149
1578354325,720504404
1578354325,106509677
1578354325,51040617
1578354325,111655747
1578354325,82429512
1578354325,23815359
1578354325,64796545
1578354325,549979939
1578354325,17644995
1578354325,12804422
1578354325,86990691
1578354325,131254732
1578354325,18023887
1578354325,33484246
1578354325,268376525
1578354325,15726324
1578354325,1877831
1578354325,374268208
1578354325,519072324
1578354325,14888223
1578354325,7996082
1578354325,53317501
1578354325,126661662
1578354325,554784213
1578354325,17844024
1578354325,15492359
1578354325,95168044
1578354325,21201942
1578354325,16935292
1578354325,16589206
1578354325,5120691
1578354325,159052174
1578354325,278617398
1578354325,34713362
1578354325,146105775
1578354325,74987950
1578354325,15057943
1578354325,5988062
1578354325,807095
1578354325,14362241
1578354325,51139089
1578354325,112764971
1578354325,26012202
1578354325,28158136
1578354325,19272669
1578354325,38674242
1578354325,19702911
1578354325,16220943
1578354325,189173151
1578354325,84944278
1578354325,22009731
1578354325,19639085
1578354325,1440641
1578354325,165501889
1578354325,200287246
1578354325,26203847
1578354325,76723819
1578354325,20774514
1578354325,20332679
1578354325,18391799
1578354325,23818581
1578354325,319902630
1578354325,225235528
1578354325,308777620
1578354325,323468251
1578354325,17006157
1578354325,189376144
1578354325,323509158
1578354325,252705062
1578354325,414356175
1578354325,368732063
1578354325,158414847
1578354325,109266515
1578354325,23643042
1578354325,413500978
1578354325,276574116
1578354325,463723508
1578354325,714837336
1578354325,87818409
1578354325,555780746
1578354325,73212614
1578354325,214223505
1578354325,1120188109
1578354325,274321132
1578354325,529716191
1578354325,49734054
1578354325,202754650
1578354325,115428643
1578354325,1470668856
1578354325,15523946
1578354325,168376691
1578354325,225445834
1578354325,1364965694
1578354325,624876715
