158342368,4782845498
158342368,127800357
158342368,249616905
158342368,2808155387
158342368,256482428
158342368,11611502
158342368,2537713124
158342368,1706920920
158342368,53008944
158342368,418651232
158342368,103912311
158342368,102032941
158342368,303142449
158342368,121586241
158342368,35783487
158342368,2371789428
158342368,2956746825
158342368,2299803774
158342368,3906310100
158342368,193717352
158342368,292283753
158342368,2186791778
158342368,301321354
158342368,2537655314
158342368,1023096199
158342368,94208950
158342368,1039039610
158342368,2427419840
158342368,4069301782
158342368,67427821
158342368,4211524955
158342368,496895817
158342368,3878850083
158342368,4119160593
158342368,2905232597
158342368,2878658775
158342368,3973657293
158342368,2851080851
158342368,3495603017
158342368,3363853479
158342368,247319477
158342368,2826089132
158342368,3881769005
158342368,14831098
158342368,145983857
158342368,789758492
158342368,1581534727
158342368,242503113
158342368,37634306
158342368,984434180
158342368,574805663
158342368,2921901945
158342368,366168282
158342368,22473981
158342368,460065842
158342368,3293218083
158342368,848177324
158342368,300323478
158342368,1257925873
158342368,71030500
158342368,41795707
158342368,295301885
158342368,2560010042
158342368,13723812
158342368,290622614
158342368,16600393
158342368,860082866
158342368,1123288076
158342368,229510101
158342368,2549586726
158342368,2906459145
158342368,379850316
158342368,208167029
158342368,3194546087
158342368,278974351
158342368,348545854
158342368,117777690
158342368,80480330
158342368,17508660
158342368,2615139188
158342368,9524342
158342368,340000203
158342368,3260048153
158342368,303305129
158342368,3043963415
158342368,223406037
158342368,2722183142
158342368,87925425
158342368,14413412
158342368,211871686
158342368,151915879
158342368,148867925
158342368,75315591
158342368,393476699
158342368,2325491827
158342368,437586117
158342368,76914701
158342368,106231214
158342368,827780017
158342368,795822122
158342368,2860176155
158342368,2722945505
158342368,831297067
158342368,253736473
158342368,374410513
158342368,334598906
158342368,15280016
158342368,118795136
158342368,3375977103
158342368,1493355812
158342368,3157316962
158342368,1588093730
158342368,374117949
158342368,3327181637
158342368,494095630
158342368,2527728087
158342368,1919970295
158342368,358306485
158342368,2611077796
158342368,2972725061
158342368,539826164
158342368,2866489168
158342368,3390675933
158342368,1958927894
158342368,1433428914
158342368,275938934
158342368,1411708194
158342368,1566261738
158342368,3004531168
158342368,1445873108
158342368,2983139333
158342368,2403280765
158342368,258600494
158342368,2436641211
158342368,816178
158342368,3053834411
158342368,129518814
158342368,36378198
158342368,3180482847
158342368,39945056
158342368,2967547407
158342368,1033518967
158342368,3362559203
158342368,2217715133
158342368,2911820427
158342368,1231046215
158342368,3200182159
158342368,564421856
158342368,84066250
158342368,3044851768
158342368,225916866
158342368,115105453
158342368,3176246350
158342368,246678791
158342368,460386348
158342368,1652719452
158342368,3312540178
158342368,323306871
158342368,2975314379
158342368,728093995
158342368,112134350
158342368,197492504
158342368,19017675
158342368,2976750778
158342368,285112683
158342368,91560739
158342368,3039268715
158342368,146974766
158342368,273150846
158342368,2909614617
158342368,87266285
158342368,48487158
158342368,68740712
158342368,169743471
158342368,541697427
158342368,2875308021
158342368,304474495
158342368,522484955
158342368,1189889046
158342368,211836100
158342368,3096575289
158342368,253020963
158342368,391334182
158342368,2433742945
158342368,110942823
158342368,243568992
158342368,2602101853
158342368,93259680
158342368,220047267
158342368,2895831347
158342368,301429402
158342368,475012105
158342368,992179513
158342368,173986147
158342368,30651619
158342368,442385889
158342368,2792182600
158342368,794177611
158342368,301403189
158342368,273578154
158342368,16439573
158342368,2296006489
158342368,911000017
158342368,312516094
158342368,2973664948
158342368,405626237
158342368,2570488163
158342368,14784765
158342368,206616757
158342368,3133495187
158342368,285139922
158342368,312344322
158342368,1074445580
158342368,44408141
158342368,3084704992
158342368,3019961223
158342368,3091376321
158342368,550347243
158342368,3089905607
158342368,378255901
158342368,179900602
158342368,435229133
158342368,58463589
158342368,2525943596
158342368,2610041328
158342368,188820490
158342368,454810183
158342368,211699719
158342368,229197742
158342368,1561513992
158342368,77302589
158342368,51152908
158342368,2589500012
158342368,10250322
158342368,2776392849
158342368,95312797
158342368,256172497
158342368,227040723
158342368,1471893511
158342368,380808030
158342368,12895152
158342368,2992136122
158342368,426612275
158342368,2953672997
158342368,191382693
158342368,2949219347
158342368,308973177
158342368,255607400
158342368,2980720688
158342368,2411221668
158342368,1389030638
158342368,217749896
158342368,2909822283
158342368,161227542
158342368,341657886
158342368,124690469
158342368,2766236780
158342368,1663451041
158342368,301893215
158342368,31416615
158342368,291939944
158342368,211387334
158342368,231424061
158342368,1063443012
158342368,402863857
158342368,253499949
158342368,230537167
158342368,398306220
158342368,105451020
158342368,2800866513
158342368,243998708
158342368,2534781043
158342368,2866226883
158342368,242750544
158342368,234278716
158342368,108310222
158342368,147225427
158342368,222053220
158342368,246545036
158342368,248179184
158342368,302453497
158342368,344739325
158342368,356265879
158342368,450785322
158342368,455642659
158342368,962015557
158342368,976927784
158342368,2485355244
158342368,2594660839
158342368,2865790606
158342368,266042984
158342368,187564239
158342368,253017888
158342368,405514601
158342368,15644202
158342368,207905462
158342368,986731147
158342368,529634658
158342368,251737892
158342368,413898675
158342368,82084630
158342368,245716446
158342368,319086427
158342368,460163041
158342368,578729058
158342368,265953469
158342368,338560854
158342368,2534291289
158342368,1491180618
158342368,119548863
158342368,19020032
158342368,34798360
158342368,597499972
158342368,358024490
158342368,763520552
158342368,2809551266
158342368,398933451
158342368,227273338
158342368,159119360
158342368,1884163777
158342368,2814666913
158342368,2232561103
158342368,74992460
158342368,240613149
158342368,449951300
158342368,121385551
158342368,22366636
158342368,80066696
158342368,14077294
158342368,372812630
158342368,446323354
158342368,109537758
158342368,946366844
158342368,543557337
158342368,25067168
158342368,280477631
158342368,343447873
158342368,35022597
158342368,2319411390
158342368,2558484630
158342368,2557339668
158342368,2655312990
158342368,163222090
158342368,315452781
158342368,307426313
158342368,2722185202
158342368,2537896518
158342368,112452739
158342368,1138007119
158342368,900231078
158342368,24736125
158342368,1176930536
158342368,2447738125
158342368,19292516
158342368,270370521
158342368,192877061
158342368,2482719410
158342368,2320688816
158342368,54172831
158342368,104857771
158342368,23761908
158342368,51738266
158342368,112413126
158342368,771245515
158342368,278201872
158342368,122901091
158342368,114158160
158342368,1478198448
158342368,1225229076
158342368,116407356
158342368,491722490
158342368,948552829
158342368,403283630
158342368,80820758
158342368,182404196
158342368,192993369
158342368,261344352
158342368,264095639
158342368,301306806
158342368,1015610418
158342368,263173286
158342368,22811495
158342368,634836672
158342368,113512735
158342368,242414858
158342368,17191272
158342368,20013148
158342368,79939248
158342368,145992645
158342368,14436030
158342368,146150851
158342368,7996082
158342368,111933542
158342368,50982086
158342368,18238467
158342368,338899906
158342368,22954354
158342368,47350606
158342368,2381948832
158342368,229532257
158342368,1042079851
158342368,2502239192
158342368,2563141286
158342368,249601317
158342368,334602996
158342368,248863667
158342368,2569785573
158342368,74134341
158342368,1396994677
158342368,2292454922
158342368,43910684
158342368,38381308
158342368,2445760703
158342368,2190755568
158342368,1142592517
158342368,225138968
158342368,2388060384
158342368,2470167985
158342368,2473770014
158342368,2427273956
158342368,2450298302
158342368,2396550344
158342368,2258806376
158342368,2354557608
158342368,2353341670
158342368,2497155462
158342368,257462398
158342368,494070281
158342368,754675910
158342368,228443100
158342368,461432909
158342368,20072765
158342368,2495032879
158342368,511632970
158342368,184261640
158342368,369772592
158342368,51067941
158342368,1897906512
158342368,19564523
158342368,79677947
158342368,417694979
158342368,397020953
158342368,257066360
158342368,301216295
158342368,96876533
158342368,416287590
158342368,187552579
158342368,123745861
158342368,2397803437
158342368,2370405912
158342368,2394550602
158342368,2467886543
158342368,2377043383
158342368,2364688010
158342368,57107167
158342368,2475857089
158342368,2384222526
158342368,171132279
158342368,2327667186
158342368,2349149545
158342368,273035789
158342368,105542336
158342368,18449108
158342368,153857460
158342368,62770238
158342368,132568564
158342368,2265998442
158342368,3820371
158342368,1086036577
158342368,1066142299
158342368,506123396
158342368,85380453
158342368,191012755
158342368,249243667
158342368,17093617
158342368,1305358176
158342368,1275962762
158342368,325497717
158342368,108541550
158342368,16514160
158342368,100567766
158342368,566315292
158342368,445743209
158342368,987029264
158342368,402604595
158342368,2339427847
158342368,31090827
158342368,631256239
158342368,1288603332
158342368,2299499070
158342368,376819013
158342368,17675072
158342368,2300409494
158342368,279605015
158342368,301308940
158342368,972028076
158342368,27288119
158342368,309278028
158342368,913447502
158342368,2340753991
158342368,2327408432
158342368,2336118106
158342368,2339934734
158342368,2344045376
158342368,2342265724
158342368,2316233962
158342368,2341742071
158342368,2313946769
158342368,2335378297
158342368,2336560177
158342368,2306287023
158342368,2343862071
158342368,2353653462
158342368,2419270632
158342368,2425279866
158342368,2422713110
158342368,2400501522
158342368,2375909599
158342368,2373922155
158342368,2363249856
158342368,2348523625
158342368,2342595733
158342368,2341373581
158342368,2352291500
158342368,2352295656
158342368,2357953789
158342368,2391222272
158342368,2355478280
158342368,2374449668
158342368,2393312148
158342368,2336665274
158342368,2361717660
158342368,2360878495
158342368,2452909599
158342368,2390936420
158342368,2429271014
158342368,2440888791
158342368,2364643942
158342368,2349088537
158342368,2342670624
158342368,2356734773
158342368,2381904935
158342368,2360808756
158342368,2409623485
158342368,2367590120
158342368,2409760422
158342368,2308653811
158342368,2371659696
158342368,2299805726
158342368,2385450659
158342368,2317340606
158342368,2309120827
158342368,2310782705
158342368,2308575728
158342368,2302058545
158342368,2317449571
158342368,2318110975
158342368,2323072512
158342368,2330209658
158342368,2320586323
158342368,2326954436
158342368,2316123014
158342368,2330427221
158342368,2321064234
158342368,2324417802
158342368,2327356922
158342368,2335154190
158342368,2317369278
158342368,2312755610
158342368,2339514876
158342368,2338904665
158342368,2365599848
158342368,2360881140
158342368,2350806823
158342368,2380768976
158342368,2389532889
158342368,2381228046
158342368,2347621451
158342368,2354633318
158342368,2351879864
158342368,2342655565
158342368,2346899324
158342368,2320759825
158342368,2311843038
158342368,2339277062
158342368,2330635004
158342368,2367108482
158342368,2313979656
158342368,631047149
158342368,359895631
158342368,2437112695
158342368,6305462
158342368,335462063
158342368,200283629
158342368,20909329
158342368,52817665
158342368,309022429
158342368,169426475
158342368,624001378
158342368,197351853
158342368,455875065
158342368,110194834
158342368,221406410
158342368,249133011
158342368,102646663
158342368,11419202
158342368,5793642
158342368,2419290031
158342368,220044514
158342368,2397043430
158342368,263084685
158342368,25555639
158342368,450577566
158342368,38966126
158342368,41380789
158342368,107688105
158342368,39203045
158342368,154391771
158342368,1152294570
158342368,177393530
158342368,312878105
158342368,315119037
158342368,44898619
158342368,489312373
158342368,265562143
158342368,617500441
158342368,2322314204
158342368,280227352
158342368,1342381782
158342368,92320343
158342368,740841738
158342368,135785246
158342368,616106337
158342368,279013310
158342368,307829561
158342368,784574954
158342368,269678602
158342368,1129046798
158342368,3547111
158342368,273578036
158342368,123826346
158342368,2291367451
158342368,52209801
158342368,25122127
158342368,59775384
158342368,2288138575
158342368,393349891
158342368,420882631
158342368,625530369
158342368,149582785
158342368,800793007
158342368,122729604
158342368,252256028
158342368,46355141
158342368,158201610
158342368,354404213
158342368,177896819
158342368,1339365242
158342368,590721608
158342368,847496695
158342368,104450723
158342368,2212847202
158342368,292781596
158342368,228659977
158342368,114503680
158342368,14273782
158342368,502111935
158342368,309137913
158342368,1602818168
158342368,400768290
158342368,617157910
158342368,16618153
158342368,906025495
158342368,898265023
158342368,1494100669
158342368,102767556
158342368,140023642
158342368,50354243
158342368,158110011
158342368,106397073
158342368,1325117838
158342368,423309466
158342368,409549183
158342368,891812449
158342368,554561446
158342368,111689357
158342368,8508322
158342368,176381508
158342368,39713726
158342368,592331953
158342368,388463841
158342368,1960869559
158342368,401889371
158342368,121859642
158342368,212746983
158342368,223091784
158342368,41329328
158342368,281650794
158342368,349062517
158342368,1114268798
158342368,512256841
158342368,262643542
158342368,83138871
158342368,66657467
158342368,178005605
158342368,796684728
158342368,309211179
158342368,7861152
158342368,818285660
158342368,61353815
158342368,567389065
158342368,160873837
158342368,229432495
158342368,459185779
158342368,85387026
158342368,155894866
158342368,604738230
158342368,701469121
158342368,414892667
158342368,897929083
158342368,1854015007
158342368,284016106
158342368,428348888
158342368,285855167
158342368,188435471
158342368,383707251
158342368,463956626
158342368,1894591321
158342368,1688789778
158342368,253050797
158342368,243153735
158342368,440258442
158342368,1286952187
158342368,14250647
158342368,901565370
158342368,635833515
158342368,787354224
158342368,286886251
158342368,206846660
158342368,974438815
158342368,404767950
158342368,424862603
158342368,12826622
158342368,227028692
158342368,973296428
158342368,319285743
158342368,88954535
158342368,526278956
158342368,1361984828
158342368,346696197
158342368,48089950
158342368,1119811670
158342368,1648502552
158342368,115478247
158342368,196330008
158342368,39483072
158342368,139767599
158342368,1365871706
158342368,537106554
158342368,392920740
158342368,437831304
158342368,340461845
158342368,904210339
158342368,168640916
158342368,48648969
158342368,820497732
158342368,102040043
158342368,196994616
158342368,246901562
158342368,352619905
158342368,268682231
158342368,304909941
158342368,555441904
158342368,822242418
158342368,493296036
158342368,864938768
158342368,381406069
158342368,276149391
158342368,365339642
158342368,849461041
158342368,137989918
158342368,303430401
158342368,242861672
158342368,282548697
158342368,272956572
158342368,350179708
158342368,428486667
158342368,446491818
158342368,261184869
158342368,378641626
158342368,13952602
158342368,821696756
158342368,1372091317
158342368,280137203
158342368,1322664895
158342368,943259720
158342368,1119670106
158342368,1307618678
158342368,547746008
158342368,198529427
158342368,87748292
158342368,65045121
158342368,56119653
158342368,1488544838
158342368,360612491
158342368,348783600
158342368,464949881
158342368,161602126
158342368,865334372
158342368,301949958
158342368,132047691
158342368,243160326
158342368,253979536
158342368,40047903
158342368,436843405
158342368,380456440
158342368,464542552
158342368,1344050612
158342368,311114157
158342368,282058309
158342368,896038494
158342368,274138409
158342368,58935871
158342368,706755835
158342368,112796335
158342368,1444032439
158342368,498909218
158342368,241496045
158342368,213099694
158342368,335223244
158342368,289531783
158342368,516405086
158342368,414155291
158342368,396211798
158342368,485037076
158342368,314630469
158342368,945601231
158342368,395485571
158342368,108963617
158342368,596700895
158342368,271629415
158342368,125407623
158342368,487443153
158342368,237168775
158342368,1171576964
158342368,394266186
158342368,599387459
158342368,235698572
158342368,1063648206
158342368,1289327088
158342368,1111444609
158342368,300838130
158342368,570667838
158342368,198809111
158342368,86514375
158342368,934917908
158342368,380519207
158342368,427606306
158342368,100211142
158342368,1097402071
158342368,1389110004
158342368,17306635
158342368,21044771
158342368,621348894
158342368,493057844
158342368,272624987
158342368,166100601
158342368,1114674858
158342368,776192652
158342368,1151557338
158342368,59324001
158342368,490262292
158342368,140667640
158342368,245280832
158342368,245276149
158342368,199637626
158342368,546324441
158342368,869507689
158342368,91784766
158342368,197028229
158342368,237809334
158342368,299306171
158342368,14953788
158342368,47318916
158342368,353309952
158342368,173862310
158342368,552267445
158342368,614481980
158342368,274973253
158342368,11999982
158342368,265537951
158342368,316376475
158342368,608161884
158342368,194172681
158342368,73358864
158342368,382588358
158342368,913226324
158342368,1269484171
158342368,368234207
158342368,856655443
158342368,248704171
158342368,935354630
158342368,106891797
158342368,398569703
158342368,327035264
158342368,45413221
158342368,41565803
158342368,331591591
158342368,191451135
158342368,623828114
158342368,187659158
158342368,22778098
158342368,213264156
158342368,857827255
158342368,13346352
158342368,394325798
158342368,925894628
158342368,815159544
158342368,841316167
158342368,289582001
158342368,282848920
158342368,155256521
158342368,560237050
158342368,74802721
158342368,15624424
158342368,226930878
158342368,211969422
158342368,209171270
158342368,330919869
158342368,378493989
158342368,480668065
158342368,40266370
158342368,252744286
158342368,409892360
158342368,132283887
158342368,246910481
158342368,586449520
158342368,166207311
158342368,239122525
158342368,53022592
158342368,378035342
158342368,835590044
158342368,525264466
158342368,213589457
158342368,868643059
158342368,247725033
158342368,333452345
158342368,488321200
158342368,924225624
158342368,477160365
158342368,627938720
158342368,328650746
158342368,121845346
158342368,192618456
158342368,244896980
158342368,398188437
158342368,108994652
158342368,114164185
158342368,45103683
158342368,409925101
158342368,232641330
158342368,301129156
158342368,484355671
158342368,151032061
158342368,145549038
158342368,732917934
158342368,915069925
158342368,71793374
158342368,621964924
158342368,233923525
158342368,210946503
158342368,370020019
158342368,478995071
158342368,247888588
158342368,187864310
158342368,732736656
158342368,91796121
158342368,211564990
158342368,474031851
158342368,835959854
158342368,912364213
158342368,585685537
158342368,372232906
158342368,822873625
158342368,298197719
158342368,880564490
158342368,23473811
158342368,850011324
158342368,128332174
158342368,40670421
158342368,203555695
158342368,250765512
158342368,809752652
158342368,4594121
158342368,579741408
158342368,625630768
158342368,201432451
158342368,532381981
158342368,291234215
158342368,792226416
158342368,138388262
158342368,707244590
158342368,35192739
158342368,198561868
158342368,17084426
158342368,164186666
158342368,621695114
158342368,115383780
158342368,480557521
158342368,402593346
158342368,298397063
158342368,547205079
158342368,407344469
158342368,601887686
158342368,538984058
158342368,430250670
158342368,405526221
158342368,607021904
158342368,749200710
158342368,140528997
158342368,27675374
158342368,460490011
158342368,448719496
158342368,705175566
158342368,206223068
158342368,83843852
158342368,430173654
158342368,394739144
158342368,139761353
158342368,247776818
158342368,136334542
158342368,40511349
158342368,143184618
158342368,155544328
158342368,233585091
158342368,246703129
158342368,541937852
158342368,563677231
158342368,244077566
158342368,121127726
158342368,255461727
158342368,308370050
158342368,476977725
158342368,17676713
158342368,581802301
158342368,569405875
158342368,18689409
158342368,470648176
158342368,145657132
158342368,29677841
158342368,279649054
158342368,222074924
158342368,13539582
158342368,296779805
158342368,610016041
158342368,42223261
158342368,169165725
158342368,269678653
158342368,601461402
158342368,8077212
158342368,16191952
158342368,316399094
158342368,451216623
158342368,311402224
158342368,300596621
158342368,484272668
158342368,42425411
158342368,405796947
158342368,71216110
158342368,11403542
158342368,494478539
158342368,761862806
158342368,67967634
158342368,455338723
158342368,270336414
158342368,295797184
158342368,191373688
158342368,241857049
158342368,201783009
158342368,302726257
158342368,241924296
158342368,19294085
158342368,459409730
158342368,604018131
158342368,278548342
158342368,19154830
158342368,428923166
158342368,407665438
158342368,15180395
158342368,214086191
158342368,426450380
158342368,580753645
158342368,322690977
158342368,148360487
158342368,122749072
158342368,478024571
158342368,611148019
158342368,627611346
158342368,367461660
158342368,115476363
158342368,34586817
158342368,481069000
158342368,610276024
158342368,132499746
158342368,94348389
158342368,66170824
158342368,307838250
158342368,363027167
158342368,84944278
158342368,707931426
158342368,552133527
158342368,31103384
158342368,518452017
158342368,267067689
158342368,436108523
158342368,133371674
158342368,20507534
158342368,16579721
158342368,399453864
158342368,475585621
158342368,332246339
158342368,207621550
158342368,50034461
158342368,8089762
158342368,323086608
158342368,301063321
158342368,403998114
158342368,191102437
158342368,528522272
158342368,274595520
158342368,319839652
158342368,75996136
158342368,198547087
158342368,248317578
158342368,67025761
158342368,229596721
158342368,6737102
158342368,388274887
158342368,278977246
158342368,389075202
158342368,321065901
158342368,80899853
158342368,408533255
158342368,427736924
158342368,128312945
158342368,491396489
158342368,229161112
158342368,124128671
158342368,417511727
158342368,244048301
158342368,529295570
158342368,613502009
158342368,9600002
158342368,137429106
158342368,302124046
158342368,305584223
158342368,523386042
158342368,146976692
158342368,244101525
158342368,9172732
158342368,533315638
158342368,216755042
158342368,188217416
158342368,282592256
158342368,325071311
158342368,279517686
158342368,320682727
158342368,104288865
158342368,14779918
158342368,130906485
158342368,591946375
158342368,405206823
158342368,244627751
158342368,176146474
158342368,166195201
158342368,8576412
158342368,141943563
158342368,140407628
158342368,399667814
158342368,157969960
158342368,14371656
158342368,20718188
158342368,204994578
158342368,600170473
158342368,161629977
158342368,104250408
158342368,339196885
158342368,425951057
158342368,121454115
158342368,276397899
158342368,292875054
158342368,47685199
158342368,491439884
158342368,221835704
158342368,222414303
158342368,251290516
158342368,147905101
158342368,205650506
158342368,418117501
158342368,235283597
158342368,301009286
158342368,303862622
158342368,369840574
158342368,555191527
158342368,425130207
158342368,14121471
158342368,306093165
158342368,200156770
158342368,18556155
158342368,552339192
158342368,949041
158342368,22153317
158342368,312566196
158342368,212055560
158342368,14096528
158342368,1477811
158342368,90991130
158342368,107153756
158342368,505412617
158342368,89148725
158342368,271979351
158342368,197507652
158342368,291591952
158342368,88210133
158342368,20422868
158342368,142384686
158342368,414395703
158342368,468390593
158342368,138504565
158342368,6177862
158342368,67682384
158342368,259666782
158342368,275878035
158342368,361172750
158342368,301977162
158342368,252191077
158342368,249135788
158342368,227791066
158342368,276863016
158342368,286306793
158342368,14245212
158342368,227053088
158342368,132264775
158342368,225345014
158342368,350943772
158342368,485065722
158342368,196529496
158342368,203181608
158342368,300506354
158342368,279438886
158342368,105871723
158342368,385327525
158342368,233954067
158342368,234927111
158342368,3523961
158342368,230538685
158342368,5713842
158342368,447260411
158342368,307562280
158342368,235234497
158342368,1730201
158342368,282339186
158342368,500147136
158342368,248104475
158342368,110503351
158342368,18770969
158342368,424174183
158342368,10656282
158342368,190601880
158342368,108989538
158342368,315287790
158342368,209068457
158342368,39545087
158342368,277233913
158342368,10629592
158342368,328268751
158342368,17291379
158342368,412587167
158342368,365989665
158342368,315675648
158342368,284718222
158342368,307540221
158342368,103003993
158342368,215659070
158342368,224257635
158342368,347255883
158342368,283720539
158342368,15453259
158342368,819051
158342368,26031280
158342368,233738121
158342368,104228227
158342368,16492068
158342368,99051165
158342368,88794619
158342368,179470204
158342368,7226562
158342368,250148035
158342368,334533392
158342368,19027470
158342368,4526921
158342368,162055437
158342368,576277204
158342368,139461374
158342368,250206274
158342368,302303102
158342368,200121310
158342368,280947399
158342368,301410743
158342368,343608073
158342368,290551938
158342368,409758276
158342368,299031472
158342368,102095809
158342368,16170562
158342368,220958101
158342368,19121573
158342368,366546416
158342368,278978647
158342368,302498358
158342368,49921667
158342368,17190386
158342368,83388190
158342368,15572962
158342368,267311284
158342368,311658614
158342368,334582881
158342368,233732711
158342368,185286316
158342368,218961349
158342368,95089897
158342368,51517868
158342368,82388403
158342368,20329651
158342368,44854580
158342368,361549957
158342368,297992482
158342368,271654550
158342368,552863537
158342368,269476897
158342368,2049211
158342368,8157312
158342368,7535752
158342368,44336530
158342368,8203462
158342368,8490082
158342368,33495477
158342368,116584763
158342368,266494803
158342368,284731452
158342368,51508648
158342368,562908044
158342368,501730504
158342368,50031022
158342368,273926116
158342368,319176525
158342368,14691891
158342368,230145544
158342368,413498523
158342368,243331911
158342368,166649040
158342368,312562703
158342368,321811211
158342368,369422623
158342368,226274368
158342368,146203287
158342368,386075845
158342368,22998347
158342368,76593802
158342368,571260063
158342368,16753750
158342368,14478937
158342368,271875852
158342368,104592023
158342368,242080654
158342368,95752268
158342368,251245715
158342368,372163914
158342368,269497394
158342368,17651725
158342368,313417866
158342368,336692356
158342368,18986463
158342368,19226503
158342368,82426713
158342368,447954969
158342368,73338530
158342368,158313996
158342368,119355599
158342368,493594003
158342368,561181660
158342368,397527110
158342368,41850519
158342368,312262050
158342368,94026873
158342368,14396748
158342368,195679677
158342368,243380988
158342368,64975450
158342368,348095120
158342368,274951454
158342368,357590912
158342368,555006104
158342368,237413314
158342368,267779893
158342368,21121637
158342368,237666639
158342368,143801389
158342368,300856384
158342368,388769521
158342368,314490209
158342368,12681812
158342368,219529405
158342368,392641490
158342368,110419154
158342368,23042583
158342368,280228001
158342368,312633120
158342368,72872490
158342368,360638570
158342368,263619711
158342368,329027879
158342368,525819760
158342368,382301489
158342368,69546677
158342368,106463538
158342368,14246806
158342368,465672048
158342368,114727364
158342368,38439686
158342368,56676181
158342368,570174265
158342368,571962943
158342368,237471110
158342368,203735981
158342368,389748303
158342368,312029053
158342368,407691206
158342368,247397609
158342368,357840590
158342368,271672952
158342368,18019963
158342368,160508718
158342368,331020996
158342368,13663322
158342368,28877035
158342368,8302582
158342368,142371393
158342368,254095456
158342368,248909364
158342368,38643752
158342368,246301361
158342368,344842898
158342368,220021502
158342368,42596274
158342368,249275663
158342368,115920426
158342368,301376417
158342368,529396881
158342368,135114700
158342368,259178731
158342368,310495072
158342368,370178483
158342368,391424708
158342368,228410428
158342368,422023729
158342368,302049313
158342368,234013444
158342368,443008944
158342368,266739812
158342368,110388788
158342368,301338067
158342368,513701701
158342368,208161524
158342368,37957419
158342368,41782018
158342368,127974009
158342368,303290427
158342368,147892172
158342368,207679349
158342368,13125372
158342368,14925683
158342368,207915031
158342368,17199998
158342368,417841498
158342368,390387588
158342368,267355099
158342368,17671790
158342368,37638624
158342368,62336495
158342368,304397936
158342368,19878963
158342368,124834663
158342368,51138022
158342368,389628394
158342368,217754222
158342368,213365638
158342368,241147024
158342368,400261823
158342368,219345704
158342368,361281589
158342368,331008858
158342368,483055489
158342368,2330551
158342368,282218694
158342368,166629444
158342368,30509098
158342368,27658009
158342368,466708232
158342368,98103649
158342368,17185073
158342368,158658247
158342368,42099016
158342368,49458808
158342368,240338067
158342368,106296137
158342368,158080115
158342368,373893052
158342368,305519526
158342368,65370249
158342368,38743976
158342368,319966843
158342368,191401326
158342368,94139608
158342368,85407289
158342368,204060294
158342368,354294379
158342368,309572236
158342368,239162746
158342368,208631789
158342368,423657656
158342368,139169622
158342368,487776886
158342368,396804579
158342368,393562501
158342368,374806742
158342368,506249313
158342368,394098377
158342368,529534788
158342368,190340069
158342368,15590881
158342368,303299302
158342368,196500160
158342368,201817089
158342368,263170980
158342368,97873089
158342368,138146538
158342368,188493906
158342368,263730653
158342368,149931043
158342368,170775082
158342368,246433219
158342368,394063014
158342368,386078487
158342368,209754467
158342368,16241042
158342368,225179348
158342368,295120448
158342368,17593734
158342368,169874262
158342368,334204356
158342368,18944456
158342368,250255286
158342368,20907765
158342368,171962889
158342368,231100049
158342368,229503006
158342368,301934017
158342368,301449654
158342368,17425701
158342368,310412344
158342368,167583198
158342368,318721669
158342368,341971035
158342368,18549763
158342368,15517510
158342368,347513988
158342368,519827489
158342368,17474018
158342368,255261103
158342368,275071873
158342368,144547999
158342368,254446382
158342368,71341401
158342368,17141364
158342368,248264581
158342368,437502212
158342368,148839445
158342368,264703717
158342368,104695425
158342368,360857182
158342368,376780835
158342368,114698927
158342368,153938111
158342368,70437771
158342368,109607103
158342368,493086082
158342368,392566641
158342368,145969179
158342368,184993308
158342368,213831646
158342368,334199139
158342368,333939858
158342368,420475251
158342368,266189655
158342368,276940518
158342368,326244994
158342368,303178569
158342368,16080129
158342368,384557225
158342368,216200107
158342368,233707334
158342368,222944564
158342368,274681082
158342368,500100290
158342368,63740550
158342368,157265223
158342368,186591584
158342368,120535957
158342368,198595270
158342368,197863865
158342368,491176081
158342368,252783922
158342368,500843799
158342368,115611795
158342368,87450015
158342368,290563360
158342368,558719505
158342368,338389923
158342368,322690548
158342368,148268677
158342368,251550088
158342368,229425076
158342368,112747809
158342368,312208569
158342368,124481401
158342368,203639441
158342368,263428256
158342368,14254092
158342368,94334247
158342368,19406665
158342368,108880635
158342368,289343349
158342368,263780425
158342368,393042841
158342368,214997056
158342368,516633259
158342368,239455673
158342368,138516998
158342368,84168814
158342368,254284639
158342368,12273062
158342368,351882218
158342368,129012362
158342368,78014605
158342368,27819458
158342368,127517784
158342368,99052611
158342368,196962125
158342368,224583276
158342368,106569786
158342368,62001123
158342368,315924901
158342368,136011137
158342368,299617303
158342368,137681170
158342368,43882274
158342368,225834317
158342368,376228920
158342368,227016299
158342368,235761387
158342368,301543484
158342368,314745290
158342368,52072083
158342368,47303679
158342368,474045353
158342368,510535152
158342368,266601231
158342368,351439314
158342368,470392568
158342368,65901435
158342368,325107157
158342368,14559995
158342368,284708299
158342368,179036434
158342368,406466225
158342368,68039572
158342368,248763460
158342368,240818037
158342368,547828394
158342368,213428369
158342368,232553552
158342368,302531323
158342368,377004611
158342368,221908335
158342368,85680519
158342368,254936770
158342368,13720982
158342368,241621305
158342368,94361315
158342368,56331789
158342368,49673609
158342368,318343602
158342368,78863928
158342368,65384380
158342368,221508936
158342368,86098770
158342368,301424273
158342368,334014498
158342368,39208916
158342368,71216725
158342368,319915629
158342368,148819696
158342368,249738912
158342368,10503122
158342368,364979758
158342368,382076647
158342368,280971847
158342368,447322829
158342368,18948504
158342368,78864249
158342368,229165429
158342368,365392319
158342368,482389606
158342368,309097509
158342368,109256475
158342368,393331502
158342368,499634970
158342368,197762651
158342368,200259799
158342368,8650472
158342368,56977547
158342368,260434347
158342368,49265565
158342368,243237644
158342368,129514953
158342368,253485286
158342368,388453957
158342368,237223544
158342368,240313645
158342368,235964108
158342368,257127210
158342368,199328173
158342368,142261530
158342368,135271563
158342368,15183391
158342368,305514503
158342368,91695480
158342368,104219645
158342368,335260607
158342368,89954550
158342368,305524621
158342368,42702612
158342368,26208520
158342368,219939829
158342368,118658200
158342368,134512009
158342368,11713422
158342368,314489828
158342368,88746161
158342368,212377097
158342368,42241243
158342368,224815356
158342368,35497957
158342368,247288045
158342368,146137942
158342368,121553021
158342368,382001962
158342368,214602450
158342368,193326055
158342368,255148848
158342368,299926293
158342368,376623675
158342368,122375549
158342368,29682623
158342368,101520025
158342368,135902285
158342368,37366513
158342368,222643714
158342368,14805720
158342368,327639760
158342368,338602408
158342368,363752019
158342368,359477788
158342368,292568595
158342368,245074453
158342368,466935014
158342368,125114090
158342368,50373757
158342368,303460533
158342368,304287573
158342368,180803465
158342368,206158727
158342368,120036565
158342368,141407348
158342368,48138419
158342368,185175211
158342368,246974398
158342368,381128084
158342368,363696047
158342368,11481512
158342368,113673277
158342368,222650133
158342368,211821089
158342368,304975919
158342368,21425125
158342368,313511979
158342368,264169660
158342368,13868292
158342368,70644870
158342368,257450818
158342368,311608135
158342368,398669470
158342368,369439287
158342368,294868010
158342368,124570832
158342368,278458079
158342368,296912924
158342368,358225467
158342368,324503693
158342368,287271987
158342368,432806872
158342368,14306573
158342368,179304336
158342368,271067527
158342368,268470229
158342368,6809022
158342368,41775007
158342368,43310939
158342368,13426312
158342368,20929745
158342368,301388743
158342368,317155795
158342368,321618284
158342368,11904592
158342368,198516419
158342368,14436317
158342368,110442665
158342368,104836748
158342368,392199690
158342368,250620677
158342368,308373453
158342368,225445834
158342368,353576178
158342368,95415947
158342368,258072015
158342368,343359641
158342368,133893346
158342368,14824411
158342368,169687000
158342368,246858746
158342368,20008831
158342368,109163864
158342368,346475102
158342368,225506318
158342368,138694522
158342368,278695881
158342368,348717210
158342368,136217719
158342368,351455534
158342368,276915192
158342368,181152565
158342368,353820534
158342368,216079888
158342368,206782881
158342368,106348053
158342368,238280514
158342368,300495750
158342368,293012562
158342368,109284708
158342368,37201841
158342368,242796283
158342368,250578711
158342368,348523696
158342368,269827821
158342368,351472591
158342368,257669514
158342368,114477137
158342368,104263321
158342368,239311617
158342368,20505183
158342368,23637532
158342368,110970252
158342368,247379224
158342368,323223161
158342368,12849002
158342368,306268810
158342368,199049406
158342368,123251992
158342368,262726940
158342368,239422242
158342368,108670198
158342368,291583908
158342368,207681408
158342368,234334894
158342368,161770575
158342368,225914333
158342368,17138110
158342368,116679270
158342368,206071774
158342368,175048556
158342368,215707523
158342368,90725961
