158679118,3457491316
158679118,2224040881
158679118,1526345940
158679118,18949610
158679118,278067685
158679118,53398275
158679118,36741547
158679118,786975206
158679118,1725604345
158679118,20979390
158679118,305106924
158679118,768111422
158679118,848052781
158679118,1613084305
158679118,542770233
158679118,18898153
158679118,400807880
158679118,41130232
158679118,707574118
158679118,35820849
158679118,21417687
158679118,537416525
158679118,2803564447
158679118,3306954646
158679118,4834574481
158679118,3293710155
158679118,307484260
158679118,30435996
158679118,4179623884
158679118,82306946
158679118,16956827
158679118,48665546
158679118,233574116
158679118,262664867
158679118,914374123
158679118,2890720965
158679118,3150969179
158679118,3147864185
158679118,2813227936
158679118,1357130180
158679118,461907704
158679118,605452104
158679118,501132134
158679118,2399743336
158679118,1489970233
158679118,23414642
158679118,2752037400
158679118,14685648
158679118,25984418
158679118,8170292
158679118,17469492
158679118,371972173
158679118,99333493
158679118,90275200
158679118,19500405
158679118,127814172
158679118,122685408
158679118,16827148
158679118,349816997
158679118,624731015
158679118,2429068484
158679118,2460963080
158679118,1273019664
158679118,18295206
158679118,471229972
158679118,82059486
158679118,1446632138
158679118,1243274269
158679118,514333227
158679118,252458768
158679118,371315536
158679118,3063912809
158679118,1217706133
158679118,2241431167
158679118,420627699
158679118,293538523
158679118,91981058
158679118,18635087
158679118,1205738894
158679118,48772237
158679118,191849753
158679118,18677075
158679118,4725689057
158679118,492937111
158679118,17243582
158679118,27699644
158679118,57043553
158679118,61183568
158679118,755252174
158679118,23771460
158679118,492325083
158679118,914726136
158679118,733031324
158679118,7696352
158679118,847177268
158679118,2411157936
158679118,1219888003
158679118,239874726
158679118,2974636437
158679118,193333190
158679118,2315649930
158679118,498139714
158679118,109839156
158679118,2832119227
158679118,2207087880
158679118,3331419418
158679118,953355992
158679118,171753220
158679118,3110948392
158679118,959947411
158679118,95746263
158679118,104462518
158679118,633840940
158679118,380777876
158679118,54161364
158679118,256512896
158679118,1427253806
158679118,100051425
158679118,228847735
158679118,455729955
158679118,2343845391
158679118,142690511
158679118,143393223
158679118,297913599
158679118,2148693398
158679118,517609732
158679118,1574927970
158679118,290971505
158679118,333275697
158679118,76979225
158679118,461193740
158679118,394659559
158679118,613377513
158679118,4201069617
158679118,3189001238
158679118,1197158138
158679118,409532041
158679118,90605149
158679118,17972627
158679118,2724107589
158679118,9376172
158679118,225443793
158679118,436668445
158679118,1346412216
158679118,2631015170
158679118,2784172649
158679118,4814147002
158679118,161214229
158679118,330233331
158679118,492103152
158679118,1225493857
158679118,3511487482
158679118,87039151
158679118,17623773
158679118,45904948
158679118,23645264
158679118,2890981715
158679118,31724218
158679118,1504008056
158679118,3321777316
158679118,514702631
158679118,59341432
158679118,2804735819
158679118,563531516
158679118,3110080402
158679118,8884772
158679118,130844269
158679118,488333580
158679118,2200021080
158679118,994858092
158679118,950088961
158679118,227420581
158679118,142227811
158679118,2294137566
158679118,1336595660
158679118,1536758449
158679118,2831728879
158679118,2373416725
158679118,43659652
158679118,3842879488
158679118,593579789
158679118,1520296801
158679118,533138850
158679118,3234472723
158679118,155840121
158679118,323091131
158679118,538344480
158679118,512268220
158679118,3082735244
158679118,908902807
158679118,1046264460
158679118,524545961
158679118,934580011
158679118,3187935639
158679118,23813407
158679118,33315010
158679118,180740985
158679118,3801308421
158679118,2210575161
158679118,158009210
158679118,25489574
158679118,1341917431
158679118,1407344899
158679118,380648579
158679118,485694429
158679118,163242135
158679118,22473844
158679118,117366399
158679118,136004952
158679118,248714344
158679118,3412314411
158679118,148288814
158679118,312459570
158679118,582155655
158679118,52418188
158679118,106507569
158679118,524429571
158679118,249219486
158679118,420473588
158679118,150993071
158679118,386630251
158679118,8344522
158679118,314065757
158679118,254232464
158679118,583606759
158679118,15996534
158679118,19273804
158679118,253358922
158679118,250096444
158679118,1137359696
158679118,2541084648
158679118,283951277
158679118,942234487
158679118,37433495
158679118,229060753
158679118,211179530
158679118,966220742
158679118,2968519095
158679118,80802900
158679118,49285959
158679118,34923649
158679118,80881027
158679118,15134277
158679118,16786833
158679118,3409346380
158679118,260405786
158679118,141240072
158679118,128579174
158679118,1543093579
158679118,234354364
158679118,280526925
158679118,30257834
158679118,87174862
158679118,424923300
158679118,132475720
158679118,2720
158679118,190033988
158679118,2773567537
158679118,19658585
158679118,19289898
158679118,33849421
158679118,213856259
158679118,33849763
158679118,12855792
158679118,1595561010
158679118,612500655
158679118,3881279374
158679118,3098581371
158679118,2205652787
158679118,533004465
158679118,59159771
158679118,984921601
158679118,29723089
158679118,3290302301
158679118,2278850473
158679118,1282992704
158679118,1380209894
158679118,3131221671
158679118,3545341756
158679118,90048502
158679118,3901115908
158679118,69424452
158679118,260928758
158679118,18519972
158679118,15662428
158679118,188528565
158679118,127345230
158679118,482133423
158679118,135096804
158679118,1086998118
158679118,120109196
158679118,46446811
158679118,18120229
158679118,20053721
158679118,10652262
158679118,280768201
158679118,79912839
158679118,2850651695
158679118,390200012
158679118,265918885
158679118,15480982
158679118,35717480
158679118,37398768
158679118,499848250
158679118,106471365
158679118,793679522
158679118,14260960
158679118,1337599334
158679118,18061082
158679118,1234278782
158679118,118678757
158679118,61189950
158679118,259763351
158679118,82568708
158679118,123085951
158679118,7076492
158679118,401234337
158679118,14327048
158679118,596264802
158679118,3253297409
158679118,222865265
158679118,363912811
158679118,443915183
158679118,2353380162
158679118,9942252
158679118,2184943214
158679118,330861272
158679118,293451858
158679118,542955540
158679118,59311710
158679118,3288069309
158679118,263047822
158679118,2716946168
158679118,550246725
158679118,101848084
158679118,168737573
158679118,477227478
158679118,238864972
158679118,55207471
158679118,1428138349
158679118,256606604
158679118,122090446
158679118,130825035
158679118,20445006
158679118,14341194
158679118,360489359
158679118,184732662
158679118,2273217312
158679118,16557497
158679118,15308526
158679118,25482417
158679118,2319112904
158679118,266456134
158679118,2937275517
158679118,20447568
158679118,1106659014
158679118,14662055
158679118,502251829
158679118,3069929374
158679118,4068347835
158679118,3824253808
158679118,393551997
158679118,303687748
158679118,288279131
158679118,534255106
158679118,501968170
158679118,408641080
158679118,18029366
158679118,378615091
158679118,19983221
158679118,16616757
158679118,14837709
158679118,19234681
158679118,3943871
158679118,1613493854
158679118,73426260
158679118,348345136
158679118,866847415
158679118,1250144546
158679118,65466158
158679118,28851898
158679118,294046348
158679118,22245078
158679118,135550477
158679118,41570792
158679118,14420872
158679118,27432720
158679118,14443226
158679118,13691922
158679118,935387480
158679118,19682451
158679118,501812324
158679118,140835121
158679118,3064703025
158679118,199435024
158679118,255123777
158679118,317144532
158679118,2563523228
158679118,44570938
158679118,12825
158679118,2343807284
158679118,90918950
158679118,16936237
158679118,39486446
158679118,52755452
158679118,1123375357
158679118,14512613
158679118,3063825971
158679118,133880286
158679118,435535227
158679118,369914677
158679118,380902292
158679118,1913209069
158679118,14089418
158679118,2729376101
158679118,302500864
158679118,114037178
158679118,44404175
158679118,37208195
158679118,452998543
158679118,16404379
158679118,1117283898
158679118,376097854
158679118,28400383
158679118,1153507362
158679118,322658160
158679118,352516972
158679118,3201156113
158679118,13194
158679118,15452794
158679118,110237893
158679118,40713876
158679118,375717193
158679118,46416995
158679118,46090899
158679118,16288212
158679118,17705285
158679118,410016521
158679118,3253231276
158679118,78114269
158679118,108484887
158679118,518687078
158679118,21320074
158679118,852680910
158679118,7397032
158679118,3015301394
158679118,390742975
158679118,75503
158679118,27896255
158679118,276147797
158679118,814949923
158679118,326709395
158679118,225038441
158679118,393971403
158679118,153019402
158679118,40197402
158679118,19157863
158679118,235222337
158679118,116557648
158679118,14803203
158679118,338331168
158679118,403419591
158679118,117029713
158679118,22152558
158679118,19240255
158679118,22926365
158679118,24892844
158679118,40227292
158679118,1101354170
158679118,123824735
158679118,556842058
158679118,28964208
158679118,57350105
158679118,2527977343
158679118,1367254122
158679118,3970866023
158679118,570043371
158679118,51410554
158679118,1080590996
158679118,96616277
158679118,2317098348
158679118,15582562
158679118,44574314
158679118,19815665
158679118,20993143
158679118,2879379242
158679118,1103398009
158679118,206766054
158679118,20448480
158679118,944433979
158679118,522298732
158679118,2208672804
158679118,2775430965
158679118,52713824
158679118,962769337
158679118,1398229392
158679118,2372770782
158679118,51599065
158679118,297610406
158679118,976641782
158679118,3110168584
158679118,631865146
158679118,203548583
158679118,433695300
158679118,23125257
158679118,400030517
158679118,270538326
158679118,59460397
158679118,20329672
158679118,3018300092
158679118,1430882436
158679118,1625567485
158679118,164630559
158679118,559333707
158679118,1092248911
158679118,48302689
158679118,1944250952
158679118,32836955
158679118,191852684
158679118,3135240869
158679118,795521690
158679118,2599007304
158679118,56367519
158679118,2807129748
158679118,2917314299
158679118,1292292907
158679118,282827560
158679118,13201312
158679118,138360455
158679118,2817270349
158679118,3137331033
158679118,5718732
158679118,331859751
158679118,564743856
158679118,27621279
158679118,14235246
158679118,52695993
158679118,2785158383
158679118,1615463502
158679118,312269611
158679118,2177794988
158679118,25049056
158679118,158414847
158679118,63796828
158679118,16303106
158679118,14289197
158679118,228445463
158679118,156562235
158679118,90705705
158679118,3065916375
158679118,3332377330
158679118,2444028215
158679118,896092357
158679118,38152564
158679118,531102473
158679118,439879932
158679118,581961289
158679118,65409111
158679118,33960482
158679118,705059029
158679118,861144656
158679118,20363605
158679118,1371538580
158679118,242249734
158679118,2303467412
158679118,220624198
158679118,27707080
158679118,703812252
158679118,135138608
158679118,460002683
158679118,719705252
158679118,1389085424
158679118,74720323
158679118,1374144540
158679118,595664237
158679118,2268046327
158679118,2212864118
158679118,14454247
158679118,255187660
158679118,459092531
158679118,2234679264
158679118,1964668416
158679118,392000386
158679118,802162598
158679118,784790730
158679118,293066780
158679118,555883934
158679118,47636400
158679118,3003273563
158679118,314132586
158679118,206647539
158679118,60783724
158679118,927783252
158679118,1856512344
158679118,3326733263
158679118,271452947
158679118,211194146
158679118,116630713
158679118,182388088
158679118,1179383574
158679118,23777646
158679118,633980404
158679118,579815204
158679118,33914952
158679118,35142791
158679118,3345425171
158679118,1304463199
158679118,300259887
158679118,1336800505
158679118,262073339
158679118,14897963
158679118,15098373
158679118,20646711
158679118,25098482
158679118,2669409754
158679118,14095052
158679118,3021708519
158679118,1242529626
158679118,318405762
158679118,2656572919
158679118,2448232256
158679118,16697566
158679118,19232587
158679118,880464020
158679118,631175576
158679118,29047218
158679118,2221112390
158679118,17922403
158679118,2936671485
158679118,83187274
158679118,1960370958
158679118,299693005
158679118,52024480
158679118,14553288
158679118,32323724
158679118,2979574468
158679118,2962103519
158679118,2797685563
158679118,186894716
158679118,859375579
158679118,633758077
158679118,2319009091
158679118,2317163479
158679118,3307929149
158679118,2977831959
158679118,399386889
158679118,29695330
158679118,1854903776
158679118,42028753
158679118,21800246
158679118,462995160
158679118,20153947
158679118,1060578475
158679118,34570810
158679118,19697415
158679118,74987950
158679118,316389142
158679118,50101725
158679118,2317351705
158679118,500042487
158679118,14075928
158679118,26476638
158679118,132839879
158679118,27000767
158679118,951326846
158679118,15010349
158679118,2195671183
158679118,2293009328
158679118,2401316876
158679118,17293897
158679118,49279876
158679118,14619744
158679118,2248964251
158679118,1071169639
158679118,258795101
158679118,1288778468
158679118,23498005
158679118,704879101
158679118,469396855
158679118,2647472492
158679118,2371776966
158679118,2803242812
158679118,3613607955
158679118,142102968
158679118,2445499819
158679118,84883547
158679118,140222976
158679118,2996701348
158679118,2801968711
158679118,16905927
158679118,19486200
158679118,245493031
158679118,21421954
158679118,2492877198
158679118,3014531699
158679118,3092776919
158679118,2801551688
158679118,3226290139
158679118,2219853552
158679118,1635570602
158679118,1513377937
158679118,1244287831
158679118,488345458
158679118,895722655
158679118,829315062
158679118,862795896
158679118,3304758687
158679118,547173846
158679118,2887021630
158679118,127865195
158679118,2611469143
158679118,233479650
158679118,25489542
158679118,21436960
158679118,3448164136
158679118,19766517
158679118,19704259
158679118,3023302181
158679118,3673561102
158679118,235537273
158679118,3040298159
158679118,2910608714
158679118,3373966276
158679118,2839440563
158679118,2808495339
158679118,515558769
158679118,2765924085
158679118,2695127756
158679118,2515590656
158679118,2353779853
158679118,2387270738
158679118,2173129083
158679118,1565369166
158679118,3130824311
158679118,1182142400
158679118,1048628316
158679118,121321376
158679118,856610881
158679118,613496064
158679118,610438622
158679118,92775522
158679118,563342132
158679118,557142798
158679118,552239594
158679118,519317009
158679118,480612478
158679118,430037268
158679118,389605286
158679118,382010075
158679118,312076876
158679118,347033007
158679118,346647608
158679118,2296881428
158679118,338453785
158679118,331616683
158679118,2444335614
158679118,317207625
158679118,237813984
158679118,237299421
158679118,233456302
158679118,229246194
158679118,182372277
158679118,735865501
158679118,162873142
158679118,155590516
158679118,153439127
158679118,141464611
158679118,139669767
158679118,139188658
158679118,136577640
158679118,132130685
158679118,3918564203
158679118,126658389
158679118,52682311
158679118,77492262
158679118,94328226
158679118,40955784
158679118,626287930
158679118,485751594
158679118,342601720
158679118,304342650
158679118,253526843
158679118,39500950
158679118,252987054
158679118,222130347
158679118,144883985
158679118,37281164
158679118,1910590945
158679118,89035822
158679118,322618609
158679118,53035490
158679118,34271443
158679118,1392603529
158679118,105899607
158679118,19341389
158679118,294071256
158679118,24725119
158679118,3204574803
158679118,17808151
158679118,57411021
158679118,19336092
158679118,19108766
158679118,226890990
158679118,431186439
158679118,17158683
158679118,17010376
158679118,18270066
158679118,15774706
158679118,15529670
158679118,19002210
158679118,14977120
158679118,16079505
158679118,14815420
158679118,14746456
158679118,11836402
158679118,102934369
158679118,9280212
158679118,8434732
158679118,86243982
158679118,2195622679
158679118,3459051
158679118,1486082336
158679118,3047516662
158679118,1380501104
158679118,1144865270
158679118,24897211
158679118,18587157
158679118,18650093
158679118,140526776
158679118,385637597
158679118,376239603
158679118,370711395
158679118,368311568
158679118,344613908
158679118,825002545
158679118,321047056
158679118,311101915
158679118,307944029
158679118,307786178
158679118,299007448
158679118,569061144
158679118,296253874
158679118,277075752
158679118,273468342
158679118,271491099
158679118,269774361
158679118,266235292
158679118,266031327
158679118,263953942
158679118,262666115
158679118,262090842
158679118,19993545
158679118,260743284
158679118,11695472
158679118,259787166
158679118,56723973
158679118,259169583
158679118,14361155
158679118,256704506
158679118,2370597494
158679118,255542457
158679118,251867831
158679118,255446677
158679118,299324667
158679118,252193736
158679118,250725469
158679118,249814578
158679118,249789135
158679118,246314060
158679118,245797788
158679118,21386213
158679118,244526546
158679118,244101701
158679118,238170365
158679118,236869501
158679118,234467129
158679118,234453946
158679118,233968707
158679118,230810570
158679118,230725056
158679118,230432765
158679118,228867827
158679118,21303235
158679118,228383284
158679118,3821514983
158679118,224959172
158679118,224647733
158679118,224572743
158679118,223909880
158679118,147512019
158679118,223845226
158679118,222920775
158679118,222468031
158679118,221769722
158679118,221565046
158679118,220958955
158679118,219949453
158679118,219835489
158679118,219251005
158679118,218523379
158679118,214902409
158679118,212381958
158679118,211971820
158679118,211795475
158679118,210118012
158679118,207987223
158679118,1916971118
158679118,188275746
158679118,187883906
158679118,186772419
158679118,181913723
158679118,180394103
158679118,179457575
158679118,179116927
158679118,177892690
158679118,176342134
158679118,73591918
158679118,169847734
158679118,169802017
158679118,168183962
158679118,193116688
158679118,26770977
158679118,166583088
158679118,163842441
158679118,159921598
158679118,193442291
158679118,158689882
158679118,158449575
158679118,155796557
158679118,154879721
158679118,154484002
158679118,152689327
158679118,151402813
158679118,150746473
158679118,149813090
158679118,148324390
158679118,146619371
158679118,141889641
158679118,138689410
158679118,134709477
158679118,133218414
158679118,128944443
158679118,128156004
158679118,121792530
158679118,120082852
158679118,119136331
158679118,118985698
158679118,169581047
158679118,118697276
158679118,117694496
158679118,117081895
158679118,117029568
158679118,32057091
158679118,43309451
158679118,115221754
158679118,115215063
158679118,115105173
158679118,115100833
158679118,115098841
158679118,105328660
158679118,14159148
158679118,115097137
158679118,24154407
158679118,115087942
158679118,113166168
158679118,112991206
158679118,1920228356
158679118,112644059
158679118,111703290
158679118,111846663
158679118,112474129
158679118,110997481
158679118,108572553
158679118,2785606928
158679118,103313362
158679118,102154120
158679118,98853413
158679118,94657978
158679118,93821853
158679118,93438495
158679118,92693785
158679118,91807650
158679118,91755763
158679118,91124440
158679118,90221453
158679118,88992980
158679118,18507505
158679118,507763648
158679118,5694932
158679118,24752484
158679118,294015135
158679118,403660359
158679118,109002123
158679118,19034656
158679118,1322129574
158679118,502183575
158679118,14606079
158679118,485685752
158679118,14193522
158679118,15629195
158679118,15744134
158679118,252137887
158679118,6997102
158679118,18928865
158679118,60674075
158679118,15497952
158679118,30324031
158679118,87913971
158679118,86276400
158679118,86063329
158679118,85579253
158679118,84633783
158679118,84157609
158679118,83904771
158679118,83894723
158679118,81055599
158679118,79964234
158679118,79179431
158679118,76910110
158679118,76428356
158679118,74893797
158679118,988518714
158679118,71245999
158679118,64672345
158679118,64155616
158679118,63445095
158679118,61200732
158679118,57372583
158679118,23680334
158679118,20379080
158679118,56356860
158679118,53622098
158679118,52684345
158679118,51109702
158679118,48458648
158679118,48333598
158679118,47935381
158679118,47617208
158679118,47387396
158679118,47098236
158679118,45582596
158679118,45538944
158679118,44566532
158679118,43668284
158679118,42591867
158679118,40723249
158679118,40573258
158679118,40533572
158679118,40446818
158679118,40251946
158679118,39718661
158679118,38744416
158679118,36025743
158679118,35522865
158679118,35511208
158679118,33506630
158679118,33465596
158679118,91143053
158679118,15234407
158679118,158366189
158679118,86886026
158679118,37178312
158679118,70335941
158679118,46374637
158679118,57636902
158679118,1241258612
158679118,436580004
158679118,2422102190
158679118,476588950
158679118,1978775334
158679118,102758188
158679118,3046284267
158679118,193632283
158679118,94668950
158679118,29918711
158679118,605042583
158679118,2513835792
158679118,93722606
158679118,3341920967
158679118,1514386873
158679118,236111720
158679118,185682857
158679118,22972898
158679118,16865661
158679118,314821477
158679118,65045121
158679118,16973333
158679118,270569708
158679118,14499829
158679118,1058437400
158679118,18634684
158679118,125403342
158679118,328104293
158679118,304972712
158679118,606325697
158679118,219266266
158679118,2874880006
158679118,1379662802
158679118,193301414
158679118,81077164
158679118,202733625
158679118,84456845
158679118,2754681001
158679118,3046129881
158679118,385435086
158679118,1338721598
158679118,194166507
158679118,815209074
158679118,245788011
158679118,56698725
158679118,61479203
158679118,802113300
158679118,417979401
158679118,559205933
158679118,199729835
158679118,17842763
158679118,420507548
158679118,527543213
158679118,890872015
158679118,951348098
158679118,2880737979
158679118,1109452214
158679118,568328553
158679118,561975585
158679118,95673988
158679118,303774724
158679118,1443241057
158679118,2250390230
158679118,637000096
158679118,3832934657
158679118,214102420
158679118,36425709
158679118,568173206
158679118,234714469
158679118,84121072
158679118,21309448
158679118,48454699
158679118,105822721
158679118,13927862
158679118,76004287
158679118,586625152
158679118,1042790504
158679118,78019039
158679118,2435652986
158679118,17965523
158679118,22473286
158679118,606523858
158679118,17672825
158679118,196290799
158679118,23085322
158679118,244199680
158679118,14073364
158679118,17462723
158679118,15028398
158679118,20982910
158679118,12754162
158679118,84873971
158679118,21179585
158679118,55914675
158679118,606776750
158679118,2916305152
158679118,16076032
158679118,248604508
158679118,2166928928
158679118,719886282
158679118,1218457974
158679118,123626274
158679118,2196023400
158679118,269729359
158679118,26222064
158679118,3371165453
158679118,270898732
158679118,2257833176
158679118,486811390
158679118,462181071
158679118,329106031
158679118,118147850
158679118,110682525
158679118,38733715
158679118,1203370304
158679118,965056615
158679118,292775676
158679118,234510237
158679118,130422880
158679118,122315233
158679118,22021332
158679118,18549528
158679118,2938069286
158679118,1632982550
158679118,423517799
158679118,351971672
158679118,196935745
158679118,548274986
158679118,2985563471
158679118,334602996
158679118,118397505
158679118,2182305577
158679118,2301638324
158679118,3121983803
158679118,247366953
158679118,2962054395
158679118,3299023529
158679118,79385667
158679118,106217861
158679118,890854807
158679118,78321309
158679118,87306292
158679118,241540322
158679118,1432925798
158679118,104859872
158679118,2519065502
158679118,322658469
158679118,139463927
158679118,71498154
158679118,3306549730
158679118,299615767
158679118,882421832
158679118,33546284
158679118,87704709
158679118,117382161
158679118,291499535
158679118,71539699
158679118,59472131
158679118,310191550
158679118,2445581293
158679118,17895604
158679118,1749701
158679118,94433208
158679118,12069662
158679118,224592951
158679118,347592110
158679118,78585353
158679118,366696787
158679118,386578643
158679118,2974794395
158679118,482213111
158679118,292974901
158679118,202644851
158679118,410585472
158679118,81408740
158679118,48366436
158679118,157774596
158679118,198118653
158679118,552642329
158679118,360755975
158679118,2477486630
158679118,21246117
158679118,16542764
158679118,33962279
158679118,18684952
158679118,1372209692
158679118,249632657
158679118,7847192
158679118,1725292759
158679118,18125466
158679118,936639960
158679118,29427144
158679118,302085337
158679118,265538929
158679118,378696304
158679118,1088979654
158679118,389467386
158679118,468355712
158679118,407799968
158679118,2301234710
158679118,451735273
158679118,324924940
158679118,2172240157
158679118,2452786140
158679118,347203008
158679118,973961724
158679118,2325050700
158679118,19811190
158679118,10196452
158679118,288909699
158679118,2977900810
158679118,19744053
158679118,9378802
158679118,342705072
158679118,281093434
158679118,77528520
158679118,2751594014
158679118,20925136
158679118,1647671376
158679118,595961787
158679118,74178354
158679118,49331017
158679118,227319854
158679118,38394787
158679118,198321619
158679118,55662608
158679118,632836002
158679118,242389080
158679118,21810329
158679118,68731351
158679118,167738011
158679118,44937745
158679118,504914052
158679118,1281625399
158679118,15343804
158679118,104298598
158679118,16826367
158679118,102458467
158679118,112873259
158679118,18460290
158679118,19864682
158679118,272401679
158679118,88928275
158679118,391945446
158679118,140133595
158679118,449951300
158679118,146101077
158679118,796413882
158679118,1380410526
158679118,308677137
158679118,339846503
158679118,533082734
158679118,948552829
158679118,1249695476
158679118,1485429175
158679118,1492759764
158679118,1558588135
158679118,2190755568
158679118,2351820624
158679118,2461432297
158679118,2466169957
158679118,2467689584
158679118,2574335359
158679118,2606242467
158679118,2615232002
158679118,154391771
158679118,392199690
158679118,2419290031
158679118,2722185202
158679118,2803444640
158679118,3247658471
158679118,2447738125
158679118,269895242
158679118,48339953
158679118,439463212
158679118,28301234
158679118,88184493
158679118,20153975
158679118,83611277
158679118,1875717132
158679118,158021529
158679118,2617481322
158679118,740424272
158679118,914281548
158679118,744743599
158679118,70664947
158679118,1088593087
158679118,112413126
158679118,1300328653
158679118,209012915
158679118,19300315
158679118,22426254
158679118,234747378
158679118,125995973
158679118,217616314
158679118,36048614
158679118,93156238
158679118,48075128
158679118,33670311
158679118,22053725
158679118,20926521
158679118,716155728
158679118,875062916
158679118,233145352
158679118,3127685376
158679118,96132243
158679118,322531105
158679118,2396056585
158679118,2317789460
158679118,2656533409
158679118,171626361
158679118,214215786
158679118,1111112300
158679118,2791614072
158679118,172672986
158679118,2826297498
158679118,93834793
158679118,246197634
158679118,87457811
158679118,278569205
158679118,172431690
158679118,577905063
158679118,56360098
158679118,80870072
158679118,251752579
158679118,388368410
158679118,795891246
158679118,275572129
158679118,240251200
158679118,17039236
158679118,2190798482
158679118,22558481
158679118,1304562594
158679118,2385310698
158679118,43505930
158679118,1114675538
158679118,3129707609
158679118,1291095482
158679118,1254677564
158679118,217705537
158679118,31136679
158679118,481234766
158679118,112439613
158679118,409099322
158679118,326686828
158679118,476142509
158679118,498721241
158679118,2979834868
158679118,2835038441
158679118,362343279
158679118,2964489641
158679118,3289913049
158679118,2362862240
158679118,20521077
158679118,19230069
158679118,21388598
158679118,419609718
158679118,212592239
158679118,312641078
158679118,2491313472
158679118,3033357393
158679118,2316693373
158679118,557488583
158679118,18096679
158679118,104154637
158679118,46090688
158679118,29709009
158679118,123209551
158679118,67278225
158679118,28066013
158679118,610232748
158679118,1030730444
158679118,14625294
158679118,2188074146
158679118,25868679
158679118,60846834
158679118,2716825429
158679118,15021148
158679118,326694895
158679118,1637368231
158679118,427502845
158679118,379325675
158679118,292917443
158679118,154267456
158679118,964232527
158679118,50295156
158679118,280976134
158679118,80913618
158679118,726074215
158679118,17752816
158679118,472335341
158679118,858076459
158679118,581351672
158679118,784558332
158679118,411017552
158679118,69860260
158679118,69002929
158679118,1512855907
158679118,2369668423
158679118,538328523
158679118,312705486
158679118,25484881
158679118,466466267
158679118,575835078
158679118,3031587432
158679118,498317449
158679118,471354658
158679118,173929268
158679118,314058151
158679118,617644406
158679118,29956463
158679118,474254923
158679118,2791855536
158679118,162427574
158679118,56063774
158679118,200461396
158679118,518582799
158679118,483302252
158679118,70925284
158679118,1920431011
158679118,2613385747
158679118,17429668
158679118,114466637
158679118,2526408671
158679118,47991216
158679118,57039654
158679118,222038332
158679118,51681636
158679118,2834068420
158679118,442262586
158679118,357671448
158679118,25152125
158679118,376920145
158679118,348469637
158679118,1304564586
158679118,207525510
158679118,255123295
158679118,1588338979
158679118,424975108
158679118,2803561536
158679118,572019499
158679118,467819003
158679118,149547221
158679118,8671262
158679118,28451200
158679118,102824041
158679118,1960825746
158679118,279642533
158679118,1480749782
158679118,18814998
158679118,23429715
158679118,130190749
158679118,79007118
158679118,49529442
158679118,2601233845
158679118,869463852
158679118,2182865641
158679118,496278040
158679118,156322365
158679118,24870188
158679118,2645588154
158679118,67397583
158679118,2545550377
158679118,328444884
158679118,12245632
158679118,18940281
158679118,42935670
158679118,1253951312
158679118,161307853
158679118,418590070
158679118,1861014648
158679118,357366153
158679118,435723169
158679118,1389135974
158679118,1867428914
158679118,2325511164
158679118,775905186
158679118,486447664
158679118,905548862
158679118,1399269518
158679118,1193045659
158679118,29213506
158679118,52789659
158679118,248288597
158679118,1562961949
158679118,14385336
158679118,20235682
158679118,43871098
158679118,24519519
158679118,21638168
158679118,166595532
158679118,222138104
158679118,389510244
158679118,20200074
158679118,122371085
158679118,22362552
158679118,38407430
158679118,14461814
158679118,306756011
158679118,17710206
158679118,89134471
158679118,115010603
158679118,41845823
158679118,429001160
158679118,156561882
158679118,6931762
158679118,474910079
158679118,1633453286
158679118,23444635
158679118,1444379072
158679118,148306041
158679118,899819521
158679118,129594404
158679118,223545375
158679118,81867033
158679118,17290902
158679118,828942684
158679118,1378958532
158679118,18483956
158679118,858718512
158679118,962113238
158679118,270296495
158679118,6134882
158679118,2731769000
158679118,368570186
158679118,2613612890
158679118,152430528
158679118,155211550
158679118,48362049
158679118,2397043430
158679118,1583092856
158679118,241940777
158679118,47319736
158679118,2289956294
158679118,48407622
158679118,62442994
158679118,20796069
158679118,124418093
158679118,154652598
158679118,1622783882
158679118,106443767
158679118,947078040
158679118,16345369
158679118,1314177962
158679118,255037440
158679118,161315366
158679118,344621545
158679118,68722342
158679118,1309747447
158679118,1722640027
158679118,1412766098
158679118,899959304
158679118,1728910386
158679118,49383083
158679118,33683331
158679118,634496564
158679118,1240391047
158679118,1326653898
158679118,91808882
158679118,1052734094
158679118,320110317
158679118,838100912
158679118,495205532
158679118,564841728
158679118,371154135
158679118,36777600
158679118,24978804
158679118,15181309
158679118,522372410
158679118,43856403
158679118,217215803
158679118,3332415328
158679118,127908397
158679118,244929755
158679118,448694372
158679118,360108301
158679118,402610872
158679118,557575116
158679118,63670539
158679118,402048293
158679118,576105057
158679118,61163836
158679118,510438177
158679118,343462878
158679118,1555604515
158679118,1270142948
158679118,2907690561
158679118,861173197
158679118,1977920077
158679118,18632368
158679118,575142277
158679118,3299765189
158679118,210041432
158679118,53432624
158679118,950202054
158679118,33485874
158679118,254925633
158679118,2730500325
158679118,456802508
158679118,165780655
158679118,21100400
158679118,3240213023
158679118,3304466271
158679118,218770932
158679118,241272564
158679118,25051152
158679118,2247149086
158679118,3309139420
158679118,465965880
158679118,30818437
158679118,40920492
158679118,1871007926
158679118,2819704756
158679118,43351263
158679118,589193485
158679118,12233422
158679118,2166389604
158679118,266579669
158679118,2317376480
158679118,90379972
158679118,2212466628
158679118,2286056016
158679118,235133746
158679118,213326209
158679118,360843065
158679118,3395203851
158679118,331121544
158679118,560460861
158679118,92034115
158679118,223551441
158679118,169432116
158679118,625548073
158679118,128505500
158679118,17142046
158679118,2151353022
158679118,20241859
158679118,46609842
158679118,947564096
158679118,90721963
158679118,1628323452
158679118,2841807831
158679118,324194509
158679118,901708806
158679118,3393504197
158679118,1493824074
158679118,186393791
158679118,2568769808
158679118,857773669
158679118,408741963
158679118,292229281
158679118,2493289561
158679118,781939909
158679118,254947242
158679118,3264486358
158679118,3289713977
158679118,183430693
158679118,2202869202
158679118,1937534324
158679118,221667898
158679118,1816739971
158679118,183546299
158679118,299014511
158679118,204809067
158679118,105757677
158679118,605583548
158679118,410101821
158679118,169407655
158679118,21083916
158679118,1869115328
158679118,3070072071
158679118,145118538
158679118,2159264468
158679118,622376253
158679118,271506608
158679118,602011269
158679118,2219984809
158679118,27302348
158679118,789927199
158679118,86989902
158679118,20357820
158679118,2828057292
158679118,2903632683
158679118,624846544
158679118,26786894
158679118,621713
158679118,2844175299
158679118,1670601139
158679118,19017675
158679118,108882900
158679118,26586771
158679118,351009963
158679118,30873896
158679118,2559483123
158679118,2239747586
158679118,2801885037
158679118,2607360637
158679118,1536804174
158679118,25980581
158679118,952267464
158679118,401472314
158679118,920895180
158679118,17576181
158679118,192877061
158679118,121171051
158679118,1374924439
158679118,263243802
158679118,252491320
158679118,202610289
158679118,401926357
158679118,85794542
158679118,106781642
158679118,1342091918
158679118,19125817
158679118,2853301781
158679118,1586893346
158679118,817257894
158679118,1731914616
158679118,2280457742
158679118,14331293
158679118,484612964
158679118,79140283
158679118,284222059
158679118,22495264
158679118,49129140
158679118,205315827
158679118,244027231
158679118,335207117
158679118,304909941
158679118,127625962
158679118,95699146
158679118,21111483
158679118,7086822
158679118,17990493
158679118,54955991
158679118,393935262
158679118,338581352
158679118,20505770
158679118,381932497
158679118,396558936
158679118,50454809
158679118,806850055
158679118,386484588
158679118,1091705544
158679118,4808861
158679118,928499312
158679118,226541132
158679118,453815493
158679118,567261149
158679118,106110469
158679118,18512892
158679118,324983207
158679118,95631693
158679118,322529131
158679118,615011876
158679118,835659450
158679118,306115656
158679118,86554647
158679118,161243998
158679118,469403632
158679118,6310082
158679118,2305677396
158679118,1337268097
158679118,38379709
158679118,495070338
158679118,461889896
158679118,89286622
158679118,336007986
158679118,30852546
158679118,634616027
158679118,504643112
158679118,27520838
158679118,50297318
158679118,337725449
158679118,1933749384
158679118,119155159
158679118,1460313109
158679118,206219341
158679118,2453251992
158679118,125800364
158679118,7845662
158679118,175029793
158679118,229602755
158679118,135494243
158679118,1330022240
158679118,2761984624
158679118,15269646
158679118,72277900
158679118,90847585
158679118,486495400
158679118,20378608
158679118,414648280
158679118,2334732225
158679118,240684422
158679118,56115113
158679118,596377986
158679118,22933218
158679118,50415505
158679118,40212803
158679118,228673882
158679118,431956637
158679118,627200944
158679118,1510780328
158679118,106709545
158679118,1397465029
158679118,1374683634
158679118,24181511
158679118,211175054
158679118,415758245
158679118,29180679
158679118,1354570123
158679118,546944470
158679118,829060856
158679118,826743260
158679118,366037745
158679118,898469210
158679118,73607865
158679118,470099591
158679118,1433886583
158679118,316313876
158679118,478240587
158679118,36217210
158679118,1076491266
158679118,12754062
158679118,20640392
158679118,48363930
158679118,3151845088
158679118,45349095
158679118,18351840
158679118,47409343
158679118,511033432
158679118,608971524
158679118,1860282156
158679118,414039912
158679118,45103986
158679118,901579873
158679118,18264824
158679118,137369125
158679118,516763564
158679118,450074804
158679118,2839383963
158679118,3288395565
158679118,54549826
158679118,69009732
158679118,59790649
158679118,3305994758
158679118,2915178783
158679118,977010265
158679118,821996706
158679118,21312514
158679118,50064444
158679118,606168400
158679118,475678078
158679118,1620098652
158679118,1930098494
158679118,44920774
158679118,2983917539
158679118,523248351
158679118,771078530
158679118,492590266
158679118,486485524
158679118,249384564
158679118,2182307232
158679118,175072012
158679118,510499013
158679118,523054177
158679118,1635032052
158679118,92719494
158679118,575499163
158679118,105231032
158679118,2833510397
158679118,45109148
158679118,121484599
158679118,110978629
158679118,572634167
158679118,18648383
158679118,303817879
158679118,29083969
158679118,26720849
158679118,19904685
158679118,831827372
158679118,13239782
158679118,25705151
158679118,53954514
158679118,119539537
158679118,235342527
158679118,2475896714
158679118,29242893
158679118,28402595
158679118,45605628
158679118,2369997787
158679118,14259768
158679118,16484444
158679118,189376144
158679118,146794087
158679118,2217908346
158679118,3302830935
158679118,193786214
158679118,1485539905
158679118,177606295
158679118,21361106
158679118,17018765
158679118,22313978
158679118,275346786
158679118,3327097869
158679118,1111162147
158679118,1313814055
158679118,90629303
158679118,260380276
158679118,2401485709
158679118,2547737216
158679118,30967853
158679118,142425191
158679118,19541238
158679118,44937090
158679118,84300577
158679118,703677152
158679118,917105298
158679118,2303778948
158679118,474065017
158679118,28640933
158679118,518660800
158679118,618868411
158679118,14389093
158679118,2348222067
158679118,3306601618
158679118,1474335595
158679118,39776400
158679118,23930852
158679118,284487337
158679118,21403180
158679118,82848745
158679118,16079417
158679118,378273223
158679118,1133959957
158679118,3320897369
158679118,1637909371
158679118,3340988302
158679118,81875677
158679118,107722135
158679118,390412696
158679118,502205330
158679118,2773303852
158679118,602159040
158679118,2709920912
158679118,2214003162
158679118,1303031792
158679118,14621282
158679118,120169596
158679118,86090968
158679118,18047862
158679118,17965092
158679118,1081459807
158679118,5734902
158679118,8720562
158679118,114508061
158679118,328674586
158679118,330976924
158679118,5715752
158679118,3197921
158679118,280438465
158679118,118804797
158679118,2799685363
158679118,44395938
158679118,23751864
158679118,219482400
158679118,2437353162
158679118,91930527
158679118,15734027
158679118,364766460
158679118,816653
158679118,473424043
158679118,72006142
158679118,155281220
158679118,36420621
158679118,912166686
158679118,14465184
158679118,42329259
158679118,21196759
158679118,1514741750
158679118,1707490597
158679118,107376276
158679118,2291151571
158679118,25254015
158679118,1911112620
158679118,68964628
158679118,58738386
158679118,3118760643
158679118,16047779
158679118,303047410
158679118,76616401
158679118,2240459337
158679118,967063069
158679118,20663500
158679118,36665547
158679118,15425377
158679118,267399199
158679118,20536157
158679118,2177841966
158679118,609003117
158679118,2917394507
158679118,2599409586
158679118,923778852
158679118,944982049
158679118,19655999
158679118,258366589
158679118,150574280
158679118,364752979
158679118,2967955709
158679118,393630354
158679118,3326924265
158679118,2348668530
158679118,45909386
158679118,2645325126
158679118,1108382916
158679118,18762875
158679118,1014267936
158679118,49710565
158679118,12588712
158679118,2389235778
158679118,2925899578
158679118,241926029
158679118,18549724
158679118,44853940
158679118,3152546382
158679118,18541636
158679118,505704340
158679118,1070597580
158679118,254505959
158679118,373009464
158679118,316912902
158679118,1551075726
158679118,112691519
158679118,878670876
158679118,3233446048
158679118,89931361
158679118,531355345
158679118,3080592478
158679118,986670360
158679118,101527317
158679118,18639738
158679118,2941277877
158679118,2731529351
158679118,291824230
158679118,65705523
158679118,17894200
158679118,17614849
158679118,9862752
158679118,26640544
158679118,2836184944
158679118,240253625
158679118,787678
158679118,62835877
158679118,3169344845
158679118,1260521084
158679118,52424550
158679118,21334179
158679118,351677184
158679118,49668135
158679118,17310646
158679118,18588815
158679118,247441640
158679118,415463107
158679118,399854903
158679118,217758017
158679118,463764012
158679118,2289496675
158679118,176411812
158679118,570228287
158679118,3013639482
158679118,1275700999
158679118,45800689
158679118,1260337044
158679118,232880123
158679118,377374408
158679118,2811022140
158679118,36030252
158679118,22712651
158679118,41437574
158679118,237351653
158679118,17990329
158679118,185630556
158679118,331629609
158679118,29826308
158679118,1724691990
158679118,52872463
158679118,544697688
158679118,902334967
158679118,79231168
158679118,70085972
158679118,1262072485
158679118,3108011055
158679118,2615239693
158679118,2804154672
158679118,1070671584
158679118,3097534552
158679118,1386535182
158679118,45134974
158679118,2459752261
158679118,2962784973
158679118,103094217
158679118,50242581
158679118,58300699
158679118,397899175
158679118,63500267
158679118,2394252247
158679118,52680719
158679118,104217434
158679118,422479459
158679118,311643818
158679118,845222107
158679118,47679064
158679118,134212788
158679118,79498539
158679118,131203574
158679118,1526136612
158679118,546294508
158679118,1712959897
158679118,901478892
158679118,2338213146
158679118,2301925466
158679118,2867331613
158679118,600753884
158679118,15061067
158679118,16310371
158679118,13106862
158679118,74474175
158679118,34594366
158679118,2533091000
158679118,2197349300
158679118,780894835
158679118,48987319
158679118,22795435
158679118,25260372
158679118,149445588
158679118,1859972731
158679118,2883327076
158679118,189082017
158679118,14687552
158679118,40521177
158679118,192881357
158679118,234786485
158679118,59132894
158679118,179502145
158679118,36332848
158679118,419495021
158679118,221330045
158679118,20233791
158679118,17284228
158679118,2969760609
158679118,2871402869
158679118,406568554
158679118,190670597
158679118,271818981
158679118,340396286
158679118,2485905968
158679118,136700403
158679118,110682734
158679118,341542748
158679118,36325548
158679118,155884940
158679118,75301219
158679118,49952674
158679118,15723414
158679118,33569853
158679118,47948180
158679118,2785226656
158679118,263176702
158679118,165666670
158679118,26725415
158679118,16589206
158679118,1002351
158679118,710807087
158679118,296298630
158679118,39713727
158679118,16143105
158679118,18311010
158679118,2737121472
158679118,28140646
158679118,333333116
158679118,138760970
158679118,32359921
158679118,2910336210
158679118,439964641
158679118,106323953
158679118,3024638555
158679118,2361672228
158679118,897403670
158679118,5988062
158679118,18213483
158679118,1391787330
158679118,87668877
158679118,169021842
158679118,419144259
158679118,87818409
158679118,14700316
158679118,577047809
158679118,564813880
158679118,472412809
158679118,20713331
158679118,2884164946
158679118,126790152
158679118,24864675
158679118,2478546254
158679118,330250653
158679118,620167725
158679118,89784381
158679118,192231325
158679118,3037108702
158679118,19649135
158679118,2963966560
158679118,16343974
158679118,1527214177
158679118,24732180
158679118,2356914211
158679118,121171958
158679118,3001017713
158679118,1148907787
158679118,133236697
158679118,333472801
158679118,612374303
158679118,3044834795
158679118,147843867
158679118,466687095
158679118,387307614
158679118,2844920420
158679118,1342150039
158679118,2991797194
158679118,8792192
158679118,1133913348
158679118,429664242
158679118,20781527
158679118,2248566488
158679118,36326893
158679118,2589214998
158679118,219991066
158679118,2415900122
158679118,823415005
158679118,83814679
158679118,370036504
158679118,1019707573
158679118,255941376
158679118,283806364
158679118,227273338
158679118,239355315
158679118,398649958
158679118,124690469
158679118,356902110
158679118,34570323
158679118,34294667
158679118,36383320
158679118,20230015
158679118,31444568
158679118,34867057
158679118,8460572
158679118,364513528
158679118,20224969
158679118,90648421
158679118,21101201
158679118,21001033
158679118,331017713
158679118,140461867
158679118,35200436
158679118,39793149
158679118,372182708
158679118,117027371
158679118,471516779
158679118,989721121
158679118,473678329
158679118,324390544
158679118,154183852
158679118,2981257917
158679118,744929305
158679118,523704145
158679118,245481541
158679118,2831637170
158679118,2786900559
158679118,1222553491
158679118,14784765
158679118,123899976
158679118,22369602
158679118,78014151
158679118,165786404
158679118,364879896
158679118,2876637880
158679118,106440767
158679118,25079221
158679118,29442313
158679118,2834511
158679118,245720591
158679118,326071624
158679118,2801562730
158679118,2945547448
158679118,168166099
158679118,42060622
158679118,307826016
158679118,2347205454
158679118,755011464
158679118,9300262
158679118,246262362
158679118,48006446
158679118,19050000
158679118,477630297
158679118,94056673
158679118,51738266
158679118,2841124503
158679118,49446130
158679118,590152667
158679118,35332405
158679118,2872161425
158679118,775605266
158679118,42851073
158679118,2194570908
158679118,19976004
158679118,74519287
158679118,201713007
158679118,454947915
158679118,130157278
158679118,32392348
158679118,171691486
158679118,95634286
158679118,988900345
158679118,2805926353
158679118,1391776140
158679118,2687237153
158679118,1139295860
158679118,2246275789
158679118,58281134
158679118,2867454101
158679118,2820447172
158679118,27819449
158679118,2648967667
158679118,2888929584
158679118,2697437910
158679118,1924350494
158679118,26468518
158679118,1465367582
158679118,101799425
158679118,42368462
158679118,111554274
158679118,2808660111
158679118,2811224469
158679118,712127443
158679118,1339795584
158679118,1234029660
158679118,2289517477
158679118,360160972
158679118,347916850
158679118,385377678
158679118,2861232334
158679118,360659189
158679118,2858939308
158679118,19233129
158679118,499900882
158679118,19534873
158679118,29422232
158679118,19704663
158679118,2647472558
158679118,66687136
158679118,229216924
158679118,23318055
158679118,2613274158
158679118,533552612
158679118,2650351980
158679118,2850290531
158679118,235084558
158679118,242798113
158679118,365088244
158679118,90886487
158679118,191386707
158679118,2490177535
158679118,1106482400
158679118,6278622
158679118,298440997
158679118,246374974
158679118,5120691
158679118,81119708
158679118,254069879
158679118,278427495
158679118,260654380
158679118,484872080
158679118,36349838
158679118,145956794
158679118,1008691873
158679118,36996491
158679118,2848035755
158679118,921172267
158679118,2699172384
158679118,1950256249
158679118,32357365
158679118,2844758625
158679118,2315521236
158679118,861307909
158679118,2720634765
158679118,214980972
158679118,16837284
158679118,270092856
158679118,26311812
158679118,135995223
158679118,91115300
158679118,150557711
158679118,474062894
158679118,145696610
158679118,114708182
158679118,25985520
158679118,911826462
158679118,108274364
158679118,216125835
158679118,344027276
158679118,14108583
158679118,19990293
158679118,409287136
158679118,2745708278
158679118,1086987368
158679118,130596773
158679118,47399805
158679118,28114621
158679118,253559762
158679118,823702368
158679118,116009193
158679118,278236303
158679118,220413569
158679118,1217748024
158679118,141999156
158679118,248600714
158679118,348554765
158679118,319593936
158679118,7197752
158679118,2278996542
158679118,60104479
158679118,54222477
158679118,83593936
158679118,568601988
158679118,100794900
158679118,229047322
158679118,421163127
158679118,3108351
158679118,89785537
158679118,134766850
158679118,35444542
158679118,2209587874
158679118,2419359804
158679118,1181374747
158679118,221678618
158679118,1058066274
158679118,240201514
158679118,57357219
158679118,194192721
158679118,6426552
158679118,2813112364
158679118,393637870
158679118,19529258
158679118,110191018
158679118,29577436
158679118,47288381
158679118,17448796
158679118,103152299
158679118,2494327693
158679118,937417056
158679118,38392000
158679118,41383814
158679118,2530314205
158679118,57291021
158679118,55182051
158679118,44019567
158679118,904049108
158679118,21562939
158679118,1023836839
158679118,18525497
158679118,14784684
158679118,1952085883
158679118,150770599
158679118,631109702
158679118,563067557
158679118,14394496
158679118,802907868
158679118,49072100
158679118,76887333
158679118,140773166
158679118,726372601
158679118,142230413
158679118,198894910
158679118,73349899
158679118,286726803
158679118,392808933
158679118,205253713
158679118,109278136
158679118,385358076
158679118,1178979050
158679118,296110474
158679118,1879365908
158679118,2803587655
158679118,360554541
158679118,295713773
158679118,904189314
158679118,49969012
158679118,500641978
158679118,150609048
158679118,1864448106
158679118,1551471600
158679118,1951594375
158679118,23746425
158679118,17878804
158679118,57626153
158679118,170276836
158679118,394183289
158679118,1128071294
158679118,97005863
158679118,375146901
158679118,19232649
158679118,2599249849
158679118,205750967
158679118,1545333888
158679118,232242473
158679118,28565356
158679118,20058825
158679118,1586266080
158679118,2438273430
158679118,575269517
158679118,2220009464
158679118,610584611
158679118,158342368
158679118,460163041
158679118,474073938
158679118,2424047370
158679118,190588690
158679118,332725337
158679118,156289017
158679118,1101399690
158679118,16003760
158679118,381496644
158679118,27429238
158679118,1329467786
158679118,430250670
158679118,2176970786
158679118,454026189
158679118,1726252728
158679118,1498419390
158679118,2279751087
158679118,19370154
158679118,1304698777
158679118,2741560737
158679118,962016662
158679118,258858154
158679118,593583368
158679118,1579977954
158679118,2315587190
158679118,2339935604
158679118,2479348658
158679118,358083393
158679118,49950808
158679118,1962977155
158679118,1563041652
158679118,340386211
158679118,55031092
158679118,199332207
158679118,149993196
158679118,348347735
158679118,51746591
158679118,2220247464
158679118,434525445
158679118,181912222
158679118,232181626
158679118,43081691
158679118,295617117
158679118,376776031
158679118,1686292706
158679118,14860401
158679118,991139928
158679118,544586001
158679118,228053073
158679118,5771252
158679118,196131308
158679118,606219091
158679118,221240155
158679118,2352094645
158679118,14670361
158679118,16116519
158679118,951354751
158679118,31413364
158679118,355400268
158679118,1092222690
158679118,36205090
158679118,309032431
158679118,1847288186
158679118,1909144490
158679118,119474264
158679118,30002070
158679118,199606998
158679118,42478535
158679118,2203297622
158679118,337969292
158679118,813523692
158679118,31193470
158679118,45360352
158679118,113583713
158679118,166509226
158679118,21707498
158679118,145297666
158679118,1603758744
158679118,2355316779
158679118,2578600004
158679118,322933929
158679118,572432318
158679118,49436307
158679118,13834402
158679118,109898277
158679118,75868325
158679118,57648143
158679118,1262134932
158679118,1133850625
158679118,219624742
158679118,329586626
158679118,2168408323
158679118,429383854
158679118,612528641
158679118,1463140742
158679118,381540723
158679118,182404196
158679118,116407356
158679118,31417167
158679118,2577042428
158679118,75754200
158679118,19304969
158679118,2695681140
158679118,454779231
158679118,408445751
158679118,119434647
158679118,520021053
158679118,38741262
158679118,835417375
158679118,2256741062
158679118,989616480
158679118,579702107
158679118,83590725
158679118,403353663
158679118,586606807
158679118,24367418
158679118,1966349533
158679118,849071016
158679118,90014101
158679118,868628960
158679118,68806595
158679118,171654494
158679118,2449391192
158679118,318332175
158679118,716640056
158679118,1294551798
158679118,2288266503
158679118,15930919
158679118,186388523
158679118,176905010
158679118,1048386452
158679118,910629895
158679118,380226093
158679118,310221185
158679118,18721034
158679118,2478118033
158679118,82912952
158679118,815107976
158679118,25478495
158679118,145293872
158679118,179518577
158679118,38625677
158679118,224630049
158679118,407983118
158679118,371313804
158679118,229114172
158679118,210861627
158679118,419024301
158679118,429421233
158679118,259674242
158679118,1216941080
158679118,311926204
158679118,566425272
158679118,540016500
158679118,20770862
158679118,229062032
158679118,109569878
158679118,313222535
158679118,41387380
158679118,313232265
158679118,14861745
158679118,81400744
158679118,254196211
158679118,220778819
158679118,33862550
158679118,375686029
158679118,212292092
158679118,47908111
158679118,132545278
158679118,17465741
158679118,86029069
158679118,931767264
158679118,342046230
158679118,18016160
158679118,77963355
158679118,230849793
158679118,33248043
158679118,1369422020
158679118,1020007537
158679118,607946179
158679118,12593052
158679118,32393140
158679118,1040088108
158679118,1135141640
158679118,1368850908
158679118,20399735
158679118,378480926
158679118,1585889305
158679118,14691032
158679118,213724443
158679118,109288334
158679118,194048338
158679118,30202381
158679118,192993369
158679118,856010760
158679118,2369520374
158679118,166102184
158679118,42072558
158679118,2162942852
158679118,429065822
158679118,2180126766
158679118,183213553
158679118,197438759
158679118,819843415
158679118,1379066754
158679118,1357103058
158679118,707727883
158679118,19227096
158679118,2348739600
158679118,23056912
158679118,491427365
158679118,45608717
158679118,187965811
158679118,1328867023
158679118,161240495
158679118,149299258
158679118,144483627
158679118,308328105
158679118,596670077
158679118,2421073909
158679118,2179865592
158679118,1347250338
158679118,1149068857
158679118,20228586
158679118,18901336
158679118,610994783
158679118,2289930074
158679118,1080566096
158679118,2194389229
158679118,336089942
158679118,560188351
158679118,104777237
158679118,99914275
158679118,2370090686
158679118,854441570
158679118,1176161988
158679118,171153229
158679118,42183750
158679118,25509816
158679118,1525524354
158679118,2293287188
158679118,28773799
158679118,24899436
158679118,303885267
158679118,1113993006
158679118,25104112
158679118,117761523
158679118,2482719410
158679118,1498593469
158679118,89431845
158679118,2413938919
158679118,106446573
158679118,143828745
158679118,2181822230
158679118,961162933
158679118,1908955080
158679118,2396307799
158679118,97175299
158679118,1489959858
158679118,2201273766
158679118,150219392
158679118,2650816627
158679118,1060101655
158679118,509288627
158679118,2232167227
158679118,1483429232
158679118,83656555
158679118,287725645
158679118,2174372874
158679118,1934463319
158679118,239862568
158679118,1557028850
158679118,25555639
158679118,19422447
158679118,234035533
158679118,167328296
158679118,92233525
158679118,404894090
158679118,2472445567
158679118,415475621
158679118,1870771148
158679118,32937417
158679118,38823427
158679118,106364904
158679118,109241118
158679118,141158796
158679118,79155037
158679118,294028805
158679118,409655680
158679118,994734272
158679118,20840441
158679118,19981036
158679118,412303032
158679118,1731731006
158679118,499811217
158679118,990802033
158679118,317650146
158679118,56405441
158679118,116729780
158679118,22481098
158679118,201201906
158679118,50344099
158679118,119056068
158679118,105840904
158679118,111388931
158679118,257415817
158679118,71556008
158679118,20503242
158679118,22627258
158679118,233978509
158679118,188736341
158679118,1222717968
158679118,239767060
158679118,147672009
158679118,280227352
158679118,306868006
158679118,341775350
158679118,473764567
158679118,588267239
158679118,81656841
158679118,2543494423
158679118,2611828850
158679118,1129383811
158679118,102779101
158679118,898008762
158679118,2234800620
158679118,201681920
158679118,165231292
158679118,2548283263
158679118,238242018
158679118,1907248850
158679118,27762615
158679118,2382323167
158679118,561162769
158679118,2362797030
158679118,799200042
158679118,848289644
158679118,2292454922
158679118,28194831
158679118,581318317
158679118,2195728093
158679118,2422052586
158679118,563942720
158679118,82447928
158679118,1735063320
158679118,226146962
158679118,301415848
158679118,181917248
158679118,2365672292
158679118,299878326
158679118,15290213
158679118,2411211870
158679118,169426475
158679118,1638900900
158679118,53017384
158679118,23132770
158679118,218901217
158679118,263664482
158679118,1313996917
158679118,109534499
158679118,601811574
158679118,324651631
158679118,531328950
158679118,163847606
158679118,347060029
158679118,493370166
158679118,1864836816
158679118,102998523
158679118,1468396627
158679118,254192684
158679118,424583710
158679118,461080959
158679118,438134588
158679118,949341888
158679118,1943680694
158679118,21100803
158679118,472079320
158679118,1400804851
158679118,131820370
158679118,177920878
158679118,1262019306
158679118,2232775670
158679118,2219606635
158679118,1926048583
158679118,1006366123
158679118,426944518
158679118,19763877
158679118,407347022
158679118,313920359
158679118,18720978
158679118,784811166
158679118,23339387
158679118,126031327
158679118,131935861
158679118,134350521
158679118,258790331
158679118,349082490
158679118,1860214188
158679118,1951073846
158679118,398651535
158679118,76764410
158679118,706595600
158679118,224418974
158679118,1933510590
158679118,1710368790
158679118,487393533
158679118,1361788304
158679118,1498076587
158679118,1605799033
158679118,1843593486
158679118,252268498
158679118,620689961
158679118,87393180
158679118,1734602917
158679118,10313032
158679118,951333319
158679118,951347707
158679118,960212832
158679118,1221108739
158679118,523127115
158679118,399105371
158679118,1702089595
158679118,1595349770
158679118,1311173616
158679118,268059310
158679118,387797068
158679118,102918775
158679118,1513718124
158679118,1502429862
158679118,1165470577
158679118,488460037
158679118,507688852
158679118,488054609
158679118,278020492
158679118,25341283
158679118,29958529
158679118,240640676
158679118,47350606
158679118,42378378
158679118,371154002
158679118,22607614
158679118,972052686
158679118,267404344
158679118,850713475
158679118,259323371
158679118,251077629
158679118,1343714233
158679118,95403486
158679118,1228125061
158679118,144238332
158679118,1294603230
158679118,400053935
158679118,1225071811
158679118,1227578250
158679118,1227524245
158679118,1197967508
158679118,962012749
158679118,1207640215
158679118,1169233927
158679118,531225089
158679118,1192644307
158679118,318490716
158679118,250157926
158679118,142696927
158679118,198949246
158679118,497211964
158679118,18955506
158679118,18628289
158679118,370760631
158679118,208517176
158679118,19722343
158679118,510234368
158679118,16804902
158679118,139661393
158679118,61725307
158679118,493307889
158679118,1011129121
158679118,12213402
158679118,1067902052
158679118,17780822
158679118,17105128
158679118,16297777
158679118,42018575
158679118,248726341
158679118,56428691
158679118,191409618
158679118,1017318642
158679118,22614847
158679118,247349524
158679118,206717989
158679118,250038860
158679118,348977450
158679118,372490519
158679118,637227338
158679118,270960270
158679118,109570633
158679118,314504512
158679118,365556736
158679118,436613823
158679118,275728568
158679118,424740390
158679118,164667240
158679118,500635930
158679118,64192042
158679118,183944767
158679118,14450057
158679118,321575853
158679118,121413335
158679118,17839398
158679118,180415006
158679118,153375558
158679118,16737050
158679118,270415156
158679118,22759754
158679118,14275261
158679118,50393960
158679118,61542667
158679118,50391450
158679118,68736297
158679118,336218991
158679118,132586035
158679118,29562655
158679118,10880202
158679118,28139873
158679118,217422465
158679118,14460250
158679118,18950544
158679118,424093888
158679118,820190174
158679118,18160106
158679118,869894239
158679118,21508959
158679118,576675491
158679118,237222584
158679118,873777758
158679118,303761794
158679118,552562303
158679118,36347303
158679118,29438484
158679118,391332770
158679118,249670742
158679118,725815213
158679118,771383605
158679118,424215348
158679118,587434876
158679118,413969928
158679118,832884763
158679118,360541000
158679118,83561886
158679118,575160556
158679118,12457532
158679118,50290123
158679118,205689342
158679118,90673584
158679118,304379137
158679118,154174463
158679118,20735038
158679118,9769712
158679118,455223176
158679118,54181373
158679118,57044449
158679118,462747348
158679118,107361478
158679118,335291108
158679118,246196874
158679118,462919798
158679118,217088474
158679118,142795710
158679118,343967237
158679118,342830626
158679118,300744871
158679118,43317911
158679118,505748969
158679118,481964948
158679118,529247064
158679118,376819013
158679118,217752780
158679118,461919971
158679118,106426994
158679118,574293020
158679118,48292410
158679118,452474576
158679118,469263260
158679118,110929302
158679118,339646302
158679118,50591603
158679118,358244059
158679118,5867842
158679118,239818784
158679118,298734224
158679118,186478607
158679118,524452728
158679118,273581084
158679118,85590185
158679118,44411598
158679118,35145147
158679118,288668776
158679118,295279278
158679118,80024060
158679118,479587052
158679118,576063229
158679118,21753091
158679118,300868563
158679118,313510104
158679118,304876789
158679118,334777310
158679118,17675072
158679118,97268285
158679118,275673712
158679118,460005853
158679118,52000483
158679118,19530334
158679118,258269139
158679118,469280888
158679118,358134245
158679118,83466368
158679118,568122033
158679118,16348549
158679118,257516169
158679118,471207044
158679118,59394443
158679118,318306599
158679118,289813776
158679118,376775023
158679118,94529866
158679118,410070653
158679118,32429400
158679118,17133897
158679118,167419922
158679118,322817239
158679118,377976301
158679118,17487476
158679118,115660120
158679118,392741474
158679118,187460404
158679118,161801527
158679118,108631068
158679118,44199807
158679118,48163821
158679118,73760208
158679118,316679638
158679118,268357486
158679118,420461348
158679118,460966881
158679118,412174660
158679118,298021072
158679118,205172946
158679118,419705051
158679118,429086381
158679118,84571957
158679118,80803819
158679118,56392389
158679118,50995683
158679118,381021987
158679118,17131762
158679118,343937785
158679118,238169054
158679118,180290547
158679118,314496527
158679118,190218281
158679118,95148130
158679118,11480162
158679118,14808226
158679118,31451735
158679118,32891404
158679118,25984467
158679118,103534477
158679118,15255335
158679118,14048325
158679118,13098602
158679118,22901262
158679118,134760055
158679118,17870684
158679118,25999072
158679118,86001752
158679118,45013
158679118,24178101
158679118,196561432
158679118,255669531
158679118,68213392
158679118,40636766
158679118,188063559
158679118,31424112
158679118,264939893
158679118,273942998
158679118,207441433
158679118,65164439
158679118,199196447
158679118,18949452
158679118,119451002
158679118,43509969
158679118,249525398
158679118,240612761
158679118,238096056
158679118,121482231
158679118,224630490
158679118,231441971
158679118,193869889
158679118,17751344
158679118,207648473
158679118,161608154
158679118,227818863
158679118,227822033
158679118,227820810
158679118,218812123
158679118,54565813
158679118,3608071
158679118,113353016
158679118,89460567
158679118,180540061
158679118,39516018
158679118,17152448
158679118,101443330
158679118,224663627
158679118,105199930
158679118,17776189
158679118,217437011
158679118,206208000
158679118,206205469
158679118,209133967
158679118,208590571
158679118,204796371
158679118,17579431
158679118,138717046
158679118,16055280
158679118,183622298
158679118,22640712
158679118,215276593
158679118,216718059
158679118,198538431
158679118,48390963
158679118,53879771
158679118,198618575
158679118,196994616
158679118,93626010
158679118,188368109
158679118,130446825
158679118,129026706
158679118,130533092
158679118,164385217
158679118,86301869
158679118,177179008
158679118,25380551
158679118,19763668
158679118,141137711
158679118,20610385
158679118,15908631
158679118,36939069
158679118,184756856
158679118,19181035
158679118,107083701
158679118,22622911
158679118,115104596
158679118,22672180
158679118,17159707
158679118,69351973
158679118,5743162
158679118,112553367
158679118,174700333
158679118,43017642
158679118,21755551
158679118,159950527
158679118,27054706
158679118,93207353
158679118,21223877
158679118,123109597
158679118,62378166
158679118,23361712
158679118,16191477
158679118,14138724
158679118,101546101
158679118,15255580
158679118,63742481
158679118,42586014
158679118,17442320
158679118,21180347
158679118,93687642
158679118,146741647
158679118,165427987
158679118,65322179
158679118,129752303
158679118,20237435
158679118,42372786
158679118,51057646
158679118,93709885
158679118,20980622
158679118,29969008
158679118,18020811
158679118,72532632
158679118,104782747
158679118,53231591
158679118,22139099
158679118,39470862
158679118,18978192
158679118,38157355
158679118,19388729
158679118,21444977
158679118,27335898
158679118,30035057
158679118,19232927
158679118,19541556
158679118,27204646
158679118,19591600
158679118,38455020
158679118,51831438
158679118,34578176
158679118,31160859
158679118,26228880
158679118,29986675
158679118,37643162
158679118,31099936
158679118,28767771
158679118,38171370
158679118,37648891
158679118,42590805
158679118,36147876
158679118,54988878
158679118,29416670
158679118,56401290
158679118,25735272
158679118,71061262
158679118,21786064
158679118,21440665
158679118,29408230
158679118,19231330
158679118,72275541
158679118,24719387
158679118,22148841
158679118,33467605
158679118,52527152
158679118,52790548
158679118,19003991
158679118,22505142
158679118,16600393
158679118,15591808
158679118,23768867
158679118,17297759
158679118,60854424
158679118,48471410
158679118,79012102
158679118,102481767
158679118,63760873
158679118,49939236
158679118,38689870
158679118,76062231
158679118,29460107
158679118,125681393
158679118,114967719
158679118,152272088
158679118,125963722
158679118,117447071
158679118,49913379
158679118,38508530
158679118,31099528
158679118,74400653
158679118,20574329
158679118,30843842
158679118,92337227
158679118,80532808
158679118,30050899
158679118,12609292
158679118,16153562
158679118,38704343
158679118,70914570
158679118,82607949
158679118,17969699
158679118,79957685
158679118,79977102
158679118,59490293
158679118,39840294
158679118,78990577
158679118,90735882
158679118,119026752
158679118,118498428
158679118,24674765
158679118,76601190
158679118,41389093
158679118,138467892
158679118,54493347
158679118,25667702
158679118,33154963
158679118,48994998
158679118,50588871
158679118,114390197
158679118,22066767
158679118,34985699
158679118,16705726
158679118,38444282
158679118,153126206
158679118,27629974
158679118,157981564
158679118,18424797
158679118,81838067
158679118,19391273
158679118,45542386
158679118,82068157
158679118,17508218
158679118,74699534
158679118,14704278
158679118,26749778
158679118,112673776
158679118,28114871
158679118,18764018
158679118,55797987
158679118,151395664
158679118,19287037
158679118,53347647
158679118,18022037
158679118,36329597
158679118,14109084
158679118,26461674
158679118,19452793
158679118,25390350
158679118,20226248
158679118,24150634
158679118,39836631
158679118,29707536
158679118,115102341
158679118,19590009
158679118,36918513
158679118,114429252
158679118,25531164
