159291091,211696619
159291091,2164919660
159291091,11713422
159291091,547246961
159291091,2967547407
159291091,2371789428
159291091,2299803774
159291091,104250408
159291091,24094045
159291091,422135782
159291091,494095630
159291091,2584821286
159291091,878235842
159291091,177700152
159291091,264169660
159291091,306268810
159291091,142189877
159291091,239482371
159291091,2357953789
159291091,2306287023
159291091,2327408432
159291091,2300409494
159291091,2292455086
159291091,3005765446
159291091,119678172
159291091,187564239
159291091,361156547
159291091,2309408550
159291091,4634240254
159291091,197082081
159291091,1077990847
159291091,18046886
159291091,303142449
159291091,305115120
159291091,2215576828
159291091,259238913
159291091,3021676006
159291091,2809551266
159291091,3044132560
159291091,220359027
159291091,2437112695
159291091,2792182600
159291091,119548863
159291091,378493989
159291091,4383031883
159291091,191111906
159291091,228418341
159291091,907633351
159291091,794177611
159291091,1938276284
159291091,469220170
159291091,3176246350
159291091,1242105182
159291091,2829786892
159291091,248179184
159291091,175048556
159291091,4119160593
159291091,85692592
159291091,152809083
159291091,55168478
159291091,2563141286
159291091,1015610418
159291091,194517733
159291091,331020996
159291091,3973657293
159291091,610969534
159291091,312919152
159291091,299920075
159291091,397527110
159291091,305524621
159291091,221491712
159291091,376623675
159291091,338560854
159291091,19020032
159291091,250620677
159291091,243608028
159291091,1571578866
159291091,148034732
159291091,455875065
159291091,776192652
159291091,2353341670
159291091,2349088537
159291091,2935989981
159291091,2343862071
159291091,564421856
159291091,249794035
159291091,249792458
159291091,22954354
159291091,2810920260
159291091,2570928339
159291091,16600393
159291091,1493355812
159291091,93429355
159291091,3375977103
159291091,2384222526
159291091,3019961223
159291091,816178
159291091,309142071
159291091,567248905
159291091,1208905818
159291091,599537675
159291091,2432177677
159291091,172795770
159291091,160072140
159291091,132638001
159291091,135240198
159291091,225138968
159291091,171924033
159291091,2983503507
159291091,224204273
159291091,216106179
159291091,598671995
159291091,3029251635
159291091,34798360
159291091,2714771804
159291091,100731315
159291091,70724306
159291091,177965969
159291091,213796867
159291091,161439194
159291091,295751970
159291091,2432506616
159291091,303176456
159291091,2495032879
159291091,103629069
159291091,79556841
159291091,137810514
159291091,3327181637
159291091,3091376321
159291091,2956922693
159291091,3000282910
159291091,1923257546
159291091,210952398
159291091,93603495
159291091,211310847
159291091,2883243115
159291091,159119360
159291091,3055409765
159291091,466887457
159291091,2241082399
159291091,218314577
159291091,722962556
159291091,208561094
159291091,173558425
159291091,224291582
159291091,1920479725
159291091,2421319417
159291091,3014877580
159291091,150884948
159291091,144801356
159291091,132704571
159291091,38078904
159291091,2753044008
159291091,155307528
159291091,987804008
159291091,2557339668
159291091,707931426
159291091,1491180618
159291091,372812630
159291091,2537896518
159291091,368462951
159291091,169837634
159291091,386060989
159291091,225810661
159291091,2353158990
159291091,263384398
159291091,499912627
159291091,1399415898
159291091,3054369382
159291091,2675345118
159291091,346531265
159291091,279045871
159291091,398343817
159291091,164422200
159291091,424540325
159291091,146619698
159291091,255551449
159291091,96845852
159291091,208208279
159291091,1063284486
159291091,236160772
159291091,256100574
159291091,825156992
159291091,2154669434
159291091,1978455817
159291091,175230307
159291091,354280612
159291091,2827957334
159291091,232552827
159291091,2279323261
159291091,572613032
159291091,331878385
159291091,1914348618
159291091,1408478972
159291091,499751474
159291091,795723379
159291091,161340583
159291091,493992951
159291091,185734532
159291091,773725616
159291091,153136062
159291091,2715655031
159291091,1668198612
159291091,303668071
159291091,176168094
159291091,423655094
159291091,523886938
159291091,308135070
159291091,398887637
159291091,832202702
159291091,397877265
159291091,793072974
159291091,272210665
159291091,2917451548
159291091,1583005356
159291091,154390046
159291091,135650343
159291091,2154082686
159291091,410424098
159291091,342267295
159291091,359471594
159291091,1035270218
159291091,331068052
159291091,459267342
159291091,1179822284
159291091,2916545289
159291091,2537713124
159291091,2183053704
159291091,246545036
159291091,2840126099
159291091,948552829
159291091,225445834
159291091,271975968
159291091,147610206
159291091,235234497
159291091,168336162
159291091,141292222
159291091,2445364141
159291091,119998164
159291091,2786609149
159291091,2953955753
159291091,244175447
159291091,65416867
159291091,392199690
159291091,2819014504
159291091,158201610
159291091,259190375
159291091,2606134358
159291091,20909329
159291091,115660898
159291091,498012129
159291091,58337768
159291091,130277239
159291091,358024490
159291091,117185027
159291091,597499972
159291091,116313517
159291091,57374049
159291091,1903845992
159291091,381681095
159291091,19029918
159291091,2874168203
159291091,789758492
159291091,2841836122
159291091,2814666913
159291091,391043208
159291091,2815672769
159291091,7827962
159291091,566615653
159291091,754675910
159291091,350902827
159291091,369120654
159291091,301693399
159291091,1363564202
159291091,129069248
159291091,468751578
159291091,193281183
159291091,213831646
159291091,69113673
159291091,208413101
159291091,369083907
159291091,67415282
159291091,2360878495
159291091,2335154190
159291091,269489921
159291091,270168698
159291091,319285743
159291091,195691612
159291091,2419290031
159291091,149258770
159291091,402559824
159291091,182925466
159291091,115611795
159291091,2582473530
159291091,25555639
159291091,148752676
159291091,150903507
159291091,134910253
159291091,133311431
159291091,94700129
159291091,978832122
159291091,125866125
159291091,741320034
159291091,1144933434
159291091,2558484630
159291091,130641077
159291091,146904949
159291091,7379612
159291091,2493224210
159291091,2364183631
159291091,2396849060
159291091,704665862
159291091,182644738
159291091,259416397
159291091,2397043430
159291091,482389606
159291091,2537953394
159291091,528522043
159291091,2688247447
159291091,2496846187
159291091,33524608
159291091,146099241
159291091,257983307
159291091,1284625440
159291091,263389382
159291091,137947127
159291091,2495199115
159291091,150372271
159291091,1625984382
159291091,2291383507
159291091,162255990
159291091,27515656
159291091,121613012
159291091,177697879
159291091,2470167985
159291091,550278909
159291091,784574954
159291091,858042703
159291091,931804723
159291091,2275112010
159291091,2318633207
159291091,2287179715
159291091,102095809
159291091,1193791326
159291091,94208950
159291091,1152294570
159291091,1547151715
159291091,59604175
159291091,143852870
159291091,1129815728
159291091,212394942
159291091,2251900600
159291091,38683182
159291091,386930682
159291091,58817922
159291091,2360200832
159291091,2407577317
159291091,121039771
159291091,83163010
159291091,373528490
159291091,1265459840
159291091,281030897
159291091,2408296880
159291091,229996143
159291091,929940301
159291091,407880367
159291091,1641455474
159291091,243160326
159291091,2315119148
159291091,1131501043
159291091,180990597
159291091,237309862
159291091,1428769076
159291091,221708795
159291091,8565932
159291091,2329424899
159291091,145685744
159291091,2317560216
159291091,856290854
159291091,153973953
159291091,788770244
159291091,1247367006
159291091,163551613
159291091,174935021
159291091,2359639830
159291091,516646404
159291091,151198642
159291091,1708160066
159291091,178086357
159291091,143175654
159291091,143186743
159291091,254446382
159291091,2308653811
159291091,567389065
159291091,2312258035
159291091,20929745
159291091,516786485
159291091,1347030733
159291091,273777071
159291091,1131877872
159291091,581316528
159291091,118824115
159291091,15497559
159291091,223472601
159291091,437920491
159291091,24900072
159291091,31133330
159291091,34362695
159291091,193405812
159291091,119233073
159291091,365688035
159291091,123916637
159291091,190443872
159291091,131574396
159291091,84880944
159291091,1432043443
159291091,2304810996
159291091,103296066
159291091,133398816
159291091,550349812
159291091,219012622
159291091,2303383770
159291091,315451378
159291091,104856368
159291091,2288138575
159291091,381146462
159291091,832852146
159291091,89010853
159291091,472079320
159291091,196736458
159291091,1951973071
159291091,262289000
159291091,266641960
159291091,462985501
159291091,425129690
159291091,279969275
159291091,346095490
159291091,188975407
159291091,273211190
159291091,606494837
159291091,603985977
159291091,1461813918
159291091,303829208
159291091,461144556
159291091,169494031
159291091,49227540
159291091,112257152
159291091,336118407
159291091,10613982
159291091,83008238
159291091,121523593
159291091,910038600
159291091,202227229
159291091,372603876
159291091,862753441
159291091,144622710
159291091,553153487
159291091,254936770
159291091,368256674
159291091,277570704
159291091,20844602
159291091,62111251
159291091,15516758
159291091,87920683
159291091,87923157
159291091,912364213
159291091,215707523
159291091,108670198
159291091,916898954
159291091,281640043
159291091,8077952
159291091,106224110
159291091,1431076914
159291091,211970286
159291091,1433428914
159291091,301184150
159291091,224815356
159291091,296504949
159291091,274470163
159291091,1272043770
159291091,561967886
159291091,50134116
159291091,213032022
159291091,621695114
159291091,44897890
159291091,327252779
159291091,182485142
159291091,80599812
159291091,856358401
159291091,1310904571
159291091,537300529
159291091,484116495
159291091,243598923
159291091,373987269
159291091,731460836
159291091,145290336
159291091,342841438
159291091,324850374
159291091,1252764865
159291091,1269704593
159291091,158342368
159291091,54651823
159291091,613875450
159291091,198505013
159291091,304400235
159291091,891812449
159291091,104394500
159291091,196358296
159291091,245951950
159291091,1020312102
159291091,153686381
159291091,68250106
159291091,588941071
159291091,263170980
159291091,610697099
159291091,621778063
159291091,371193460
159291091,133371674
159291091,286354111
159291091,1149487128
159291091,68039572
159291091,247326053
159291091,247288045
159291091,210876091
159291091,151190865
159291091,209780362
159291091,1142751703
159291091,525416576
159291091,884405232
159291091,14814402
159291091,324253718
159291091,249243667
159291091,516405086
159291091,258758307
159291091,71210107
159291091,291591952
159291091,250584015
159291091,20505183
159291091,424621609
159291091,11904592
159291091,475585621
159291091,308973177
159291091,399528481
159291091,370032669
159291091,302531323
159291091,37883400
159291091,301096788
159291091,115002108
159291091,279215000
159291091,637330053
159291091,220988872
159291091,381472547
159291091,258957276
159291091,302688034
159291091,535707261
159291091,932862973
159291091,308164254
159291091,222854161
159291091,749200710
159291091,848187727
159291091,823905
159291091,533215142
159291091,149510926
159291091,15610380
159291091,253979536
159291091,579217415
159291091,267355099
159291091,300105351
159291091,90725961
159291091,9379912
159291091,780717692
159291091,2049211
159291091,14167050
159291091,380929976
159291091,313913938
159291091,71845729
159291091,142802581
159291091,16435631
159291091,595384734
159291091,299897336
159291091,412991144
159291091,157265223
159291091,296895016
159291091,300431419
159291091,94843536
159291091,450123440
159291091,242387180
159291091,558311039
159291091,87818409
159291091,379614285
159291091,302534095
159291091,311707692
159291091,140384222
159291091,241376824
159291091,293918687
159291091,304077146
159291091,301700040
159291091,24870470
159291091,271067527
159291091,124570832
159291091,247379224
159291091,376455856
159291091,84852436
159291091,92546284
159291091,161634891
159291091,525819760
159291091,87259922
159291091,379481082
159291091,22906929
159291091,31892440
159291091,19900778
159291091,253687839
159291091,56215714
159291091,156949655
159291091,279629449
159291091,20646380
159291091,118529639
159291091,208755265
159291091,256231934
159291091,289410083
159291091,252609391
159291091,296203765
159291091,326465502
159291091,14824411
159291091,138814032
159291091,205715833
159291091,208915015
159291091,10833132
159291091,294085868
159291091,187490838
159291091,37887047
159291091,318048475
159291091,228866494
159291091,175184120
159291091,191949347
159291091,67334466
159291091,299416334
159291091,301692495
159291091,270652116
159291091,115516167
159291091,198318121
159291091,112211447
159291091,243401825
159291091,29749448
159291091,39727912
159291091,259683667
159291091,163559269
159291091,101650571
159291091,174990170
159291091,18725091
159291091,26442916
159291091,84359845
159291091,172279544
159291091,83683254
159291091,120284201
159291091,133763089
159291091,250807201
159291091,106891797
159291091,53552329
159291091,1652541
159291091,4970411
159291091,45013575
159291091,141884481
159291091,65369125
159291091,76010207
159291091,33927228
159291091,152987149
159291091,248464929
159291091,34613288
159291091,185827887
159291091,105832596
159291091,14910947
159291091,161832906
159291091,149485920
159291091,46365884
159291091,33995409
159291091,226595246
159291091,36709098
159291091,224223563
159291091,177342424
159291091,110419154
159291091,62352806
159291091,242796587
159291091,141604682
159291091,8159472
159291091,15095537
159291091,7996522
159291091,142418821
159291091,153834950
159291091,229961550
159291091,10007142
159291091,143601080
159291091,29708196
159291091,117618450
159291091,197852287
159291091,27034001
159291091,17706314
159291091,23083404
159291091,51470338
159291091,75178495
159291091,204968081
159291091,55952538
159291091,163026301
159291091,105451020
159291091,94065314
159291091,43310939
159291091,176454100
159291091,17676713
159291091,151527993
159291091,35993422
159291091,16611840
159291091,194962604
159291091,121389491
159291091,139092348
159291091,164213765
159291091,182330628
159291091,194934827
159291091,99792462
159291091,68648948
159291091,24342206
159291091,128637475
159291091,10228272
159291091,14306573
159291091,13426312
159291091,74154806
159291091,97656149
159291091,6809022
159291091,105830515
159291091,17464218
159291091,72811133
159291091,10736762
159291091,44409004
159291091,39203045
159291091,109387470
159291091,85426644
159291091,90836187
159291091,106153675
159291091,29479000
159291091,130122646
159291091,136007061
