1595526409,42678046
1595526409,2784512581
1595526409,2229795308
1595526409,3152610448
1595526409,2302105525
1595526409,6375322
1595526409,19247625
1595526409,17308753
1595526409,14746456
1595526409,19875072
1595526409,948552829
1595526409,1662057727
1595526409,20794341
1595526409,19700544
1595526409,1441573333
1595526409,316854906
1595526409,21334272
1595526409,57037786
1595526409,51408052
1595526409,360857182
1595526409,21138477
1595526409,50300579
1595526409,454444146
1595526409,830674898
1595526409,504993350
1595526409,271063252
1595526409,15392221
1595526409,16451028
1595526409,19944166
1595526409,20586517
1595526409,124139163
1595526409,19663485
1595526409,16951979
1595526409,69649291
1595526409,1289000640
1595526409,23263743
1595526409,1615685677
1595526409,19713622
1595526409,17624543
1595526409,28551478
1595526409,1673707250
1595526409,23585685
1595526409,48473529
1595526409,749709696
1595526409,121176422
1595526409,290762891
1595526409,33611395
1595526409,370196798
1595526409,427759867
1595526409,61457123
1595526409,164222825
1595526409,18970523
1595526409,540045032
1595526409,201735637
1595526409,718010004
1595526409,102993530
1595526409,15137836
1595526409,127274178
1595526409,398389779
1595526409,117854733
1595526409,16632219
1595526409,16632149
1595526409,19814175
1595526409,14758257
1595526409,26276346
1595526409,312758477
1595526409,1590757476
1595526409,17884125
1595526409,16808626
1595526409,19889294
1595526409,7996522
1595526409,15095537
1595526409,8665852
1595526409,94081671
1595526409,21390437
1595526409,10228272
