1619902728,65647594
1619902728,22910604
1619902728,22007357
1619902728,3044738957
1619902728,133020661
1619902728,277495114
1619902728,27611466
1619902728,572470115
1619902728,948552829
1619902728,1662057727
1619902728,14183379
1619902728,492288571
1619902728,49416306
1619902728,3376281958
1619902728,323153951
1619902728,21126842
1619902728,10933732
1619902728,23975060
1619902728,19656220
1619902728,1434251
1619902728,15898172
1619902728,22001973
1619902728,13784642
1619902728,11178902
1619902728,71256932
1619902728,37356209
1619902728,499811217
1619902728,193661018
1619902728,17229160
1619902728,17676713
1619902728,158342368
1619902728,2288138575
1619902728,18075140
1619902728,20586517
1619902728,19875072
1619902728,19265059
1619902728,16668834
1619902728,16838962
1619902728,14395119
1619902728,1690412382
1619902728,395388847
1619902728,19910996
1619902728,1079180768
1619902728,137339884
1619902728,976185420
1619902728,1142859176
1619902728,16171953
1619902728,608167078
1619902728,24241544
1619902728,19415798
1619902728,290263087
1619902728,167399649
1619902728,8884772
1619902728,2197487762
1619902728,35415477
1619902728,373471064
1619902728,115485051
1619902728,106430178
1619902728,353113087
1619902728,89660031
1619902728,82290916
1619902728,19706280
1619902728,23780652
1619902728,26775098
1619902728,113591765
1619902728,19712523
1619902728,33611395
1619902728,758433
1619902728,18049879
1619902728,7996082
1619902728,25535042
1619902728,277746072
1619902728,16632219
1619902728,16854780
1619902728,16569045
1619902728,123754656
1619902728,19713622
1619902728,3373791
1619902728,14758257
1619902728,1615685677
1619902728,125186047
1619902728,139695054
1619902728,16272452
1619902728,117112715
1619902728,30844489
1619902728,15288876
1619902728,14746456
1619902728,21502230
1619902728,17624543
1619902728,26276346
1619902728,18135386
1619902728,17884125
1619902728,19921389
1619902728,15392221
1619902728,16451028
1619902728,21066857
1619902728,94081671
1619902728,23585685
1619902728,19889294
1619902728,15391813
1619902728,2561091
1619902728,8665852
1619902728,17163446
1619902728,8665572
1619902728,24158607
1619902728,14330959
1619902728,20607184
1619902728,65647594
1619902728,22910604
1619902728,22007357
1619902728,3044738957
1619902728,133020661
1619902728,277495114
1619902728,27611466
1619902728,572470115
1619902728,948552829
1619902728,1662057727
1619902728,14183379
1619902728,492288571
1619902728,49416306
1619902728,3376281958
1619902728,323153951
1619902728,21126842
1619902728,10933732
1619902728,23975060
1619902728,19656220
1619902728,1434251
1619902728,15898172
1619902728,22001973
1619902728,13784642
1619902728,11178902
1619902728,71256932
1619902728,37356209
1619902728,499811217
1619902728,193661018
1619902728,17229160
1619902728,17676713
1619902728,158342368
1619902728,2288138575
1619902728,18075140
1619902728,20586517
1619902728,19875072
1619902728,19265059
1619902728,16668834
1619902728,16838962
1619902728,14395119
1619902728,1690412382
1619902728,395388847
1619902728,19910996
1619902728,1079180768
1619902728,137339884
1619902728,976185420
1619902728,1142859176
1619902728,16171953
1619902728,608167078
1619902728,24241544
1619902728,19415798
1619902728,290263087
1619902728,167399649
1619902728,8884772
1619902728,2197487762
1619902728,35415477
1619902728,373471064
1619902728,115485051
1619902728,106430178
1619902728,353113087
1619902728,89660031
1619902728,82290916
1619902728,19706280
1619902728,23780652
1619902728,26775098
1619902728,113591765
1619902728,19712523
1619902728,33611395
1619902728,758433
1619902728,18049879
1619902728,7996082
1619902728,25535042
1619902728,277746072
1619902728,16632219
1619902728,16854780
1619902728,16569045
1619902728,123754656
1619902728,19713622
1619902728,3373791
1619902728,14758257
1619902728,1615685677
1619902728,125186047
1619902728,139695054
1619902728,16272452
1619902728,117112715
1619902728,30844489
1619902728,15288876
1619902728,14746456
1619902728,21502230
1619902728,17624543
1619902728,26276346
1619902728,18135386
1619902728,17884125
1619902728,19921389
1619902728,15392221
1619902728,16451028
1619902728,21066857
1619902728,94081671
1619902728,23585685
1619902728,19889294
1619902728,15391813
1619902728,2561091
1619902728,8665852
1619902728,17163446
1619902728,8665572
1619902728,24158607
1619902728,14330959
1619902728,20607184
