163181485,738964854
163181485,460094170
163181485,36364025
163181485,13870942
163181485,1270776432
163181485,386424543
163181485,381704954
163181485,4829348033
163181485,4747973338
163181485,2425563233
163181485,399275188
163181485,529634658
163181485,3039268715
163181485,12549582
163181485,298993329
163181485,119538078
163181485,1497958094
163181485,4150365736
163181485,148415707
163181485,3380065859
163181485,248264581
163181485,3240214492
163181485,420475251
163181485,4524136761
163181485,2374134907
163181485,308995743
163181485,3063825971
163181485,222643714
163181485,198516419
163181485,29442313
163181485,2867003145
163181485,867610632
163181485,255139539
163181485,2438273430
163181485,1432419186
163181485,280477631
163181485,104836748
163181485,2834591075
163181485,580684522
163181485,1101515659
163181485,179464752
163181485,3327181637
163181485,1152294570
163181485,4062122895
163181485,4122722961
163181485,594735988
163181485,258600494
163181485,1410021434
163181485,49849732
163181485,259639940
163181485,2891861121
163181485,1332611066
163181485,1524180020
163181485,3990502545
163181485,2236570256
163181485,207512532
163181485,349597743
163181485,278076549
163181485,382048558
163181485,264169660
163181485,250914846
163181485,301719797
163181485,4150515514
163181485,3346916993
163181485,207905462
163181485,50908485
163181485,73967297
163181485,21313364
163181485,19341180
163181485,19976004
163181485,68440549
163181485,210878771
163181485,103254248
163181485,2453527320
163181485,380648579
163181485,25048816
163181485,2967547407
163181485,14077294
163181485,2341373581
163181485,278974351
163181485,2980720688
163181485,4169593287
163181485,116149867
163181485,2872683559
163181485,1678160977
163181485,3906310100
163181485,1958927894
163181485,4119160593
163181485,307891015
163181485,124452475
163181485,2485355244
163181485,1015610418
163181485,3973657293
163181485,104181411
163181485,584150164
163181485,481550316
163181485,218992297
163181485,382880116
163181485,89153759
163181485,74198943
163181485,51806144
163181485,807032174
163181485,6135622
163181485,313927408
163181485,311039928
163181485,255041595
163181485,3972342441
163181485,11695472
163181485,1963312058
163181485,3845977415
163181485,433242697
163181485,219344285
163181485,1541554483
163181485,900374972
163181485,260706327
163181485,507604945
163181485,78863928
163181485,85469815
163181485,85526005
163181485,2554300980
163181485,2851080851
163181485,2437112695
163181485,1628712763
163181485,1872592808
163181485,3180482847
163181485,2553298664
163181485,544317327
163181485,2181694040
163181485,94053060
163181485,1121535090
163181485,301354883
163181485,36918513
163181485,3362926085
163181485,389625332
163181485,137693058
163181485,2875284701
163181485,233352679
163181485,1163551304
163181485,95921321
163181485,2367454717
163181485,3395436645
163181485,229165429
163181485,14784765
163181485,3176246350
163181485,2407402921
163181485,2402449758
163181485,1417918555
163181485,2280993104
163181485,161629977
163181485,554509833
163181485,147529859
163181485,450577566
163181485,3586146736
163181485,1376758506
163181485,24006034
163181485,948552829
163181485,203027759
163181485,136333369
163181485,40198757
163181485,3001538055
163181485,86301869
163181485,2602297501
163181485,400053935
163181485,2204071428
163181485,267425815
163181485,3107955026
163181485,3111229459
163181485,1969233902
163181485,2340495680
163181485,33248043
163181485,212595619
163181485,42472081
163181485,974778284
163181485,54172831
163181485,209695618
163181485,3302327032
163181485,338985020
163181485,851108442
163181485,3349914065
163181485,816178
163181485,39488316
163181485,14525982
163181485,461857800
163181485,28565356
163181485,18144466
163181485,2292454922
163181485,2191984092
163181485,175048556
163181485,1478198448
163181485,246545036
163181485,39483072
163181485,508874757
163181485,104450723
163181485,376780835
163181485,803144767
163181485,375749713
163181485,627611346
163181485,601362895
163181485,1371773376
163181485,186591584
163181485,494289541
163181485,926419405
163181485,1884067280
163181485,3331140759
163181485,1170514248
163181485,376684810
163181485,96450418
163181485,272719012
163181485,17776811
163181485,541697427
163181485,15523695
163181485,2893384239
163181485,965363461
163181485,1115399065
163181485,2441891887
163181485,2320688816
163181485,393476699
163181485,3075798243
163181485,2156349652
163181485,330944389
163181485,183622298
163181485,47350606
163181485,869507689
163181485,136666412
163181485,807543992
163181485,301429402
163181485,378493989
163181485,608368317
163181485,407340250
163181485,3096575289
163181485,2184755390
163181485,108310222
163181485,3084704992
163181485,372812630
163181485,266601231
163181485,506300156
163181485,360612491
163181485,306268810
163181485,2433742945
163181485,335260607
163181485,3296667767
163181485,1355316283
163181485,3293235461
163181485,79795605
163181485,2350790216
163181485,257371804
163181485,154375912
163181485,121859642
163181485,251290516
163181485,392199690
163181485,2397043430
163181485,312171859
163181485,284198277
163181485,3091376321
163181485,3247529721
163181485,388344627
163181485,2722185202
163181485,868112707
163181485,819843415
163181485,36329597
163181485,204086002
163181485,2976171916
163181485,3019961223
163181485,154391771
163181485,999470034
163181485,1542533869
163181485,239080120
163181485,100731315
163181485,2600762750
163181485,2912833216
163181485,3092303157
163181485,317794999
163181485,424621609
163181485,3058738263
163181485,709105440
163181485,407998197
163181485,89784280
163181485,12885182
163181485,81331974
163181485,163626148
163181485,406450942
163181485,219672520
163181485,280227352
163181485,187194088
163181485,100610839
163181485,259203746
163181485,2445809510
163181485,2776392849
163181485,301928168
163181485,306932184
163181485,49571224
163181485,301336546
163181485,3094205764
163181485,2907682397
163181485,2956514847
163181485,274858002
163181485,946120207
163181485,394325798
163181485,599167254
163181485,1444032439
163181485,3043963415
163181485,440960994
163181485,302676363
163181485,300570228
163181485,2254169238
163181485,490202338
163181485,2563141286
163181485,148691078
163181485,549455191
163181485,23791197
163181485,174228676
163181485,14173443
163181485,204145131
163181485,148406700
163181485,1949941501
163181485,2177765766
163181485,94208950
163181485,378255901
163181485,784574954
163181485,3005765446
163181485,297279399
163181485,2843957924
163181485,126038431
163181485,537054642
163181485,2985583342
163181485,255461727
163181485,17671790
163181485,458033270
163181485,26983960
163181485,171758508
163181485,757075250
163181485,148748195
163181485,119844526
163181485,211918976
163181485,18510558
163181485,240447091
163181485,174361486
163181485,158201610
163181485,124690469
163181485,302453497
163181485,205336456
163181485,84186668
163181485,109607103
163181485,2310782705
163181485,2537713124
163181485,1491180618
163181485,2557339668
163181485,2589500012
163181485,2715003595
163181485,2739846119
163181485,2771451074
163181485,2576515909
163181485,2572596800
163181485,2635965482
163181485,257416832
163181485,496006044
163181485,2525943596
163181485,2897056113
163181485,393042841
163181485,2829804620
163181485,113879438
163181485,368462951
163181485,80820758
163181485,293563436
163181485,303118320
163181485,282308953
163181485,861303883
163181485,98604577
163181485,348135507
163181485,159119360
163181485,25122127
163181485,117377101
163181485,87157791
163181485,80530730
163181485,242704372
163181485,169962449
163181485,11713422
163181485,743808139
163181485,78864249
163181485,2910853983
163181485,310171822
163181485,597499972
163181485,17772404
163181485,1567790280
163181485,2496846187
163181485,358024490
163181485,2992034955
163181485,2495032879
163181485,2572870864
163181485,2542049990
163181485,2308575728
163181485,2537655314
163181485,2470167985
163181485,2350806823
163181485,2361717660
163181485,2311843038
163181485,2473770014
163181485,2349088537
163181485,2419290031
163181485,118795136
163181485,2821653401
163181485,934175066
163181485,271855506
163181485,73350229
163181485,220988872
163181485,822907946
163181485,19123893
163181485,130247324
163181485,616645440
163181485,243380988
163181485,2841836122
163181485,304588450
163181485,2880958761
163181485,2304656748
163181485,241079136
163181485,331020996
163181485,2537896518
163181485,540721019
163181485,595384734
163181485,2905232597
163181485,268236563
163181485,626612446
163181485,47625240
163181485,109641722
163181485,2792182600
163181485,304646709
163181485,187564239
163181485,535153760
163181485,301184150
163181485,2579181000
163181485,1915012974
163181485,493992951
163181485,22748103
163181485,269884540
163181485,37659045
163181485,2839817063
163181485,2148808056
163181485,789634196
163181485,203735981
163181485,245074453
163181485,115611795
163181485,2401829324
163181485,2811044317
163181485,480792835
163181485,446491818
163181485,264233489
163181485,245704943
163181485,303750320
163181485,193467930
163181485,1843067965
163181485,215724852
163181485,2384222526
163181485,301692495
163181485,2303383770
163181485,276397899
163181485,1379302880
163181485,2287179715
163181485,1558002140
163181485,475585621
163181485,243608028
163181485,39219494
163181485,1445873108
163181485,119548863
163181485,522128259
163181485,2180011632
163181485,602790979
163181485,2796613718
163181485,209780139
163181485,20280065
163181485,88638894
163181485,1134081937
163181485,1242298909
163181485,1010735383
163181485,600260862
163181485,2695691191
163181485,252651112
163181485,300504472
163181485,2534781043
163181485,2799912529
163181485,255503629
163181485,91052066
163181485,236554126
163181485,378273223
163181485,1144933434
163181485,424458814
163181485,2256729678
163181485,16048320
163181485,69060709
163181485,20909329
163181485,10320472
163181485,135454796
163181485,557850868
163181485,409892360
163181485,208915015
163181485,61740885
163181485,231902225
163181485,25555639
163181485,266641960
163181485,603884167
163181485,525264466
163181485,1494100669
163181485,241496045
163181485,220047267
163181485,14700316
163181485,394266186
163181485,2468043530
163181485,16153562
163181485,1269484171
163181485,579217415
163181485,532027594
163181485,435781100
163181485,555790397
163181485,362565198
163181485,2288510689
163181485,316706708
163181485,281763196
163181485,2364391592
163181485,2355060726
163181485,247705940
163181485,437502212
163181485,2213470417
163181485,300552549
163181485,10361342
163181485,1585968080
163181485,336580562
163181485,117341231
163181485,301306806
163181485,102095809
163181485,426450380
163181485,563307174
163181485,275938934
163181485,740841738
163181485,219939829
163181485,333939858
163181485,561181660
163181485,1320857664
163181485,273925286
163181485,1126286509
163181485,250584015
163181485,314734602
163181485,338560854
163181485,2288138575
163181485,111933542
163181485,350411337
163181485,271067527
163181485,309022429
163181485,330259433
163181485,278215155
163181485,1433428914
163181485,292382466
163181485,16753750
163181485,773725616
163181485,167339449
163181485,248787941
163181485,1319276238
163181485,398506608
163181485,482389606
163181485,31496589
163181485,131659930
163181485,1133462378
163181485,1160245861
163181485,838620086
163181485,1225052964
163181485,629575609
163181485,912364213
163181485,213589457
163181485,20929745
163181485,571775470
163181485,17006157
163181485,278458079
163181485,382334354
163181485,847949125
163181485,69542069
163181485,306245721
163181485,41795707
163181485,67025761
163181485,398188437
163181485,115097756
163181485,36103845
163181485,19292516
163181485,92320343
163181485,958165910
163181485,238280514
163181485,469344886
163181485,6171542
163181485,48822802
163181485,4970411
163181485,518440115
163181485,16435631
163181485,397128331
163181485,544309539
163181485,789758492
163181485,381615105
163181485,334199139
163181485,17162711
163181485,707931426
163181485,18551800
163181485,208158262
163181485,91687715
163181485,301135264
163181485,372513716
163181485,310361993
163181485,192308402
163181485,268470229
163181485,535707261
163181485,58821418
163181485,25390350
163181485,364528766
163181485,409878867
163181485,525416576
163181485,246717768
163181485,292241366
163181485,198969891
163181485,501093281
163181485,380281976
163181485,5988062
163181485,632904423
163181485,321267128
163181485,558898494
163181485,3108351
163181485,527950923
163181485,182768827
163181485,425761870
163181485,56458599
163181485,487748282
163181485,14293310
163181485,1652541
163181485,197863865
163181485,239355315
163181485,284158485
163181485,271058847
163181485,380808030
163181485,301370748
163181485,254177137
163181485,246181004
163181485,483948103
163181485,11904592
163181485,403731744
163181485,30697822
163181485,7996082
163181485,121384508
163181485,395862147
163181485,107716721
163181485,386441136
163181485,214038312
163181485,444004597
163181485,158342368
163181485,141407348
163181485,43753648
163181485,41099556
163181485,367775485
163181485,416058760
163181485,9379912
163181485,27658009
163181485,236136120
163181485,171440015
163181485,436016566
163181485,37883400
163181485,89010853
163181485,148536271
163181485,278993405
163181485,398930263
163181485,4717791
163181485,205457327
163181485,253499949
163181485,254446382
163181485,230512159
163181485,385297877
163181485,301579933
163181485,305514503
163181485,318048475
163181485,15648827
163181485,324637254
163181485,215707523
163181485,380902788
163181485,302326377
163181485,221535882
163181485,88618641
163181485,11162772
163181485,26486075
163181485,255148848
163181485,361486463
163181485,37201841
163181485,58501352
163181485,20505183
163181485,347768379
163181485,105082141
163181485,248104475
163181485,319915629
163181485,267355099
163181485,253464596
163181485,259412547
163181485,299920075
163181485,38381308
163181485,90725961
163181485,68124552
163181485,19390244
163181485,189376144
163181485,65369125
163181485,38966126
163181485,299416334
163181485,203629505
163181485,11419202
163181485,24870470
163181485,110419154
163181485,91989473
163181485,21667065
163181485,13426312
163181485,108670198
163181485,122729604
163181485,18074392
163181485,14436317
163181485,203262579
