166612219,438715921
166612219,160150650
166612219,123109597
166612219,1489644792
166612219,516570220
166612219,127564200
166612219,296491922
166612219,2195671183
166612219,2279751087
166612219,2292454922
166612219,113424792
166612219,365335065
166612219,19541556
166612219,2394020821
166612219,48315317
166612219,2263105532
166612219,314908708
166612219,151427208
166612219,277778963
166612219,1239474530
166612219,238185915
166612219,1633570850
166612219,2499418290
166612219,368380991
166612219,17672825
166612219,39161235
166612219,254873869
166612219,18996618
166612219,306656413
166612219,313522642
166612219,71467589
166612219,2483253289
166612219,1494258350
166612219,989134886
166612219,2453527320
166612219,81381301
166612219,192145819
166612219,128216887
166612219,408360989
166612219,393637870
166612219,341232752
166612219,1917991554
166612219,3395514262
166612219,479049463
166612219,1960825746
166612219,241709263
166612219,17325149
166612219,20164477
166612219,3256475848
166612219,20233557
166612219,928219752
166612219,19713622
166612219,1496597852
166612219,1615685677
166612219,17063215
166612219,21417835
166612219,232855418
166612219,20407964
166612219,19605981
166612219,295606394
166612219,47453985
166612219,46625755
166612219,91374834
166612219,20479813
166612219,242704372
166612219,819461760
166612219,14333754
166612219,466519303
166612219,95349395
166612219,3163284887
166612219,323494714
166612219,125570941
166612219,242893694
166612219,97268285
166612219,1541040451
166612219,33933259
166612219,221796763
166612219,282738817
166612219,3253837174
166612219,1601450576
166612219,17006157
166612219,828123961
166612219,155526308
166612219,825707342
166612219,2369673718
166612219,70784306
166612219,632097316
166612219,49586895
166612219,2195885540
166612219,460731718
166612219,177689413
166612219,315124926
166612219,2747693535
166612219,35621561
166612219,2742078001
166612219,832637984
166612219,14293310
166612219,299661475
166612219,6692952
166612219,39483072
166612219,327017437
166612219,163527638
166612219,90464160
166612219,259348780
166612219,19024453
166612219,16037051
166612219,3087068219
166612219,3014482421
166612219,16955991
166612219,13695112
166612219,20712514
166612219,20809515
166612219,10239392
166612219,1372792136
166612219,465460099
166612219,1947301
166612219,862088186
166612219,2477503298
166612219,1098091213
166612219,546258655
166612219,14253960
166612219,53668717
166612219,18531889
166612219,19332953
166612219,1471825135
166612219,1662057727
166612219,17624543
166612219,177661775
166612219,36951436
166612219,845495948
166612219,187349162
166612219,39458583
166612219,15946332
166612219,288409122
166612219,1527862550
166612219,438284978
166612219,435725661
166612219,19486200
166612219,14940354
166612219,960356335
166612219,1521682500
166612219,25139939
166612219,607946179
166612219,20578306
166612219,406392796
166612219,413927547
166612219,24714272
166612219,2445486307
166612219,16973333
166612219,2523137147
166612219,238580873
166612219,2236560895
166612219,455595347
166612219,119003890
166612219,295611207
166612219,108524355
166612219,29943287
166612219,3984681
166612219,2264821188
166612219,63345416
166612219,2363880081
166612219,26792275
166612219,91388801
166612219,586727262
166612219,1123128290
166612219,2886333207
166612219,269640305
166612219,46081904
166612219,2872195847
166612219,244441743
166612219,1050270810
166612219,52664889
166612219,200811766
166612219,24258355
166612219,564323390
166612219,1836953689
166612219,23549130
166612219,17681513
166612219,44698296
166612219,360857182
166612219,108668795
166612219,454196992
166612219,97224073
166612219,415046155
166612219,2961900891
166612219,283694143
166612219,37294647
166612219,22336564
166612219,20562637
166612219,150306525
166612219,17801749
166612219,205622130
166612219,106323953
166612219,297922652
166612219,568594788
166612219,2803786405
166612219,2390974326
166612219,306189067
166612219,105299483
166612219,288234122
166612219,35699722
166612219,1008392934
166612219,2974432541
166612219,589010907
166612219,1008410216
166612219,438449380
166612219,458077039
166612219,728039605
166612219,2453024994
166612219,726147038
166612219,2932618967
166612219,111691454
166612219,40712296
166612219,94178739
166612219,60698597
166612219,1142163529
166612219,1393092595
166612219,2779009591
166612219,124690469
166612219,1008526854
166612219,262410568
166612219,81408740
166612219,2657050459
166612219,2802259555
166612219,35411822
166612219,1550227219
166612219,28157351
166612219,14677919
166612219,281093434
166612219,1693474219
166612219,15057943
166612219,2188519219
166612219,30658485
166612219,192549862
166612219,59136384
166612219,192267295
166612219,327708555
166612219,18665800
166612219,842115044
166612219,24884768
166612219,868112707
166612219,21024997
166612219,18691824
166612219,40297195
166612219,253571224
166612219,190388631
166612219,329798270
166612219,105358412
166612219,117662694
166612219,301874527
166612219,22411875
166612219,41814686
166612219,2611650650
166612219,22746327
166612219,25326769
166612219,191750596
166612219,1675419620
166612219,153790678
166612219,19826509
166612219,20802277
166612219,71529793
166612219,583108053
166612219,475002175
166612219,15965886
166612219,2468828556
166612219,1273247052
166612219,470919829
166612219,2373678433
166612219,579064469
166612219,537410763
166612219,2792575282
166612219,1250111466
166612219,198381553
166612219,17471979
166612219,42604302
166612219,39082174
166612219,19546419
166612219,2739596257
166612219,255416878
166612219,429801546
166612219,22184631
166612219,18856867
166612219,24506246
166612219,20159596
166612219,440816322
166612219,444225252
166612219,1075349893
166612219,42407972
166612219,328406897
166612219,49656209
166612219,103729162
166612219,2325377083
166612219,27288119
166612219,15962096
166612219,967883484
166612219,204160264
166612219,50284333
166612219,23441644
166612219,8236062
166612219,110509537
166612219,244571847
166612219,493870135
166612219,1481617022
166612219,204439588
166612219,14361155
166612219,85289376
166612219,740929069
166612219,273621658
166612219,852483272
166612219,381184049
166612219,875207593
166612219,16444025
166612219,4046891
166612219,105604209
166612219,1068498175
166612219,100231281
166612219,16935292
166612219,14930580
166612219,15484198
166612219,15822295
166612219,84389397
166612219,175096065
166612219,23053980
166612219,14159148
166612219,41789292
166612219,763463726
166612219,17568791
166612219,15002904
166612219,435260935
166612219,39889387
166612219,294493140
166612219,330317339
166612219,69231187
166612219,14700316
166612219,14755492
166612219,16153562
166612219,15190832
166612219,286745132
166612219,230014404
166612219,49606238
166612219,102420077
166612219,38675022
166612219,20639175
166612219,395172492
166612219,205095491
166612219,392890110
166612219,13870942
166612219,250418819
166612219,47350606
166612219,217117227
166612219,378370442
166612219,1119404611
166612219,380485819
166612219,914307200
166612219,728762689
166612219,240324087
166612219,372187968
166612219,132523335
166612219,2691613043
166612219,19234768
166612219,245343379
166612219,2316065196
166612219,424083365
166612219,214022498
166612219,113474316
166612219,1923782179
166612219,20374262
166612219,19062153
166612219,365544297
166612219,292568856
166612219,334602996
166612219,37501003
166612219,53016173
166612219,218129328
166612219,192517432
166612219,5402612
166612219,49323761
166612219,2579312316
166612219,97327765
166612219,1813434864
166612219,351257454
166612219,19240574
166612219,8628872
166612219,272323854
166612219,218598367
166612219,312696314
166612219,59159771
166612219,473830205
166612219,2682516001
166612219,250371623
166612219,25255663
166612219,126387704
166612219,119380023
166612219,397483186
166612219,356795707
166612219,9207632
166612219,538021652
166612219,243149588
166612219,20804310
166612219,17294110
166612219,257367223
166612219,142230413
166612219,38862872
166612219,107768306
166612219,2445134780
166612219,49915208
166612219,126042283
166612219,474761442
166612219,1502668368
166612219,19828284
166612219,2524311166
166612219,292797578
166612219,1135245679
166612219,2408747287
166612219,495464885
166612219,367070806
166612219,916852512
166612219,846853320
166612219,2199454722
166612219,888289790
166612219,47375691
166612219,20106357
166612219,165610510
166612219,2315411725
166612219,537416525
166612219,29662823
166612219,2407879965
166612219,1142208854
166612219,2556519176
166612219,601811574
166612219,48534642
166612219,2481035036
166612219,2534951384
166612219,16076032
166612219,189376144
166612219,33235771
166612219,16589206
166612219,778365522
166612219,18309318
166612219,113422677
166612219,286217515
166612219,158715457
166612219,31114386
166612219,37125529
166612219,95766503
166612219,34214589
166612219,294613911
166612219,24670390
166612219,1088045390
166612219,1111317168
166612219,317147065
166612219,445608696
166612219,469545897
166612219,166097729
166612219,2363633630
166612219,51021358
166612219,98738595
166612219,1014922465
166612219,269891467
166612219,289621550
166612219,46086728
166612219,69562505
166612219,148653311
166612219,559788995
166612219,2353360606
166612219,202625885
166612219,2543258869
166612219,2385887136
166612219,1903712426
166612219,437294311
166612219,1580762526
166612219,406252462
166612219,24157295
166612219,229045430
166612219,2515027616
166612219,211699719
166612219,249060131
166612219,104394500
166612219,2410447644
166612219,2369910918
166612219,2544483985
166612219,2537170340
166612219,95537281
166612219,70664371
166612219,869825995
166612219,14795451
166612219,17839398
166612219,38224970
166612219,2324157862
166612219,342603455
166612219,100731315
166612219,16694719
166612219,261109532
166612219,16811829
166612219,65690709
166612219,285502685
166612219,29979814
166612219,1280051480
166612219,203262099
166612219,2421916714
166612219,117477516
166612219,385374505
166612219,249013720
166612219,416354840
166612219,297342518
166612219,1162651273
166612219,22799257
166612219,219104648
166612219,35166101
166612219,62849256
166612219,961868268
166612219,21291400
166612219,51241574
166612219,275983663
166612219,1630896181
166612219,2049211
166612219,381214787
166612219,65011436
166612219,898861428
166612219,27599894
166612219,36980694
166612219,190224295
166612219,262429512
166612219,633794939
166612219,153810519
166612219,479450241
166612219,243318995
166612219,319675272
166612219,238911107
166612219,431932420
166612219,502166388
166612219,1919920008
166612219,57315004
166612219,47672430
166612219,64374205
166612219,608505901
166612219,49948973
166612219,1174175628
166612219,353416472
166612219,619077105
166612219,494909390
166612219,390160022
166612219,2493826693
166612219,2445677378
166612219,19990980
166612219,101996227
166612219,1691536951
166612219,2459590993
166612219,247032530
166612219,127826263
166612219,948552829
166612219,31696759
166612219,122685408
166612219,60407498
166612219,181985478
166612219,317143861
166612219,90999438
166612219,27938809
166612219,22760252
166612219,2147713152
166612219,363767963
166612219,2322817453
166612219,236536167
166612219,189180763
166612219,20581923
166612219,23403790
166612219,19263119
166612219,49258916
166612219,360520215
166612219,20618678
166612219,19472578
166612219,191852684
166612219,794511932
166612219,1271025590
166612219,2375821076
166612219,1567786782
166612219,934399189
166612219,161627772
166612219,85590185
166612219,6896752
166612219,27520838
166612219,1062583128
166612219,170626082
166612219,349816997
166612219,207083993
166612219,401379908
166612219,127814172
166612219,90275200
166612219,19500405
166612219,29695330
166612219,250104400
166612219,6591312
166612219,766051548
166612219,19658826
166612219,39237910
166612219,136288132
166612219,22586505
166612219,138128898
166612219,1076082146
166612219,384390216
166612219,388900759
166612219,104056037
166612219,380648579
166612219,64643056
166612219,87818409
166612219,29709009
166612219,255471924
166612219,146332990
166612219,1652541
166612219,155183410
166612219,70694567
166612219,116526096
166612219,14726202
