167461664,48196220
167461664,624183817
167461664,192733190
167461664,529040123
167461664,4627309407
167461664,100672686
167461664,535187086
167461664,3172143021
167461664,1710291146
167461664,1686790926
167461664,802593228
167461664,2465991440
167461664,1134998636
167461664,3029530942
167461664,518191296
167461664,483225972
167461664,4265041097
167461664,343701658
167461664,3011802813
167461664,309541932
167461664,634380581
167461664,240794748
167461664,3299164298
167461664,3229681958
167461664,3313321567
167461664,3102494156
167461664,1526731712
167461664,632284128
167461664,1427272812
167461664,2617107943
167461664,1605408607
167461664,2454989126
167461664,1614717667
167461664,3149810155
167461664,43517717
167461664,1050271580
167461664,1380580956
167461664,922079970
167461664,1590960259
167461664,1639858460
167461664,24710297
167461664,65289126
167461664,454808359
167461664,2213924496
167461664,3000185794
167461664,2336778978
167461664,33073383
167461664,4134112113
167461664,2598747971
167461664,2428014092
167461664,2255969358
167461664,1067153137
167461664,2977975630
167461664,3304916387
167461664,2431982715
167461664,4214133560
167461664,4206910853
167461664,388341350
167461664,20459585
167461664,392351399
167461664,3367586152
167461664,1544597894
167461664,94152921
167461664,2934300803
167461664,179765030
167461664,2745087406
167461664,406588615
167461664,3306825894
167461664,844976714
167461664,340170004
167461664,2810641015
167461664,4079845879
167461664,3231847298
167461664,2731311164
167461664,3717787214
167461664,367626317
167461664,3690627253
167461664,3838932912
167461664,3410316065
167461664,325469585
167461664,2790008198
167461664,20246363
167461664,28653018
167461664,344974470
167461664,132325926
167461664,305312432
167461664,74859907
167461664,46950734
167461664,96920282
167461664,234752867
167461664,541777333
167461664,56669858
167461664,350109714
167461664,2435833914
167461664,2416046153
167461664,69282408
167461664,375837200
167461664,21417835
167461664,23683605
167461664,225354016
167461664,23946350
167461664,1951817035
167461664,2182719404
167461664,2285744016
167461664,2230433575
167461664,1462315934
167461664,476800025
167461664,4178741353
167461664,2974582968
167461664,3065159088
167461664,421835750
167461664,145469570
167461664,2646035257
167461664,3535316662
167461664,2897662160
167461664,3123445179
167461664,2999250307
167461664,3272860556
167461664,1229083986
167461664,3255006414
167461664,2990750967
167461664,3423565100
167461664,3241069693
167461664,3285246534
167461664,116721215
167461664,3156934092
167461664,3275027082
167461664,1023235909
167461664,379226206
167461664,2733616093
167461664,3135618656
167461664,3766893079
167461664,874115989
167461664,3118608927
167461664,4077659113
167461664,1497212700
167461664,3095350939
167461664,3236387472
167461664,443577207
167461664,634560731
167461664,3085205209
167461664,2335912456
167461664,3156280069
167461664,2878001904
167461664,3161896795
167461664,3231977798
167461664,2784703315
167461664,2928561409
167461664,3305778519
167461664,446640244
167461664,580683449
167461664,1368553892
167461664,3108938431
167461664,2316936353
167461664,4114870816
167461664,2438767380
167461664,2311980386
167461664,323162477
167461664,373380027
167461664,813922285
167461664,2545309920
167461664,2722828591
167461664,2174716939
167461664,950039754
167461664,2639467693
167461664,2333903170
167461664,438551339
167461664,541658783
167461664,249499001
167461664,302526542
167461664,196864813
167461664,3970254327
167461664,357554225
167461664,3297460950
167461664,4114345584
167461664,823816027
167461664,1068469700
167461664,804788755
167461664,927386520
167461664,1851394530
167461664,3270276092
167461664,606756826
167461664,1172301224
167461664,3306751784
167461664,2155654376
167461664,3061223585
167461664,4157645720
167461664,3437946239
167461664,3353861121
167461664,355039487
167461664,3727190657
167461664,3904430840
167461664,356231765
167461664,3048160443
167461664,207141159
167461664,341849323
167461664,3270273079
167461664,2366401405
167461664,978209473
167461664,1616978965
167461664,4126982614
167461664,2211047443
167461664,2223286417
167461664,2240039513
167461664,3967502594
167461664,3283505282
167461664,2538008413
167461664,4154957473
167461664,3497434096
167461664,839069430
167461664,1117907444
167461664,1897488078
167461664,45454350
167461664,1127043457
167461664,4090505832
167461664,1333812439
167461664,116426882
167461664,1704735188
167461664,3705511275
167461664,3491976441
167461664,1312608816
167461664,3749589983
167461664,3246339301
167461664,2821307613
167461664,3581220740
167461664,3112874006
167461664,355554328
167461664,2649021919
167461664,3948172699
167461664,3307993288
167461664,4021908853
167461664,3665351595
167461664,1693529784
167461664,3849726313
167461664,2334707233
167461664,1875934482
167461664,2719443259
167461664,3981269031
167461664,3948791295
167461664,2972430807
167461664,4083103035
167461664,3945488892
167461664,1186601665
167461664,4101337752
167461664,129094265
167461664,379815655
167461664,4130538862
167461664,2270901530
167461664,493426566
167461664,3708278892
167461664,4056700456
167461664,2771193358
167461664,3141549812
167461664,2768292511
167461664,4092268816
167461664,3633767355
167461664,1673497182
167461664,1322834252
167461664,3088655564
167461664,533334084
167461664,2682151097
167461664,4119804554
167461664,1272170444
167461664,1393239967
167461664,2163454759
167461664,2424534283
167461664,725099582
167461664,250866314
167461664,112814809
167461664,590462556
167461664,2815432430
167461664,4099849715
167461664,3353612373
167461664,2213179464
167461664,3021946269
167461664,3291620750
167461664,200240089
167461664,470151859
167461664,1393787653
167461664,29398066
167461664,1226889204
167461664,3662688254
167461664,225242074
167461664,143446564
167461664,3866210482
167461664,33850983
167461664,701826685
167461664,3368295493
167461664,488009964
167461664,274963100
167461664,1732568743
167461664,1618757089
167461664,409272497
167461664,354515291
167461664,1692289705
167461664,570139377
167461664,173233253
167461664,2790673840
167461664,2438543623
167461664,2827956461
167461664,2789981422
167461664,80703539
167461664,1636965600
167461664,2355287360
167461664,14594813
167461664,14116807
167461664,399821981
167461664,396383686
167461664,563304196
167461664,126201072
167461664,19409223
167461664,186883395
167461664,339401183
167461664,15520892
167461664,2417450544
167461664,37901995
167461664,1625440034
167461664,3094784819
167461664,2576702011
167461664,1415403024
167461664,43565005
167461664,257434149
167461664,326261414
167461664,3402946228
167461664,362466444
167461664,83466334
167461664,528743299
167461664,517663753
167461664,19876572
167461664,536617101
167461664,2796723377
167461664,1042062732
167461664,2574314435
167461664,3093595261
167461664,884742217
167461664,2484638833
167461664,138534268
167461664,947579028
167461664,858066578
167461664,502262742
167461664,73800014
167461664,321753339
167461664,409486555
167461664,603585249
167461664,116184861
167461664,2932117860
167461664,2190755568
167461664,2645325126
167461664,20532031
167461664,14361155
167461664,23125257
167461664,1536791610
167461664,2903715045
167461664,2467791
167461664,2538327768
167461664,64929124
167461664,127539064
167461664,45709440
167461664,21138477
167461664,100127207
167461664,1171984440
167461664,3044738957
167461664,3207496312
167461664,19078530
167461664,3422617395
167461664,1683986395
167461664,1975042262
167461664,2941303653
167461664,86838146
167461664,3214687925
167461664,2888403741
167461664,3074659727
167461664,716018773
167461664,296713129
167461664,144989850
167461664,345539714
167461664,972829380
167461664,435200059
167461664,820001330
167461664,48100887
167461664,2573408562
167461664,268387798
167461664,88901818
167461664,558721309
167461664,2230565466
167461664,1963319070
167461664,3067838415
167461664,323308527
167461664,482217158
167461664,411644725
167461664,3084704392
167461664,20919479
167461664,23802107
167461664,483316533
167461664,2360650053
167461664,2776310219
167461664,131184914
167461664,1048760072
167461664,206788258
167461664,570002691
167461664,380995826
167461664,268862061
167461664,1469504754
167461664,2305029618
167461664,635569270
167461664,29958132
167461664,3008143708
167461664,42341769
167461664,142263772
167461664,499086428
167461664,998305700
167461664,962712038
167461664,2966108559
167461664,2480439230
167461664,1876463017
167461664,323926593
167461664,304801753
167461664,1006516357
167461664,2457739077
167461664,87759637
167461664,53858070
167461664,2825167365
167461664,2522665464
167461664,296194075
167461664,565835795
167461664,2764792246
167461664,2584913560
167461664,2246353982
167461664,2368943822
167461664,481950275
167461664,615478934
167461664,2449911223
167461664,1678031934
167461664,2184453679
167461664,321547423
167461664,2280994474
167461664,1255427953
167461664,1621099074
167461664,487438180
167461664,977229638
167461664,2392732165
167461664,88026296
167461664,1291727497
167461664,26768798
167461664,2214851246
167461664,24565678
167461664,105416813
167461664,1296833827
167461664,2331287737
167461664,138892752
167461664,887535906
167461664,271409498
167461664,1686001675
167461664,53842501
167461664,2191098577
167461664,134279435
167461664,436265522
167461664,397530984
167461664,399525601
167461664,80620346
167461664,40415424
167461664,558756622
167461664,1670994523
167461664,17933570
167461664,338084918
167461664,75164201
167461664,48242735
167461664,39095494
167461664,90021519
167461664,23497233
167461664,21232553
167461664,2348061590
167461664,52401992
167461664,164104973
167461664,2324553565
167461664,70394683
167461664,433730798
167461664,498209225
167461664,65478056
167461664,23351331
167461664,279050615
167461664,179670866
167461664,23033972
167461664,1116390889
167461664,84678762
167461664,342560704
167461664,263928436
167461664,1292376426
167461664,107905778
167461664,49718926
167461664,127910704
167461664,475794599
167461664,825837464
167461664,393619520
167461664,18460325
167461664,15564428
167461664,25288774
167461664,392185769
167461664,78195667
167461664,628402320
167461664,950467129
167461664,134311229
167461664,702131838
167461664,59266578
167461664,436997858
167461664,26534759
167461664,573247053
167461664,255165602
167461664,476155722
167461664,784680583
167461664,168361330
167461664,819844669
167461664,15885551
167461664,191514613
167461664,254551106
167461664,406213551
167461664,256042250
167461664,1161937537
167461664,58669696
167461664,53000889
167461664,317324268
167461664,380050934
167461664,16573941
167461664,197084614
167461664,37890617
167461664,15383636
167461664,27016235
167461664,74701069
167461664,168501995
167461664,72082592
167461664,394783618
167461664,16913418
167461664,309125689
167461664,51528223
167461664,991993219
167461664,255747911
167461664,1156866230
167461664,189565993
167461664,365164691
167461664,402545900
167461664,2168324238
167461664,18395177
167461664,621212626
167461664,411571034
167461664,2598276811
167461664,303496156
167461664,19918247
167461664,19705239
167461664,344634424
167461664,22941152
167461664,271028583
167461664,511124457
167461664,334137511
167461664,480872962
167461664,928419246
167461664,28109359
167461664,249293918
167461664,251716551
167461664,52782073
167461664,75974281
167461664,1023096199
167461664,47786101
167461664,50374439
167461664,1070929081
167461664,25115832
167461664,1339835893
167461664,1330457336
167461664,108793700
167461664,15000286
167461664,101121510
167461664,18764854
167461664,84128595
167461664,455831939
167461664,18678493
167461664,19165332
167461664,102097897
167461664,20794341
167461664,51831438
167461664,20923305
167461664,19989787
167461664,40871073
167461664,115442828
167461664,26017256
167461664,71560422
167461664,19981767
167461664,17240183
167461664,54015652
167461664,19488569
167461664,69023503
167461664,353389626
167461664,71843505
167461664,256449166
167461664,21856053
167461664,28988254
167461664,21389998
167461664,22817297
167461664,93905238
167461664,60917604
167461664,2425739461
167461664,19246359
167461664,21648020
167461664,44233510
167461664,238319766
167461664,19542638
167461664,47212769
167461664,50707383
167461664,1115394421
167461664,36686415
167461664,436292177
167461664,19751163
167461664,18707504
167461664,19562228
167461664,19520439
167461664,138600717
167461664,36116979
167461664,43901270
167461664,61021060
167461664,2550023839
167461664,1651824314
167461664,19650966
167461664,8884772
167461664,30898868
167461664,71187596
167461664,55405408
167461664,21365099
167461664,19921389
167461664,21856254
167461664,132999940
167461664,78390425
167461664,1141330454
167461664,16171953
167461664,24590293
167461664,21195592
167461664,19804830
167461664,41935184
167461664,19701628
167461664,16804119
167461664,19712205
167461664,20448670
167461664,31237480
167461664,21268095
167461664,234053160
167461664,357531233
167461664,81060610
167461664,30665139
167461664,19862086
167461664,18761347
167461664,24164345
167461664,156408938
167461664,773321546
167461664,26486870
167461664,420545304
167461664,2339082681
167461664,90836187
167461664,743806261
167461664,932429090
167461664,2533070650
167461664,29479000
167461664,224223563
167461664,344801362
167461664,158487331
167461664,2430168094
167461664,262849080
167461664,1681295887
167461664,1849372724
167461664,1921097342
167461664,2281497001
167461664,1934018209
167461664,1873417111
167461664,1952727518
167461664,152675803
167461664,2366062459
167461664,544639385
167461664,2327642496
167461664,2163562337
167461664,1672405986
167461664,860193427
167461664,2230792853
167461664,390697336
167461664,105283431
167461664,2206168727
167461664,2567256275
167461664,2618684266
167461664,2575179347
167461664,443739391
167461664,2611321779
167461664,585035823
167461664,1884298753
167461664,2205588452
167461664,75965240
167461664,809606935
167461664,113759611
167461664,510645348
167461664,591795083
167461664,770292180
167461664,428494473
167461664,393396246
167461664,375211619
167461664,394220300
167461664,1876326937
167461664,69344401
167461664,66834664
167461664,1132105266
167461664,554517973
167461664,2214609101
167461664,399621270
167461664,2227307144
167461664,189260642
167461664,181572333
167461664,2279243403
167461664,2263931050
167461664,2323772292
167461664,2210543927
167461664,2220700525
167461664,232207273
167461664,1004820848
167461664,825542809
167461664,1912297292
167461664,79822854
167461664,635827386
167461664,2399893678
167461664,113145147
167461664,2308481659
167461664,2197624367
167461664,2403167914
167461664,719496898
167461664,264498030
167461664,153694176
167461664,66995579
167461664,2436880794
167461664,58576769
167461664,2510367879
167461664,2451562177
167461664,2508250414
167461664,2577952352
167461664,414736352
167461664,909186090
167461664,73938281
167461664,181637383
167461664,473883807
167461664,22392201
167461664,2361467189
167461664,20072859
167461664,143095637
167461664,109344887
167461664,328324556
167461664,605784116
167461664,2221259489
167461664,1446254708
167461664,76625691
167461664,614755211
167461664,806948929
167461664,470595534
167461664,2282285041
167461664,578261672
167461664,1907401321
167461664,264799462
167461664,114005597
167461664,1511861466
167461664,1631071238
167461664,2406845714
167461664,157053333
167461664,86738084
167461664,2260222722
167461664,40101400
167461664,24343698
167461664,19691643
167461664,34464376
167461664,23976386
167461664,355307031
167461664,1901292908
167461664,18625669
167461664,373360898
167461664,20565284
167461664,1117046706
167461664,479091017
167461664,123754656
167461664,581641820
167461664,550283734
167461664,889334983
167461664,427493664
167461664,53075732
167461664,558514723
167461664,474319511
167461664,21329490
167461664,239093860
167461664,1007432648
167461664,93230391
167461664,1011147096
167461664,16548023
167461664,1221570000
167461664,1960325822
167461664,105238204
167461664,1684484790
167461664,2360915583
167461664,563919917
167461664,21307484
167461664,395253423
167461664,1955068369
167461664,1641048133
167461664,463719676
167461664,597278762
167461664,17662117
167461664,24341373
167461664,20823773
167461664,37342539
167461664,27711339
167461664,2416414622
167461664,239587112
167461664,2602392013
167461664,2501705973
167461664,2269449692
167461664,2455553856
167461664,33631230
167461664,540185276
167461664,1115613883
167461664,210744401
167461664,182366225
167461664,20458464
167461664,1264877076
167461664,998208768
167461664,1332799939
167461664,1578796513
167461664,2205766148
167461664,2521277466
167461664,86972419
167461664,42204685
167461664,997951597
167461664,1641849230
167461664,251660700
167461664,1511311538
167461664,403245020
167461664,403246803
167461664,1334489155
167461664,783713618
167461664,403255314
167461664,439125710
167461664,275331285
167461664,1875890264
167461664,1919634787
167461664,1854327248
167461664,478942811
167461664,2569331612
167461664,1120129314
167461664,1730069479
167461664,2187039589
167461664,2188862124
167461664,240367997
167461664,2388493300
167461664,2154998441
167461664,1444071186
167461664,1956154628
167461664,1976238714
167461664,186950974
167461664,1661460859
167461664,2381194944
167461664,2464488636
167461664,1026953504
167461664,1583932230
167461664,337689639
167461664,15368959
167461664,99478548
167461664,123485906
167461664,20697564
167461664,108527137
167461664,16186543
167461664,55022800
167461664,466386883
167461664,42328651
167461664,72702142
167461664,714717134
167461664,2271887178
167461664,1169011944
167461664,1281344179
167461664,61493807
167461664,422458175
167461664,147277903
167461664,413386648
167461664,2196370159
167461664,256708563
167461664,26874588
167461664,946872492
167461664,549279792
167461664,2178704178
167461664,1008664962
167461664,366788244
167461664,75511224
167461664,107461331
167461664,517412681
167461664,750114625
167461664,393378669
167461664,180834060
167461664,46347785
167461664,849210433
167461664,622204557
167461664,552921219
167461664,22154404
167461664,396186928
167461664,117007661
167461664,330915038
167461664,341515982
167461664,108104959
167461664,18952448
167461664,604584171
167461664,8775322
167461664,27437467
167461664,80136024
167461664,61495109
167461664,115734524
167461664,382632147
167461664,558615546
167461664,97095635
167461664,76894830
167461664,72933084
167461664,80330311
167461664,306545682
167461664,17683011
167461664,15227791
167461664,1610793044
167461664,38927101
167461664,1621463456
167461664,1704585578
167461664,106353006
167461664,29575022
167461664,33874318
167461664,36766148
167461664,22264497
167461664,541151348
167461664,338757387
167461664,7169752
167461664,137779147
167461664,45627568
167461664,52301263
167461664,297005441
167461664,15152741
167461664,63160677
167461664,14181054
167461664,105894375
167461664,1430659038
167461664,112497440
167461664,119748851
167461664,1377961352
167461664,110447195
167461664,104955744
167461664,19292133
167461664,211170983
167461664,72147399
167461664,377249175
167461664,24926416
167461664,93663331
167461664,26565124
167461664,253741190
167461664,433326395
167461664,48302014
167461664,239415478
167461664,1568096810
167461664,567573681
167461664,175566811
167461664,21425405
167461664,376819013
167461664,53732896
167461664,317253127
167461664,569995902
167461664,17675072
167461664,414923585
167461664,51468445
167461664,22827600
167461664,49781518
167461664,20350081
167461664,15888142
167461664,20015311
167461664,304714530
167461664,19921394
167461664,41878061
167461664,1589309498
167461664,365860297
167461664,40368709
167461664,1113015066
167461664,294194142
167461664,110679651
167461664,1468527360
167461664,17764554
167461664,460209156
167461664,773606869
167461664,501254034
167461664,557768137
167461664,257482364
167461664,2343735216
167461664,17063215
167461664,1286063538
167461664,482950424
167461664,172821385
167461664,3310571
167461664,45034819
167461664,66165950
167461664,27457788
167461664,33857378
167461664,1038023600
167461664,356844856
167461664,484337434
167461664,41229669
167461664,23585685
167461664,133880286
167461664,409305121
167461664,239227114
167461664,568653508
167461664,240901688
167461664,39364684
167461664,18228898
167461664,92367751
167461664,8223872
167461664,28175054
167461664,14903044
167461664,19472578
167461664,212357328
167461664,2167037851
167461664,498977680
167461664,1143354475
167461664,225190303
167461664,51788264
167461664,314513735
167461664,1283619919
167461664,2322698521
167461664,2221408128
167461664,1731691897
167461664,288918872
167461664,769661629
167461664,44101412
167461664,18953259
167461664,20884910
167461664,15253147
167461664,21632185
167461664,140118545
167461664,236756893
167461664,23219511
167461664,77086811
167461664,50056496
167461664,182384436
167461664,48956358
167461664,371518025
167461664,35697909
167461664,97469818
167461664,132376754
167461664,137518535
167461664,153564005
167461664,493275793
167461664,175083521
167461664,19656577
167461664,21162219
167461664,21634181
167461664,266204164
167461664,25753545
167461664,428359110
167461664,789054146
167461664,18637077
167461664,6289142
167461664,16503940
167461664,204832963
167461664,125855728
167461664,22342486
167461664,20064380
167461664,158851895
167461664,607192082
167461664,43744089
167461664,284268403
167461664,19966557
167461664,512700138
167461664,153939448
167461664,299938870
167461664,280967190
167461664,41165126
167461664,11277292
167461664,350600080
167461664,154694944
167461664,1004586212
167461664,38977171
167461664,2308815553
167461664,34352191
167461664,72950235
167461664,39839316
167461664,21396648
167461664,33484102
167461664,112224319
167461664,113157132
167461664,35780733
167461664,110725477
167461664,21674080
167461664,139509464
167461664,36204683
167461664,239767532
167461664,22490490
167461664,281470457
167461664,266187076
167461664,321714804
167461664,303347880
167461664,15030767
167461664,15907935
167461664,282618922
167461664,78022296
167461664,116142776
167461664,26499475
167461664,247015012
167461664,42929558
167461664,164350021
167461664,2207896285
167461664,23421880
167461664,21577628
167461664,919317492
167461664,1568072605
167461664,64418855
167461664,20781929
167461664,1956659282
167461664,34888586
167461664,2312066144
167461664,1919637541
167461664,348617878
167461664,424520487
167461664,86144825
167461664,23375688
167461664,585093367
167461664,22384691
167461664,14224719
167461664,257138162
167461664,21112266
167461664,2174231240
167461664,103065157
167461664,25098482
167461664,43140530
167461664,304909941
167461664,14159148
167461664,18949452
167461664,69231187
167461664,20646711
167461664,16153562
167461664,490471617
167461664,148517828
167461664,104277809
167461664,27830610
167461664,2197487762
167461664,50393960
167461664,771383605
167461664,177736182
167461664,70349639
167461664,20560841
167461664,293045878
167461664,32917485
167461664,290602569
167461664,208325262
167461664,168752997
167461664,54779428
167461664,2303688960
167461664,27694458
167461664,23006794
167461664,18285474
167461664,43865255
167461664,65368711
167461664,158768741
167461664,16667262
167461664,28061932
167461664,43870053
167461664,23057502
167461664,28126463
167461664,2243997137
167461664,802939002
167461664,82097756
167461664,43904362
167461664,18718241
167461664,24784028
167461664,17243213
167461664,35885940
167461664,33467896
167461664,175308804
167461664,19397785
167461664,124215842
167461664,2305161410
167461664,173988421
167461664,392046670
167461664,582620710
167461664,199194717
167461664,1322872326
167461664,1311230174
167461664,2233564278
167461664,1435229030
167461664,2353457365
167461664,1971958860
167461664,1666059600
167461664,278708734
167461664,99494011
167461664,21770069
167461664,159825515
167461664,116311025
167461664,21204093
167461664,149986244
167461664,849246614
167461664,18783599
167461664,21905142
167461664,17980026
167461664,454395581
167461664,14293310
167461664,150677740
167461664,19394887
167461664,63136550
167461664,14946308
167461664,45546544
167461664,468513171
167461664,19458590
167461664,965741665
167461664,60916506
167461664,50300579
167461664,19875072
167461664,20885390
167461664,17637572
167461664,40872043
167461664,290263087
167461664,42626527
167461664,1615685677
167461664,1171924778
167461664,19247625
167461664,21309551
167461664,510365303
167461664,2163276261
167461664,2200128758
167461664,50627903
167461664,201456456
167461664,221488570
167461664,1681241335
167461664,306416386
167461664,413148441
167461664,623587234
167461664,50731560
167461664,355124221
167461664,43165080
167461664,1139745157
167461664,64637027
167461664,22083646
167461664,16663440
167461664,332538287
167461664,106877485
167461664,23426900
167461664,311138859
167461664,92751856
167461664,1960649768
167461664,274820053
167461664,47231307
167461664,308115928
167461664,1663365500
167461664,900767846
167461664,40002725
167461664,1243620769
167461664,520306041
167461664,801325819
167461664,41469938
167461664,109125092
167461664,226326347
167461664,263703625
167461664,232989941
167461664,236034261
167461664,472318183
167461664,1259134002
167461664,80592945
167461664,213125429
167461664,85908999
167461664,43899019
167461664,206340863
167461664,141694727
167461664,83447255
167461664,257741328
167461664,25730910
167461664,74255002
167461664,422926104
167461664,63355280
167461664,51304786
167461664,61073271
167461664,368935776
167461664,174345313
167461664,308124543
167461664,239313282
167461664,499860808
167461664,546139835
167461664,910682636
167461664,33588206
167461664,19066345
167461664,16854780
167461664,128285020
167461664,15057943
167461664,21701757
167461664,102526776
167461664,329789735
167461664,222363231
167461664,15162193
167461664,73935011
167461664,390246588
167461664,34949757
167461664,155659213
167461664,102439447
167461664,267277757
167461664,24597041
167461664,106530986
167461664,15340715
167461664,18481641
167461664,60649803
167461664,18462157
167461664,53027306
167461664,50751556
167461664,20856282
167461664,30180137
167461664,127262925
167461664,92541370
167461664,41530011
167461664,85772748
167461664,40110996
167461664,209994211
167461664,44152270
167461664,321053843
167461664,328980753
167461664,413487212
167461664,20351362
167461664,50602093
167461664,57249277
167461664,15265990
167461664,24282101
167461664,469362120
167461664,229219088
167461664,21208444
167461664,121167080
167461664,298685159
167461664,369514419
167461664,17133807
167461664,389779566
167461664,90774609
167461664,145582395
167461664,69615397
167461664,73359920
167461664,24241544
167461664,34395888
167461664,126614785
167461664,21857559
167461664,78021221
167461664,20809515
167461664,426252942
167461664,72568426
167461664,395567585
167461664,24544628
167461664,783214
167461664,18730195
167461664,17311493
167461664,189987897
167461664,85425068
167461664,18091904
167461664,2425151
167461664,19212009
167461664,96651623
167461664,79141987
167461664,87946729
167461664,115485051
167461664,70186440
167461664,892100366
167461664,52357743
167461664,1369470620
167461664,587121977
167461664,1263012522
167461664,633263199
167461664,1442204575
167461664,1446314347
167461664,330485251
167461664,371254741
167461664,1426749632
167461664,1342655366
167461664,1433236148
167461664,516759853
167461664,836481698
167461664,1403401652
167461664,1457278134
167461664,1457202758
167461664,1270268419
167461664,595529460
167461664,57783005
167461664,1447147993
167461664,1367003840
167461664,1454469757
167461664,1020654054
167461664,1126978789
167461664,1457236950
167461664,1451377428
167461664,1450107073
167461664,1457157625
167461664,62164894
167461664,254809626
167461664,15307166
167461664,840563988
167461664,181584787
167461664,15632759
167461664,15005991
167461664,17993489
167461664,979193964
167461664,136441835
167461664,5988062
167461664,5402612
167461664,310952321
167461664,3108351
167461664,47476545
167461664,17681513
167461664,19148708
167461664,50640639
167461664,20583613
167461664,19504112
167461664,314865755
167461664,19910996
167461664,402034870
167461664,73992972
167461664,19490380
167461664,141598384
167461664,250911289
167461664,221392767
167461664,15439395
167461664,26494583
167461664,71289861
167461664,40908929
167461664,40080940
167461664,16193578
167461664,54139776
167461664,15279422
167461664,239760107
167461664,205437050
167461664,15224867
167461664,454843106
167461664,209733094
167461664,50816045
167461664,39056314
167461664,18679659
167461664,19074134
167461664,140091998
167461664,44193089
167461664,321970500
167461664,18334825
167461664,81875838
167461664,359476092
167461664,398373290
167461664,419866263
167461664,269384965
167461664,485110848
167461664,147309706
167461664,370286859
167461664,452528489
167461664,31028348
167461664,295630879
167461664,20771699
167461664,36206962
167461664,21178061
167461664,39758252
167461664,98194807
167461664,530029542
167461664,259458394
167461664,485988088
167461664,279972382
167461664,160292305
167461664,20177423
167461664,409488110
167461664,264915768
167461664,726927482
167461664,488833460
167461664,47333726
167461664,212144618
167461664,593543037
167461664,778297670
167461664,451178493
167461664,76077840
167461664,69610339
167461664,198288384
167461664,67428423
167461664,193874012
167461664,278072240
167461664,136462166
167461664,214180119
167461664,27160098
167461664,20225875
167461664,39597326
167461664,426916170
167461664,32172832
167461664,56690346
167461664,265704221
167461664,26258308
167461664,39260028
167461664,122439215
167461664,311484185
167461664,117147666
167461664,126740342
167461664,23465309
167461664,634473079
167461664,463144031
167461664,437686277
167461664,633729205
167461664,24970632
167461664,452368509
167461664,333785178
167461664,271892867
167461664,154169446
167461664,184555039
167461664,625857023
167461664,255887092
167461664,198415967
167461664,410280759
167461664,440526994
167461664,366386431
167461664,720798986
167461664,238643538
167461664,153795548
167461664,712841437
167461664,56490838
167461664,415678203
167461664,291966105
167461664,65046632
167461664,23414566
167461664,40440462
167461664,89434927
167461664,221122127
167461664,584057009
167461664,48069341
167461664,187310470
167461664,163199790
167461664,79587553
167461664,28630358
167461664,62037710
167461664,231111279
167461664,99756601
167461664,136007061
167461664,40255499
167461664,376993119
167461664,19390810
167461664,53184837
167461664,68559218
167461664,6815302
167461664,43584495
167461664,305217958
167461664,285282053
167461664,30704824
167461664,16632219
167461664,14758257
167461664,13058232
167461664,115400163
167461664,17372386
167461664,16632149
167461664,16155408
167461664,28635233
167461664,184910040
167461664,17919972
167461664,35600692
167461664,540813540
167461664,173223518
167461664,334870534
167461664,38869835
167461664,407346823
167461664,441202211
167461664,83071653
167461664,40403828
167461664,73315873
167461664,261875331
167461664,50611822
167461664,166275116
167461664,152480673
167461664,330913897
167461664,88509400
167461664,280499671
167461664,296863855
167461664,399617892
167461664,15444372
167461664,541770713
167461664,194899381
167461664,464614529
167461664,23156214
167461664,574603563
167461664,459458308
167461664,267084202
167461664,108032268
167461664,43501046
167461664,62356246
167461664,146931805
167461664,86055958
167461664,257671027
167461664,14934818
167461664,261480174
167461664,35459922
167461664,213745334
167461664,1879831
167461664,18863815
167461664,19186180
167461664,15934926
167461664,46470446
167461664,209708391
167461664,19033555
167461664,40851965
167461664,38292798
167461664,47459700
167461664,15279429
167461664,20506424
167461664,16998020
167461664,86134475
167461664,454273018
167461664,585032858
167461664,23226365
167461664,317585133
167461664,138468913
167461664,17019661
167461664,55678606
167461664,20427667
167461664,38990129
167461664,253475377
167461664,33949854
167461664,15683146
167461664,50776802
167461664,48001112
167461664,22925569
167461664,71836972
167461664,38478008
167461664,77992461
167461664,75080568
167461664,14270254
167461664,20105197
167461664,16053570
167461664,20775703
167461664,18909913
167461664,22305695
167461664,82602399
167461664,93518442
167461664,7378332
167461664,19564523
167461664,86650382
167461664,80258281
167461664,91318191
167461664,260376365
167461664,54559669
167461664,172478782
167461664,196477312
167461664,23214173
167461664,135375196
167461664,62932145
167461664,130027085
167461664,23259578
167461664,32320201
167461664,189656101
167461664,465723566
167461664,116544824
167461664,18392906
167461664,44716621
167461664,202338684
167461664,21066857
167461664,20187832
167461664,136140018
167461664,128756681
167461664,23446053
167461664,11994692
167461664,16303106
167461664,807095
167461664,181199293
167461664,46623158
167461664,386189099
167461664,360765203
167461664,360230512
167461664,15962096
167461664,13986352
167461664,28485502
167461664,15238124
167461664,473272438
167461664,21148293
167461664,124003770
167461664,58528137
167461664,268439864
167461664,78150883
167461664,259379883
167461664,192372895
167461664,27852850
167461664,261440719
167461664,429204329
167461664,20732972
167461664,87075439
167461664,505364106
167461664,211692663
167461664,124139163
167461664,91390383
167461664,58790189
167461664,27604942
167461664,21357208
167461664,784304
167461664,23869918
167461664,13517342
167461664,505325587
167461664,14995420
167461664,19904349
167461664,6480682
167461664,348353369
167461664,283038024
167461664,226351502
167461664,19264748
167461664,19914314
167461664,18676177
167461664,27042513
167461664,65992743
167461664,288452305
167461664,34793170
167461664,19329393
167461664,28706024
167461664,23859156
167461664,25589776
167461664,26090319
167461664,53297035
167461664,23824904
167461664,148525428
167461664,142157505
167461664,88749392
167461664,411115599
167461664,430328795
167461664,17626165
167461664,17953384
167461664,58545637
167461664,62513246
167461664,190372847
167461664,63902831
167461664,45266183
167461664,475002175
167461664,490625052
167461664,1344951
167461664,96109537
167461664,228887112
167461664,20609518
167461664,17505100
167461664,69712872
167461664,14684733
167461664,77888423
167461664,47715374
167461664,306787783
167461664,386788466
167461664,14677919
167461664,972651
167461664,50515656
167461664,76817619
167461664,89986710
167461664,25521487
167461664,256573865
167461664,16089776
167461664,19689047
167461664,475022203
167461664,20448566
167461664,8662472
167461664,20843014
167461664,14222518
167461664,181561712
167461664,19554706
167461664,15317676
167461664,19271557
167461664,158314798
167461664,31089450
167461664,105119490
167461664,411739297
167461664,19923638
167461664,19248106
167461664,19058681
167461664,14842285
167461664,491638416
167461664,97488105
167461664,52932613
167461664,2789281
167461664,12152152
167461664,245891639
167461664,237464158
167461664,9187382
167461664,86375136
167461664,22822407
167461664,18879645
167461664,19587971
167461664,179667922
167461664,368320131
167461664,92894977
167461664,12925072
167461664,126660401
167461664,124777527
167461664,28298310
167461664,12438422
167461664,386420143
167461664,19331985
167461664,17163446
167461664,8665572
167461664,94081671
167461664,14150093
167461664,121176422
167461664,22667080
167461664,21783395
167461664,42331486
167461664,43869790
167461664,21681809
167461664,22940219
167461664,112741388
167461664,48616495
167461664,21447363
167461664,20321785
167461664,14461536
167461664,118904499
167461664,201729307
167461664,45685605
167461664,21094069
167461664,301315846
167461664,85302575
167461664,36357026
167461664,363232861
167461664,457545103
167461664,74580723
167461664,74470394
167461664,52781506
167461664,95313651
167461664,388365790
167461664,54704733
167461664,106364715
167461664,74524430
167461664,98631176
167461664,205339205
167461664,49239873
167461664,326359913
167461664,101348208
167461664,348379865
167461664,434735838
167461664,141052723
167461664,14117843
167461664,47155841
167461664,359418665
167461664,358731340
167461664,56195436
167461664,359565708
167461664,67142788
167461664,341461185
167461664,260002693
167461664,189336065
167461664,345150740
167461664,286894669
167461664,242878780
167461664,258075762
167461664,14399483
167461664,72374435
167461664,372485824
167461664,241322522
167461664,76950494
167461664,49949214
167461664,249346970
167461664,129302410
167461664,106930656
167461664,73996209
167461664,340976643
167461664,56773838
167461664,80665128
167461664,176101395
167461664,19119304
167461664,151594194
167461664,71826737
167461664,243217919
167461664,28467598
167461664,184768360
167461664,65720067
167461664,322294214
167461664,309201047
167461664,50593729
167461664,104916570
167461664,192681324
167461664,84374424
167461664,14199107
167461664,17963606
167461664,164761164
167461664,271629944
167461664,107173950
167461664,101221417
167461664,52175196
167461664,261715174
167461664,162073847
167461664,159940637
167461664,337673820
167461664,18642952
167461664,138449283
167461664,50782672
167461664,72718159
167461664,54570740
167461664,32955185
167461664,189895104
167461664,18221807
167461664,14502789
167461664,59922837
167461664,264232629
167461664,63223465
167461664,175187802
167461664,174123872
167461664,334285914
167461664,12406792
167461664,115535149
167461664,337864606
167461664,183201869
167461664,21066807
167461664,158058885
167461664,119581151
167461664,148810980
167461664,8824902
167461664,15351161
167461664,102098398
167461664,238857989
167461664,178849830
167461664,99809504
167461664,58979167
167461664,54499639
167461664,72820292
167461664,16409683
167461664,164263093
167461664,352931050
167461664,220066014
167461664,349353464
167461664,374558802
167461664,456690841
167461664,442633913
167461664,79753863
167461664,374398104
167461664,45586196
167461664,392795049
167461664,208159709
167461664,353082604
167461664,74113670
167461664,228665397
167461664,426951343
167461664,58019344
167461664,112289040
167461664,30574546
167461664,364012903
167461664,147614273
167461664,109705251
167461664,158793696
167461664,333188125
167461664,232634332
167461664,279113380
167461664,297379443
167461664,235319276
167461664,414892723
167461664,407640849
167461664,387751080
167461664,413956069
167461664,85350291
167461664,302184953
167461664,177145917
167461664,46456439
167461664,105296218
167461664,90034148
167461664,31399123
167461664,33941459
167461664,355109548
167461664,185412906
167461664,147310768
167461664,286666053
167461664,63541331
167461664,341101246
167461664,57756971
167461664,419527958
167461664,410998535
167461664,371664954
167461664,253972034
167461664,84938010
167461664,190216163
167461664,221582843
167461664,102740247
167461664,290754668
167461664,22285876
167461664,270488873
167461664,101034968
167461664,291893755
167461664,199420897
167461664,226845879
167461664,352457299
167461664,42287757
167461664,398306545
167461664,209634675
167461664,294898668
167461664,338285252
167461664,224995885
167461664,241962917
167461664,88274649
167461664,98554835
167461664,52429441
167461664,56070266
167461664,260928279
167461664,69661615
167461664,76516456
167461664,30879059
167461664,238869405
167461664,120847813
167461664,165707443
167461664,30654678
167461664,359702106
167461664,253769098
167461664,351172049
167461664,106828403
167461664,225175560
167461664,148130457
167461664,84279963
167461664,376811179
167461664,248212193
167461664,23603874
167461664,59546171
167461664,226895703
167461664,27970642
167461664,347363349
167461664,14179410
167461664,280770296
167461664,43528828
167461664,23926882
167461664,27517025
167461664,54930650
167461664,78435710
167461664,39740329
167461664,29517152
167461664,151544201
167461664,229702304
167461664,22217614
167461664,23656458
167461664,56790882
167461664,18902880
167461664,158592503
167461664,84517502
167461664,40946615
167461664,176529404
167461664,176557682
167461664,23280648
167461664,20651387
167461664,40684960
167461664,101367405
167461664,20956062
167461664,481299890
167461664,29720215
167461664,193500676
167461664,240354622
167461664,217458574
167461664,106808975
167461664,19851111
167461664,21060044
167461664,19546942
167461664,77810669
167461664,148325018
167461664,43121121
167461664,16929349
167461664,293640301
167461664,32269217
167461664,243847729
167461664,19086456
167461664,25029107
167461664,34373923
167461664,25937606
167461664,99131926
167461664,21008591
167461664,19660870
167461664,153474021
167461664,183734502
167461664,102446093
167461664,25326324
167461664,53152678
167461664,58462957
167461664,59143038
167461664,15692086
167461664,223968031
167461664,185314895
167461664,59331412
167461664,13018112
167461664,158128894
167461664,59624844
167461664,15933910
167461664,127635597
167461664,136361303
167461664,23605284
167461664,250700324
167461664,51945792
167461664,16096416
167461664,91436809
167461664,27844479
167461664,71352734
167461664,37046756
167461664,22024974
167461664,43952326
167461664,147544652
167461664,23599214
167461664,26683141
167461664,43897932
167461664,20863936
167461664,17548474
167461664,309937733
167461664,287694284
167461664,14791162
167461664,22808073
167461664,118749374
167461664,34947001
167461664,107163055
167461664,19268763
167461664,16306608
167461664,31277095
167461664,21414413
167461664,36827798
167461664,21683202
167461664,89563994
167461664,164797526
167461664,54523101
167461664,23864508
167461664,47285504
167461664,90420314
167461664,17029913
167461664,49110693
167461664,22922759
167461664,321210524
167461664,405820467
167461664,373636792
167461664,280629993
167461664,125075583
167461664,59124929
167461664,169686021
167461664,31085640
167461664,159079662
167461664,172779482
167461664,20413022
167461664,132385468
167461664,274136212
167461664,27778893
167461664,263727187
167461664,28412286
167461664,19028615
167461664,20070905
167461664,369123575
167461664,295147188
167461664,54960992
167461664,186454150
167461664,18322980
167461664,16945578
167461664,148496087
167461664,14353392
167461664,22470995
167461664,109702885
167461664,115626888
167461664,26745004
167461664,458439255
167461664,25203213
167461664,18578555
167461664,406745433
167461664,19076596
167461664,60054156
167461664,76096999
167461664,400985751
167461664,172413019
167461664,408349669
167461664,429917306
167461664,16269521
167461664,458803483
167461664,14575107
167461664,21401466
167461664,56783491
167461664,15846407
167461664,15485441
167461664,35094637
167461664,119509520
167461664,30364057
167461664,137956519
167461664,18948541
167461664,31239408
167461664,14939981
167461664,15434686
167461664,41065789
167461664,20536157
167461664,13790282
167461664,7092102
167461664,27195114
167461664,2781
167461664,21425125
167461664,24929621
167461664,36412963
167461664,29123186
167461664,26895879
167461664,34356968
167461664,17093617
167461664,25102734
167461664,44084633
167461664,316469098
167461664,14050296
167461664,16813336
167461664,209059075
167461664,33906088
167461664,118780654
167461664,14657069
167461664,14888578
167461664,85603854
167461664,24599923
167461664,25365536
167461664,27260086
167461664,24966423
167461664,26565946
167461664,24190981
167461664,14230524
167461664,105189289
167461664,24407244
167461664,428333
167461664,32469566
167461664,53153263
167461664,297169759
167461664,813286
167461664,44409004
167461664,19784831
167461664,34423857
167461664,405123394
167461664,22904901
167461664,24696669
167461664,19771076
167461664,14529811
167461664,107841564
167461664,350408734
167461664,112020404
167461664,30069333
167461664,106575196
167461664,72577008
167461664,218918030
167461664,180866541
167461664,65404868
167461664,283416693
167461664,76073953
167461664,88756014
167461664,316688937
167461664,384034865
167461664,399669059
167461664,401084985
167461664,36388868
167461664,322735326
167461664,107538465
167461664,25959135
167461664,15419167
167461664,15031999
167461664,125859433
167461664,18647765
167461664,175881319
167461664,275232737
167461664,328199172
167461664,43815496
167461664,7846
167461664,79293791
167461664,816653
167461664,6351572
167461664,100220864
167461664,30782495
167461664,35787166
167461664,2367911
167461664,357048321
167461664,18780567
167461664,10228272
