168183962,1098700915
168183962,110966797
168183962,17714681
168183962,51205137
168183962,236526490
168183962,1674089395
168183962,1963312058
168183962,40051388
168183962,2480998605
168183962,257295694
168183962,490126636
168183962,313319164
168183962,70163773
168183962,1086998118
168183962,271818981
168183962,457973298
168183962,22411875
168183962,2249121151
168183962,176339354
168183962,78643537
168183962,896960628
168183962,1298229685
168183962,194497580
168183962,538484218
168183962,3448164136
168183962,4489335859
168183962,12788912
168183962,176430561
168183962,60877603
168183962,1150491000
168183962,14823556
168183962,16460682
168183962,2603835019
168183962,1179383574
168183962,2631015170
168183962,245827644
168183962,2417241372
168183962,1308705744
168183962,36091234
168183962,14074967
168183962,297169759
168183962,461951301
168183962,48476168
168183962,16105368
168183962,34565806
168183962,2843602023
168183962,2674886430
168183962,754848932
168183962,4170833655
168183962,1947060127
168183962,2917299670
168183962,268368996
168183962,3152940844
168183962,3931609109
168183962,17169453
168183962,459326049
168183962,17052419
168183962,42028753
168183962,42848607
168183962,77006492
168183962,631767111
168183962,2195622679
168183962,201071139
168183962,161951538
168183962,28850071
168183962,3917445075
168183962,15084853
168183962,2512032116
168183962,3003496786
168183962,1240355022
168183962,3986342807
168183962,3994472055
168183962,53889610
168183962,3897967540
168183962,625676901
168183962,923373427
168183962,1622210054
168183962,1228243574
168183962,229868820
168183962,3883704746
168183962,44618343
168183962,19161516
168183962,1716966186
168183962,47042682
168183962,21485707
168183962,2242364952
168183962,3994519654
168183962,980196404
168183962,1704465722
168183962,4059737657
168183962,621207298
168183962,122064289
168183962,171877288
168183962,435150335
168183962,559465028
168183962,2338213146
168183962,324397601
168183962,421121676
168183962,1445707680
168183962,203264401
168183962,2651988398
168183962,95928342
168183962,1579949040
168183962,2773567537
168183962,93876192
168183962,230409815
168183962,2803579692
168183962,94752008
168183962,2831840270
168183962,112097887
168183962,158679118
168183962,2192523698
168183962,2282020010
168183962,2185095342
168183962,2872161425
168183962,443876086
168183962,318080001
168183962,46088486
168183962,1361630156
168183962,2850290531
168183962,2836328877
168183962,572019499
168183962,28783336
168183962,1227803701
168183962,48668310
168183962,3301910843
168183962,234845282
168183962,3622975648
168183962,7877
168183962,1186193480
168183962,3009556327
168183962,200925291
168183962,23051792
168183962,32555531
168183962,234085592
168183962,1960370958
168183962,54317231
168183962,51088856
168183962,3252605533
168183962,54311364
168183962,3502539923
168183962,1068464340
168183962,3289713977
168183962,2796712681
168183962,529395057
168183962,3510571583
168183962,432582893
168183962,3323124171
168183962,1563737839
168183962,618956486
168183962,394252786
168183962,2899790687
168183962,1392163634
168183962,3131500821
168183962,1296596550
168183962,435737814
168183962,819197575
168183962,3328974897
168183962,3031798479
168183962,370808273
168183962,21334179
168183962,1725985022
168183962,426944518
168183962,2810147657
168183962,850888453
168183962,939981487
168183962,607188140
168183962,3320903703
168183962,2949062675
168183962,146105775
168183962,3002064295
168183962,36447461
168183962,491370452
168183962,331734057
168183962,812866009
168183962,332299486
168183962,3016840503
168183962,3306655367
168183962,2829205331
168183962,11023052
168183962,2257862275
168183962,2393140785
168183962,40953465
168183962,109288334
168183962,3140344000
168183962,234786485
168183962,2969760609
168183962,448354599
168183962,397501227
168183962,3165985497
168183962,2658569068
168183962,1417475030
168183962,193701072
168183962,891017426
168183962,3026728756
168183962,3002897962
168183962,306868006
168183962,98685536
168183962,3084162020
168183962,108965975
168183962,418086945
168183962,2244996871
168183962,31370734
168183962,464964078
168183962,3007995116
168183962,124690469
168183962,21059342
168183962,141124859
168183962,57044449
168183962,2980578432
168183962,2891501795
168183962,372182708
168183962,70384004
168183962,787223534
168183962,20832113
168183962,601692797
168183962,309652586
168183962,784558332
168183962,189034552
168183962,74987950
168183962,14908972
168183962,172635054
168183962,184477052
168183962,2390965225
168183962,2355649464
168183962,2955410705
168183962,36253089
168183962,2917771730
168183962,2902156208
168183962,2800726518
168183962,1409729658
168183962,73012597
168183962,26710373
168183962,15155091
168183962,2502200664
168183962,2328757008
168183962,49563467
168183962,1330022240
168183962,1566383408
168183962,19883537
168183962,567109599
168183962,1373115584
168183962,21562939
168183962,297018537
168183962,1073523438
168183962,62546479
168183962,17131321
168183962,2556418057
168183962,23429715
168183962,607523139
168183962,95653313
168183962,58846963
168183962,180300332
168183962,9862752
168183962,48363930
168183962,917228694
168183962,14755713
168183962,18022037
168183962,588559501
168183962,2630948292
168183962,569061144
168183962,2889902012
168183962,444940567
168183962,558856151
168183962,121084615
168183962,199415887
168183962,72952911
168183962,2898626694
168183962,2326825313
168183962,78081806
168183962,19546277
168183962,86392183
168183962,2778074343
168183962,2920043394
168183962,222748571
168183962,2216929081
168183962,2767221159
168183962,1648242606
168183962,2610105528
168183962,29844515
168183962,2524557301
168183962,2456739108
168183962,2407770678
168183962,20903464
168183962,460228320
168183962,2474219539
168183962,40005941
168183962,87650586
168183962,2788111724
168183962,2739639872
168183962,245581702
168183962,47621568
168183962,380824639
168183962,133257590
168183962,733080678
168183962,21189980
168183962,2512354555
168183962,431983412
168183962,30249176
168183962,110237893
168183962,117807052
168183962,304995868
168183962,72968446
168183962,2820286468
168183962,34713362
168183962,15195171
168183962,235169117
168183962,405919523
168183962,31714599
168183962,11014272
168183962,35002876
168183962,18949512
168183962,2258226686
168183962,392792965
168183962,176733810
168183962,21384852
168183962,722312533
168183962,166102184
168183962,21440665
168183962,235084558
168183962,2497155462
168183962,2786900559
168183962,1391776140
168183962,21434255
168183962,469280888
168183962,52257558
168183962,287855375
168183962,495919249
168183962,239761383
168183962,2328285768
168183962,1684763856
168183962,1308189691
168183962,2856234853
168183962,218634414
168183962,2902006560
168183962,2837358790
168183962,393831982
168183962,989646270
168183962,2769715802
168183962,2844646482
168183962,2287421602
168183962,19920601
168183962,526747419
168183962,2788486628
168183962,172260109
168183962,69048123
168183962,1164180374
168183962,2340469140
168183962,1707490597
168183962,2268851834
168183962,2813207547
168183962,105060568
168183962,296379444
168183962,1324485992
168183962,92939251
168183962,24145340
168183962,2840677180
168183962,404946566
168183962,2711593081
168183962,2650211162
168183962,255505618
168183962,2361119438
168183962,48291940
168183962,2564982348
168183962,733092900
168183962,259881413
168183962,55551119
168183962,1964404946
168183962,2397528678
168183962,76278766
168183962,328926928
168183962,481966155
168183962,15308643
168183962,934099002
168183962,1542923666
168183962,966052416
168183962,628126366
168183962,551723432
168183962,48881067
168183962,50122046
168183962,89079680
168183962,294143304
168183962,281739903
168183962,868008528
168183962,85311388
168183962,1884724176
168183962,7152572
168183962,2785946190
168183962,2264141744
168183962,1201906368
168183962,300259887
168183962,30180137
168183962,114463083
168183962,20536157
168183962,15670515
168183962,74286565
168183962,19264748
168183962,20583613
168183962,2472445567
168183962,16425197
168183962,19292033
168183962,321299775
168183962,462350370
168183962,1076496356
168183962,241540322
168183962,615479318
168183962,19965480
168183962,2250686623
168183962,81599807
168183962,2365448402
168183962,297078832
168183962,178692366
168183962,32135630
168183962,2305378238
168183962,285694823
168183962,237961000
168183962,2173826630
168183962,1059090992
168183962,543821149
168183962,16580053
168183962,353831380
168183962,381713051
168183962,14370402
168183962,85657467
168183962,576250887
168183962,2174745661
168183962,136483032
168183962,1934262241
168183962,2452872000
168183962,2385217021
168183962,58559649
168183962,15063486
168183962,2479569183
168183962,334111568
168183962,2325767473
168183962,215045951
168183962,37623918
168183962,425909589
168183962,552137768
168183962,24357823
168183962,1077079634
168183962,23478246
168183962,857001662
168183962,374619697
168183962,631865146
168183962,1248308424
168183962,943538154
168183962,466571567
168183962,2779844918
168183962,265122237
168183962,134700704
168183962,261254083
168183962,43199178
168183962,243203704
168183962,1487841169
168183962,79155037
168183962,294046348
168183962,17842763
168183962,64983246
168183962,304972712
168183962,25230813
168183962,431806516
168183962,2312562726
168183962,462574248
168183962,237921163
168183962,1914657931
168183962,309615033
168183962,2729574282
168183962,378365691
168183962,70354155
168183962,15134408
168183962,15752204
168183962,20664366
168183962,2543515099
168183962,97487983
168183962,25667702
168183962,192240375
168183962,24253645
168183962,12579252
168183962,8633582
168183962,2480951
168183962,36995654
168183962,72915446
168183962,14706299
168183962,19198198
168183962,49423975
168183962,20673844
168183962,22933218
168183962,33154963
168183962,1732040756
168183962,990802033
168183962,29958529
168183962,300868924
168183962,2574335359
168183962,862812992
168183962,2714674645
168183962,2712285523
168183962,2291521993
168183962,2833039361
168183962,232851033
168183962,28624570
168183962,24279390
168183962,23994034
168183962,403478871
168183962,419710142
168183962,44196397
168183962,271452947
168183962,19540483
168183962,563093420
168183962,908817920
168183962,14946308
168183962,80354667
168183962,152862026
168183962,1532061
168183962,22176845
168183962,937071079
168183962,22084427
168183962,19944166
168183962,1132994426
168183962,30362529
168183962,1115348904
168183962,366309158
168183962,140118545
168183962,98435229
168183962,21309551
168183962,233978509
168183962,162089811
168183962,47259873
168183962,1322203884
168183962,10047202
168183962,33104659
168183962,1571270053
168183962,1578822001
168183962,5943622
168183962,1977579223
168183962,761139074
168183962,2164504150
168183962,16242081
168183962,14966893
168183962,2347049341
168183962,5135521
168183962,2645248999
168183962,1605
168183962,49736166
168183962,19227096
168183962,610584611
168183962,17465741
168183962,20280065
168183962,29707536
168183962,29956924
168183962,579815204
168183962,2757093256
168183962,550484057
168183962,22284563
168183962,59257727
168183962,26261987
168183962,69636648
168183962,60916506
168183962,58746292
168183962,93709939
168183962,121506728
168183962,24241544
168183962,19674652
168183962,115432582
168183962,19689047
168183962,34996429
168183962,18451200
168183962,20713061
168183962,23808856
168183962,36082429
168183962,27081406
168183962,14209036
168183962,19393139
168183962,14514804
168183962,16681542
168183962,68679960
168183962,19965362
168183962,17477169
168183962,2884771
168183962,63136550
168183962,60567008
168183962,69690684
168183962,22280219
168183962,70235774
168183962,82894225
168183962,106735655
168183962,18764854
168183962,71922638
168183962,23078208
168183962,20279961
168183962,41377014
168183962,33792634
168183962,59157393
168183962,18896151
168183962,19896045
168183962,142997856
168183962,43346844
168183962,19722435
168183962,173926574
168183962,73343134
168183962,32546631
168183962,37895682
168183962,25657017
168183962,21138477
168183962,26017256
168183962,20781929
168183962,21195865
168183962,69712872
168183962,21112266
168183962,107270907
168183962,18975726
168183962,11862072
168183962,19973332
168183962,17413907
168183962,16171953
168183962,22904901
168183962,21324165
168183962,24458803
168183962,30041546
168183962,17953384
168183962,20511502
168183962,19713622
168183962,19921389
168183962,34423857
168183962,19815027
168183962,31237480
168183962,19265059
168183962,19334929
168183962,36753655
168183962,11513242
168183962,17308753
168183962,101712079
168183962,17865352
168183962,18045913
168183962,19528381
168183962,19186180
168183962,21707734
168183962,71876190
168183962,15100565
168183962,14293310
168183962,6017542
168183962,150677740
168183962,19903099
168183962,22384691
168183962,491101991
168183962,490642369
168183962,29071722
168183962,60308942
168183962,16626603
168183962,19075873
168183962,64498695
168183962,68768975
168183962,16284386
168183962,11049952
168183962,52838996
168183962,24189159
168183962,19606528
168183962,26757305
168183962,59486068
168183962,244655353
168183962,80864710
168183962,14130784
168183962,15224867
168183962,71560422
168183962,115724250
168183962,271028583
168183962,84128595
168183962,84126402
168183962,87460291
168183962,1455261
168183962,19472578
168183962,19083439
168183962,10778572
168183962,123754656
168183962,19686295
168183962,182721799
168183962,263400071
168183962,334217161
168183962,141981922
168183962,89820928
168183962,409486555
168183962,166608401
168183962,70186440
168183962,454843106
168183962,15007149
168183962,167399649
168183962,491327447
168183962,1117046706
168183962,186246393
168183962,20503242
168183962,177736182
168183962,576106042
168183962,164304654
168183962,50374439
168183962,116763916
168183962,46671396
168183962,85286794
168183962,60693203
168183962,37281592
168183962,65466158
168183962,241709263
168183962,12804862
168183962,18622869
168183962,217284148
168183962,144408677
168183962,462747348
168183962,80024060
168183962,173398143
168183962,384220452
168183962,371154002
168183962,59394443
168183962,142997270
168183962,814137385
168183962,802704536
168183962,803082193
168183962,799597646
168183962,372310161
168183962,803015088
168183962,799605416
168183962,814179470
168183962,771383605
168183962,1330457336
168183962,757303975
168183962,1339835893
168183962,42626527
168183962,1364930179
168183962,472079320
168183962,1171924778
168183962,49279876
168183962,47777986
168183962,20809515
168183962,19307505
168183962,19029306
168183962,15588657
168183962,8161232
168183962,17614849
168183962,1499080250
168183962,621874680
168183962,26538229
168183962,21856254
168183962,36047098
168183962,53347647
168183962,17440412
168183962,40129171
168183962,190378121
168183962,1142859176
168183962,1023020557
168183962,158573447
168183962,168442149
168183962,1281405877
168183962,1093090866
168183962,15764644
168183962,595515713
168183962,1723745084
168183962,798287875
168183962,22007357
168183962,492332909
168183962,19875072
168183962,2197487762
168183962,526211156
168183962,114848451
168183962,817643168
168183962,410070653
168183962,171969696
168183962,927783252
168183962,496278040
168183962,1722541195
168183962,1480749782
168183962,607443851
168183962,153810519
168183962,103065157
168183962,120176950
168183962,1060578475
168183962,251631892
168183962,1960825746
168183962,437432006
168183962,808627
168183962,161893974
168183962,620136960
168183962,305073570
168183962,2328735464
168183962,503250806
168183962,14700117
168183962,15010349
168183962,15439395
168183962,460005853
168183962,350958562
168183962,138717046
168183962,288668776
168183962,504822196
168183962,314564645
168183962,83611277
168183962,33683331
168183962,64657863
168183962,19304974
168183962,39585367
168183962,19037859
168183962,2415634021
168183962,18382771
168183962,20796069
168183962,117029568
168183962,29908667
168183962,19966426
168183962,28804247
168183962,49129140
168183962,42586014
168183962,19136302
168183962,187919241
168183962,352419634
168183962,108547006
168183962,1690412382
168183962,15005991
168183962,125071209
168183962,23640660
168183962,22321740
168183962,33804533
168183962,449588356
168183962,26579339
168183962,14889282
168183962,1225696320
168183962,122994639
168183962,458525164
168183962,381289719
168183962,47448886
168183962,17579431
168183962,48163821
168183962,479587052
168183962,300744871
168183962,2541124928
168183962,335207117
168183962,250038860
168183962,105116603
168183962,38021678
168183962,454360094
168183962,774376940
168183962,1603111440
168183962,26281917
168183962,608167078
168183962,18142375
168183962,487899772
168183962,1257239767
168183962,1930827601
168183962,500641978
168183962,86029069
168183962,375146901
168183962,373846351
168183962,2180126766
168183962,2268046327
168183962,20058846
168183962,45099531
168183962,19232649
168183962,1545333888
168183962,16569045
168183962,2599249849
168183962,322016035
168183962,276607602
168183962,20399735
168183962,9300262
168183962,54015652
168183962,2438273430
168183962,575269517
168183962,86719842
168183962,322817239
168183962,430686714
168183962,42183750
168183962,19712523
168183962,36642644
168183962,1601531126
168183962,67682243
168183962,1264575043
168183962,381540723
168183962,205750967
168183962,98639150
168183962,162496681
168183962,2778220106
168183962,60917604
168183962,51831438
168183962,21050953
168183962,2413938919
168183962,42378378
168183962,19287037
168183962,40872043
168183962,232242473
168183962,38171370
168183962,206717989
168183962,2178018878
168183962,2837193136
168183962,73847521
168183962,260743284
168183962,948552829
168183962,948565483
168183962,886420428
168183962,2483357388
168183962,2805926353
168183962,20840441
168183962,2650351980
168183962,49969223
168183962,95455794
168183962,263572557
168183962,20702279
168183962,361944198
168183962,17508660
168183962,155948847
168183962,317005063
168183962,242694507
168183962,226326874
168183962,26073581
168183962,951480480
168183962,8493812
168183962,1128071294
168183962,17179368
168183962,16717501
168183962,367150399
168183962,427288938
168183962,18814998
168183962,2515531093
168183962,70385068
168183962,69032746
168183962,2644776619
168183962,949341888
168183962,307360118
168183962,270373693
168183962,22428439
168183962,292312814
168183962,28565356
168183962,1566041551
168183962,257534658
168183962,382647179
168183962,349317223
168183962,610457298
168183962,1311173616
168183962,1222717968
168183962,50344099
168183962,2803587655
168183962,7197752
168183962,29577436
168183962,25584888
168183962,66998204
168183962,22362552
168183962,951333319
168183962,327267369
168183962,26315349
168183962,19232850
168183962,17389650
168183962,366037745
168183962,90435017
168183962,18973004
168183962,1372130516
168183962,91343624
168183962,309015244
168183962,119696983
168183962,1154400991
168183962,1917600852
168183962,1725035185
168183962,2855825167
168183962,2477525282
168183962,489335419
168183962,2653415406
168183962,2423864269
168183962,903597302
168183962,16057477
168183962,428885306
168183962,29161746
168183962,307813548
168183962,12629032
168183962,1886023536
168183962,1003738332
168183962,1112887076
168183962,2216805914
168183962,514727834
168183962,167431089
168183962,2731235275
168183962,1533210170
168183962,15310792
168183962,2151610518
168183962,19068720
168183962,281439664
168183962,1363481
168183962,20446853
168183962,212201248
168183962,19284221
168183962,49950808
168183962,132887265
168183962,18979901
168183962,131500587
168183962,186060772
168183962,187880099
168183962,90345811
168183962,89434993
168183962,137281345
168183962,21755551
168183962,14704278
168183962,36205090
168183962,147326307
168183962,1586266080
168183962,420461348
168183962,845114430
168183962,122458732
168183962,2659839930
168183962,376812938
168183962,1446092898
168183962,23296450
168183962,333306729
168183962,231807647
168183962,1731731006
168183962,400053935
168183962,19662198
168183962,15377918
168183962,821069359
168183962,168607383
168183962,244247532
168183962,17009616
168183962,143403605
168183962,515718152
168183962,338252237
168183962,18391799
168183962,16883705
168183962,265036344
168183962,331544473
168183962,83547166
168183962,30261067
168183962,1266693866
168183962,950721793
168183962,318492059
168183962,586661386
168183962,152590260
168183962,1477722362
168183962,637087464
168183962,232939975
168183962,488376453
168183962,183944767
168183962,216839119
168183962,1222276525
168183962,1259235740
168183962,23746425
168183962,407088266
168183962,172431690
168183962,2306912940
168183962,868627549
168183962,183213553
168183962,2190576506
168183962,396558936
168183962,2720634765
168183962,2366958715
168183962,28302713
168183962,131119259
168183962,191386707
168183962,35522865
168183962,1182643766
168183962,1071169639
168183962,102620268
168183962,425633801
168183962,54211836
168183962,2298131142
168183962,1139483905
168183962,223868628
168183962,14691032
168183962,460163041
168183962,1907248850
168183962,612473
168183962,294028805
168183962,22125489
168183962,137253079
168183962,2421073909
168183962,370760631
168183962,850713475
168183962,364513528
168183962,250058740
168183962,820190174
168183962,2348768791
168183962,2801695681
168183962,1139295860
168183962,2220009464
168183962,20058825
168183962,1635159234
168183962,2328461364
168183962,2356313124
168183962,308473214
168183962,2231233459
168183962,2327279119
168183962,115683968
168183962,2775905310
168183962,32638493
168183962,50296811
168183962,14431283
168183962,868139648
168183962,32402168
168183962,34379992
168183962,107529156
168183962,211824003
168183962,36747038
168183962,15082919
168183962,169407655
168183962,1919283072
168183962,109639269
168183962,2449287498
168183962,2554765230
168183962,1029449047
168183962,1718365711
168183962,120901673
168183962,409182093
168183962,49465463
168183962,12199652
168183962,182879770
168183962,296725248
168183962,948428544
168183962,2228715151
168183962,133806972
168183962,85895226
168183962,2633663712
168183962,2617628287
168183962,313148881
168183962,42057294
168183962,23444165
168183962,34146256
168183962,52414472
168183962,1445924880
168183962,396115823
168183962,20505770
168183962,20979724
168183962,22688205
168183962,26206029
168183962,27254476
168183962,29224401
168183962,29436912
168183962,31431164
168183962,36329597
168183962,39836631
168183962,40533572
168183962,42591867
168183962,43192752
168183962,44347791
168183962,50586258
168183962,50995683
168183962,51681636
168183962,61200732
168183962,74699534
168183962,76764410
168183962,80810726
168183962,91056131
168183962,93207353
168183962,104859872
168183962,115087942
168183962,115100833
168183962,115105173
168183962,115215063
168183962,115221754
168183962,129026706
168183962,159921598
168183962,180394103
168183962,189107134
168183962,193436179
168183962,196675797
168183962,204796371
168183962,205177168
168183962,206208000
168183962,249789135
168183962,334729440
168183962,508475795
168183962,574466725
168183962,132204002
168183962,111416652
168183962,2362666212
168183962,2318794027
168183962,333203186
168183962,2153976542
168183962,596397531
168183962,167454834
168183962,97505488
168183962,74474794
168183962,131569007
168183962,339846503
168183962,17292623
168183962,78858554
168183962,103841432
168183962,744954361
168183962,190383639
168183962,509375083
168183962,244513778
168183962,565848656
168183962,434123540
168183962,19837658
168183962,357443341
168183962,22133856
168183962,1538940176
168183962,2505546316
168183962,168533188
168183962,133663801
168183962,2301224678
168183962,2462366053
168183962,2346038562
168183962,30181469
168183962,73986605
168183962,159805190
168183962,104763522
168183962,507811546
168183962,98924112
168183962,21638073
168183962,231931290
168183962,242387058
168183962,170171682
168183962,215683551
168183962,2182171824
168183962,2197997773
168183962,15800081
168183962,2227466077
168183962,1376359309
168183962,2382786276
168183962,19626006
168183962,516566388
168183962,382707013
168183962,461919971
168183962,210041432
168183962,337847812
168183962,18639872
168183962,34273205
168183962,337853585
168183962,1912828686
168183962,1265324029
168183962,301934830
168183962,81119708
168183962,2291218674
168183962,61875147
168183962,204343239
168183962,625703235
168183962,245517265
168183962,1518785761
168183962,818156341
168183962,2361713546
168183962,1111112300
168183962,705227545
168183962,117805892
168183962,418963628
168183962,1941261146
168183962,552267445
168183962,119129281
168183962,38395124
168183962,951326846
168183962,52000483
168183962,239745829
168183962,42385825
168183962,2361344365
168183962,2483945645
168183962,2472740625
168183962,2246088396
168183962,92282904
168183962,2426828791
168183962,2208821660
168183962,2181094817
168183962,291817479
168183962,965779621
168183962,103120535
168183962,380418381
168183962,23251100
168183962,6266482
168183962,16895274
168183962,109948729
168183962,81838067
168183962,628377092
168183962,1106076980
168183962,183239590
168183962,414829024
168183962,40247926
168183962,378199175
168183962,390844820
168183962,56104093
168183962,83851503
168183962,856010760
168183962,1222553491
168183962,1304564586
168183962,169426475
168183962,18020811
168183962,1241668944
168183962,376775023
168183962,1143551
168183962,160564474
168183962,19663706
168183962,1286881135
168183962,2370244106
168183962,106195579
168183962,2352798114
168183962,6806612
168183962,2186406630
168183962,634680285
168183962,373498824
168183962,141274767
168183962,382048862
168183962,19658826
168183962,79320096
168183962,426159377
168183962,1400804851
168183962,144350248
168183962,2291618543
168183962,38237581
168183962,507688852
168183962,25067168
168183962,2152844814
168183962,16519133
168183962,260034259
168183962,84281104
168183962,12272292
168183962,28334943
168183962,295125390
168183962,394588495
168183962,1570097930
168183962,1026558049
168183962,488743376
168183962,2228116022
168183962,443565690
168183962,21313364
168183962,50112870
168183962,513174891
168183962,68440549
168183962,236347294
168183962,36843988
168183962,20214495
168183962,2279025493
168183962,1704204859
168183962,38142665
168183962,1224752150
168183962,15492359
168183962,13353862
168183962,8350912
168183962,348554765
168183962,8460572
168183962,29422232
168183962,101799425
168183962,278041114
168183962,2291299866
168183962,553193465
168183962,1545868752
168183962,93484066
168183962,216007993
168183962,56392389
168183962,44890795
168183962,873777758
168183962,22627258
168183962,2467791
168183962,256489534
168183962,886723075
168183962,240710103
168183962,524592166
168183962,75066258
168183962,94121048
168183962,102829920
168183962,485027222
168183962,1020007537
168183962,613378164
168183962,278617398
168183962,561995743
168183962,95889167
168183962,1111010898
168183962,467551928
168183962,260654380
168183962,501679937
168183962,389385267
168183962,1654807026
168183962,41342428
168183962,212217978
168183962,63115240
168183962,407159844
168183962,1127431758
168183962,1034476651
168183962,14362294
168183962,334775781
168183962,1397477076
168183962,227265319
168183962,43317911
168183962,2220247464
168183962,1913065686
168183962,19546362
168183962,2219320799
168183962,479562736
168183962,128486059
168183962,1960741687
168183962,164322849
168183962,30360274
168183962,1653444138
168183962,18953266
168183962,2182773157
168183962,1252806792
168183962,1692039991
168183962,38804737
168183962,513308297
168183962,41915225
168183962,26476926
168183962,14477420
168183962,1051427780
168183962,1379381670
168183962,16211566
168183962,183622298
168183962,205283811
168183962,304909941
168183962,75838070
168183962,1379662802
168183962,331121544
168183962,1691083699
168183962,400310735
168183962,384600885
168183962,183351570
168183962,485888016
168183962,1241258612
168183962,1725370118
168183962,1678002848
168183962,1592197777
168183962,40875741
168183962,447491033
168183962,1649052692
168183962,742143
168183962,16343974
168183962,869894239
168183962,788524
168183962,20562637
168183962,21391703
168183962,219054801
168183962,1645592899
168183962,1642728804
168183962,508860586
168183962,383110595
168183962,374143531
168183962,48453720
168183962,783524630
168183962,541926849
168183962,76006117
168183962,119642446
168183962,514139322
168183962,171085464
168183962,113951132
168183962,37599351
168183962,22851407
168183962,16545594
168183962,153625503
168183962,569921322
168183962,161686727
168183962,17560195
168183962,103155170
168183962,20973750
168183962,16625091
168183962,47207043
168183962,20674184
168183962,181888506
168183962,58521743
168183962,230134064
168183962,112974466
168183962,18764018
168183962,21201942
168183962,300759996
168183962,229531168
168183962,463295824
168183962,1168580852
168183962,1229670240
168183962,248600714
168183962,1452578348
168183962,509097396
168183962,39559885
168183962,375340663
168183962,47797696
168183962,15894470
168183962,34176543
168183962,47796779
168183962,22155975
168183962,211034581
168183962,1577124236
168183962,14579415
168183962,73498282
168183962,1391891095
168183962,92623130
168183962,189456550
168183962,112500552
168183962,95023423
168183962,143779403
168183962,28527276
168183962,11981802
168183962,334839023
168183962,101453978
168183962,1754641
168183962,47715374
168183962,226541132
168183962,51241574
168183962,1068698414
168183962,53026841
168183962,90641656
168183962,15004908
168183962,19387828
168183962,14896592
168183962,6375322
168183962,277490264
168183962,1389446750
168183962,267076661
168183962,84290320
168183962,369415851
168183962,1025437183
168183962,468855480
168183962,203097864
168183962,716108418
168183962,392304952
168183962,1000767289
168183962,15075718
168183962,268913046
168183962,1469897748
168183962,61807731
168183962,227597765
168183962,41338294
168183962,45205091
168183962,17442320
168183962,16936237
168183962,101443330
168183962,16334857
168183962,575160556
168183962,19224439
168183962,1399937191
168183962,1396545752
168183962,64591856
168183962,369714224
168183962,714947689
168183962,34247411
168183962,436518985
168183962,194048338
168183962,17140372
168183962,1011129121
168183962,723013
168183962,14503316
168183962,312028258
168183962,20153947
168183962,18843639
168183962,44889752
168183962,125991875
168183962,726822835
168183962,358134245
168183962,59440977
168183962,53879771
168183962,1374777056
168183962,484872080
168183962,278427495
168183962,21332200
168183962,201201906
168183962,32429400
168183962,239767060
168183962,50591603
168183962,258269139
168183962,62547301
168183962,392741474
168183962,19982065
168183962,35798803
168183962,1248330691
168183962,138765910
168183962,328499228
168183962,60845623
168183962,23937508
168183962,8170292
168183962,14159148
168183962,17396836
168183962,783214
168183962,78235384
168183962,175736280
168183962,18934391
168183962,21982720
168183962,58465961
168183962,74109828
168183962,399420451
168183962,257415817
168183962,373882135
168183962,141158796
168183962,338338753
168183962,567272864
168183962,31363031
168183962,499811217
168183962,1139205824
168183962,279338038
168183962,199640036
168183962,82068157
168183962,317650146
168183962,594080668
168183962,343654777
168183962,16927650
168183962,16804773
168183962,605602813
168183962,856266007
168183962,136256258
168183962,514733968
168183962,591776330
168183962,602635605
168183962,989111340
168183962,14812893
168183962,589515558
168183962,529247064
168183962,466676393
168183962,434832879
168183962,377976301
168183962,27937612
168183962,148850220
168183962,108631068
168183962,22838286
168183962,54986999
168183962,318332175
168183962,18713552
168183962,36132508
168183962,21843781
168183962,421187117
168183962,285706952
168183962,809885
168183962,185812045
168183962,216640799
168183962,148345610
168183962,1061601780
168183962,128275039
168183962,1004042768
168183962,134760055
168183962,872265692
168183962,461120039
168183962,105757677
168183962,308345846
168183962,540125157
168183962,67019090
168183962,180733899
168183962,222039620
168183962,118985698
168183962,14711491
168183962,36918513
168183962,468554685
168183962,20640392
168183962,32937417
168183962,612076511
168183962,202820589
168183962,407801837
168183962,162313315
168183962,49421336
168183962,62005509
168183962,2965791
168183962,87663460
168183962,21312378
168183962,91327600
168183962,17446573
168183962,301531998
168183962,199743355
168183962,27931380
168183962,38014087
168183962,13766852
168183962,23732502
168183962,69002929
168183962,242283797
168183962,106364904
168183962,19541556
168183962,256551070
168183962,2803191
168183962,143039587
168183962,82369216
168183962,30185126
168183962,14813071
168183962,334642525
168183962,74166185
168183962,6243
168183962,866443130
168183962,592033504
168183962,16313140
168183962,10228272
168183962,64767273
168183962,45542386
168183962,177748913
168183962,335838284
168183962,59083893
168183962,233940848
168183962,309676177
168183962,308480149
168183962,300343866
168183962,508829362
168183962,185224746
168183962,534167979
168183962,377418919
168183962,516736863
168183962,73187496
168183962,580742286
168183962,533029244
168183962,491758935
168183962,101793226
168183962,422807445
168183962,15298719
168183962,523185078
168183962,14765743
168183962,257712246
168183962,270901876
168183962,108286674
168183962,207426882
168183962,247266043
168183962,70709339
168183962,558724869
168183962,17339508
168183962,40554517
168183962,15839517
168183962,10876852
168183962,16466585
168183962,159534174
168183962,552963799
168183962,14700874
168183962,211431971
168183962,30129468
168183962,25438521
168183962,195685046
168183962,600932242
168183962,34904235
168183962,7086822
168183962,14458280
168183962,125995973
168183962,20582958
168183962,347763082
168183962,334432287
168183962,543907005
168183962,487249114
168183962,35502786
168183962,131579335
168183962,38186171
168183962,2384071
168183962,15208246
168183962,19789294
168183962,17801805
168183962,25053299
168183962,25073877
168183962,14600116
168183962,15110357
168183962,16248319
168183962,624413
168183962,20402945
168183962,91478624
168183962,23492901
168183962,621523
168183962,1504011
168183962,1440641
168183962,16546524
168183962,41359176
168183962,63738534
168183962,50235991
168183962,42400789
168183962,60608418
168183962,27860681
168183962,82282572
168183962,23094916
168183962,30745164
168183962,23347657
168183962,16877220
168183962,21384066
168183962,248408576
168183962,158044902
168183962,23929403
168183962,212776854
168183962,197488311
168183962,21581503
168183962,109301900
168183962,92693785
168183962,179457575
168183962,317775482
168183962,252557321
168183962,500101798
168183962,462919798
168183962,218132338
168183962,30736991
168183962,163582516
168183962,184530373
168183962,316371023
168183962,606656347
168183962,54493347
168183962,20765559
168183962,175322763
168183962,213724443
168183962,17220934
168183962,35498252
168183962,17675072
168183962,17133897
168183962,302500864
168183962,17990493
168183962,30313925
168183962,32357365
168183962,205315827
168183962,49957834
168183962,21101201
168183962,23361712
168183962,199196447
168183962,83466368
168183962,259323371
168183962,460966881
168183962,14123751
168183962,1434251
168183962,21744554
168183962,22001973
168183962,38157355
168183962,594572368
168183962,47999622
168183962,57905494
168183962,188736341
168183962,305769956
168183962,18479930
168183962,594870706
168183962,87710158
168183962,62499092
168183962,97989749
168183962,21001033
168183962,281093434
168183962,93957809
168183962,7400702
168183962,7905122
168183962,14885549
168183962,11518842
168183962,816653
168183962,1344951
168183962,50393960
168183962,15234407
168183962,14647570
168183962,15110431
168183962,621573
168183962,8963722
168183962,95148130
168183962,312404079
168183962,242704372
168183962,419459616
168183962,75743290
168183962,16126957
168183962,19621110
168183962,559591207
168183962,52788040
168183962,516781781
168183962,141137711
168183962,567875968
168183962,22068899
168183962,134812919
168183962,36327891
168183962,258790331
168183962,56405441
168183962,376819013
168183962,304876789
168183962,135863153
168183962,191000751
168183962,306760808
168183962,177179008
168183962,80090449
168183962,301887140
168183962,19819827
168183962,40959725
168183962,563964743
168183962,223301580
168183962,20094734
168183962,215027062
168183962,579069681
168183962,63809692
168183962,2735591
168183962,972651
168183962,268357486
168183962,14116807
168183962,3108351
168183962,15229944
168183962,19739069
168183962,543505905
168183962,31465017
168183962,182390564
168183962,429718489
168183962,275960467
168183962,68974666
168183962,302716548
168183962,146462541
168183962,14425700
168183962,424864575
168183962,100912576
168183962,151106990
168183962,191867466
168183962,202072515
168183962,87775422
168183962,64981909
168183962,134550760
168183962,270293117
168183962,367008160
168183962,13520532
168183962,240373476
168183962,52041192
168183962,64670762
168183962,465367852
168183962,473036006
168183962,19534135
168183962,338355276
168183962,14163474
168183962,104298598
168183962,97268285
168183962,227017353
168183962,407758700
168183962,116729780
168183962,184602972
168183962,16001632
168183962,255669531
168183962,289813776
168183962,210095433
168183962,13492552
168183962,115134484
168183962,823905
168183962,621543
168183962,18058609
168183962,28160998
168183962,25087685
168183962,14499829
168183962,25093616
168183962,23864985
168183962,14677919
168183962,455308320
168183962,20973141
168183962,78943441
168183962,15066760
168183962,83919030
168183962,93687642
168183962,418789281
168183962,250755341
168183962,394245948
168183962,438390080
168183962,312677640
168183962,759251
168183962,55797987
168183962,24150634
168183962,206205469
168183962,5402612
168183962,65322179
168183962,208590571
168183962,18721677
168183962,14128528
168183962,20663500
168183962,256704506
168183962,120073239
168183962,87818409
168183962,46417793
168183962,326694895
168183962,249814578
168183962,120571284
168183962,29048070
168183962,3819701
168183962,6486602
168183962,27054706
168183962,7592642
168183962,92739411
168183962,196994616
168183962,32359921
168183962,14800270
168183962,330860720
168183962,221565046
168183962,271504830
168183962,378231701
168183962,306101303
168183962,307959782
168183962,16403722
168183962,314905249
168183962,158785080
168183962,166595532
168183962,72550811
168183962,271413771
168183962,28567809
168183962,394060363
168183962,16581604
168183962,221671595
168183962,48388820
168183962,14897963
168183962,24847306
168183962,338302332
168183962,43190244
168183962,19590009
168183962,18032510
168183962,15440344
168183962,15320887
168183962,18163162
168183962,145956794
168183962,21223877
168183962,172453131
168183962,49123566
168183962,69181624
168183962,161801527
168183962,18212644
168183962,169847734
168183962,72532632
168183962,83590725
168183962,218812123
168183962,134709477
168183962,15469101
168183962,197775260
168183962,302362051
168183962,255945124
168183962,116494036
168183962,49312369
168183962,266666199
168183962,218819633
168183962,189181271
168183962,101059809
168183962,90869849
168183962,15753723
168183962,185234530
168183962,156244036
168183962,16142972
168183962,105191832
168183962,115965532
168183962,80249845
168183962,43897050
168183962,230432765
168183962,15983057
168183962,20733366
168183962,16670810
168183962,63799157
168183962,105073512
168183962,15329243
168183962,19221220
168183962,34903365
168183962,299798272
168183962,18824817
168183962,153388461
168183962,86272337
168183962,274212050
168183962,198538431
168183962,217616314
168183962,4898091
168183962,21477870
168183962,244614649
168183962,65059235
168183962,198964601
168183962,150576244
168183962,172713892
168183962,18771200
168183962,148961200
168183962,18312938
168183962,37699052
168183962,213324016
168183962,186052111
168183962,84115312
168183962,109241118
168183962,24719387
168183962,266031327
168183962,16245822
168183962,15912113
168183962,115102341
168183962,111554274
168183962,25098482
168183962,14808226
168183962,17006157
168183962,114429252
168183962,159950527
168183962,112474129
168183962,18949452
168183962,104782747
168183962,198618575
168183962,807095
168183962,18978192
168183962,123109597
168183962,50295156
168183962,26792275
168183962,36048614
168183962,18549724
168183962,17085579
168183962,27064840
168183962,140491626
168183962,5120691
168183962,92564226
168183962,214056464
168183962,80803819
168183962,16511394
168183962,143878632
168183962,5988062
168183962,1652541
168183962,22481098
168183962,23861287
168183962,193301414
168183962,131881168
168183962,121558178
168183962,50360725
168183962,19003991
168183962,17487476
168183962,14717171
168183962,102663017
168183962,14224719
168183962,84351228
168183962,9547792
168183962,111091088
168183962,114704955
168183962,24744541
168183962,25390350
168183962,25724493
168183962,23821786
168183962,57766308
168183962,28114871
168183962,115660120
168183962,157981564
168183962,14145846
168183962,813286
168183962,14099695
168183962,104237736
168183962,20333461
168183962,428333
168183962,58476988
