17397658,1190201455
17397658,4818008153
17397658,468834179
17397658,2651763109
17397658,14993191
17397658,87306897
17397658,4822757626
17397658,16951979
17397658,618300542
17397658,47744230
17397658,2799153909
17397658,136277712
17397658,3327736274
17397658,2924934229
17397658,881110717
17397658,372888217
17397658,2797786321
17397658,86103957
17397658,130103412
17397658,773069256
17397658,35552379
17397658,14843057
17397658,270962435
17397658,21308488
17397658,41626609
17397658,29442313
17397658,22122194
17397658,242383452
17397658,3973360527
17397658,281225798
17397658,1128344209
17397658,2519969700
17397658,108932245
17397658,567591781
17397658,304089779
17397658,181637383
17397658,3092058627
17397658,535707261
17397658,2214854612
17397658,3857530101
17397658,53084381
17397658,13426312
17397658,94081671
17397658,321879460
17397658,506249313
17397658,17950109
17397658,106830010
17397658,4514934989
17397658,2422300385
17397658,14477865
17397658,45615081
17397658,412939639
17397658,618420295
17397658,2792354083
17397658,4299127816
17397658,2396910715
17397658,60917604
17397658,3191529411
17397658,902858761
17397658,14842285
17397658,3044738957
17397658,55355654
17397658,17839254
17397658,1068413359
17397658,2332669414
17397658,31738178
17397658,1626037562
17397658,69663389
17397658,1573837034
17397658,2469544261
17397658,208610451
17397658,2171828119
17397658,3332423723
17397658,391492253
17397658,20604924
17397658,14467193
17397658,14090172
17397658,320047164
17397658,29861413
17397658,133663801
17397658,393637870
17397658,2376418728
17397658,181216534
17397658,3384552179
17397658,25667702
17397658,4165576876
17397658,19612753
17397658,2724276488
17397658,38299404
17397658,45910983
17397658,15715020
17397658,45112524
17397658,25704704
17397658,331120729
17397658,1273559780
17397658,3433789701
17397658,938193205
17397658,1117046706
17397658,2385379558
17397658,2971607469
17397658,50754509
17397658,15125309
17397658,2188070546
17397658,18604681
17397658,2477232129
17397658,103106851
17397658,2396595422
17397658,22994774
17397658,14035972
17397658,1960825746
17397658,187398769
17397658,7963092
17397658,19534202
17397658,216776631
17397658,3092068474
17397658,57328851
17397658,2487818886
17397658,1069376713
17397658,854671496
17397658,209605999
17397658,35714762
17397658,128004940
17397658,280845215
17397658,3729058996
17397658,298360697
17397658,44609080
17397658,57358758
17397658,18798877
17397658,3290950795
17397658,2916305152
17397658,314830088
17397658,1567041686
17397658,2906150021
17397658,272150181
17397658,2185266155
17397658,2288315024
17397658,920158884
17397658,47476545
17397658,19332953
17397658,22623055
17397658,27687919
17397658,2994469282
17397658,26628557
17397658,2478389376
17397658,20775557
17397658,141798393
17397658,84383203
17397658,3422617395
17397658,572470115
17397658,3118948907
17397658,19457650
17397658,2429144979
17397658,761801714
17397658,213144452
17397658,1153812816
17397658,84090704
17397658,71025389
17397658,557753942
17397658,860341922
17397658,834398839
17397658,3404100525
17397658,19083439
17397658,1689316512
17397658,272358339
17397658,3093613678
17397658,14898380
17397658,21329490
17397658,2997418453
17397658,25393987
17397658,20522881
17397658,948552829
17397658,3376281958
17397658,2539906562
17397658,258494221
17397658,53095311
17397658,60633332
17397658,47475039
17397658,1030900164
17397658,11999982
17397658,109616781
17397658,118680576
17397658,14859899
17397658,946120207
17397658,1964999664
17397658,848350633
17397658,976185420
17397658,65052490
17397658,219696327
17397658,46422059
17397658,26281917
17397658,22695694
17397658,889643533
17397658,51027615
17397658,802024922
17397658,635570492
17397658,14895325
17397658,15084527
17397658,1035088734
17397658,2615143489
17397658,111115697
17397658,15692256
17397658,2253896635
17397658,22007357
17397658,268208070
17397658,21197419
17397658,419631574
17397658,279154884
17397658,571299969
17397658,14996044
17397658,19529777
17397658,2734713482
17397658,2690722915
17397658,140958170
17397658,235333725
17397658,43578955
17397658,989457997
17397658,218819546
17397658,77528520
17397658,21425405
17397658,2960600541
17397658,31180667
17397658,46853153
17397658,366665185
17397658,29839748
17397658,18736861
17397658,31387925
17397658,2262898614
17397658,447080423
17397658,1478324862
17397658,535820232
17397658,1327843160
17397658,21642787
17397658,1142859176
17397658,636236084
17397658,636528560
17397658,43767463
17397658,1845968514
17397658,187186786
17397658,311867885
17397658,39483072
17397658,87403396
17397658,3266364020
17397658,2398625900
17397658,263195206
17397658,36378198
17397658,277402869
17397658,2469912295
17397658,267961699
17397658,362565198
17397658,87561153
17397658,20345378
17397658,301122578
17397658,1475119646
17397658,24760004
17397658,18972914
17397658,23232898
17397658,242024312
17397658,23455730
17397658,370168572
17397658,20458464
17397658,18966867
17397658,2314104188
17397658,44415081
17397658,27983273
17397658,2902138622
17397658,2197487762
17397658,37697842
17397658,1688672498
17397658,137139940
17397658,1439590734
17397658,2377958781
17397658,244459746
17397658,199938696
17397658,17567533
17397658,31443503
17397658,14085070
17397658,19767193
17397658,896057234
17397658,208442526
17397658,253536357
17397658,95521447
17397658,50811932
17397658,596583936
17397658,3315763503
17397658,1675875158
17397658,951565891
17397658,377421416
17397658,1136983434
17397658,46854930
17397658,15615035
17397658,47786101
17397658,625022363
17397658,27529145
17397658,14677919
17397658,811457239
17397658,1884529722
17397658,21417835
17397658,95693963
17397658,54880025
17397658,20096370
17397658,20085289
17397658,102095809
17397658,198975780
17397658,33995409
17397658,117110737
17397658,130670816
17397658,331893639
17397658,596521657
17397658,7996082
17397658,17676713
17397658,54961149
17397658,577466504
17397658,20858380
17397658,246202004
17397658,158414847
17397658,1339835893
17397658,1536791610
17397658,586671909
17397658,63860242
17397658,1226337714
17397658,8520
17397658,34430522
17397658,32342975
17397658,80480330
17397658,295608887
17397658,2548774824
17397658,20085301
17397658,376112319
17397658,2541397107
17397658,244173108
17397658,251496825
17397658,19564719
17397658,19923144
17397658,39971556
17397658,38742405
17397658,121816022
17397658,276183830
17397658,1067260903
17397658,469639656
17397658,823917252
17397658,2903715045
17397658,1382404544
17397658,16125042
17397658,35936474
17397658,1059194370
17397658,16812787
17397658,853471
17397658,42562446
17397658,23083404
17397658,2364287598
17397658,190406668
17397658,186154646
17397658,330921167
17397658,337886919
17397658,65647594
17397658,19904728
17397658,11096152
17397658,239098915
17397658,167408971
17397658,1337785291
17397658,21612135
17397658,2836810554
17397658,160284455
17397658,2215067640
17397658,3040424454
17397658,22176845
17397658,3062121561
17397658,25150711
17397658,108957853
17397658,365953260
17397658,3014933649
17397658,133880286
17397658,20766350
17397658,1615685677
17397658,230250992
17397658,108013798
17397658,87460291
17397658,19980148
17397658,19133738
17397658,612989451
17397658,165511377
17397658,2876650035
17397658,2434792256
17397658,13409
17397658,6658652
17397658,25152422
17397658,42158083
17397658,42170658
17397658,2323982664
17397658,1585774542
17397658,1278778574
17397658,1255030290
17397658,18161177
17397658,44671088
17397658,513792952
17397658,3007647022
17397658,154639081
17397658,1407892861
17397658,2790802182
17397658,122178701
17397658,24241544
17397658,44039298
17397658,14822680
17397658,384183568
17397658,419177567
17397658,251513084
17397658,2569658245
17397658,259348780
17397658,19003183
17397658,20627896
17397658,240664869
17397658,316389142
17397658,16303106
17397658,14824849
17397658,1132994426
17397658,17336372
17397658,84081875
17397658,124690469
17397658,951723944
17397658,359017262
17397658,36802106
17397658,1577522323
17397658,79601914
17397658,3005398888
17397658,109459067
17397658,856511004
17397658,472828135
17397658,280397697
17397658,199895418
17397658,279076466
17397658,2482252423
17397658,1620179197
17397658,3310571
17397658,1452519043
17397658,304589891
17397658,1663661520
17397658,525264466
17397658,835290290
17397658,277554242
17397658,19136302
17397658,454939382
17397658,2926774491
17397658,2528625228
17397658,1526862625
17397658,2948874479
17397658,813286
17397658,247433808
17397658,97255485
17397658,1005124891
17397658,17017636
17397658,1435480466
17397658,2362645859
17397658,15595756
17397658,63452015
17397658,5402612
17397658,378259736
17397658,243662400
17397658,112796663
17397658,269889808
17397658,2859178462
17397658,1710942282
17397658,2243211302
17397658,155183410
17397658,1412720658
17397658,1238774719
17397658,157882693
17397658,291792721
17397658,44743638
17397658,609714086
17397658,851760818
17397658,357800644
17397658,168157348
17397658,398064722
17397658,2308341270
17397658,30362529
17397658,71533
17397658,14985579
17397658,97513842
17397658,148163872
17397658,14313123
17397658,21252926
17397658,23827692
17397658,2502712327
17397658,17790274
17397658,50647762
17397658,258677564
17397658,70796745
17397658,484281114
17397658,10002712
17397658,20859450
17397658,169148549
17397658,47589786
17397658,1012278728
17397658,45679318
17397658,365557041
17397658,51875217
17397658,42694741
17397658,2455564767
17397658,2669889835
17397658,16689875
17397658,99121458
17397658,205974045
17397658,2474719452
17397658,394528187
17397658,898418228
17397658,1142975838
17397658,27457788
17397658,242000903
17397658,1662057727
17397658,34597105
17397658,2254082515
17397658,398799467
17397658,167189677
17397658,511402689
17397658,349409210
17397658,513427674
17397658,137274529
17397658,2564157666
17397658,96109537
17397658,42933426
17397658,128958788
17397658,114510872
17397658,25345626
17397658,133763089
17397658,29715245
17397658,37093819
17397658,128351854
17397658,124779370
17397658,69416519
17397658,81430069
17397658,1205123202
17397658,177342424
17397658,138388408
17397658,298097587
17397658,142295586
17397658,146099241
17397658,189850197
17397658,162173169
17397658,192685104
17397658,138814032
17397658,351921957
17397658,505915529
17397658,287906708
17397658,142296675
17397658,313913938
17397658,705737262
17397658,143689068
17397658,531318155
17397658,1049711166
17397658,2482610006
17397658,2190831163
17397658,391306391
17397658,59600093
17397658,541066782
17397658,661403
17397658,133339804
17397658,12026062
17397658,202211958
17397658,38177845
17397658,19532925
17397658,14106882
17397658,479882398
17397658,29956706
17397658,1464306822
17397658,19349400
17397658,37699043
17397658,74754957
17397658,1134707328
17397658,1635846013
17397658,18462731
17397658,100746902
17397658,45403413
17397658,55405408
17397658,1889832038
17397658,2435310141
17397658,271610696
17397658,350424184
17397658,17213053
17397658,2526916549
17397658,19875072
17397658,395388847
17397658,396136031
17397658,19921389
17397658,1252917283
17397658,771787
17397658,17874544
17397658,20311818
17397658,1583903970
17397658,56006912
17397658,271912390
17397658,83876527
17397658,2508083191
17397658,11956492
17397658,2411221668
17397658,21431762
17397658,771383605
17397658,45422383
17397658,41111263
17397658,2491917122
17397658,1048033062
17397658,362506197
17397658,76792946
17397658,166357190
17397658,1249367042
17397658,21081726
17397658,37710752
17397658,16349463
17397658,1367489305
17397658,34698369
17397658,1959556592
17397658,2422753567
17397658,28422142
17397658,434130489
17397658,2263269822
17397658,311606579
17397658,14176375
17397658,225539878
17397658,462673600
17397658,1952413430
17397658,559675462
17397658,2385532513
17397658,572225652
17397658,533085085
17397658,1155233203
17397658,119705612
17397658,329789735
17397658,1640169925
17397658,1548317628
17397658,2394032283
17397658,377008435
17397658,16129510
17397658,8884772
17397658,1536087474
17397658,138840987
17397658,76146283
17397658,175444363
17397658,50417871
17397658,63993978
17397658,1151631841
17397658,1620539378
17397658,533675147
17397658,331707065
17397658,601192617
17397658,19856272
17397658,360326953
17397658,19368263
17397658,1549241581
17397658,18336706
17397658,1030694869
17397658,24787524
17397658,1025804832
17397658,1923989264
17397658,98167801
17397658,19725644
17397658,575708925
17397658,25155186
17397658,58757615
17397658,7069902
17397658,19538265
17397658,1037686368
17397658,785404429
17397658,824153233
17397658,291557868
17397658,154023356
17397658,303482601
17397658,1118451
17397658,1144882621
17397658,561488294
17397658,352418419
17397658,150989432
17397658,1408217593
17397658,875223409
17397658,215084558
17397658,1031454355
17397658,603175358
17397658,397929214
17397658,279972382
17397658,21476329
17397658,161288528
17397658,7638712
17397658,89034146
17397658,1118345264
17397658,419866316
17397658,17827029
17397658,794110602
17397658,1023139638
17397658,2296717142
17397658,55035634
17397658,16137163
17397658,45266183
17397658,24810743
17397658,16921460
17397658,250560251
17397658,66834664
17397658,89503894
17397658,1660468830
17397658,700528695
17397658,1483024080
17397658,1559105666
17397658,280179544
17397658,703341116
17397658,285428843
17397658,864918864
17397658,19179687
17397658,363389737
17397658,1346696612
17397658,1210300506
17397658,22692755
17397658,24783322
17397658,1408457989
17397658,2243997137
17397658,19290783
17397658,22321740
17397658,302506173
17397658,241027939
17397658,142204481
17397658,426738834
17397658,61457123
17397658,22017504
17397658,403580183
17397658,90836187
17397658,394581283
17397658,195814782
17397658,10810102
17397658,16417859
17397658,20088182
17397658,137339884
17397658,94646915
17397658,181576147
17397658,1023072078
17397658,263099844
17397658,543043594
17397658,1942049240
17397658,113714309
17397658,2161907837
17397658,14166909
17397658,355583746
17397658,442084453
17397658,151197550
17397658,18975112
17397658,465542406
17397658,117007661
17397658,1380276074
17397658,6346082
17397658,514403892
17397658,605623882
17397658,189895104
17397658,134268458
17397658,21438024
17397658,16193162
17397658,1930959812
17397658,24696669
17397658,18764854
17397658,9207632
17397658,20809515
17397658,82054005
17397658,48750532
17397658,444038564
17397658,242974104
17397658,14472794
17397658,155913407
17397658,612044785
17397658,19393233
17397658,160786918
17397658,1732657700
17397658,20597486
17397658,16465385
17397658,48302014
17397658,484962664
17397658,1674277502
17397658,487043455
17397658,72557929
17397658,1924391640
17397658,32667025
17397658,352686923
17397658,552147406
17397658,20618678
17397658,741036666
17397658,1598558840
17397658,1270814401
17397658,26186890
17397658,15831449
17397658,1435461
17397658,19674338
17397658,953678874
17397658,81457578
17397658,343627165
17397658,627673190
17397658,8963722
17397658,328092923
17397658,24688868
17397658,21395108
17397658,1515893510
17397658,24157539
17397658,1060603561
17397658,49195175
17397658,39349216
17397658,38400294
17397658,37636997
17397658,346509968
17397658,23980467
17397658,779046373
17397658,47622979
17397658,65617607
17397658,21050755
17397658,23824904
17397658,99795732
17397658,42680860
17397658,20848740
17397658,51566870
17397658,4347461
17397658,15949242
17397658,32372834
17397658,311104293
17397658,174357141
17397658,20214495
17397658,921710042
17397658,518938188
17397658,1156857704
17397658,1603111440
17397658,77826352
17397658,200066875
17397658,288785053
17397658,1494258350
17397658,1586149352
17397658,129652781
17397658,432631804
17397658,819299024
17397658,2043041
17397658,292204879
17397658,21112266
17397658,17693232
17397658,102773210
17397658,47930935
17397658,80698292
17397658,123754656
17397658,18729562
17397658,24593867
17397658,15951863
17397658,237330440
17397658,15005991
17397658,402318365
17397658,53149244
17397658,24399244
17397658,34076997
17397658,19591633
17397658,54015652
17397658,109387470
17397658,20129930
17397658,19864303
17397658,269552973
17397658,14559090
17397658,105898722
17397658,6385432
17397658,24566469
17397658,23011527
17397658,26266891
17397658,167399649
17397658,18973489
17397658,1131805422
17397658,240872962
17397658,21768569
17397658,455161322
17397658,296511906
17397658,116454635
17397658,22480199
17397658,581005574
17397658,64442792
17397658,145353843
17397658,838762970
17397658,503810102
17397658,339128512
17397658,91313293
17397658,471287735
17397658,27437467
17397658,41921430
17397658,953942569
17397658,200283629
17397658,47172764
17397658,14856333
17397658,204832963
17397658,189385468
17397658,1129708849
17397658,10152982
17397658,738935042
17397658,596940844
17397658,19076822
17397658,849522234
17397658,177918639
17397658,293127810
17397658,388490623
17397658,70981081
17397658,35724001
17397658,926122844
17397658,103455796
17397658,50300579
17397658,49557292
17397658,568335867
17397658,534953154
17397658,603726432
17397658,420686053
17397658,30870542
17397658,15039042
17397658,1000262514
17397658,175149802
17397658,376209352
17397658,340367987
17397658,367954106
17397658,637093947
17397658,377994249
17397658,153686381
17397658,20182089
17397658,520693481
17397658,25422672
17397658,15143478
17397658,108329494
17397658,101750970
17397658,637340969
17397658,607464533
17397658,623074715
17397658,17169390
17397658,26330200
17397658,610046732
17397658,344801362
17397658,19904349
17397658,155927976
17397658,205011496
17397658,100078803
17397658,64046244
17397658,296971496
17397658,258758307
17397658,183387449
17397658,90459543
17397658,43565005
17397658,552710238
17397658,20350081
17397658,123945193
17397658,58531272
17397658,69962890
17397658,15439395
17397658,411115599
17397658,49781518
17397658,216220768
17397658,302234817
17397658,153163131
17397658,95463171
17397658,353389626
17397658,20097949
17397658,20954762
17397658,550449176
17397658,62290422
17397658,105451020
17397658,45185396
17397658,163559269
17397658,285332860
17397658,8920462
17397658,238319766
17397658,360230512
17397658,31451582
17397658,336116660
17397658,152987149
17397658,422868223
17397658,19271149
17397658,19626386
17397658,5793642
17397658,24008967
17397658,454843106
17397658,36686415
17397658,267208152
17397658,481282702
17397658,483034543
17397658,485511296
17397658,344634424
17397658,151123001
17397658,480831505
17397658,19709089
17397658,151412125
17397658,267274202
17397658,18948541
17397658,34949757
17397658,366520644
17397658,72811133
17397658,18490958
17397658,49661824
17397658,283038024
17397658,378201165
17397658,28800611
17397658,199488342
17397658,20015311
17397658,343469457
17397658,14599507
17397658,164397852
17397658,250791516
17397658,142001958
17397658,255668925
17397658,140750163
17397658,281146676
17397658,230567975
17397658,230845588
17397658,185827887
17397658,143672012
17397658,99792462
17397658,265982289
17397658,224223563
17397658,264120930
17397658,325652787
17397658,290490700
17397658,153067700
17397658,95324489
17397658,139092348
17397658,89217587
17397658,237241020
17397658,360765203
17397658,97488105
17397658,328980753
17397658,29267341
17397658,272559713
17397658,31135408
17397658,32420106
17397658,21890632
17397658,27486706
17397658,127307258
17397658,25619690
17397658,217158161
17397658,14587641
17397658,71375673
17397658,58601997
17397658,15410226
17397658,24762397
17397658,24791943
17397658,125085094
17397658,19472578
17397658,13058232
17397658,12925072
17397658,81750567
17397658,71806313
17397658,20549270
17397658,201283481
17397658,51468445
17397658,19966557
17397658,2677731
17397658,18491287
17397658,49938269
17397658,20475285
17397658,40885516
17397658,136007061
17397658,184565830
17397658,128242818
17397658,18718241
17397658,114503840
17397658,27167977
17397658,19024453
17397658,20583613
17397658,16668834
17397658,19163946
17397658,14573917
17397658,14876536
17397658,18679084
17397658,30364057
17397658,113697748
17397658,30572233
17397658,41417833
17397658,115114543
17397658,10373612
17397658,163853523
17397658,24652182
17397658,47652631
17397658,130122646
17397658,21657825
17397658,67412485
17397658,59125946
17397658,71876190
17397658,25572647
17397658,144614838
17397658,89986710
17397658,21506437
17397658,132130882
17397658,28485502
17397658,16225398
17397658,126118232
17397658,133235995
17397658,65048966
17397658,115485051
17397658,117032331
17397658,14866753
17397658,20341199
17397658,19637934
17397658,23057502
17397658,44498013
17397658,87075439
17397658,53225463
17397658,74411022
17397658,43623912
17397658,80026740
17397658,25489785
17397658,84987868
17397658,22161685
17397658,21648020
17397658,20590919
17397658,809760
17397658,39729071
17397658,34988284
17397658,60916506
17397658,14478260
17397658,17624543
17397658,68805447
17397658,18742499
17397658,17443495
17397658,28790071
17397658,49964411
17397658,61762370
17397658,43865255
17397658,20702626
17397658,43869610
17397658,37633277
17397658,16632219
17397658,21354751
17397658,38185007
17397658,17588076
17397658,25081211
17397658,41536682
17397658,23310359
17397658,25982907
17397658,19509051
17397658,3373791
17397658,29773190
17397658,19117213
17397658,17732480
17397658,20763235
17397658,28537755
17397658,17994572
17397658,23645959
17397658,19081360
17397658,23744604
17397658,23132159
17397658,20229617
17397658,19490380
17397658,19405367
17397658,19636952
17397658,20843014
17397658,17594530
17397658,19535591
17397658,19029591
17397658,15252509
17397658,19569273
17397658,19795606
17397658,19549117
17397658,19922973
17397658,22043407
17397658,14270254
17397658,19312050
17397658,20856282
17397658,19392223
17397658,19284122
17397658,21138477
17397658,22637074
17397658,20129785
17397658,10159762
17397658,20947267
17397658,22035429
17397658,20536157
17397658,20701487
17397658,14259322
17397658,16318853
17397658,19713622
17397658,16421068
17397658,14903044
17397658,20071295
17397658,19689758
17397658,15901190
17397658,17524386
17397658,15962096
17397658,15658370
17397658,20319462
17397658,19184818
17397658,19504112
17397658,20255778
17397658,1773321
17397658,14123683
17397658,14806376
17397658,19489386
17397658,18609822
17397658,19996532
17397658,19876457
17397658,19422832
17397658,19875944
17397658,19414893
17397658,14077431
17397658,19564523
17397658,19133646
17397658,19033555
17397658,16569045
17397658,17993489
17397658,16381279
17397658,18679659
17397658,14562960
17397658,8662472
17397658,19409013
17397658,15155074
17397658,18075140
17397658,18944007
17397658,19247625
17397658,16854780
17397658,19186180
17397658,19415798
17397658,18909913
17397658,19529158
17397658,19256558
17397658,18654910
17397658,18947126
17397658,18670794
17397658,17624959
17397658,18646236
17397658,18317023
17397658,8976
17397658,18648562
17397658,17626165
17397658,14267393
17397658,7109022
17397658,16171953
17397658,1434251
17397658,13409752
17397658,14746456
17397658,7030802
17397658,14558551
17397658,14183379
17397658,14395119
17397658,16718897
17397658,14995420
