174004213,55362811
174004213,2624299231
174004213,111367384
174004213,19709089
174004213,2197487762
174004213,20794341
174004213,19686295
174004213,98727619
174004213,47395667
174004213,1510759903
174004213,31237480
174004213,2858866479
174004213,234175207
174004213,1947169982
174004213,91122098
174004213,3957127101
174004213,2869493043
174004213,1646287674
174004213,2230297933
174004213,3405715822
174004213,360773832
174004213,14270254
174004213,2310180712
174004213,26276346
174004213,2987369466
174004213,15391813
174004213,20448566
174004213,395388847
174004213,94081671
174004213,18135386
174004213,20164477
174004213,8665852
174004213,1563338750
174004213,91072554
174004213,475352029
174004213,1690412382
174004213,196418785
174004213,1005054229
174004213,50813467
174004213,2799589979
174004213,724929985
174004213,87460291
174004213,993591625
174004213,19334929
174004213,20560841
174004213,70349639
174004213,986878273
174004213,1662057727
174004213,313846963
174004213,16272452
174004213,613692339
174004213,20380673
174004213,626411021
174004213,19472578
174004213,2323437863
174004213,163548769
174004213,992789466
174004213,18456925
174004213,388313448
174004213,54857751
174004213,2480949011
174004213,1712905777
174004213,1545483662
174004213,3028892327
174004213,887244552
174004213,3254745334
174004213,3001897470
174004213,23263743
174004213,19394887
174004213,49781518
174004213,19490380
174004213,2840971329
174004213,161327689
174004213,33463607
174004213,949446660
174004213,26486870
174004213,206651808
174004213,2309717617
174004213,2971311035
174004213,1558141890
174004213,2889218325
174004213,198151314
174004213,499825432
174004213,2845106799
174004213,2440605660
174004213,2860799906
174004213,2161534837
174004213,2831593557
174004213,1243669555
174004213,2810438926
174004213,16171953
174004213,15392221
174004213,2228852712
174004213,2564941182
174004213,2761950322
174004213,28130886
174004213,2564259198
174004213,236108227
174004213,152816930
174004213,43869790
174004213,56379440
174004213,7109022
174004213,565775922
174004213,72675862
174004213,2434039014
174004213,899912779
174004213,2217983814
174004213,2418432669
174004213,771943484
174004213,967720548
174004213,1178944580
174004213,2245878338
174004213,2550023839
174004213,2352068126
174004213,2440909038
174004213,2458788289
174004213,2246667941
174004213,271459384
174004213,2344020546
174004213,2347288770
174004213,1409976180
174004213,405123394
174004213,627356180
174004213,492558258
174004213,1527928748
174004213,442721711
174004213,1692112866
174004213,43082574
174004213,1533869323
174004213,1912460420
174004213,71670901
174004213,2353613606
174004213,613519328
174004213,1477577736
174004213,2201452771
174004213,1614887376
174004213,2281346909
174004213,17491650
174004213,1462285189
174004213,2296961054
174004213,529310528
174004213,953849852
174004213,14699672
174004213,28642884
174004213,127680499
174004213,53513381
174004213,596539490
174004213,1971345486
174004213,20781929
174004213,15683146
174004213,561267554
174004213,1620875617
174004213,1576418732
174004213,1357722648
174004213,1620679363
174004213,288785053
174004213,21390674
174004213,22756445
174004213,19921389
174004213,992842334
174004213,20843014
174004213,499134349
174004213,579247843
174004213,1004777492
174004213,860116752
174004213,965741665
174004213,622356817
174004213,86319158
174004213,338246486
174004213,19186180
174004213,719910968
174004213,286347223
174004213,19065418
174004213,614174464
174004213,21066857
174004213,16632149
174004213,19889294
174004213,19033555
174004213,19264748
174004213,395433620
174004213,132130882
174004213,69554298
174004213,74626513
174004213,155659213
174004213,344832646
174004213,267221289
174004213,9245482
174004213,20338611
174004213,190323946
174004213,30940454
174004213,17471979
174004213,22384691
174004213,55362811
174004213,2624299231
174004213,111367384
174004213,19709089
174004213,2197487762
174004213,20794341
174004213,19686295
174004213,98727619
174004213,47395667
174004213,1510759903
174004213,31237480
174004213,2858866479
174004213,234175207
174004213,1947169982
174004213,91122098
174004213,3957127101
174004213,2869493043
174004213,1646287674
174004213,2230297933
174004213,3405715822
174004213,360773832
174004213,14270254
174004213,2310180712
174004213,26276346
174004213,2987369466
174004213,15391813
174004213,20448566
174004213,395388847
174004213,94081671
174004213,18135386
174004213,20164477
174004213,8665852
174004213,1563338750
174004213,91072554
174004213,475352029
174004213,1690412382
174004213,196418785
174004213,1005054229
174004213,50813467
174004213,2799589979
174004213,724929985
174004213,87460291
174004213,993591625
174004213,19334929
174004213,20560841
174004213,70349639
174004213,986878273
174004213,1662057727
174004213,313846963
174004213,16272452
174004213,613692339
174004213,20380673
174004213,626411021
174004213,19472578
174004213,2323437863
174004213,163548769
174004213,992789466
174004213,18456925
174004213,388313448
174004213,54857751
174004213,2480949011
174004213,1712905777
174004213,1545483662
174004213,3028892327
174004213,887244552
174004213,3254745334
174004213,3001897470
174004213,23263743
174004213,19394887
174004213,49781518
174004213,19490380
174004213,2840971329
174004213,161327689
174004213,33463607
174004213,949446660
174004213,26486870
174004213,206651808
174004213,2309717617
174004213,2971311035
174004213,1558141890
174004213,2889218325
174004213,198151314
174004213,499825432
174004213,2845106799
174004213,2440605660
174004213,2860799906
174004213,2161534837
174004213,2831593557
174004213,1243669555
174004213,2810438926
174004213,16171953
174004213,15392221
174004213,2228852712
174004213,2564941182
174004213,2761950322
174004213,28130886
174004213,2564259198
174004213,236108227
174004213,152816930
174004213,43869790
174004213,56379440
174004213,7109022
174004213,565775922
174004213,72675862
174004213,2434039014
174004213,899912779
174004213,2217983814
174004213,2418432669
174004213,771943484
174004213,967720548
174004213,1178944580
174004213,2245878338
174004213,2550023839
174004213,2352068126
174004213,2440909038
174004213,2458788289
174004213,2246667941
174004213,271459384
174004213,2344020546
174004213,2347288770
174004213,1409976180
174004213,405123394
174004213,627356180
174004213,492558258
174004213,1527928748
174004213,442721711
174004213,1692112866
174004213,43082574
174004213,1533869323
174004213,1912460420
174004213,71670901
174004213,2353613606
174004213,613519328
174004213,1477577736
174004213,2201452771
174004213,1614887376
174004213,2281346909
174004213,17491650
174004213,1462285189
174004213,2296961054
174004213,529310528
174004213,953849852
174004213,14699672
174004213,28642884
174004213,127680499
174004213,53513381
174004213,596539490
174004213,1971345486
174004213,20781929
174004213,15683146
174004213,561267554
174004213,1620875617
174004213,1576418732
174004213,1357722648
174004213,1620679363
174004213,288785053
174004213,21390674
174004213,22756445
174004213,19921389
174004213,992842334
174004213,20843014
174004213,499134349
174004213,579247843
174004213,1004777492
174004213,860116752
174004213,965741665
174004213,622356817
174004213,86319158
174004213,338246486
174004213,19186180
174004213,719910968
174004213,286347223
174004213,19065418
174004213,614174464
174004213,21066857
174004213,16632149
174004213,19889294
174004213,19033555
174004213,19264748
174004213,395433620
174004213,132130882
174004213,69554298
174004213,74626513
174004213,155659213
174004213,344832646
174004213,267221289
174004213,9245482
174004213,20338611
174004213,190323946
174004213,30940454
174004213,17471979
