1860547028,3044738957
1860547028,3483917657
1860547028,2292454922
1860547028,124690469
1860547028,87460291
1860547028,813286
1860547028,520693481
1860547028,8665572
1860547028,15846407
1860547028,555416759
1860547028,15485441
1860547028,16854780
1860547028,405123394
1860547028,241100784
1860547028,123754656
1860547028,23585685
1860547028,19472578
1860547028,16632219
1860547028,14677919
1860547028,94081671
1860547028,19391470
1860547028,1690412382
1860547028,23263743
1860547028,26276346
1860547028,742143
1860547028,14746456
1860547028,807095
1860547028,1434251
1860547028,34423857
1860547028,17884125
1860547028,22904901
1860547028,395388847
1860547028,19713622
1860547028,5988062
1860547028,21783395
1860547028,1615685677
1860547028,19264748
1860547028,5402612
1860547028,18135386
1860547028,17624543
1860547028,71256932
1860547028,17163446
1860547028,494414941
1860547028,2432238138
1860547028,87818409
1860547028,156733266
1860547028,20781929
1860547028,19889294
1860547028,15392221
1860547028,15391813
1860547028,1175684941
1860547028,21126842
1860547028,24241544
1860547028,16171953
1860547028,19921389
1860547028,8665852
1860547028,9459622
1860547028,2561091
1860547028,291792721
