187586079,2207303918
187586079,151635190
187586079,33085798
187586079,143536795
187586079,3308973275
187586079,1618128932
187586079,182096205
187586079,3090382647
187586079,1694483425
187586079,161734463
187586079,56487453
187586079,42933426
187586079,8246832
187586079,2837129211
187586079,17376430
187586079,38757057
187586079,45663268
187586079,3396160997
187586079,84134067
187586079,948552829
187586079,17711232
187586079,9317502
187586079,58524650
187586079,55899260
187586079,34303372
187586079,101823138
187586079,219402785
187586079,246507155
187586079,4538041895
187586079,7827962
187586079,47495939
187586079,807095
187586079,613466500
187586079,2284943765
187586079,742143
187586079,51241574
187586079,55073631
187586079,495464885
187586079,25541810
187586079,3021480928
187586079,57098007
187586079,747682134
187586079,2446718358
187586079,287690539
187586079,57383875
187586079,3029126512
187586079,18428585
187586079,69939269
187586079,56273804
187586079,3119776011
187586079,50313986
187586079,384842767
187586079,18931556
187586079,1210382964
187586079,16515098
187586079,39591928
187586079,148539062
187586079,52883022
187586079,84646495
187586079,1332611066
187586079,30013475
187586079,1241736810
187586079,209175738
187586079,632778701
187586079,913447502
187586079,84944278
187586079,147533931
187586079,30642442
187586079,2743198574
187586079,176085434
187586079,62611102
187586079,38942233
187586079,14499351
187586079,1096820262
187586079,59152712
187586079,16955991
187586079,35773039
187586079,9207632
187586079,31387237
187586079,51461474
187586079,3664333882
187586079,18122496
187586079,142393421
187586079,1576769058
187586079,14594698
187586079,1134434172
187586079,31483090
187586079,68469311
187586079,19667016
187586079,134610796
187586079,3293468836
187586079,1910459971
187586079,131921243
187586079,43721365
187586079,76369002
187586079,2315399016
187586079,480782173
187586079,2692056711
187586079,1653748172
187586079,55948619
187586079,488193598
187586079,893167046
187586079,3215841519
187586079,1387830528
187586079,3367584611
187586079,3111630394
187586079,147859496
187586079,19472578
187586079,342836049
187586079,289048376
187586079,52426295
187586079,2966293095
187586079,2916305152
187586079,182922172
187586079,2407381993
187586079,39847922
187586079,2423497083
187586079,24506246
187586079,56566321
187586079,20816312
187586079,946349407
187586079,22644063
187586079,54341363
187586079,43170129
187586079,449128679
187586079,61843152
187586079,58921943
187586079,635544907
187586079,85647830
187586079,89005170
187586079,78584993
187586079,26250547
187586079,26061356
187586079,69749174
187586079,185897799
187586079,84439688
187586079,24093108
187586079,323545599
187586079,67302940
187586079,257722705
187586079,2242909302
187586079,18682419
187586079,115096157
187586079,3383680931
187586079,263267283
187586079,40130772
187586079,167826128
187586079,3071759011
187586079,2515983236
187586079,1596325327
187586079,130669996
187586079,1347385232
187586079,352141933
187586079,716807100
187586079,168300274
187586079,613740623
187586079,91631090
187586079,859773163
187586079,58907211
187586079,58990854
187586079,139211468
187586079,53148305
187586079,502516351
187586079,60640635
187586079,54336513
187586079,3323937183
187586079,275528640
187586079,259840707
187586079,1164609008
187586079,161476081
187586079,164305045
187586079,50459835
187586079,97703934
187586079,42904277
187586079,382963388
187586079,475239350
187586079,554131873
187586079,178120611
187586079,31459537
187586079,54259597
187586079,395388847
187586079,2561091
187586079,1690412382
187586079,179257279
187586079,257023619
187586079,2256557900
187586079,60395900
187586079,1467461358
187586079,474633073
187586079,3438002775
187586079,38473245
187586079,56228118
187586079,72364500
187586079,158482123
187586079,12815132
187586079,14445094
187586079,198535390
187586079,1021981122
187586079,261250891
187586079,106771891
187586079,2500565817
187586079,277616533
187586079,14211681
187586079,36823059
187586079,390385836
187586079,21334653
187586079,2597576840
187586079,881127055
187586079,63269862
187586079,1735730587
187586079,1120374656
187586079,263645829
187586079,186157945
187586079,2365883581
187586079,348132837
187586079,207309947
187586079,306562910
187586079,263103109
187586079,118772453
187586079,239185463
187586079,146655624
187586079,594764274
187586079,2441607673
187586079,295887846
187586079,492095895
187586079,737276096
187586079,1339412444
187586079,739726344
187586079,455776899
187586079,2750626311
187586079,209780362
187586079,29274419
187586079,532546965
187586079,3367829800
187586079,116704750
187586079,121763702
187586079,314378181
187586079,50434164
187586079,2973854116
187586079,17940906
187586079,523692434
187586079,929838427
187586079,86438458
187586079,156636017
187586079,1720224560
187586079,319735479
187586079,30044283
187586079,36097278
187586079,3347182823
187586079,89473738
187586079,3066080236
187586079,2452622029
187586079,327239449
187586079,86813409
187586079,3014397994
187586079,21068395
187586079,2654756359
187586079,3224891925
187586079,209309183
187586079,24993000
187586079,3072801005
187586079,296475701
187586079,3097456395
187586079,338400297
187586079,22090502
187586079,1965358603
187586079,3222731
187586079,45659745
187586079,364383398
187586079,37294647
187586079,203555695
187586079,1334407825
187586079,2304890004
187586079,3347856389
187586079,185897154
187586079,293800777
187586079,1481228256
187586079,1403054149
187586079,750385682
187586079,2866749304
187586079,1449202771
187586079,183724772
187586079,1115166073
187586079,138492825
187586079,18023582
187586079,325124700
187586079,69659196
187586079,2147700098
187586079,16310386
187586079,36781987
187586079,273513557
187586079,2602033724
187586079,1400589314
187586079,2437431835
187586079,1875887166
187586079,169991553
187586079,72811133
187586079,2215867682
187586079,42459293
187586079,1201883924
187586079,186696520
187586079,3011998107
187586079,80937256
187586079,88244134
187586079,274590714
187586079,67948296
187586079,15810606
187586079,210929757
187586079,5894372
187586079,85626417
187586079,176857160
187586079,14932455
187586079,171276528
187586079,263884490
187586079,3074007993
187586079,340628221
187586079,24901056
187586079,224390556
187586079,36246186
187586079,95448533
187586079,10710382
187586079,10712662
187586079,39820179
187586079,14480138
187586079,39546264
187586079,73113280
187586079,196896296
187586079,1968829813
187586079,711913752
187586079,302795353
187586079,82114479
187586079,455447148
187586079,3024971043
187586079,3334891485
187586079,119881872
187586079,57044549
187586079,57692627
187586079,504552509
187586079,308556516
187586079,1722658261
187586079,2891244692
187586079,51612048
187586079,231579149
187586079,2790758425
187586079,2991819172
187586079,116853696
187586079,55352337
187586079,169993414
187586079,1567139210
187586079,63252159
187586079,145758202
187586079,3215541084
187586079,91453919
187586079,50419991
187586079,78115307
187586079,59353150
187586079,14824411
187586079,59022696
187586079,82607884
187586079,158342368
187586079,87920683
187586079,2288138575
187586079,87591830
187586079,142418821
187586079,31066862
187586079,2341517581
187586079,22408930
187586079,247288139
187586079,63054475
187586079,398684756
187586079,469296101
187586079,65243324
187586079,2802249018
187586079,131967942
187586079,550664195
187586079,228816969
187586079,65489923
187586079,57465418
187586079,8854072
187586079,61496527
187586079,20045580
187586079,122498057
187586079,41724262
187586079,248704171
187586079,1850488854
187586079,247276024
187586079,196676738
187586079,33647344
187586079,186977113
187586079,49839849
187586079,21242707
187586079,70042771
187586079,132599722
187586079,34159735
187586079,111872528
187586079,112998729
187586079,53472754
187586079,15813125
187586079,15814642
187586079,3232048203
187586079,57665773
187586079,300891581
187586079,246822953
187586079,249779185
187586079,68780464
187586079,62805883
187586079,441113100
187586079,14416869
187586079,2729698364
187586079,38498888
187586079,70887911
187586079,1582853809
187586079,36359552
187586079,16848957
187586079,1300795536
187586079,872915214
187586079,2692974816
187586079,1656477942
187586079,2717528856
187586079,45273949
187586079,16655632
187586079,27968160
187586079,952134710
187586079,200895008
187586079,255131105
187586079,274247921
187586079,100731315
187586079,35185475
187586079,325204032
187586079,215985403
187586079,40881938
187586079,52045644
187586079,105117082
187586079,88731398
187586079,28703815
187586079,822319537
187586079,31504246
187586079,28688319
187586079,1201152774
187586079,33625083
187586079,35524446
187586079,41887195
187586079,19036383
187586079,259452001
187586079,2558110421
187586079,163924021
187586079,1134931512
187586079,167836092
187586079,2511441026
187586079,347349823
187586079,484987132
187586079,16153562
187586079,14700316
187586079,2352254244
187586079,455825339
187586079,85228830
187586079,194825957
187586079,106046802
187586079,53939086
187586079,177597123
187586079,331096233
187586079,177261035
187586079,155565120
187586079,288309318
187586079,42015049
187586079,2812966638
187586079,34891363
187586079,46627431
187586079,181782326
187586079,31451169
187586079,139160485
187586079,206806759
187586079,2875053244
187586079,2891154897
187586079,241656015
187586079,278231789
187586079,3065716017
187586079,175881965
187586079,334834562
187586079,70380962
187586079,14793756
187586079,52593241
187586079,153063234
187586079,227370186
187586079,75564761
187586079,180514577
187586079,454230431
187586079,27043317
187586079,3070477079
187586079,7996522
187586079,75279848
187586079,14463346
187586079,176979194
187586079,2699217710
187586079,89274936
187586079,69962890
187586079,1093132046
187586079,237432120
187586079,182923335
187586079,2259778712
187586079,27795983
187586079,351679573
187586079,69416519
187586079,16294264
187586079,816273872
187586079,122783603
187586079,10154252
187586079,59955682
187586079,380620633
187586079,404858581
187586079,115351443
187586079,224628959
187586079,2441831348
187586079,14401149
187586079,1656384852
187586079,16857308
187586079,1578527946
187586079,184886970
187586079,37001879
187586079,44987020
187586079,194347476
187586079,106396774
187586079,118553312
187586079,73265694
187586079,57398778
187586079,184878182
187586079,182946767
187586079,799260530
187586079,67688966
187586079,1202130601
187586079,59157475
187586079,67671800
187586079,47748246
187586079,387234598
187586079,68083907
187586079,147058877
187586079,21421297
187586079,320730589
187586079,14505172
187586079,217726883
187586079,38661434
187586079,63785532
187586079,255624444
187586079,275241710
187586079,71680902
187586079,39000477
187586079,19271642
187586079,56835808
187586079,192225793
187586079,1265260098
187586079,43340387
187586079,358170380
187586079,30787166
187586079,21968476
187586079,56773842
187586079,15590302
187586079,126077067
187586079,89497437
187586079,14511951
187586079,252710934
187586079,14677919
187586079,100077761
187586079,253737071
187586079,47181533
187586079,1237247035
187586079,239501069
187586079,8791982
187586079,15664491
187586079,25704704
187586079,17813487
187586079,9633802
187586079,18079284
187586079,35013719
187586079,14834302
187586079,80403388
187586079,7668952
187586079,97293135
187586079,40051349
187586079,2347591152
187586079,420535612
187586079,71613541
187586079,50055866
187586079,91130218
187586079,86958006
187586079,14595245
187586079,83959481
187586079,231809215
187586079,25345626
187586079,45385616
187586079,43442574
187586079,406265450
187586079,57153448
187586079,63196692
187586079,176244402
187586079,902066160
187586079,1900502887
187586079,502079494
187586079,98708202
187586079,104210701
187586079,135323871
187586079,155398769
187586079,174901520
187586079,55749578
187586079,33396124
187586079,589478510
187586079,89504420
187586079,19796491
187586079,37136484
187586079,280397697
187586079,175606747
187586079,126055782
187586079,56359271
187586079,573875527
187586079,192252649
187586079,146535975
187586079,69213435
187586079,351628073
187586079,14211476
187586079,150888173
187586079,159257298
187586079,87751887
187586079,188056257
187586079,60175275
187586079,143592420
187586079,81675033
187586079,146919703
187586079,709559245
187586079,34205188
187586079,111416958
187586079,180990597
187586079,609302838
187586079,140810916
187586079,574851326
187586079,67334466
187586079,16637740
187586079,549654828
187586079,1076389038
187586079,378106218
187586079,84880944
187586079,329294054
187586079,19406393
187586079,188454784
187586079,39603708
187586079,57361997
187586079,27899730
187586079,139848439
187586079,177342424
187586079,35751569
187586079,580187415
187586079,315931130
187586079,59631995
187586079,187398436
187586079,228087352
187586079,27901989
187586079,154164236
187586079,332899273
187586079,83254055
187586079,1131021644
187586079,27185997
187586079,210274306
187586079,320846390
187586079,480060929
187586079,157034349
187586079,2178897602
187586079,70928543
187586079,14070792
187586079,53111492
187586079,106891797
187586079,381653010
187586079,91545927
187586079,836450228
187586079,132237665
187586079,2286865880
187586079,188062615
187586079,2402193445
187586079,17706314
187586079,160965127
187586079,194142266
187586079,1408217593
187586079,1583691313
187586079,155924049
187586079,182644738
187586079,200089758
187586079,2528987124
187586079,240795646
187586079,2332588868
187586079,373648641
187586079,485916607
187586079,94446458
187586079,50597271
187586079,34807988
187586079,61934161
187586079,154384949
187586079,2794052772
187586079,14125476
187586079,134558134
187586079,81430069
187586079,112523709
187586079,506434809
187586079,35253885
187586079,84721141
187586079,83693724
187586079,51124892
187586079,37929603
187586079,150989432
187586079,2541397107
187586079,439322038
187586079,3015267058
187586079,14781217
187586079,91361327
187586079,40564089
187586079,131508484
187586079,2368242392
187586079,16076032
187586079,10842792
187586079,12652472
187586079,15911679
187586079,28351730
187586079,1433882124
187586079,15488353
187586079,16350198
187586079,18091004
187586079,265902729
187586079,713993413
187586079,159551047
187586079,279478821
187586079,2968656424
187586079,838352730
187586079,343627165
187586079,789605024
187586079,74531956
187586079,2214194485
187586079,718656198
187586079,14594813
187586079,246860338
187586079,7996082
187586079,218229279
187586079,2174537102
187586079,1193462414
187586079,1138074542
187586079,234398308
187586079,48463980
187586079,139743130
187586079,1319351114
187586079,292958831
187586079,147633912
187586079,112543044
187586079,631293447
187586079,36144987
187586079,14909191
187586079,17448901
187586079,139710457
187586079,73885003
187586079,57828037
187586079,150680702
187586079,28157433
187586079,44449830
187586079,14021232
187586079,378520938
187586079,103882692
187586079,56768148
187586079,62703362
187586079,53904126
187586079,57763444
187586079,421268817
187586079,1540034828
187586079,41183523
187586079,33699579
187586079,102776221
187586079,40095953
187586079,58951368
187586079,16869719
187586079,438049516
187586079,2263539332
187586079,65794620
187586079,47754867
187586079,16722300
187586079,55632005
187586079,22514027
187586079,310497473
187586079,10135862
187586079,35000383
187586079,48153122
187586079,68718013
187586079,446246330
187586079,74230066
187586079,18869830
187586079,20242549
187586079,46222364
187586079,311808361
187586079,52416605
187586079,20479813
187586079,30036553
187586079,61916441
187586079,59794574
187586079,110522807
187586079,67778641
187586079,305085584
187586079,103660399
187586079,130151224
187586079,66046735
187586079,113194428
187586079,15918815
187586079,16935292
187586079,35726000
187586079,9722452
187586079,189376144
187586079,115232771
187586079,67730645
187586079,71610295
187586079,96392327
187586079,187994521
187586079,211235703
187586079,94672253
187586079,17327804
187586079,177676612
187586079,72712949
187586079,59215152
187586079,60932897
187586079,137235240
187586079,36751573
187586079,218450434
187586079,156724578
187586079,1782961
187586079,90270884
187586079,111688862
187586079,25535996
187586079,140228130
187586079,46365884
187586079,215322898
187586079,21003745
187586079,175530900
187586079,94602545
187586079,104219645
187586079,212604444
187586079,156730473
187586079,4970411
187586079,60128933
187586079,16974422
187586079,81344251
187586079,83247193
187586079,56502934
187586079,243409734
187586079,60594727
187586079,243174348
187586079,130215793
187586079,78684416
187586079,82667426
187586079,88747842
187586079,108623752
187586079,64475279
187586079,17708682
187586079,83879777
187586079,36349610
187586079,16589206
187586079,32655646
187586079,86761616
187586079,35856249
187586079,95740548
187586079,188310280
187586079,10877272
187586079,42629261
187586079,24724081
187586079,14907774
187586079,217440254
187586079,32309773
187586079,65454115
187586079,56662071
187586079,112519279
187586079,14762045
187586079,133405394
187586079,32529120
187586079,55583641
187586079,198248250
187586079,80056276
187586079,52815944
187586079,142887546
187586079,105831144
187586079,39305544
187586079,171930235
187586079,47250979
187586079,67702000
187586079,80378191
187586079,66458391
187586079,90725961
187586079,119190802
187586079,142118621
187586079,28745600
187586079,45870897
187586079,15839573
187586079,55729783
187586079,74626513
187586079,61865738
187586079,66120296
187586079,36687908
187586079,163296619
187586079,55069015
187586079,22037917
187586079,117613138
187586079,95999422
187586079,150330579
187586079,17877597
187586079,143533295
187586079,167489707
187586079,48186490
187586079,81963201
187586079,49964411
187586079,50480305
187586079,12689622
187586079,58668131
187586079,149685788
187586079,175193014
187586079,57665732
187586079,123870672
187586079,44554692
187586079,41097241
187586079,23941036
187586079,15431161
187586079,14387790
187586079,15658851
187586079,817892
187586079,14333754
187586079,174773442
187586079,153693169
187586079,164008026
187586079,166173854
187586079,44627459
187586079,163878364
187586079,59559336
187586079,161745170
187586079,22677822
187586079,99015427
187586079,143495378
187586079,27710376
187586079,45447020
187586079,54235025
187586079,17145115
187586079,24043827
187586079,16177777
187586079,41432107
187586079,47739030
187586079,66730856
187586079,60815971
187586079,68881789
187586079,52073929
187586079,34366699
187586079,16632084
187586079,813286
187586079,54899078
187586079,38670947
187586079,20165125
187586079,73038333
187586079,40260582
187586079,53199457
187586079,52427922
187586079,72419696
187586079,78662210
187586079,65477204
187586079,16212403
187586079,45467698
187586079,79341015
187586079,93900495
187586079,37935151
187586079,96758134
187586079,98513636
187586079,95672718
187586079,34222365
187586079,28855413
187586079,136263398
187586079,790680
187586079,45013575
187586079,78396725
187586079,45428696
187586079,112498734
187586079,45083460
187586079,69015049
187586079,26932840
187586079,18917769
187586079,18789765
187586079,19593634
187586079,14306125
187586079,62300770
187586079,45908423
187586079,64257256
187586079,18144791
187586079,41123392
187586079,788524
187586079,14754376
187586079,15518054
187586079,74346942
187586079,25552667
187586079,76699270
187586079,82397193
187586079,36210597
187586079,28605392
187586079,35977487
187586079,111326653
187586079,5988062
187586079,30003
187586079,103296066
187586079,114704955
187586079,122133343
187586079,18601589
187586079,14434407
187586079,14090321
187586079,1947301
187586079,115476363
187586079,46964949
187586079,87324565
187586079,44005522
187586079,128637475
187586079,34271853
187586079,19974494
187586079,179192119
187586079,37675899
187586079,17194311
187586079,54809936
187586079,56723287
187586079,102738853
187586079,57771039
187586079,135024127
