1886885844,3358681881
1886885844,61455260
1886885844,31237480
1886885844,21016479
1886885844,17306424
1886885844,1117993734
1886885844,240872962
1886885844,126978294
1886885844,1039815788
1886885844,2539906562
1886885844,2182488572
1886885844,555448499
1886885844,484775459
1886885844,4780022428
1886885844,952624494
1886885844,2176998871
1886885844,56505125
1886885844,22209176
1886885844,15670515
1886885844,2262898614
1886885844,41310501
1886885844,85862615
1886885844,7109022
1886885844,93049017
1886885844,83367875
1886885844,75037435
1886885844,2233763454
1886885844,1337785291
1886885844,288333760
1886885844,287048127
1886885844,487412249
1886885844,25982907
1886885844,2971505758
1886885844,17229160
1886885844,121385551
1886885844,10012122
1886885844,31090827
1886885844,105082141
1886885844,1140432823
1886885844,43869610
1886885844,43901270
1886885844,14529811
1886885844,43865255
1886885844,2372379259
1886885844,132130882
1886885844,166772945
1886885844,2418832695
1886885844,4558828893
1886885844,4514934989
1886885844,33884545
1886885844,78863928
1886885844,868301383
1886885844,2708829955
1886885844,542923119
1886885844,2891141703
1886885844,2913145777
1886885844,727305176
1886885844,19650966
1886885844,2388477227
1886885844,4425410597
1886885844,8350912
1886885844,4299127816
1886885844,14582890
1886885844,226144052
1886885844,258827298
1886885844,14942445
1886885844,18839785
1886885844,2550023839
1886885844,2362114152
1886885844,399895499
1886885844,2358621787
1886885844,2858402345
1886885844,3483917657
1886885844,3422617395
1886885844,2994469282
1886885844,19405396
1886885844,475311020
1886885844,19292033
1886885844,20319462
1886885844,2724276488
1886885844,1923445068
1886885844,209780139
1886885844,50707383
1886885844,2812936934
1886885844,23375688
1886885844,21111883
1886885844,23585685
1886885844,268414482
1886885844,29494407
1886885844,769233361
1886885844,35714762
1886885844,20717438
1886885844,4047715469
1886885844,4030802543
1886885844,3147985029
1886885844,3751062796
1886885844,14842285
1886885844,34076997
1886885844,3040424454
1886885844,1367489305
1886885844,1345393938
1886885844,19265059
1886885844,3138341447
1886885844,25150711
1886885844,290263087
1886885844,948552829
1886885844,1662057727
1886885844,19472578
1886885844,27356140
1886885844,399319898
1886885844,20858380
1886885844,3310241819
1886885844,101871850
1886885844,2811941773
1886885844,562428613
1886885844,16193162
1886885844,3293957261
1886885844,311606579
1886885844,19889294
1886885844,69008563
1886885844,2485845654
1886885844,240446034
1886885844,152987149
1886885844,14436030
1886885844,535707261
1886885844,121859642
1886885844,112694236
1886885844,2598770700
1886885844,16631331
1886885844,19331985
1886885844,110270037
1886885844,82054005
1886885844,25842391
1886885844,21890926
1886885844,55655615
1886885844,2960101137
1886885844,3376281958
1886885844,214125777
1886885844,22695694
1886885844,622752593
1886885844,3418168919
1886885844,1062558625
1886885844,2230383367
1886885844,558572709
1886885844,2745557490
1886885844,26266891
1886885844,29087407
1886885844,92319265
1886885844,338985020
1886885844,2934452290
1886885844,1567041686
1886885844,255240646
1886885844,804527024
1886885844,22424763
1886885844,3092058627
1886885844,2278241173
1886885844,237330440
1886885844,577466504
1886885844,18678493
1886885844,20740074
1886885844,63996905
1886885844,18847920
1886885844,23584173
1886885844,22388025
1886885844,31793827
1886885844,365344514
1886885844,23316750
1886885844,1480749782
1886885844,3397300108
1886885844,114848451
1886885844,321970500
1886885844,2889953969
1886885844,393948633
1886885844,1946409534
1886885844,807095
1886885844,759251
1886885844,5402612
1886885844,742143
1886885844,489900556
1886885844,47622965
1886885844,153403071
1886885844,21287076
1886885844,279642533
1886885844,14048325
1886885844,29422232
1886885844,2356833078
1886885844,79979068
1886885844,1265295037
1886885844,2440252190
1886885844,1519350901
1886885844,1895388408
1886885844,16451028
1886885844,21783395
1886885844,26276346
1886885844,94081671
1886885844,1568069497
1886885844,2445809510
1886885844,2834194451
1886885844,3010384528
1886885844,615274676
1886885844,182721799
1886885844,342227411
1886885844,1272263407
1886885844,22910295
1886885844,225341947
1886885844,3066070240
1886885844,94166168
1886885844,70349639
1886885844,3059502472
1886885844,2336696970
1886885844,2462362993
1886885844,22362992
1886885844,2893939156
1886885844,403291015
1886885844,544980546
1886885844,14082692
1886885844,175001271
1886885844,1664919120
1886885844,2310116088
1886885844,19980148
1886885844,65322179
1886885844,180505807
1886885844,25836321
1886885844,30472798
1886885844,23516106
1886885844,20085289
1886885844,881110717
1886885844,829929312
1886885844,25067168
1886885844,214791922
1886885844,893596820
1886885844,26570717
1886885844,2950049757
1886885844,23946350
1886885844,1011183180
1886885844,95693963
1886885844,1523773080
1886885844,124690469
1886885844,2199541457
1886885844,20766350
1886885844,54341363
1886885844,495855846
1886885844,2206679028
1886885844,2369316842
1886885844,485801262
1886885844,1889165719
1886885844,454395581
1886885844,64788246
1886885844,89273104
1886885844,19612753
1886885844,239093860
1886885844,21905142
1886885844,19591633
1886885844,17169390
1886885844,1142859176
1886885844,8665572
1886885844,2561091
1886885844,124139163
1886885844,166739404
1886885844,17087856
1886885844,328980753
1886885844,2193009746
1886885844,17062937
1886885844,2804005662
1886885844,586671909
1886885844,74754957
1886885844,331707065
1886885844,1651824314
1886885844,360230512
1886885844,1412720658
1886885844,232091816
1886885844,20058846
1886885844,70322964
1886885844,256675420
1886885844,19136302
1886885844,44638016
1886885844,492288571
1886885844,2936469080
1886885844,19409223
1886885844,1353993816
1886885844,22914702
1886885844,21094069
1886885844,19585125
1886885844,25365536
1886885844,19682451
1886885844,127680499
1886885844,2604121159
1886885844,138244963
1886885844,1090317368
1886885844,23106525
1886885844,360857182
1886885844,61037301
1886885844,68740712
1886885844,22408430
1886885844,1600989234
1886885844,35787166
1886885844,15030767
1886885844,93230391
1886885844,26486870
1886885844,18761347
1886885844,60024840
1886885844,218653131
1886885844,17087110
1886885844,835290290
1886885844,24688868
1886885844,391306391
1886885844,53176453
1886885844,1155233203
1886885844,31099411
1886885844,61457123
1886885844,2530382616
1886885844,21856114
1886885844,21390437
1886885844,17884125
1886885844,277495114
1886885844,49160036
1886885844,43869790
1886885844,787317506
1886885844,23837271
1886885844,1407892861
1886885844,49195175
1886885844,16350198
1886885844,19271557
1886885844,820542338
1886885844,92367751
1886885844,2435310141
1886885844,165160853
1886885844,103550271
1886885844,236108227
1886885844,152816930
1886885844,15683146
1886885844,288785053
1886885844,267272939
1886885844,60865434
1886885844,155659213
1886885844,111116063
1886885844,22904901
1886885844,716654893
1886885844,44409004
1886885844,14116807
1886885844,19600252
1886885844,20164477
1886885844,1690412382
1886885844,20712514
1886885844,19875072
1886885844,19405367
1886885844,609701076
1886885844,1007432648
1886885844,1387117364
1886885844,19490380
1886885844,368234207
1886885844,113714309
1886885844,20781929
1886885844,1389653912
1886885844,2532843663
1886885844,15005991
1886885844,20350081
1886885844,66834664
1886885844,21648020
1886885844,230930518
1886885844,232855418
1886885844,541023928
1886885844,17993489
1886885844,21204154
1886885844,334111568
1886885844,22941392
1886885844,460490011
1886885844,49781518
1886885844,19186180
1886885844,422868223
1886885844,595484027
1886885844,38640768
1886885844,2174231240
1886885844,111933542
1886885844,344801362
1886885844,63961281
1886885844,14903044
1886885844,20973069
1886885844,18600155
1886885844,19405174
1886885844,23057502
1886885844,20676778
1886885844,102811691
1886885844,20164413
1886885844,14183379
1886885844,78150883
1886885844,50300579
1886885844,237241020
1886885844,283038024
1886885844,287808998
1886885844,294043151
1886885844,124159838
1886885844,412237956
1886885844,596940844
1886885844,153067700
1886885844,10228272
1886885844,622356817
1886885844,21447363
1886885844,251716551
1886885844,16838962
1886885844,19910996
1886885844,92002902
1886885844,15095537
1886885844,454843106
1886885844,121167080
1886885844,50602093
1886885844,51566870
1886885844,15951863
1886885844,16951979
1886885844,1930959812
1886885844,23263743
1886885844,38977171
1886885844,20809515
1886885844,34352191
1886885844,20843014
1886885844,167399649
1886885844,25535042
1886885844,20583613
1886885844,19663485
1886885844,290762891
1886885844,395388847
1886885844,233292368
1886885844,19184818
1886885844,15392221
1886885844,21707734
1886885844,20856282
1886885844,17624959
1886885844,54015652
1886885844,20448566
1886885844,17693232
1886885844,16854780
1886885844,16631693
1886885844,428333
1886885844,22384691
1886885844,5988062
1886885844,2459371
1886885844,7996082
1886885844,986878273
1886885844,1615685677
1886885844,74286565
1886885844,297174372
1886885844,405123394
1886885844,771383605
1886885844,16425197
1886885844,123754656
1886885844,19713622
1886885844,21138477
1886885844,19863224
1886885844,16171953
1886885844,24241544
1886885844,19921389
1886885844,19264748
1886885844,17624543
1886885844,14758257
1886885844,866851813
1886885844,21066857
1886885844,17163446
1886885844,8665852
1886885844,147322747
1886885844,279649054
1886885844,19394887
1886885844,15391813
