1958546731,14333754
1958546731,948552829
1958546731,1662057727
1958546731,183404455
1958546731,462636532
1958546731,19330043
1958546731,16345202
1958546731,18334825
1958546731,15632759
1958546731,19713622
1958546731,70186440
1958546731,15391813
1958546731,41469938
1958546731,14222518
1958546731,25326324
1958546731,14399483
1958546731,14847636
1958546731,121167080
1958546731,19889294
1958546731,20351362
1958546731,14677919
1958546731,51468445
1958546731,17884125
1958546731,24590293
1958546731,21905142
1958546731,15317676
1958546731,20350081
1958546731,73359920
1958546731,18676177
1958546731,43158428
1958546731,49239873
1958546731,27844479
1958546731,60649803
1958546731,16193578
1958546731,283038024
1958546731,82602399
1958546731,19074134
1958546731,90774609
1958546731,14575107
1958546731,69615397
1958546731,2467791
1958546731,23780652
1958546731,19390810
1958546731,14293310
1958546731,51241574
1958546731,124139163
1958546731,1652541
1958546731,1721885797
1958546731,6017542
1958546731,26276346
1958546731,19472578
1958546731,19331985
1958546731,22904901
1958546731,34423857
1958546731,14791162
1958546731,21783395
1958546731,17311493
1958546731,32469566
1958546731,23482952
1958546731,19247844
1958546731,20809515
1958546731,8665572
1958546731,15962096
1958546731,20177423
1958546731,17163446
1958546731,21773864
1958546731,1535258695
1958546731,21812884
1958546731,136361303
1958546731,50836503
1958546731,43865255
1958546731,16632149
1958546731,455831939
1958546731,25535042
1958546731,260292052
1958546731,20609518
1958546731,15803225
1958546731,8728392
1958546731,20586517
1958546731,21854625
1958546731,15224867
1958546731,156651229
1958546731,8170292
1958546731,16973333
1958546731,87818409
1958546731,428333
1958546731,612473
1958546731,91478624
1958546731,5988062
1958546731,3108351
1958546731,759251
1958546731,5402612
1958546731,807095
1958546731,742143
1958546731,2097571
1958546731,219683269
1958546731,88944305
1958546731,21915474
1958546731,300114634
1958546731,50883209
1958546731,20348431
1958546731,98533811
1958546731,183398746
1958546731,415859364
1958546731,203144854
1958546731,60054156
1958546731,30180137
1958546731,34395888
1958546731,465723566
1958546731,225190303
1958546731,14934818
1958546731,78021221
1958546731,221392767
1958546731,348379865
1958546731,18647765
1958546731,326359913
1958546731,72568426
1958546731,44084633
1958546731,47459700
1958546731,85772748
1958546731,24047612
1958546731,436266454
1958546731,373471064
1958546731,85603854
1958546731,2367911
1958546731,783214
1958546731,20856282
1958546731,89986710
1958546731,35094637
1958546731,328980753
1958546731,405123394
1958546731,8662472
1958546731,97488105
1958546731,85908999
1958546731,19186180
1958546731,23263743
1958546731,14270254
1958546731,454843106
1958546731,19033555
1958546731,19394887
1958546731,49781518
1958546731,19564523
1958546731,28706024
1958546731,79293791
1958546731,16632219
1958546731,19398521
1958546731,16995115
1958546731,64629506
1958546731,25086986
1958546731,21747774
1958546731,16631801
1958546731,16631693
1958546731,16631331
1958546731,73530234
1958546731,14758257
1958546731,19264748
1958546731,94081671
1958546731,15392221
1958546731,16451028
1958546731,23585685
1958546731,21066857
1958546731,8665852
1958546731,2561091
1958546731,180505807
1958546731,34442404
1958546731,15291335
1958546731,15846407
1958546731,19397785
