19743650,1027468086
19743650,1154072965
19743650,3088432587
19743650,171840420
19743650,2831531811
19743650,847238528
19743650,205011496
19743650,2483668285
19743650,2689586863
19743650,61433111
19743650,948552829
19743650,4699697268
19743650,246442405
19743650,19784606
19743650,24914644
19743650,17087110
19743650,17163446
19743650,360230512
19743650,17306424
19743650,17214382
19743650,122045876
19743650,202860532
19743650,54880025
19743650,21259023
19743650,4747684523
19743650,454395581
19743650,17827029
19743650,629097517
19743650,2719143096
19743650,487736815
19743650,825934369
19743650,489127453
19743650,4483285461
19743650,2979507555
19743650,386791423
19743650,762897271
19743650,1546270652
19743650,19923144
19743650,2745557490
19743650,149760844
19743650,1413670405
19743650,2232996836
19743650,1022903208
19743650,4528670668
19743650,2725825164
19743650,3761257036
19743650,2655830472
19743650,4180709603
19743650,104493065
19743650,2237771666
19743650,2540664564
19743650,749952350
19743650,3386514075
19743650,2405549474
19743650,557707279
19743650,1626294277
19743650,3071729471
19743650,292555960
19743650,2459430444
19743650,1322319715
19743650,985117128
19743650,1315205545
19743650,802024922
19743650,2787938431
19743650,835290290
19743650,246202004
19743650,14677919
19743650,385056910
19743650,284578421
19743650,44571430
19743650,182819292
19743650,26714575
19743650,236404908
19743650,2811389644
19743650,1119041263
19743650,21856114
19743650,573673961
19743650,2894982503
19743650,1055490565
19743650,456686439
19743650,3356935330
19743650,3143365889
19743650,1004031631
19743650,126783393
19743650,1649633971
19743650,476234589
19743650,2330330082
19743650,499238848
19743650,1635979987
19743650,2223592103
19743650,769398037
19743650,728592182
19743650,2153702508
19743650,527526077
19743650,243662948
19743650,469038612
19743650,434545375
19743650,1240255218
19743650,352145373
19743650,95023423
19743650,21905142
19743650,1621016660
19743650,845012778
19743650,1408509804
19743650,2620038301
19743650,2585396407
19743650,1674124387
19743650,2541397107
19743650,485370684
19743650,1102056092
19743650,1887602778
19743650,1080782130
19743650,2546507294
19743650,251690031
19743650,2366254189
19743650,1027197060
19743650,2419329859
19743650,2201496073
19743650,286742737
19743650,17595890
19743650,19261460
19743650,18025537
19743650,930108906
19743650,2497039255
19743650,1582678051
19743650,36728196
19743650,32002507
19743650,16225240
19743650,39275966
19743650,16228398
19743650,1138569926
19743650,2187300542
19743650,1173622044
19743650,2313227480
19743650,2165541642
19743650,1236601488
19743650,2266343932
19743650,2411221668
19743650,58531272
19743650,2191350363
19743650,1587678775
19743650,2322204434
19743650,1266493579
19743650,1002500058
19743650,2478067663
19743650,18392906
19743650,459287850
19743650,2473857554
19743650,414877244
19743650,124450567
19743650,224711631
19743650,39462283
19743650,1189550347
19743650,1433410734
19743650,1688927833
19743650,2389630453
19743650,471287735
19743650,213745334
19743650,367971451
19743650,27636113
19743650,2316464970
19743650,1896867624
19743650,730630778
19743650,165511377
19743650,361150095
19743650,165699676
19743650,8320242
19743650,96829836
19743650,2409257900
19743650,72073289
19743650,451118171
19743650,1567120171
19743650,155927976
19743650,2165651892
19743650,885053342
19743650,216299334
19743650,472967330
19743650,1665888804
19743650,632387571
19743650,246460314
19743650,121154700
19743650,241632270
19743650,76695462
19743650,87990126
19743650,139710484
19743650,272260680
19743650,198037642
19743650,780243074
19743650,30249231
19743650,25083687
19743650,130143185
19743650,196030338
19743650,147300543
19743650,2368977188
19743650,2272739412
19743650,124215998
19743650,498790808
19743650,2335409666
19743650,2434430038
19743650,2292821130
19743650,537293483
19743650,1325226716
19743650,555928038
19743650,1086485478
19743650,1264788474
19743650,587823070
19743650,25626894
19743650,2176781462
19743650,19212009
19743650,15933910
19743650,21401466
19743650,102446093
19743650,28181278
19743650,51680649
19743650,574594956
19743650,250288654
19743650,2266209018
19743650,26259480
19743650,1135110380
19743650,2233707276
19743650,1939464290
19743650,2392162167
19743650,1498897422
19743650,906641220
19743650,1683720572
19743650,843112550
19743650,2234457918
19743650,1975717441
19743650,1691496146
19743650,89304457
19743650,52185601
19743650,46494542
19743650,14758257
19743650,1004387180
19743650,904918116
19743650,1240388840
19743650,1099767806
19743650,911142252
19743650,1582853809
19743650,986878273
19743650,1598644159
19743650,1407892861
19743650,2192531155
19743650,246481013
19743650,23136429
19743650,1408217593
19743650,2226999318
19743650,746935735
19743650,50602093
19743650,1357107872
19743650,552011578
19743650,1385526308
19743650,33872866
19743650,1599070434
19743650,1463880866
19743650,111689867
19743650,461922813
19743650,2187234559
19743650,394581283
19743650,1326229634
19743650,1441093243
19743650,2189261688
19743650,273028600
19743650,133880286
19743650,1385700307
19743650,1433318972
19743650,436292177
19743650,443215941
19743650,19637934
19743650,15175368
19743650,24807616
19743650,204417294
19743650,1023139638
19743650,17844280
19743650,1457171660
19743650,910828603
19743650,1830525626
19743650,23645959
19743650,19706280
19743650,1435440998
19743650,1372726615
19743650,1655768426
19743650,1305995330
19743650,627673190
19743650,1432977446
19743650,57757756
19743650,126881128
19743650,1378076052
19743650,613091771
19743650,914045449
19743650,630033357
19743650,18704659
19743650,367284950
19743650,61037301
19743650,543533194
19743650,1308368965
19743650,112193517
19743650,20351362
19743650,1248206258
19743650,20305035
19743650,1022303102
19743650,21309551
19743650,21900859
19743650,758543612
19743650,21489408
19743650,309590777
19743650,17994572
19743650,125481462
19743650,28253929
19743650,19343904
19743650,16513161
19743650,169686021
19743650,73248594
19743650,181199293
19743650,8665572
19743650,632548675
19743650,1342186999
19743650,125122481
19743650,429385529
19743650,1379790829
19743650,464208722
19743650,209926219
19743650,43042353
19743650,131102007
19743650,18713254
19743650,26144491
19743650,28533726
19743650,270369094
19743650,1319359525
19743650,491438824
19743650,100180681
19743650,62591681
19743650,102325442
19743650,56699256
19743650,21050755
19743650,57084769
19743650,18131961
19743650,1156820016
19743650,1249836458
19743650,603697430
19743650,456371141
19743650,525734705
19743650,211276335
19743650,366615527
19743650,215715175
19743650,567759308
19743650,426738834
19743650,533085085
19743650,135923412
19743650,40051013
19743650,82381798
19743650,403580183
19743650,500042487
19743650,770034972
19743650,47632197
19743650,21650308
19743650,552710238
19743650,794399022
19743650,801106064
19743650,411115599
19743650,366592246
19743650,80700514
19743650,573860891
19743650,256573865
19743650,90420314
19743650,19391470
19743650,346120876
19743650,14518090
19743650,176754253
19743650,19904349
19743650,348939569
19743650,211700029
19743650,573535151
19743650,541741912
19743650,66834664
19743650,556091581
19743650,1147768375
19743650,40019154
19743650,278175819
19743650,1239342114
19743650,31427142
19743650,141864252
19743650,19331985
19743650,355919404
19743650,23824904
19743650,625903621
19743650,547128817
19743650,118739566
19743650,58601997
19743650,204832963
19743650,598434075
19743650,163853523
19743650,26759984
19743650,410811457
19743650,550283734
19743650,369457864
19743650,259925559
19743650,20044737
19743650,15846407
19743650,20609141
19743650,17626165
19743650,13423932
19743650,295619751
19743650,76640424
19743650,279452961
19743650,44606764
19743650,68165758
19743650,166767883
19743650,16303106
19743650,714796886
19743650,21407241
19743650,515979988
19743650,581641820
19743650,23132159
19743650,18948541
19743650,287834630
19743650,86140730
19743650,1034855474
19743650,22424763
19743650,11096152
19743650,785361792
19743650,29479000
19743650,15095537
19743650,22924012
19743650,347967707
19743650,16951979
19743650,146950195
19743650,590782750
19743650,471436748
19743650,21389998
19743650,19472578
19743650,940270308
19743650,8728392
19743650,215537170
19743650,632329648
19743650,538031518
19743650,394170044
19743650,121167080
19743650,140091998
19743650,991417442
19743650,195183422
19743650,365953260
19743650,16855231
19743650,44125037
19743650,28828224
19743650,25982907
19743650,19932107
19743650,68949211
19743650,158414847
19743650,21287076
19743650,458638776
19743650,19405367
19743650,20448566
19743650,16589206
19743650,268516461
19743650,97488105
19743650,8699742
19743650,19564523
19743650,8662472
19743650,115485051
19743650,20659839
19743650,19394887
19743650,25083467
19743650,23263743
19743650,252753618
19743650,155659213
19743650,48143363
19743650,29214466
19743650,20015311
19743650,49781518
19743650,328980753
19743650,32753105
19743650,19247625
19743650,454843106
19743650,17980026
19743650,224223563
19743650,22940219
19743650,16157577
19743650,14511863
19743650,15126570
19743650,20856282
19743650,15193012
19743650,21773864
19743650,16551715
19743650,17068820
19743650,27209226
19743650,21141462
19743650,26453829
19743650,18075140
19743650,16631331
19743650,15693493
19743650,14270254
19743650,6796502
19743650,19663485
19743650,19186180
19743650,19033555
19743650,15683146
19743650,15485441
19743650,2561091
