197492504,108957508
197492504,47932395
197492504,1176667932
197492504,181969732
197492504,313962983
197492504,4774153019
197492504,607143527
197492504,2263353482
197492504,240275599
197492504,45912508
197492504,466513256
197492504,1857241860
197492504,15892162
197492504,376812938
197492504,438353528
197492504,488736652
197492504,257944947
197492504,1107456895
197492504,3191063797
197492504,3087350831
197492504,76643561
197492504,69424452
197492504,2927158273
197492504,3410066591
197492504,3307929149
197492504,471077370
197492504,17872283
197492504,3199333311
197492504,3078230038
197492504,251261409
197492504,624681856
197492504,186175688
197492504,99194695
197492504,139859134
197492504,3223131332
197492504,609410155
197492504,625530948
197492504,2372233501
197492504,4728839968
197492504,3245266557
197492504,247678469
197492504,22190567
197492504,180717105
197492504,190583178
197492504,209176493
197492504,2612640940
197492504,263721156
197492504,499895722
197492504,169700622
197492504,4276880242
197492504,3796033761
197492504,52187199
197492504,99500267
197492504,60783724
197492504,4664919645
197492504,3245117920
197492504,4654573943
197492504,525312787
197492504,511123281
197492504,16012268
197492504,72506570
197492504,1367422435
197492504,2523005555
197492504,498021243
197492504,531293743
197492504,2946484724
197492504,2811141623
197492504,4512894017
197492504,35301449
197492504,21748137
197492504,3357053007
197492504,2883892228
197492504,449587872
197492504,15695562
197492504,80122680
197492504,949232324
197492504,907268742
197492504,4437264269
197492504,1274919062
197492504,280691776
197492504,813365378
197492504,37421259
197492504,2841683823
197492504,73416019
197492504,348010835
197492504,123242793
197492504,2182104448
197492504,55608319
197492504,268469475
197492504,631187764
197492504,9478332
197492504,4342216457
197492504,2221260870
197492504,51499883
197492504,4320883468
197492504,386036146
197492504,308466675
197492504,2161213638
197492504,3958205901
197492504,3938270362
197492504,49418360
197492504,14710574
197492504,46746971
197492504,3216172335
197492504,73343968
197492504,243236419
197492504,998143742
197492504,1585904815
197492504,235910137
197492504,525487471
197492504,245504612
197492504,150157132
197492504,508959436
197492504,871543250
197492504,42593904
197492504,342573750
197492504,17510568
197492504,3377454574
197492504,300153792
197492504,434985597
197492504,143764572
197492504,130778462
197492504,241663973
197492504,329129757
197492504,1036811437
197492504,405181881
197492504,2338105459
197492504,52407509
197492504,24864860
197492504,237633842
197492504,130452311
197492504,3018271439
197492504,1104526212
197492504,833259704
197492504,458489486
197492504,130443698
197492504,182071187
197492504,4212912586
197492504,620800046
197492504,333936316
197492504,9534522
197492504,1593706544
197492504,4125348435
197492504,16125224
197492504,3835512381
197492504,4251447981
197492504,18627400
197492504,34586817
197492504,3606189432
197492504,15005366
197492504,2726872069
197492504,244499740
197492504,42490807
197492504,140560637
197492504,151859708
197492504,3092293011
197492504,835971842
197492504,263388626
197492504,2172287046
197492504,478569599
197492504,197003450
197492504,352960574
197492504,3596731341
197492504,2360025931
197492504,2882427585
197492504,16696924
197492504,20639175
197492504,4210049075
197492504,4257979872
197492504,106097093
197492504,2834581527
197492504,865076472
197492504,182138330
197492504,3964976128
197492504,117777220
197492504,2809929767
197492504,596397227
197492504,385554807
197492504,108896473
197492504,372745437
197492504,28096610
197492504,2225752344
197492504,24987381
197492504,9583292
197492504,380193886
197492504,62747302
197492504,847396122
197492504,164713706
197492504,432399815
197492504,22305148
197492504,3004019145
197492504,20522862
197492504,515603977
197492504,68714635
197492504,2622024834
197492504,2495744191
197492504,542357346
197492504,110183063
197492504,83884235
197492504,23457312
197492504,8996602
197492504,800337384
197492504,122509220
197492504,1542533869
197492504,1602649694
197492504,837123698
197492504,199711015
197492504,82122895
197492504,3101019495
197492504,3577025416
197492504,3972342441
197492504,38367288
197492504,384315379
197492504,2159399671
197492504,4026475348
197492504,448411180
197492504,529386968
197492504,20646711
197492504,275573036
197492504,948544681
197492504,2797617126
197492504,301353673
197492504,13342392
197492504,3376953981
197492504,460443270
197492504,569446928
197492504,1269484171
197492504,606328484
197492504,609990685
197492504,805283323
197492504,2283829819
197492504,3349280513
197492504,52069729
197492504,1591597274
197492504,1271852322
197492504,238192121
197492504,53798973
197492504,830637655
197492504,2776902926
197492504,244928602
197492504,66652131
197492504,214708464
197492504,2283196046
197492504,16129920
197492504,99111592
197492504,551149727
197492504,39502161
197492504,631892298
197492504,22642788
197492504,1612548211
197492504,262421906
197492504,499805558
197492504,2610326298
197492504,4108040727
197492504,78568834
197492504,322527215
197492504,21505928
197492504,18173885
197492504,206928825
197492504,18069710
197492504,74449517
197492504,53973401
197492504,2491132356
197492504,301472434
197492504,3524862255
197492504,4085704367
197492504,83852390
197492504,599506269
197492504,898281709
197492504,2894448941
197492504,3190176897
197492504,3224256483
197492504,134947251
197492504,245947131
197492504,1930107366
197492504,1732460706
197492504,3960521353
197492504,49398462
197492504,3915556043
197492504,3401873145
197492504,2877877037
197492504,1313369166
197492504,242956515
197492504,2350180381
197492504,4008167836
197492504,2238474856
197492504,375895295
197492504,515648784
197492504,2282659855
197492504,3348869505
197492504,508752142
197492504,2985747825
197492504,186051629
197492504,560402303
197492504,65043199
197492504,142632240
197492504,85182410
197492504,2718354808
197492504,46916179
197492504,1215963505
197492504,1320469098
197492504,475005698
197492504,9532402
197492504,3891057794
197492504,2612022049
197492504,331742493
197492504,241122507
197492504,286808635
197492504,17243582
197492504,73280895
197492504,2432171766
197492504,2252711790
197492504,510063559
197492504,3243260530
197492504,611571505
197492504,154611570
197492504,2367689492
197492504,247471390
197492504,3910829412
197492504,343351743
197492504,2977862386
197492504,185668534
197492504,602822360
197492504,60642052
197492504,19146492
197492504,373452672
197492504,17001333
197492504,934547132
197492504,28549566
197492504,108318380
197492504,1533995550
197492504,305036454
197492504,754823287
197492504,3870110417
197492504,2471116885
197492504,66315226
197492504,1372588628
197492504,2815649960
197492504,2852068474
197492504,249701262
197492504,132850466
197492504,14580756
197492504,242281948
197492504,2673611701
197492504,103337726
197492504,58233296
197492504,118469575
197492504,114481620
197492504,289294872
197492504,142348772
197492504,2794325375
197492504,14688396
197492504,2373573066
197492504,453278948
197492504,3017771944
197492504,50328852
197492504,53326742
197492504,373539216
197492504,3881396067
197492504,484821629
197492504,577194454
197492504,410013217
197492504,1935083905
197492504,14541696
197492504,373384409
197492504,3781667897
197492504,492064453
197492504,1150505682
197492504,476626162
197492504,403993695
197492504,893384324
197492504,167926830
197492504,2881657073
197492504,860224856
197492504,1547151715
197492504,19224439
197492504,48784570
197492504,268197283
197492504,569544773
197492504,195332262
197492504,363959926
197492504,308423449
197492504,1276489796
197492504,291621626
197492504,2172922045
197492504,30017640
197492504,2847970185
197492504,2909731000
197492504,2300723779
197492504,60383276
197492504,561217364
197492504,2646402594
197492504,108688147
197492504,16423399
197492504,120179549
197492504,218429487
197492504,17680948
197492504,572634167
197492504,1225665188
197492504,71501923
197492504,41963023
197492504,122131132
197492504,3431568555
197492504,741701042
197492504,297890559
197492504,3434010593
197492504,2851733369
197492504,5817212
197492504,169222815
197492504,43378801
197492504,2343824198
197492504,3377679047
197492504,397882671
197492504,48283739
197492504,284997008
197492504,3841457963
197492504,252236740
197492504,3835705396
197492504,157645227
197492504,184897504
197492504,604841019
197492504,2645648796
197492504,3169660605
197492504,2916305152
197492504,778396658
197492504,82312014
197492504,325436550
197492504,270847796
197492504,141306388
197492504,187493638
197492504,125723608
197492504,618055914
197492504,395534387
197492504,3735367221
197492504,2956474649
197492504,76521922
197492504,792226416
197492504,1433911124
197492504,94544423
197492504,337751893
197492504,9561742
197492504,386122050
197492504,372182708
197492504,2467429260
197492504,3387152740
197492504,858197528
197492504,221153484
197492504,2580472316
197492504,100165332
197492504,2439791714
197492504,26659703
197492504,472335341
197492504,109384660
197492504,391370705
197492504,36470539
197492504,215663375
197492504,332662632
197492504,17679707
197492504,1221651288
197492504,2483835260
197492504,358059053
197492504,325123441
197492504,2780429558
197492504,61825122
197492504,364761686
197492504,54903471
197492504,3131247995
197492504,2773565144
197492504,96090970
197492504,972134294
197492504,3044875569
197492504,41399845
197492504,91727441
197492504,546941531
197492504,27082370
197492504,400937079
197492504,18713552
197492504,224707441
197492504,110672931
197492504,79944296
197492504,241072503
197492504,2979928295
197492504,2442581144
197492504,1080583172
197492504,528758538
197492504,30708336
197492504,153903149
197492504,2473037815
197492504,39752040
197492504,301518383
197492504,280101178
197492504,1349494424
197492504,3005534007
197492504,2566535282
197492504,20926233
197492504,817165422
197492504,109148062
197492504,31981324
197492504,31080997
197492504,271060511
197492504,618860615
197492504,125661667
197492504,216687420
197492504,8400172
197492504,821226260
197492504,59520545
197492504,29979814
197492504,523648254
197492504,2361095756
197492504,18636101
197492504,1958432192
197492504,37180323
197492504,3163284887
197492504,67958182
197492504,19070315
197492504,1647671376
197492504,306167604
197492504,2165552648
197492504,372831409
197492504,2967623435
197492504,3019617750
197492504,3118670441
197492504,2190717799
197492504,3436613897
197492504,3023497329
197492504,88846611
197492504,41908526
197492504,39547629
197492504,50017959
197492504,85818474
197492504,1213386380
197492504,3375977103
197492504,2893318786
197492504,1493355812
197492504,784295671
197492504,1425774170
197492504,346714922
197492504,1243360801
197492504,1244402401
197492504,1640626074
197492504,198678939
197492504,2349269392
197492504,1485120290
197492504,1875025878
197492504,34022187
197492504,776095790
197492504,212377097
197492504,403527660
197492504,137253079
197492504,2517988075
197492504,29610030
197492504,2848353268
197492504,618856370
197492504,112696560
197492504,491344675
197492504,3332327860
197492504,263872769
197492504,35855369
197492504,3319053743
197492504,2194944541
197492504,197473435
197492504,48669396
197492504,146185666
197492504,3064504048
197492504,409532041
197492504,17422632
197492504,86964025
197492504,242676507
197492504,761435875
197492504,102948151
197492504,153329640
197492504,157953350
197492504,314494880
197492504,314472089
197492504,290554152
197492504,385342934
197492504,124172315
197492504,3131013399
197492504,4008771
197492504,2617471956
197492504,3244046961
197492504,311485824
197492504,2254758410
197492504,2969760609
197492504,516763564
197492504,796684728
197492504,126410054
197492504,3071937514
197492504,2499237905
197492504,607540085
197492504,388369747
197492504,808417134
197492504,241129487
197492504,44621190
197492504,15735038
197492504,302106860
197492504,404196766
197492504,2459760080
197492504,701858228
197492504,2977900810
197492504,2320631876
197492504,634508919
197492504,1978429680
197492504,1668772670
197492504,229573807
197492504,75137131
197492504,3315125867
197492504,807023612
197492504,250838509
197492504,290530096
197492504,2341849833
197492504,3105907066
197492504,951426997
197492504,633127983
197492504,485607307
197492504,1388019373
197492504,18230705
197492504,1142773346
197492504,56971995
197492504,390119407
197492504,21183938
197492504,134784938
197492504,1261399866
197492504,30915093
197492504,360695593
197492504,2356792104
197492504,2931996812
197492504,607198443
197492504,2346545028
197492504,24384295
197492504,607475546
197492504,54418077
197492504,239550185
197492504,478040643
197492504,2966762302
197492504,95181403
197492504,2351335386
197492504,212640149
197492504,849821382
197492504,3034862853
197492504,3121420559
197492504,64363268
197492504,300315995
197492504,27265478
197492504,357428077
197492504,150773801
197492504,1440762618
197492504,56396019
197492504,1469088032
197492504,20170683
197492504,25484881
197492504,21640730
197492504,213204512
197492504,988901948
197492504,2428559247
197492504,563600739
197492504,2300394960
197492504,3302832941
197492504,2215482714
197492504,29680194
197492504,869330396
197492504,1536545978
197492504,3300170007
197492504,2517287348
197492504,228745438
197492504,1961057821
197492504,2188542098
197492504,82355306
197492504,3317510884
197492504,108928379
197492504,47325243
197492504,3316202487
197492504,162862757
197492504,90605149
197492504,706901574
197492504,827688120
197492504,446288792
197492504,930579414
197492504,417361467
197492504,127564200
197492504,72421335
197492504,47967813
197492504,77664629
197492504,293673969
197492504,1143432535
197492504,30243790
197492504,3311765601
197492504,52851686
197492504,68134922
197492504,1082881044
197492504,216323274
197492504,3030427969
197492504,2759734710
197492504,2890884760
197492504,1432902236
197492504,3228343701
197492504,18631475
197492504,1363924566
197492504,602834232
197492504,132558269
197492504,60838678
197492504,528270802
197492504,111274202
197492504,1779592704
197492504,227266759
197492504,523023009
197492504,481190117
197492504,522484955
197492504,79840583
197492504,1008494557
197492504,318143000
197492504,3233843114
197492504,195881344
197492504,2695927747
197492504,3084704992
197492504,2923170987
197492504,3298437245
197492504,784306729
197492504,87886078
197492504,2579018436
197492504,3104684272
197492504,42008209
197492504,232229961
197492504,167101875
197492504,39713726
197492504,2432017362
197492504,113439399
197492504,340418291
197492504,223365760
197492504,1931809044
197492504,819000242
197492504,101839275
197492504,1270071601
197492504,186394487
197492504,531166194
197492504,898250712
197492504,3039268715
197492504,2558484630
197492504,269701138
197492504,3091376321
197492504,169905775
197492504,3295549751
197492504,272697400
197492504,2306308162
197492504,2189977399
197492504,2166309975
197492504,2456602898
197492504,110354332
197492504,114702816
197492504,3096206691
197492504,1523268420
197492504,37940018
197492504,70924335
197492504,2769450446
197492504,234782444
197492504,602610171
197492504,128593679
197492504,153159362
197492504,105494821
197492504,301090565
197492504,82119937
197492504,213431242
197492504,2469607028
197492504,384267433
197492504,361906897
197492504,296740085
197492504,87818409
197492504,625381795
197492504,551780053
197492504,18794294
197492504,35879235
197492504,1612490701
197492504,1525277263
197492504,58829173
197492504,1407225085
197492504,4035431
197492504,206723456
197492504,17615570
197492504,14349101
197492504,197162030
197492504,95639457
197492504,388978149
197492504,2471391310
197492504,133036678
197492504,17498296
197492504,1086531
197492504,3059648180
197492504,2783376411
197492504,84618215
197492504,105256430
197492504,52710136
197492504,2999542725
197492504,14398228
197492504,2426950214
197492504,732393506
197492504,270466816
197492504,561330347
197492504,722319542
197492504,2956683622
197492504,72240706
197492504,40001510
197492504,36960407
197492504,2493365731
197492504,2750583138
197492504,25598396
197492504,255062064
197492504,1317949921
197492504,38395124
197492504,21855177
197492504,54642294
197492504,434511852
197492504,902200087
197492504,29417304
197492504,110396781
197492504,47893499
197492504,6301442
197492504,560132609
197492504,219488642
197492504,142698832
197492504,84700736
197492504,106058632
197492504,15838516
197492504,3173641023
197492504,2841901768
197492504,139440069
197492504,3202341609
197492504,2785880120
197492504,3074835785
197492504,791241144
197492504,608610375
197492504,1313236314
197492504,369435455
197492504,2207537059
197492504,22646610
197492504,287102687
197492504,225481358
197492504,1468048220
197492504,303932848
197492504,16931360
197492504,3118528067
197492504,2216476305
197492504,2216041938
197492504,197034645
197492504,3178113040
197492504,2447336179
197492504,2223274866
197492504,1103889326
197492504,2785782711
197492504,217094401
197492504,563887702
197492504,97416841
197492504,848826626
197492504,1383020694
197492504,3176960998
197492504,2870922886
197492504,27008101
197492504,2188900436
197492504,41017380
197492504,3062121561
197492504,18027903
197492504,11673462
197492504,213745334
197492504,351921957
197492504,795543722
197492504,14582008
197492504,2234486310
197492504,1754641
197492504,243570980
197492504,560260719
197492504,2280842336
197492504,42932403
197492504,18605255
197492504,21601306
197492504,47902817
197492504,305507057
197492504,53406902
197492504,19243413
197492504,70094021
197492504,340517586
197492504,437383541
197492504,378025401
197492504,183375100
197492504,110944268
197492504,100731315
197492504,304089779
197492504,1339835893
197492504,14641347
197492504,379524430
197492504,52054932
197492504,51192223
197492504,20224969
197492504,547588235
197492504,405699460
197492504,745012098
197492504,1401998520
197492504,14237828
197492504,37509467
197492504,1156532173
197492504,80313876
197492504,525416481
197492504,154518945
197492504,192583820
197492504,326854001
197492504,70703740
197492504,1947328194
197492504,15720336
197492504,211487219
197492504,3010148140
197492504,309656456
197492504,19663706
197492504,2217451133
197492504,2279012240
197492504,1270580210
197492504,2886871265
197492504,3021369148
197492504,2837226736
197492504,145160533
197492504,1496216082
197492504,312641088
197492504,123224805
197492504,256321251
197492504,1205891161
197492504,428280205
197492504,2218905661
197492504,306025835
197492504,1351416746
197492504,3042508355
197492504,18510860
197492504,23611560
197492504,542406619
197492504,1019468148
197492504,2217782712
197492504,538162376
197492504,111816507
197492504,214484052
197492504,1671431940
197492504,17364400
197492504,960792336
197492504,475086373
197492504,2850061354
197492504,291841014
197492504,547057351
197492504,17362671
197492504,562492329
197492504,472939189
197492504,233532563
197492504,335972576
197492504,2252448978
197492504,310596714
197492504,31080039
197492504,1344167623
197492504,44372703
197492504,346557191
197492504,245028995
197492504,457424748
197492504,322060173
197492504,400812780
197492504,1249520390
197492504,443215941
197492504,15463671
197492504,131159469
197492504,18639663
197492504,728487234
197492504,1924391640
197492504,140000533
197492504,562798601
197492504,17418770
197492504,378804097
197492504,274505340
197492504,191232186
197492504,346589814
197492504,394063258
197492504,90420314
197492504,200163448
197492504,398996219
197492504,2594812900
197492504,2431547652
197492504,14940354
197492504,459411742
197492504,1444502490
197492504,2595397003
197492504,1084467181
197492504,17006157
197492504,3017773651
197492504,51228973
197492504,94366884
197492504,18399014
197492504,66691158
197492504,47453985
197492504,236824895
197492504,115677725
197492504,17437184
197492504,27212264
197492504,2149166412
197492504,577406523
197492504,3027894052
197492504,364419753
197492504,471429947
197492504,188411214
197492504,449955752
197492504,14658057
197492504,2884912502
197492504,106369380
197492504,59751251
197492504,784574954
197492504,2537896518
197492504,115611795
197492504,101932773
197492504,245377663
197492504,788028804
197492504,334926329
197492504,1089071204
197492504,432358510
197492504,17671790
197492504,35491663
197492504,360571048
197492504,2964515669
197492504,26093788
197492504,155346619
197492504,866842382
197492504,10773
197492504,49330430
197492504,321994950
197492504,546704966
197492504,38002103
197492504,59421543
197492504,2479973760
197492504,478244120
197492504,2814666913
197492504,106813631
197492504,2147681047
197492504,450631557
197492504,1109449021
197492504,2885988023
197492504,325033854
197492504,23734078
197492504,17839398
197492504,298969640
197492504,355544410
197492504,496392094
197492504,2860048869
197492504,242154581
197492504,492648852
197492504,366776796
197492504,3003273563
197492504,104298598
197492504,487749580
197492504,839443884
197492504,2967054509
197492504,578189188
197492504,14366588
197492504,2397043430
197492504,206061344
197492504,452007610
197492504,180755452
197492504,948552829
197492504,223609123
197492504,65384380
197492504,124690469
197492504,18978191
197492504,252031096
197492504,64267035
197492504,193045025
197492504,448298703
197492504,273329382
197492504,89894871
197492504,338344858
197492504,61436446
197492504,866989483
197492504,2251689488
197492504,34029690
197492504,608295061
197492504,2729896859
197492504,1014231362
197492504,1288891224
197492504,506519642
197492504,51694974
197492504,1072300501
197492504,1016310133
197492504,395949376
197492504,301506028
197492504,47995244
197492504,1527185653
197492504,119845306
197492504,1544033419
197492504,359509980
197492504,38162820
197492504,14341038
197492504,250603308
197492504,17737614
197492504,14434011
197492504,21763843
197492504,49089233
197492504,113172990
197492504,2184489764
197492504,224969521
197492504,90635543
197492504,524796734
197492504,209644306
197492504,853135208
197492504,2291369492
197492504,512700138
197492504,178709974
197492504,65369125
197492504,158201610
197492504,12876012
197492504,908724780
197492504,80811811
197492504,407292893
197492504,334598906
197492504,153752928
197492504,96372925
197492504,166252036
197492504,313165150
197492504,2814053194
197492504,245104126
197492504,368299525
197492504,992005249
197492504,2933275749
197492504,2573380633
197492504,299885112
197492504,117181647
197492504,86339179
197492504,2932264935
197492504,2356363674
197492504,29299817
197492504,606692148
197492504,313838049
197492504,98635149
197492504,1568107520
197492504,1201616274
197492504,34926769
197492504,80830681
197492504,2315729197
197492504,2734142528
197492504,304642736
197492504,2809961806
197492504,1851857618
197492504,13367172
197492504,247114704
197492504,122946826
197492504,2274203384
197492504,1229756726
197492504,20146657
197492504,1132092300
197492504,64678698
197492504,1436333138
197492504,196321933
197492504,37390030
197492504,137625490
197492504,173778066
197492504,39516905
197492504,297626682
197492504,87441261
197492504,200932969
197492504,388424221
197492504,1949537468
197492504,427684413
197492504,1872179730
197492504,327634941
197492504,95616778
197492504,44214196
197492504,300552549
197492504,633723519
197492504,173327515
197492504,2245397957
197492504,2289496675
197492504,242492168
197492504,1239389526
197492504,408665055
197492504,142798230
197492504,2475457141
197492504,1099550887
197492504,2875040464
197492504,364885285
197492504,420232343
197492504,1699809060
197492504,2653306196
197492504,354952791
197492504,239734415
197492504,1258015910
197492504,14285154
197492504,66371207
197492504,2829653323
197492504,16973333
197492504,2848444414
197492504,29442313
197492504,813525061
197492504,2490951972
197492504,120110703
197492504,957566846
197492504,2298492361
197492504,2164934468
197492504,120447639
197492504,159119360
197492504,2277578810
197492504,172747510
197492504,2349101247
197492504,105231032
197492504,1496004937
197492504,377273564
197492504,2870874897
197492504,91520612
197492504,2790656515
197492504,48012574
197492504,14365247
197492504,2649991
197492504,471433739
197492504,2451426662
197492504,2668856516
197492504,51889223
197492504,128262354
197492504,294334147
197492504,2218023326
197492504,2281052582
197492504,752187000
197492504,2493123591
197492504,2858035402
197492504,32521367
197492504,2846611714
197492504,1610646036
197492504,615112035
197492504,2838018281
197492504,18971099
197492504,427288938
197492504,460929829
197492504,452971479
197492504,504550793
197492504,328905677
197492504,460995727
197492504,126860178
197492504,1579422614
197492504,52357075
197492504,60836567
197492504,2847982841
197492504,394088380
197492504,421296415
197492504,2866901461
197492504,2574798732
197492504,2838007451
197492504,173465219
197492504,162384893
197492504,233233883
197492504,919644414
197492504,2318941965
197492504,285489417
197492504,30635526
197492504,323949070
197492504,15720544
197492504,375149632
197492504,2381917009
197492504,351021374
197492504,366575481
197492504,23161445
197492504,36624467
197492504,88262000
197492504,132047691
197492504,112405794
197492504,1637523853
197492504,84320034
197492504,929305056
197492504,2504663790
197492504,632244458
197492504,888530046
197492504,2327881
197492504,51219002
197492504,2399993360
197492504,47578766
197492504,517633034
197492504,460163041
197492504,84880944
197492504,2717835254
197492504,60089644
197492504,2831849124
197492504,434856620
197492504,285239924
197492504,184973125
197492504,49281616
197492504,202537387
197492504,449652232
197492504,1850371674
197492504,329616758
197492504,1377039200
197492504,23397066
197492504,2302175144
197492504,574715079
197492504,48855541
197492504,373846637
197492504,300259554
197492504,219115298
197492504,2412487602
197492504,560908135
197492504,2411181008
197492504,414722880
197492504,110709700
197492504,270604212
197492504,2434191967
197492504,2786468608
197492504,380925855
197492504,1283041712
197492504,1466767646
197492504,613419982
197492504,15478750
197492504,318492642
197492504,478448085
197492504,20696007
197492504,421165237
197492504,442958171
197492504,315946279
197492504,1289962026
197492504,1035738294
197492504,904389151
197492504,463061278
197492504,1735063320
197492504,45413510
197492504,1002351
197492504,30252183
197492504,371741207
197492504,784819482
197492504,20474834
197492504,80251375
197492504,30470147
197492504,1284009463
197492504,2475639576
197492504,16999980
197492504,1119175200
197492504,244598046
197492504,449524281
197492504,42184931
197492504,1555084993
197492504,50592819
197492504,950105107
197492504,83567424
197492504,49643178
197492504,114762566
197492504,95899486
197492504,2755262083
197492504,217077635
197492504,46386171
197492504,458382276
197492504,392317014
197492504,65739253
197492504,52394933
197492504,1848480168
197492504,16525183
197492504,1994321
197492504,1924031048
197492504,2787902540
197492504,2787718616
197492504,71479484
197492504,2438156881
197492504,1369725133
197492504,2204773633
197492504,15996290
197492504,1898267366
197492504,941995273
197492504,53069299
197492504,2419290031
197492504,422534747
197492504,424446963
197492504,2398071481
197492504,873168168
197492504,21100986
197492504,1581548204
197492504,92854623
197492504,1902387451
197492504,2214120565
197492504,357844110
197492504,19342897
197492504,2409607242
197492504,1570649473
197492504,2654473849
197492504,202647180
197492504,56333393
197492504,14353338
197492504,1513531904
197492504,262227618
197492504,242751031
197492504,833421019
197492504,552849978
197492504,565393073
197492504,174050336
197492504,8100802
197492504,105197171
197492504,50729115
197492504,75237037
197492504,2755183484
197492504,18396319
197492504,259979245
197492504,26835989
197492504,385501976
197492504,375341857
197492504,47377796
197492504,50992036
197492504,2767504422
197492504,164007444
197492504,299748695
197492504,122966834
197492504,1258065446
197492504,1295727079
197492504,712736314
197492504,2385963636
197492504,867978906
197492504,921433794
197492504,1521692412
197492504,301607430
197492504,15658101
197492504,2744814709
197492504,597499972
197492504,735115705
197492504,2748613531
197492504,39803668
197492504,15564815
197492504,93618872
197492504,2427495559
197492504,2706751056
197492504,49683727
197492504,17375281
197492504,1150520634
197492504,1921090940
197492504,127635459
197492504,2288138575
197492504,103223236
197492504,15173859
197492504,14606079
197492504,1946847096
197492504,2656699030
197492504,14090948
197492504,110832518
197492504,17659707
197492504,2734726094
197492504,482389606
197492504,196838458
197492504,394048821
197492504,1464391057
197492504,32822249
197492504,2710311430
197492504,392771953
197492504,2411771221
197492504,552494536
197492504,2521771552
197492504,2544254328
197492504,934027824
197492504,43301934
197492504,1947301
197492504,2233984736
197492504,1453635362
197492504,1169220404
197492504,124292819
197492504,91562798
197492504,250267265
197492504,48821730
197492504,46213956
197492504,1960819759
197492504,7921362
197492504,49133199
197492504,255888435
197492504,21303235
197492504,42604302
197492504,85913912
197492504,2226685122
197492504,27537373
197492504,81183080
197492504,588339798
197492504,2669088973
197492504,47965315
197492504,1339365242
197492504,2382179366
197492504,102095809
197492504,2656697353
197492504,185169115
197492504,108418457
197492504,558509778
197492504,1145262816
197492504,34413753
197492504,194238132
197492504,91770195
197492504,266178979
197492504,33491046
197492504,815555232
197492504,55525538
197492504,251221170
197492504,1974688124
197492504,73972651
197492504,24906019
197492504,203853981
197492504,416221365
197492504,2415076698
197492504,322670538
197492504,20852884
197492504,378467178
197492504,79293791
197492504,135060958
197492504,1513700413
197492504,384380303
197492504,570758433
197492504,359979086
197492504,22360655
197492504,287653885
197492504,23911915
197492504,214059826
197492504,313264829
197492504,30903480
197492504,308090002
197492504,17271007
197492504,450607369
197492504,439165536
197492504,505998825
197492504,69181624
197492504,2359926157
197492504,483748252
197492504,17392987
197492504,2570644610
197492504,474073938
197492504,1111739258
197492504,2572224396
197492504,2463052392
197492504,531036044
197492504,2501166379
197492504,29508165
197492504,1685417876
197492504,31133238
197492504,96419861
197492504,20794803
197492504,368381739
197492504,111254041
197492504,242803895
197492504,105803391
197492504,2560924640
197492504,11945922
197492504,477973635
197492504,960944538
197492504,2384222526
197492504,96716635
197492504,140872434
197492504,2354696552
197492504,579264682
197492504,66418128
197492504,241265297
197492504,39863994
197492504,276641127
197492504,43130495
197492504,177342424
197492504,612728202
197492504,845809555
197492504,523512413
197492504,858680540
197492504,2527310358
197492504,432793978
197492504,472079320
197492504,495176013
197492504,1311173616
197492504,119734527
197492504,268191336
197492504,435706509
197492504,558961804
197492504,119019888
197492504,19201050
197492504,457444998
197492504,434352557
197492504,441799840
197492504,2445356695
197492504,80614126
197492504,207692841
197492504,133694122
197492504,249758564
197492504,49678509
197492504,2505968742
197492504,85816090
197492504,12272292
197492504,2446979168
197492504,1307618678
197492504,1155377959
197492504,28179950
197492504,250657766
197492504,305232682
197492504,116135875
197492504,246771475
197492504,911192365
197492504,87425370
197492504,15742625
197492504,59137899
197492504,281158968
197492504,875512466
197492504,18201787
197492504,383802907
197492504,1658665795
197492504,90464160
197492504,309022429
197492504,220682195
197492504,2237365670
197492504,108670198
197492504,158342368
197492504,215707523
197492504,104450723
197492504,2456767795
197492504,255041595
197492504,324417428
197492504,258835467
197492504,188550136
197492504,2444293417
197492504,379910075
197492504,158310852
197492504,2412304110
197492504,2483825184
197492504,618991863
197492504,561409371
197492504,246179690
197492504,420588864
197492504,509212441
197492504,1876470020
197492504,2483644939
197492504,16336224
197492504,1492768849
197492504,29437899
197492504,252552050
197492504,1181535044
197492504,2150579780
197492504,14230524
197492504,574020601
197492504,838086594
197492504,904233739
197492504,60190697
197492504,1399065696
197492504,494911156
197492504,6661522
197492504,1492657290
197492504,64968526
197492504,601302899
197492504,469525611
197492504,114699863
197492504,545292843
197492504,126377982
197492504,301632182
197492504,1029063553
197492504,266653948
197492504,2463128161
197492504,76217286
197492504,43793176
197492504,482878437
197492504,2348676597
197492504,39495135
197492504,138115098
197492504,1881177722
197492504,2355509557
197492504,2437334466
197492504,2327437890
197492504,100181001
197492504,2420908424
197492504,935317280
197492504,819796129
197492504,2459377807
197492504,14240875
197492504,361739754
197492504,243783182
197492504,105165371
197492504,15066876
197492504,616093439
197492504,69308515
197492504,2238319673
197492504,475882648
197492504,142301780
197492504,1579958978
197492504,169408667
197492504,159079109
197492504,2451500317
197492504,17229160
197492504,817134721
197492504,51457050
197492504,260228964
197492504,28094444
197492504,447832402
197492504,617854798
197492504,24705515
197492504,793620638
197492504,20988776
197492504,151406234
197492504,906056497
197492504,847617752
197492504,2444122548
197492504,21001033
197492504,16369150
197492504,384360016
197492504,483930658
197492504,976976166
197492504,16627783
197492504,38632923
197492504,1026381
197492504,97310715
197492504,2328735554
197492504,289629680
197492504,44920719
197492504,96793727
197492504,111378550
197492504,2435622865
197492504,600082425
197492504,1668004147
197492504,384315532
197492504,975766183
197492504,84258886
197492504,408761298
197492504,72301588
197492504,1550620248
197492504,1123220708
197492504,521877607
197492504,20909329
197492504,24296476
197492504,2299877827
197492504,332809950
197492504,29423217
197492504,83876527
197492504,307427407
197492504,1704150679
197492504,2305069772
197492504,75676877
197492504,151805007
197492504,17615298
197492504,467370201
197492504,198246254
197492504,424119242
197492504,849426162
197492504,373503805
197492504,2371868623
197492504,258787006
197492504,353705206
197492504,13436192
197492504,440243865
197492504,319699570
197492504,11388132
197492504,456045078
197492504,718985736
197492504,320788062
197492504,143763936
197492504,234418681
197492504,204887243
197492504,280477631
197492504,212168621
197492504,2317405230
197492504,385299609
197492504,469415407
197492504,318341978
197492504,359967876
197492504,1654442893
197492504,38720614
197492504,2216549502
197492504,322881021
197492504,194114947
197492504,376252824
197492504,1180649808
197492504,19527137
197492504,82115310
197492504,366469822
197492504,392216167
197492504,2163195422
197492504,2182040220
197492504,70503012
197492504,476714350
197492504,162862124
197492504,1433356862
197492504,126101851
197492504,283671218
197492504,2365378849
197492504,19063472
197492504,2396863968
197492504,58790159
197492504,2213930937
197492504,219000117
197492504,125626568
197492504,1137353412
197492504,431417006
197492504,2361313322
197492504,96828919
197492504,992131014
197492504,353604416
197492504,1620488154
197492504,429083119
197492504,149624843
197492504,2345084678
197492504,92734701
197492504,395406587
197492504,275533544
197492504,1894278452
197492504,517478642
197492504,19900932
197492504,2385917730
197492504,96762101
197492504,257122600
197492504,398958253
197492504,53336284
197492504,560535690
197492504,33057171
197492504,481908410
197492504,2207821092
197492504,2203493001
197492504,2370322872
197492504,163941453
197492504,252594154
197492504,19658506
197492504,2155649270
197492504,18458068
197492504,15007149
197492504,1963271706
197492504,37424718
197492504,192919446
197492504,233294495
197492504,120609202
197492504,955934221
197492504,1562790686
197492504,2358490778
197492504,850839218
197492504,451343748
197492504,460150538
197492504,514755235
197492504,2343155509
197492504,436922925
197492504,373825681
197492504,1964883510
197492504,2303439050
197492504,2191323566
197492504,885457404
197492504,558683643
197492504,1227765229
197492504,2290880005
197492504,263765297
197492504,383426286
197492504,2336474203
197492504,57430728
197492504,1852627782
197492504,307975286
197492504,2349084511
197492504,2174369455
197492504,1154743346
197492504,951793128
197492504,249345275
197492504,1917731
197492504,1579803259
197492504,858703794
197492504,422673499
197492504,409232649
197492504,731418054
197492504,116161549
197492504,1887450728
197492504,1954465262
197492504,1956909679
197492504,947601090
197492504,39483072
197492504,39068709
197492504,207512532
197492504,305458173
197492504,353566756
197492504,45585373
197492504,29747712
197492504,560386815
197492504,17567021
197492504,371983583
197492504,251023163
197492504,2335307160
197492504,50996956
197492504,388760487
197492504,52330379
197492504,49580062
197492504,16738824
197492504,248439814
197492504,22999174
197492504,46617279
197492504,92718486
197492504,333643797
197492504,221410624
197492504,475361997
197492504,47908188
197492504,128874991
197492504,79730297
197492504,76321396
197492504,26110930
197492504,887588174
197492504,2290826610
197492504,163524236
197492504,1310260704
197492504,2240548668
197492504,425940073
197492504,84343535
197492504,567163846
197492504,2322980178
197492504,2322268860
197492504,247022017
197492504,34235414
197492504,7125512
197492504,351810153
197492504,382736141
197492504,494120354
197492504,44465056
197492504,289731706
197492504,2250623094
197492504,321888846
197492504,93818344
197492504,1578782359
197492504,35287180
197492504,109684065
197492504,17203861
197492504,26033900
197492504,22410894
197492504,2204263431
197492504,2310270752
197492504,14695985
197492504,458717657
197492504,90651777
197492504,302881437
197492504,145530303
197492504,10069612
197492504,2295941137
197492504,249828048
197492504,38148219
197492504,547566786
197492504,359491014
197492504,528508130
197492504,289855083
197492504,131220594
197492504,138412161
197492504,200563270
197492504,19344309
197492504,123224665
197492504,458279029
197492504,280227352
197492504,25518529
197492504,30487331
197492504,107430967
197492504,1662639104
197492504,2292454922
197492504,82587708
197492504,1901228839
197492504,119588510
197492504,2291694301
197492504,584986050
197492504,879118956
197492504,342014943
197492504,410586618
197492504,436784013
197492504,788085432
197492504,594012368
197492504,170404151
197492504,815183863
197492504,393357034
197492504,130028269
197492504,123213290
197492504,60043161
197492504,455204379
197492504,2289733458
197492504,106464785
197492504,115530523
197492504,50936386
197492504,95533081
197492504,1354547306
197492504,2286865986
197492504,614214211
197492504,589030168
197492504,37149049
197492504,124282551
197492504,86715222
197492504,421383837
197492504,1644228493
197492504,25333563
197492504,300190134
197492504,18814998
197492504,234754627
197492504,372170729
197492504,483171552
197492504,48949826
197492504,326698989
197492504,52039809
197492504,30345764
197492504,927446173
197492504,596420812
197492504,313290404
197492504,52496551
197492504,351569436
197492504,155007194
197492504,465292464
197492504,1852602380
197492504,2227184137
197492504,16012783
197492504,30429861
197492504,1063201860
197492504,74984650
197492504,971712278
197492504,1081962504
197492504,2276824729
197492504,419869818
197492504,572225652
197492504,169137744
197492504,554174318
197492504,521669341
197492504,342114515
197492504,1954114628
197492504,19199288
197492504,2269480956
197492504,533297878
197492504,166739404
197492504,133880286
197492504,2243766321
197492504,22279826
197492504,137063332
197492504,14930659
197492504,376186166
197492504,287333780
197492504,537474444
197492504,75597552
197492504,2251745688
197492504,67310519
197492504,39927901
197492504,39490506
197492504,1968844255
197492504,251463542
197492504,808428122
197492504,52789212
197492504,14394746
197492504,30034424
197492504,334602996
197492504,268254375
197492504,111554559
197492504,780717692
197492504,441249495
197492504,976408436
197492504,200618652
197492504,112538168
197492504,1367396204
197492504,18199228
197492504,6887882
197492504,410145271
197492504,17212713
197492504,302645482
197492504,80344477
197492504,10615022
197492504,1064244859
197492504,156132825
197492504,2174357906
197492504,1635725532
197492504,337669071
197492504,461381142
197492504,2196023400
197492504,8719302
197492504,1187474786
197492504,50262617
197492504,280488320
197492504,635648520
197492504,219945151
197492504,432117145
197492504,2212496154
197492504,76010101
197492504,2202780277
197492504,308491175
197492504,3459051
197492504,17335660
197492504,990802033
197492504,7189352
197492504,7223522
197492504,496832339
197492504,1371536922
197492504,810446802
197492504,16389573
197492504,1296441896
197492504,852499255
197492504,1537247604
197492504,83465754
197492504,569325732
197492504,2181839522
197492504,476947480
197492504,2174517600
197492504,1089844278
197492504,17211968
197492504,117761523
197492504,280988929
197492504,515252450
197492504,53161088
197492504,35713433
197492504,96718935
197492504,306686182
197492504,273404740
197492504,56745657
197492504,125095427
197492504,257428058
197492504,101515843
197492504,140776364
197492504,383547928
197492504,596541064
197492504,320533032
197492504,2161162194
197492504,1943941524
197492504,499587379
197492504,145101474
197492504,62000981
197492504,1948479349
197492504,1114888082
197492504,863618383
197492504,6898372
197492504,399666682
197492504,719507962
197492504,301655015
197492504,17675072
197492504,130086540
197492504,201341217
197492504,17107316
197492504,597734650
197492504,67397583
197492504,237222584
197492504,353291502
197492504,15724284
197492504,845467819
197492504,436067155
197492504,1926299400
197492504,606415374
197492504,372794459
197492504,1622783882
197492504,1931507792
197492504,41676231
197492504,1723183346
197492504,1262134932
197492504,1625556920
197492504,426876239
197492504,309682509
197492504,17466893
197492504,719768658
197492504,356820490
197492504,1577969400
197492504,8266352
197492504,74236567
197492504,182285591
197492504,633097074
197492504,589422888
197492504,67810626
197492504,81698204
197492504,212359967
197492504,51241574
197492504,18630044
197492504,12
197492504,291499535
197492504,22162815
197492504,18267548
197492504,1726741088
197492504,385321006
197492504,25813917
197492504,28066013
197492504,359454688
197492504,222442005
197492504,47375691
197492504,18933321
197492504,17152053
197492504,27405083
197492504,44101578
197492504,106775691
197492504,172917690
197492504,321618284
197492504,15003744
197492504,561171333
197492504,195889647
197492504,1608989401
197492504,254997586
197492504,1028033154
197492504,409954680
197492504,1759623506
197492504,328484502
197492504,460099899
197492504,1867491996
197492504,144853925
197492504,1103936018
197492504,17750581
197492504,580822040
197492504,254433240
197492504,98661509
197492504,163944667
197492504,145237879
197492504,1723066160
197492504,307870505
197492504,78583942
197492504,1427709133
197492504,2656151
197492504,437893400
197492504,14350651
197492504,267169458
197492504,28795148
197492504,12270512
197492504,370854282
197492504,435301697
197492504,950291354
197492504,49622107
197492504,21914810
197492504,519116519
197492504,287816744
197492504,298993329
197492504,160705293
197492504,1850983994
197492504,1852608086
197492504,199196447
197492504,50892666
197492504,154375912
197492504,884765437
197492504,314171774
197492504,605856131
197492504,25104112
197492504,712885212
197492504,479553173
197492504,101551521
197492504,553594792
197492504,526518401
197492504,223466412
197492504,380518308
197492504,242345796
197492504,457644056
197492504,1640877763
197492504,1618151190
197492504,425152557
197492504,188304999
197492504,174601160
197492504,843477252
197492504,1396700874
197492504,54557541
197492504,14677919
197492504,5695632
197492504,26313006
197492504,595507493
197492504,1178484704
197492504,618026557
197492504,282733020
197492504,833182879
197492504,712333548
197492504,130517817
197492504,47749619
197492504,362058465
197492504,187230734
197492504,37628540
197492504,27342429
197492504,52068092
197492504,296689935
197492504,113324033
197492504,1291274232
197492504,251543167
197492504,98605435
197492504,1039814618
197492504,313270686
197492504,1702382408
197492504,897733518
197492504,293698117
197492504,65914734
197492504,130483388
197492504,1154186227
197492504,42637725
197492504,37899701
197492504,468352275
197492504,49965183
197492504,54185316
197492504,1516684248
197492504,391434341
197492504,875283222
197492504,241204450
197492504,143909021
197492504,21436960
197492504,41121600
197492504,1313191310
197492504,261700959
197492504,478057267
197492504,374767895
197492504,1207785102
197492504,626384623
197492504,40852446
197492504,328509911
197492504,120396109
197492504,51563403
197492504,21094678
197492504,1150647871
197492504,243584465
197492504,368919047
197492504,1425053186
197492504,300203029
197492504,126416835
197492504,509190853
197492504,1202055091
197492504,19084627
197492504,525595454
197492504,1219155164
197492504,110686052
197492504,831655166
197492504,133468187
197492504,26234052
197492504,49956405
197492504,617844007
197492504,496316373
197492504,172759291
197492504,18578222
197492504,246242332
197492504,32469366
197492504,1655346084
197492504,261522787
197492504,127916437
197492504,72647439
197492504,19486505
197492504,306485342
197492504,306099659
197492504,126319225
197492504,1002095360
197492504,1446927691
197492504,14717197
197492504,278063562
197492504,318531174
197492504,1272864368
197492504,21982720
197492504,108551491
197492504,1086485478
197492504,150626574
197492504,478670828
197492504,857770141
197492504,54313152
197492504,21844854
197492504,12786782
197492504,49440671
197492504,36033454
197492504,38164846
197492504,14321981
197492504,87958837
197492504,1123138766
197492504,34649470
197492504,303294295
197492504,388981507
197492504,526053302
197492504,60927960
197492504,1637493152
197492504,145150239
197492504,115766269
197492504,842311190
197492504,1230868171
197492504,68675456
197492504,46059057
197492504,386530654
197492504,450178689
197492504,239219305
197492504,130181947
197492504,359083839
197492504,1545098682
197492504,1631650004
197492504,53029114
197492504,341775267
197492504,128869103
197492504,190745026
197492504,129819703
197492504,546755809
197492504,1157998860
197492504,849389666
197492504,1596404600
197492504,364797487
197492504,19045478
197492504,15728939
197492504,1317352417
197492504,529499961
197492504,237048479
197492504,106254616
197492504,241546001
197492504,1363137014
197492504,64164947
197492504,314480253
197492504,1276148906
197492504,560265542
197492504,254235974
197492504,96623633
197492504,534645170
197492504,22946293
197492504,341003274
197492504,20386783
197492504,106541386
197492504,15741261
197492504,95875165
197492504,555329545
197492504,474974011
197492504,140118545
197492504,414936779
197492504,41326059
197492504,411531041
197492504,216783643
197492504,594303002
197492504,1201661238
197492504,171540260
197492504,22419345
197492504,133371674
197492504,295763839
197492504,37509285
197492504,431285379
197492504,278588403
197492504,566160739
197492504,258422519
197492504,29576445
197492504,132485005
197492504,306673171
197492504,39203045
197492504,542800037
197492504,18668153
197492504,17855968
197492504,126347279
197492504,1513718124
197492504,413413847
197492504,159497172
197492504,66103235
197492504,180105135
197492504,1593721117
197492504,202679584
197492504,115433679
197492504,1161114727
197492504,398933451
197492504,153686381
197492504,43514630
197492504,34583154
197492504,23197161
197492504,76103961
197492504,76617978
197492504,28092825
197492504,58792228
197492504,333480321
197492504,1228312916
197492504,1014384037
197492504,1389020562
197492504,244005738
197492504,464695627
197492504,16649457
197492504,84282385
197492504,16081438
197492504,315550232
197492504,1585856030
197492504,247941020
197492504,837500420
197492504,877401631
197492504,1275389568
197492504,243569874
197492504,47348084
197492504,17698956
197492504,86596892
197492504,455656908
197492504,507295067
197492504,178687641
197492504,382533238
197492504,13321202
197492504,232562228
197492504,466628138
197492504,294062704
197492504,21179585
197492504,42497567
197492504,148305951
197492504,198308986
197492504,921431630
197492504,55881372
197492504,15788889
197492504,72922501
197492504,122429634
197492504,433608421
197492504,430688254
197492504,210148155
197492504,111631851
197492504,386497675
197492504,27955696
197492504,463133503
197492504,23339701
197492504,49301725
197492504,445695093
197492504,33462636
197492504,389505243
197492504,73215402
197492504,23353418
197492504,19990293
197492504,534365595
197492504,43132411
197492504,1510470566
197492504,492037941
197492504,361285054
197492504,184314385
197492504,14274224
197492504,1112394613
197492504,1319035946
197492504,190278462
197492504,626801143
197492504,162997331
197492504,17018765
197492504,378070152
197492504,80695073
197492504,407140178
197492504,45365156
197492504,132514069
197492504,362574501
197492504,255144027
197492504,122912928
197492504,444530998
197492504,1354093526
197492504,1533861080
197492504,604674657
197492504,1454724444
197492504,296528940
197492504,30960077
197492504,498267865
197492504,20191250
197492504,333074484
197492504,128698096
197492504,40848062
197492504,558964459
197492504,61596413
197492504,18549724
197492504,1304618665
197492504,41383814
197492504,25065207
197492504,435117930
197492504,14175754
197492504,594640095
197492504,1469388774
197492504,376811037
197492504,14303437
197492504,399607308
197492504,1223562672
197492504,47350606
197492504,19391273
197492504,77963355
197492504,376885696
197492504,1288153874
197492504,268202883
197492504,507152530
197492504,35459052
197492504,849967050
197492504,305447437
197492504,41318264
197492504,305116699
197492504,893072390
197492504,221678618
197492504,308949256
197492504,920763996
197492504,712573434
197492504,1461467442
197492504,197385619
197492504,9780452
197492504,20499668
197492504,952046245
197492504,504302483
197492504,314195892
197492504,161685767
197492504,139756522
197492504,16038333
197492504,17748961
197492504,384735499
197492504,261143236
197492504,313287986
197492504,267885100
197492504,554843376
197492504,301472331
197492504,1324973029
197492504,1281026822
197492504,382027019
197492504,889951987
197492504,466861606
197492504,1482578174
197492504,960899486
197492504,382101410
197492504,418716771
197492504,16888281
197492504,22416221
197492504,1269571597
197492504,15883941
197492504,126329210
197492504,251800523
197492504,18611180
197492504,422943871
197492504,1483349695
197492504,455226367
197492504,729413881
197492504,462314612
197492504,338541307
197492504,26748626
197492504,51023815
197492504,1267796252
197492504,240741918
197492504,131658603
197492504,988086074
197492504,503784980
197492504,483344480
197492504,585858647
197492504,614915602
197492504,861576277
197492504,429926368
197492504,19491190
197492504,125031997
197492504,191008573
197492504,52369778
197492504,160549407
197492504,490570020
197492504,469658161
197492504,823279483
197492504,540721019
197492504,1328868283
197492504,763388984
197492504,88168775
197492504,916898954
197492504,613718578
197492504,27908189
197492504,5661312
197492504,15883746
197492504,113315885
197492504,252720520
197492504,1445755202
197492504,525294357
197492504,106787159
197492504,406899961
197492504,301590263
197492504,832766641
197492504,993836731
197492504,57986021
197492504,45247534
197492504,360554541
197492504,244170872
197492504,30884644
197492504,478657425
197492504,387385024
197492504,1100874984
197492504,46774284
197492504,1464197040
197492504,15394249
197492504,852369667
197492504,456561509
197492504,1451103373
197492504,33676791
197492504,369689042
197492504,321397315
197492504,40673381
197492504,607143699
197492504,285655216
197492504,499699049
197492504,23671427
197492504,435823876
197492504,421435118
197492504,26976730
197492504,17645400
197492504,1431560286
197492504,65463915
197492504,566541606
197492504,420848626
197492504,470543264
197492504,800180016
197492504,855673520
197492504,48643318
197492504,809246011
197492504,326633225
197492504,517718950
197492504,285866844
197492504,166316449
197492504,18328094
197492504,29187151
197492504,46356680
197492504,1441140055
197492504,47975823
197492504,354369488
197492504,28332028
197492504,378632690
197492504,325086171
197492504,25470790
197492504,914832020
197492504,807375816
197492504,312773424
197492504,1349909816
197492504,239555898
197492504,781164283
197492504,281651950
197492504,275020671
197492504,827131363
197492504,20095109
197492504,360700320
197492504,1283588581
197492504,181254632
197492504,322084886
197492504,197544821
197492504,302500864
197492504,340197698
197492504,310157882
197492504,367802395
197492504,80129544
197492504,23093914
197492504,47951057
197492504,392598613
197492504,1422479486
197492504,44614604
197492504,125630768
197492504,305201685
197492504,236501919
197492504,93478603
197492504,1020272329
197492504,381061532
197492504,782526301
197492504,620297118
197492504,1374880908
197492504,145304505
197492504,434985270
197492504,371987072
197492504,1128067351
197492504,112451555
197492504,134845661
197492504,219361536
197492504,459232332
197492504,9245222
197492504,269347791
197492504,432533435
197492504,122498057
197492504,301529776
197492504,1132190444
197492504,1355316283
197492504,27515656
197492504,25659085
197492504,46571260
197492504,23807076
197492504,570797370
197492504,425051960
197492504,121077107
197492504,1322833026
197492504,1243147873
197492504,245959005
197492504,16705726
197492504,418582985
197492504,1288708279
197492504,118799537
197492504,1252764865
197492504,16409701
197492504,500704345
197492504,114726890
197492504,252207166
197492504,1239876049
197492504,88156381
197492504,300314836
197492504,556902009
197492504,234056821
197492504,110486219
197492504,127607180
197492504,927290354
197492504,6897012
197492504,304425612
197492504,17838113
197492504,569206063
197492504,10652382
197492504,625490484
197492504,199306837
197492504,140320615
197492504,299660557
197492504,42417393
197492504,32926948
197492504,46146405
197492504,805768832
197492504,69031393
197492504,47938576
197492504,19390664
197492504,312813519
197492504,60517213
197492504,429754596
197492504,488978867
197492504,572930510
197492504,1069923181
197492504,962525688
197492504,154162544
197492504,17250021
197492504,116966743
197492504,350230342
197492504,45515193
197492504,316634642
197492504,28400584
197492504,482053201
197492504,14746456
197492504,1103703984
197492504,946200073
197492504,313476233
197492504,337339180
197492504,269822892
197492504,25802247
197492504,1117414604
197492504,200839978
197492504,610242039
197492504,55355654
197492504,127643327
197492504,69306326
197492504,115195175
197492504,30214368
197492504,489910614
197492504,157486540
197492504,84944278
197492504,275884960
197492504,599693907
197492504,572699747
197492504,562132745
197492504,627611346
197492504,11904592
197492504,77077454
197492504,155225528
197492504,257902393
197492504,804273990
197492504,464493684
197492504,330007691
197492504,213831646
197492504,109919466
197492504,378213740
197492504,234904269
197492504,48835420
197492504,404894090
197492504,168300274
197492504,82637844
197492504,19822406
197492504,246303396
197492504,14482175
197492504,368362117
197492504,333072864
197492504,141742681
197492504,382235196
197492504,393627660
197492504,69283002
197492504,160914794
197492504,929911160
197492504,257858870
197492504,366306712
197492504,127499539
197492504,37182597
197492504,531518649
197492504,306242875
197492504,377865606
197492504,242694507
197492504,285812680
197492504,457600443
197492504,127477641
197492504,374749108
197492504,555068054
197492504,597889763
197492504,1095792572
197492504,297027788
197492504,231127952
197492504,422502823
197492504,1041926774
197492504,554277465
197492504,204460228
197492504,843557772
197492504,69066916
197492504,957214664
197492504,380939026
197492504,402841247
197492504,36325021
197492504,279665311
197492504,310203348
197492504,136359464
197492504,47674329
197492504,189739615
197492504,229871590
197492504,22976887
197492504,434787118
197492504,286239262
197492504,1068901088
197492504,847177578
197492504,235697432
197492504,214319706
197492504,563981757
197492504,441986424
197492504,867777632
197492504,28069549
197492504,946366844
197492504,85848558
197492504,46328857
197492504,102979773
197492504,104526776
197492504,166549023
197492504,414216591
197492504,384873279
197492504,391989334
197492504,167454834
197492504,127885722
197492504,814227
197492504,1071795277
197492504,359907212
197492504,743222922
197492504,182791375
197492504,156763824
197492504,138212728
197492504,557082590
197492504,140073123
197492504,21286325
197492504,88884666
197492504,85412926
197492504,135042050
197492504,395503646
197492504,342241514
197492504,111562298
197492504,17989876
197492504,119631059
197492504,1062557684
197492504,19078594
197492504,386189099
197492504,80182793
197492504,428950383
197492504,111013739
197492504,100076595
197492504,29701712
197492504,12923032
197492504,19900832
197492504,138799731
197492504,44090267
197492504,183262497
197492504,361286105
197492504,498644523
197492504,971469120
197492504,906400872
197492504,548435155
197492504,1058561100
197492504,405919523
197492504,49624883
197492504,9307742
197492504,235068143
197492504,809172146
197492504,181526588
197492504,611172648
197492504,70783217
197492504,462903376
197492504,458368775
197492504,109982750
197492504,156005263
197492504,257109467
197492504,85187379
197492504,428108178
197492504,972767558
197492504,15862440
197492504,207138024
197492504,267939039
197492504,14333754
197492504,36806703
197492504,270850017
197492504,338889569
197492504,260763598
197492504,623009914
197492504,25587721
197492504,251997775
197492504,327184248
197492504,854662140
197492504,251625506
197492504,154119923
197492504,889670700
197492504,57652561
197492504,993749300
197492504,51203387
197492504,20479813
197492504,369673451
197492504,944002184
197492504,46151256
197492504,1006020644
197492504,46471148
197492504,121400761
197492504,19003727
197492504,41553381
197492504,80107669
197492504,34274893
197492504,88671988
197492504,298461580
197492504,79221731
197492504,111051725
197492504,149601437
197492504,17790274
197492504,364513528
197492504,115660898
197492504,867671094
197492504,110660431
197492504,38406660
197492504,835630728
197492504,342363193
197492504,863300406
197492504,285092005
197492504,77790954
197492504,19976004
197492504,78572595
197492504,377902950
197492504,14673171
197492504,108294990
197492504,28364148
197492504,16589206
197492504,233173596
197492504,43083682
197492504,33864558
197492504,345635173
197492504,52718126
197492504,586015709
197492504,821495558
197492504,431954413
197492504,63082578
197492504,309278028
197492504,65045121
197492504,715935529
197492504,26725581
197492504,87654898
197492504,614488344
197492504,51170340
197492504,395810958
197492504,202829724
197492504,202675636
197492504,767728272
197492504,370314192
197492504,456674560
197492504,253711889
197492504,125207364
197492504,301336443
197492504,593003223
197492504,19558480
197492504,14647281
197492504,401999019
197492504,202792190
197492504,168211828
197492504,500134554
197492504,193101543
197492504,78891398
197492504,828762594
197492504,282765775
197492504,135786521
197492504,46775077
197492504,120190602
197492504,54342055
197492504,148239888
197492504,16464399
197492504,16031039
197492504,424337206
197492504,77234984
197492504,117777690
197492504,556956366
197492504,262183944
197492504,46365884
197492504,164304654
197492504,234948120
197492504,915551024
197492504,153733974
197492504,897646340
197492504,141504728
197492504,49078486
197492504,102813983
197492504,804622424
197492504,353772019
197492504,103958745
197492504,891088770
197492504,414042228
197492504,384922825
197492504,235886373
197492504,47901510
197492504,30519420
197492504,573305237
197492504,256620919
197492504,100002448
197492504,218597644
197492504,93843038
197492504,32196016
197492504,415566683
197492504,25838635
197492504,703015526
197492504,107340939
197492504,56623674
197492504,93484066
197492504,417861271
197492504,876610586
197492504,153169998
197492504,614844856
197492504,443636130
197492504,84698095
197492504,39237367
197492504,123916637
197492504,352961052
197492504,90683032
197492504,38824384
197492504,580963064
197492504,144817055
197492504,16219746
197492504,112103858
197492504,50661819
197492504,299018689
197492504,49034729
197492504,282480474
197492504,412991320
197492504,20675211
197492504,254218516
197492504,329410435
197492504,253177665
197492504,23719107
197492504,76161257
197492504,247276024
197492504,263184273
197492504,240781428
197492504,499770293
197492504,364135678
197492504,16220555
197492504,121779673
197492504,177051768
197492504,17721939
197492504,633675455
197492504,255466451
197492504,55985626
197492504,48653565
197492504,25049056
197492504,220070669
197492504,26115394
197492504,6821132
197492504,180540061
197492504,149103331
197492504,306254071
197492504,86968478
197492504,851863226
197492504,99962273
197492504,624995677
197492504,51023099
197492504,250416931
197492504,49036460
197492504,56107736
197492504,184389933
197492504,609378645
197492504,222153850
197492504,380648579
197492504,234035533
197492504,111416652
197492504,624119134
197492504,314247700
197492504,299681641
197492504,87458561
197492504,633620071
197492504,183263063
197492504,381545517
197492504,134874566
197492504,318721181
197492504,258958647
197492504,150990033
197492504,255436893
197492504,825892435
197492504,831032814
197492504,134830584
197492504,170843906
197492504,132638001
197492504,19233676
197492504,134629415
197492504,108505438
197492504,142904992
197492504,791090552
197492504,51833932
197492504,55640179
197492504,79579327
197492504,30831763
197492504,19235445
197492504,538021652
197492504,434216141
197492504,91769072
197492504,599113334
197492504,362477988
197492504,838753242
197492504,57454967
197492504,82614873
197492504,775431470
197492504,553429510
197492504,370043667
197492504,237304561
197492504,819809935
197492504,545895033
197492504,561248965
197492504,34570323
197492504,114540325
197492504,358408568
197492504,198318121
197492504,826712779
197492504,364525196
197492504,70497621
197492504,69867202
197492504,420176744
197492504,269817948
197492504,314759647
197492504,820032913
197492504,23194699
197492504,189376144
197492504,157128883
197492504,159999798
197492504,72151996
197492504,245727682
197492504,808432448
197492504,559966554
197492504,19151995
197492504,115913783
197492504,45021664
197492504,610220090
197492504,592021844
197492504,806391222
197492504,430201393
197492504,310226650
197492504,88733026
197492504,535919558
197492504,555075044
197492504,124164047
197492504,93900497
197492504,353045010
197492504,35853782
197492504,19259102
197492504,50574764
197492504,8341362
197492504,247224074
197492504,24354074
197492504,203757765
197492504,38031169
197492504,117036169
197492504,272455045
197492504,297280397
197492504,87156428
197492504,42589863
197492504,50957666
197492504,562287628
197492504,103017951
197492504,97157472
197492504,297382140
197492504,541160045
197492504,15719685
197492504,546629305
197492504,109522745
197492504,246295177
197492504,109222494
197492504,288150042
197492504,284085035
197492504,440230783
197492504,813286
197492504,306220445
197492504,450132851
197492504,537510180
197492504,291591297
197492504,94566436
197492504,351747809
197492504,272019676
197492504,357533790
197492504,42590861
197492504,560816005
197492504,26547012
197492504,19268282
197492504,133385621
197492504,60649687
197492504,50046656
197492504,297316043
197492504,605324876
197492504,125927757
197492504,377005482
197492504,567337040
197492504,41562681
197492504,210963368
197492504,17021380
197492504,204772877
197492504,194507556
197492504,117342580
197492504,75584215
197492504,132512470
197492504,68440549
197492504,16717501
197492504,255509816
197492504,621124639
197492504,104020962
197492504,278615970
197492504,117349182
197492504,192851940
197492504,19822081
197492504,46488390
197492504,261104038
197492504,333073349
197492504,55393096
197492504,150888173
197492504,45483589
197492504,376666863
197492504,95431722
197492504,82427426
197492504,116407245
197492504,90685921
197492504,368850635
197492504,368248701
197492504,8654342
197492504,92977303
197492504,15082903
197492504,245442353
197492504,68087021
197492504,589103925
197492504,19029918
197492504,464593102
197492504,384812558
197492504,82199471
197492504,17606558
197492504,632839423
197492504,149601135
197492504,199695777
197492504,262592073
197492504,113462371
197492504,15996880
197492504,346843160
197492504,14083939
197492504,109382002
197492504,33566322
197492504,146113678
197492504,249354221
197492504,628215097
197492504,23768324
197492504,28977778
197492504,417391075
197492504,1536651
197492504,472350293
197492504,437270520
197492504,19900203
197492504,118742998
197492504,88444445
197492504,291616327
197492504,333415548
197492504,24777692
197492504,17463074
197492504,6678312
197492504,182644738
197492504,52145364
197492504,137342551
197492504,379841932
197492504,50360179
197492504,140679829
197492504,495191666
197492504,68654204
197492504,599408506
197492504,463153841
197492504,44409004
197492504,256573865
197492504,296912924
197492504,251524687
197492504,81066609
197492504,97493719
197492504,258694038
197492504,619335213
197492504,20053721
197492504,43518862
197492504,231187535
197492504,341019099
197492504,24089831
197492504,592190404
197492504,556711910
197492504,163803115
197492504,569180919
197492504,442957275
197492504,485776927
197492504,66330898
197492504,456544470
197492504,411853013
197492504,95293570
197492504,320717989
197492504,237268320
197492504,17044073
197492504,580843991
197492504,79685418
197492504,400377873
197492504,27437688
197492504,162716503
197492504,151658196
197492504,423632315
197492504,263153726
197492504,549203903
197492504,181682192
197492504,17430638
197492504,182957805
197492504,34737026
197492504,272666019
197492504,116348101
197492504,41935535
197492504,399360542
197492504,422627096
197492504,23977461
197492504,291226726
197492504,48659405
197492504,142532652
197492504,371976014
197492504,251887369
197492504,104293463
197492504,52357493
197492504,220568318
197492504,77672926
197492504,25808897
197492504,58897984
197492504,61039497
197492504,259308879
197492504,572074958
197492504,305575260
197492504,293682722
197492504,22742987
197492504,312923505
197492504,50347559
197492504,593026851
197492504,41687985
197492504,132360268
197492504,132704571
197492504,205837701
197492504,6599992
197492504,116317519
197492504,120080502
197492504,61302206
197492504,308046044
197492504,176154384
197492504,308330045
197492504,586706065
197492504,139509942
197492504,35449756
197492504,19830156
197492504,377917660
197492504,97217524
197492504,43085735
197492504,76030180
197492504,24161880
197492504,298324470
197492504,188775859
197492504,583493048
197492504,574586674
197492504,416519098
197492504,38021678
197492504,211836488
197492504,28598662
197492504,137365150
197492504,55825922
197492504,118430700
197492504,266087792
197492504,545438586
197492504,92557947
197492504,157431387
197492504,574359027
197492504,81151812
197492504,40638594
197492504,114419012
197492504,471282140
197492504,156255676
197492504,506493498
197492504,10836092
197492504,250662935
197492504,391596740
197492504,48511621
197492504,338985020
197492504,438635797
197492504,15408498
197492504,110811232
197492504,280649394
197492504,182328472
197492504,514509820
197492504,324327459
197492504,145633698
197492504,198462461
197492504,40205617
197492504,4970411
197492504,16460393
197492504,60615239
197492504,477620337
197492504,312148334
197492504,508272831
197492504,344057947
197492504,194403814
197492504,471070943
197492504,440166219
197492504,429857112
197492504,14830116
197492504,300196029
197492504,116407356
197492504,48280115
197492504,387593464
197492504,1731311
197492504,47399805
197492504,62290422
197492504,45870897
197492504,287846672
197492504,273027712
197492504,536166764
197492504,246339619
197492504,97473546
197492504,14685295
197492504,136188769
197492504,22567024
197492504,173141502
197492504,378020859
197492504,376761086
197492504,73618875
197492504,176543638
197492504,7815072
197492504,67334285
197492504,268457536
197492504,283983080
197492504,491343921
197492504,496140926
197492504,209780362
197492504,197097166
197492504,28337870
197492504,288922736
197492504,72834044
197492504,105134614
197492504,41081230
197492504,263036313
197492504,21019882
197492504,546658829
197492504,519609710
197492504,312578720
197492504,248667305
197492504,540849537
197492504,199792746
197492504,472294565
197492504,539420478
197492504,114512948
197492504,104606496
197492504,319675272
197492504,82929398
197492504,542816089
197492504,108035939
197492504,391671501
197492504,299049425
197492504,55254676
197492504,45540980
197492504,72872950
197492504,319341671
197492504,11018902
197492504,264164208
197492504,117843038
197492504,392774658
197492504,462441189
197492504,266215308
197492504,44404175
197492504,199498268
197492504,150985999
197492504,537449162
197492504,37463981
197492504,86698098
197492504,98866070
197492504,30502925
197492504,274662802
197492504,14277993
197492504,87905617
197492504,414617628
197492504,16628468
197492504,47390156
197492504,410822690
197492504,535518932
197492504,46446811
197492504,312245187
197492504,45807643
197492504,9711752
197492504,34867057
197492504,381449078
197492504,243748519
197492504,390190653
197492504,96956050
197492504,324564613
197492504,268808689
197492504,450868204
197492504,465099779
197492504,500874117
197492504,46522376
197492504,306089660
197492504,54983193
197492504,47983504
197492504,351765394
197492504,480748369
197492504,372983978
197492504,49610301
197492504,368937847
197492504,516491055
197492504,909681
197492504,85362553
197492504,19820740
197492504,19980798
197492504,121704763
197492504,310488448
197492504,105941637
197492504,14529918
197492504,525397508
197492504,18073884
197492504,378600145
197492504,257609533
197492504,16311650
197492504,456555289
197492504,37717545
197492504,80933225
197492504,19531898
197492504,512732013
197492504,114693705
197492504,340375034
197492504,76882393
197492504,419438988
197492504,330661444
197492504,30527117
197492504,489247330
197492504,403685086
197492504,524188235
197492504,1345911
197492504,23485745
197492504,463639623
197492504,295933528
197492504,327992256
197492504,92395870
197492504,309164318
197492504,385990107
197492504,14482947
197492504,14395439
197492504,8245672
197492504,286074326
197492504,33179844
197492504,21302947
197492504,313306488
197492504,474208585
197492504,119904812
197492504,259402712
197492504,510783386
197492504,43894940
197492504,182804956
197492504,15997845
197492504,514682648
197492504,492025505
197492504,127659284
197492504,54555459
197492504,212390393
197492504,23070629
197492504,24023754
197492504,136619909
197492504,455627643
197492504,385334228
197492504,364321011
197492504,77770175
197492504,6433142
197492504,58831600
197492504,492607396
197492504,90368728
197492504,69312628
197492504,126912161
197492504,219017089
197492504,17998683
197492504,91355016
197492504,75263632
197492504,15102669
197492504,504619030
197492504,48665402
197492504,504328340
197492504,504550603
197492504,293996444
197492504,430105157
197492504,455030140
197492504,435845190
197492504,20044659
197492504,84640862
197492504,91390383
197492504,49783304
197492504,18833499
197492504,93487543
197492504,26214858
197492504,181698945
197492504,19059320
197492504,177743086
197492504,383288752
197492504,210166200
197492504,364883227
197492504,303722267
197492504,27685390
197492504,410079837
197492504,374622916
197492504,300141485
197492504,192814541
197492504,239085423
197492504,317460557
197492504,31159552
197492504,46458100
197492504,46354264
197492504,389523764
197492504,48421752
197492504,14218578
197492504,18120229
197492504,52331565
197492504,313420534
197492504,246257286
197492504,24744541
197492504,46714309
197492504,18125180
197492504,40056514
197492504,211153433
197492504,112713259
197492504,496959897
197492504,480616498
197492504,14410201
197492504,268191776
197492504,400344551
197492504,62259828
197492504,50748968
197492504,415555446
197492504,33198279
197492504,387646099
197492504,17464221
197492504,93495485
197492504,301490175
197492504,103965765
197492504,198957052
197492504,490126636
197492504,73369280
197492504,315314184
197492504,66123934
197492504,112145294
197492504,64460369
197492504,395599133
197492504,172542310
197492504,111593507
197492504,89784381
197492504,42245182
197492504,491080477
197492504,363612053
197492504,386699942
197492504,18584989
197492504,111541221
197492504,276692368
197492504,306085926
197492504,117748143
197492504,11257382
197492504,10330232
197492504,107690427
197492504,331556368
197492504,378020025
197492504,249223068
197492504,132543309
197492504,428190980
197492504,193839120
197492504,435168110
197492504,1153211
197492504,428339569
197492504,268392598
197492504,9605012
197492504,487928002
197492504,377847394
197492504,190989710
197492504,376833382
197492504,128607517
197492504,15968320
197492504,25902982
197492504,357487383
197492504,213579409
197492504,82603884
197492504,267071974
197492504,133663801
197492504,68463663
197492504,233505453
197492504,39798884
197492504,356902110
197492504,92278347
197492504,20127219
197492504,38409292
197492504,49277880
197492504,416931268
197492504,413129652
197492504,116907977
197492504,302726531
197492504,310383521
197492504,370160251
197492504,168667495
197492504,303283560
197492504,15468152
197492504,236059999
197492504,267382481
197492504,32444283
197492504,200814625
197492504,51094477
197492504,47315521
197492504,437411372
197492504,301272907
197492504,464754099
197492504,31699169
197492504,102624463
197492504,231857447
197492504,257761551
197492504,18408820
197492504,118381162
197492504,374119871
197492504,471168015
197492504,474327889
197492504,329570257
197492504,92971358
197492504,17900385
197492504,186052612
197492504,39627383
197492504,22272503
197492504,104162770
197492504,471178431
197492504,296208832
197492504,117481563
197492504,201393591
197492504,399034130
197492504,471028978
197492504,278040772
197492504,10652262
197492504,272401679
197492504,81948084
197492504,344117522
197492504,398000696
197492504,260280517
197492504,299697870
197492504,20071242
197492504,40268056
197492504,291616050
197492504,36048443
197492504,59742006
197492504,46375782
197492504,114037178
197492504,144631870
197492504,249725482
197492504,109938650
197492504,334702187
197492504,165827575
197492504,23781194
197492504,15765112
197492504,237193488
197492504,17677644
197492504,458247615
197492504,47985187
197492504,255436086
197492504,15229075
197492504,73130161
197492504,26472402
197492504,380902292
197492504,256009253
197492504,371153469
197492504,143179142
197492504,305589959
197492504,9997062
197492504,19199182
197492504,106906052
197492504,123830541
197492504,101911577
197492504,17706796
197492504,257488786
197492504,31380558
197492504,64039369
197492504,42184065
197492504,255030147
197492504,367918003
197492504,245352437
197492504,40575002
197492504,45559035
197492504,302206171
197492504,42087166
197492504,148583252
197492504,355006956
197492504,125041033
197492504,32150215
197492504,191845729
197492504,121381154
197492504,47925008
197492504,233541295
197492504,47087394
197492504,25674869
197492504,97179206
197492504,51071858
197492504,26222064
197492504,264192701
197492504,156908708
197492504,365459071
197492504,81894289
197492504,224255455
197492504,47980294
197492504,346642146
197492504,371212102
197492504,438608962
197492504,281313703
197492504,206268776
197492504,251773944
197492504,252244260
197492504,62819906
197492504,144094124
197492504,451834636
197492504,308445381
197492504,390304297
197492504,101664219
197492504,252136117
197492504,413004583
197492504,130639396
197492504,461130775
197492504,392938695
197492504,362642113
197492504,369006624
197492504,86339600
197492504,399965024
197492504,376672322
197492504,348220331
197492504,218164251
197492504,332787484
197492504,143959720
197492504,16935292
197492504,17676713
197492504,228268941
197492504,151898031
197492504,366242593
197492504,145268901
197492504,121147908
197492504,205654312
197492504,81425927
197492504,53796795
197492504,109232499
197492504,318084267
197492504,387606019
197492504,87377688
197492504,123262952
197492504,37014782
197492504,140587025
197492504,168464799
197492504,343419996
197492504,150372271
197492504,335363786
197492504,106739205
197492504,386053209
197492504,46903714
197492504,218120019
197492504,428337918
197492504,433138761
197492504,93269838
197492504,330377999
197492504,388130333
197492504,250855398
197492504,303866826
197492504,231167874
197492504,429042971
197492504,354747967
197492504,71215674
197492504,276689206
197492504,250332884
197492504,262412814
197492504,235970871
197492504,44578635
197492504,15015309
197492504,319758194
197492504,314111062
197492504,204375281
197492504,397243910
197492504,418807918
197492504,268858465
197492504,130810427
197492504,267084550
197492504,34798360
197492504,203912614
197492504,19453224
197492504,231504678
197492504,234539951
197492504,259227821
197492504,18151918
197492504,49292117
197492504,47625891
197492504,24637896
197492504,408091829
197492504,26527378
197492504,95688658
197492504,368404814
197492504,245739519
197492504,404001262
197492504,356456832
197492504,69255422
197492504,113347627
197492504,262125327
197492504,369391523
197492504,305841163
197492504,7227522
197492504,9651232
197492504,7230912
197492504,245335811
197492504,34214589
197492504,116101512
197492504,16546062
197492504,195206125
197492504,59215690
197492504,49956717
197492504,263572557
197492504,377424425
197492504,59141198
197492504,81301085
197492504,376465044
197492504,372806044
197492504,166173280
197492504,49393889
197492504,15234407
197492504,7817142
197492504,23761908
197492504,117093535
197492504,15735580
197492504,328970352
197492504,68940196
197492504,18044394
197492504,32394550
197492504,362372861
197492504,14265347
197492504,238291753
197492504,368566261
197492504,124793340
197492504,28966594
197492504,232353334
197492504,19871297
197492504,108359730
197492504,150386283
197492504,139873351
197492504,22695461
197492504,355012973
197492504,329686497
197492504,235712666
197492504,8565932
197492504,61921330
197492504,225445834
197492504,318260364
197492504,148970624
197492504,1165471
197492504,124187186
197492504,257246627
197492504,327947791
197492504,190323833
197492504,185173704
197492504,293973479
197492504,282735842
197492504,292232684
197492504,298461465
197492504,15036970
197492504,17438966
197492504,82210494
197492504,304086214
197492504,264404407
197492504,304275943
197492504,243103131
197492504,82945008
197492504,138040193
197492504,311512841
197492504,312548387
197492504,14561835
197492504,316276940
197492504,300144198
197492504,291613203
197492504,81205823
197492504,86337508
197492504,86322463
197492504,109851291
197492504,170903611
197492504,310273704
197492504,186476435
197492504,315969985
197492504,227247245
197492504,311599736
197492504,123039238
197492504,217128661
197492504,191155839
197492504,224035027
197492504,62517318
197492504,81668204
197492504,125996636
197492504,21851584
197492504,49339742
197492504,15955660
197492504,32409886
197492504,62552542
197492504,218648911
197492504,223418611
197492504,47545601
197492504,156602721
197492504,56682871
197492504,16343991
197492504,79449058
197492504,65641284
197492504,193476471
197492504,96461487
197492504,14790628
197492504,91892369
197492504,85829421
197492504,137984519
197492504,20301504
197492504,28156365
197492504,305854673
197492504,164325147
197492504,37718646
197492504,12026732
197492504,283121504
197492504,88498240
197492504,262199289
197492504,141844699
197492504,46850556
197492504,226935242
197492504,8516062
197492504,247895631
197492504,301410225
197492504,303926402
197492504,15823722
197492504,8768312
197492504,48064161
197492504,295018313
197492504,99901258
197492504,303183895
197492504,145333802
197492504,250323361
197492504,303725175
197492504,297262656
197492504,29303096
197492504,269729359
197492504,51842872
197492504,27797493
197492504,204368725
197492504,104857771
197492504,259194408
197492504,159510288
197492504,23230293
197492504,30860148
197492504,119998164
197492504,30921943
197492504,87445693
197492504,48665902
197492504,26380122
197492504,80820758
197492504,168049617
197492504,214135720
197492504,82662909
197492504,15796976
197492504,27629974
197492504,40662002
197492504,7607262
197492504,22276825
197492504,86905092
197492504,29955464
197492504,83701499
197492504,128637475
197492504,153842236
197492504,131574396
197492504,101895924
197492504,101923356
197492504,18858998
197492504,151043323
197492504,138814032
197492504,35022597
197492504,141981922
