19800442,2397966944
19800442,3301388097
19800442,2595024005
19800442,2550360169
19800442,1074216685
19800442,293782138
19800442,275938934
19800442,2584641533
19800442,302453497
19800442,299306171
19800442,3402727829
19800442,1340298805
19800442,1593250758
19800442,3024851769
19800442,3099131549
19800442,1938276284
19800442,378610433
19800442,856584486
19800442,222606059
19800442,4782845498
19800442,3066051160
19800442,16084460
19800442,44091448
19800442,186508118
19800442,4782914611
19800442,104836748
19800442,236206036
19800442,255988123
19800442,297600603
19800442,3161204375
19800442,78920878
19800442,4020190055
19800442,468457872
19800442,4208094441
19800442,249616905
19800442,14814402
19800442,2910720220
19800442,483829305
19800442,246545036
19800442,1478198448
19800442,586291040
19800442,2148037045
19800442,845573316
19800442,3093974104
19800442,4267524321
19800442,474921908
19800442,303305129
19800442,14831098
19800442,338568543
19800442,4299732613
19800442,301316032
19800442,2175213942
19800442,736357855
19800442,94361315
19800442,3906310100
19800442,300323478
19800442,3380065859
19800442,337016752
19800442,2743200613
19800442,2942649411
19800442,803291118
19800442,3059620943
19800442,353291205
19800442,371457988
19800442,125407623
19800442,408708960
19800442,2218065063
19800442,435781100
19800442,89148725
19800442,555993471
19800442,952364011
19800442,1137472002
19800442,4343906063
19800442,712632800
19800442,2916522123
19800442,1319390838
19800442,196524850
19800442,327533910
19800442,1143347642
19800442,1147717680
19800442,4130111243
19800442,3299116330
19800442,245791854
19800442,2319411390
19800442,1611624956
19800442,2725734019
19800442,87495879
19800442,2904896141
19800442,2708884002
19800442,1021767540
19800442,949973814
19800442,2336399766
19800442,95977096
19800442,234931002
19800442,159120210
19800442,379850316
19800442,2967899597
19800442,323790118
19800442,1332211070
19800442,947407051
19800442,2827528004
19800442,768994831
19800442,304062052
19800442,2928134531
19800442,252030361
19800442,2807561928
19800442,452438195
19800442,2801876556
19800442,2570765599
19800442,3191777081
19800442,605767634
19800442,2559307399
19800442,1396843316
19800442,1305358176
19800442,2303780288
19800442,796178346
19800442,50969179
19800442,2300409494
19800442,2866655356
19800442,2614170199
19800442,3495603017
19800442,65045121
19800442,2478012962
19800442,581697643
19800442,880966430
19800442,2342265724
19800442,1284105554
19800442,314035454
19800442,233657724
19800442,166199937
19800442,3121917581
19800442,2371789428
19800442,3155549128
19800442,414282153
19800442,2574956052
19800442,208776804
19800442,3759336202
19800442,2337819950
19800442,4118435423
19800442,32112352
19800442,3662972776
19800442,2246206818
19800442,2851080851
19800442,2601960416
19800442,164438967
19800442,1010705413
19800442,165180469
19800442,209754467
19800442,2227340564
19800442,222461511
19800442,540355014
19800442,728944662
19800442,372182423
19800442,2601203556
19800442,3395239648
19800442,466003460
19800442,1249558998
19800442,3100216689
19800442,3571401615
19800442,1132177824
19800442,4237009589
19800442,344739325
19800442,549455191
19800442,2217715133
19800442,1459764907
19800442,3218169015
19800442,3027112640
19800442,2744442302
19800442,3399821327
19800442,3823140015
19800442,3246090203
19800442,370081720
19800442,209695618
19800442,2453891334
19800442,3107208363
19800442,1923200881
19800442,244925622
19800442,3346916993
19800442,13720982
19800442,409549183
19800442,2543977814
19800442,3045269111
19800442,2265770723
19800442,895081920
19800442,1908533748
19800442,2301878362
19800442,4210887694
19800442,2770107689
19800442,2922924261
19800442,369592620
19800442,1556282646
19800442,88618641
19800442,555879787
19800442,3039268715
19800442,2557985104
19800442,3920247035
19800442,311867885
19800442,4177649597
19800442,2684796697
19800442,4069301782
19800442,970413259
19800442,1662959274
19800442,1264784004
19800442,1597102868
19800442,1455039001
19800442,429939312
19800442,2199337771
19800442,2256402420
19800442,1435219422
19800442,184627730
19800442,116898464
19800442,3380149102
19800442,302118163
19800442,256508537
19800442,3314008341
19800442,2297987072
19800442,3131660806
19800442,4109047155
19800442,11419202
19800442,4119160593
19800442,136251520
19800442,14640553
19800442,3873197128
19800442,2358412173
19800442,2299803774
19800442,2777650054
19800442,2049211
19800442,362425344
19800442,361860475
19800442,3312472421
19800442,99225598
19800442,338297037
19800442,579753670
19800442,2825592117
19800442,71114686
19800442,2407402921
19800442,1514438977
19800442,147665227
19800442,285112683
19800442,989021844
19800442,2426956453
19800442,524825573
19800442,191102437
19800442,2316123014
19800442,2376033342
19800442,369422623
19800442,2457074513
19800442,353878643
19800442,257522741
19800442,754823287
19800442,358839906
19800442,2904796906
19800442,430519979
19800442,2571250645
19800442,2404792040
19800442,200904737
19800442,939103484
19800442,67165437
19800442,2828506842
19800442,3187617490
19800442,211154075
19800442,3079813761
19800442,3123815260
19800442,882924248
19800442,2885616191
19800442,190659576
19800442,353786894
19800442,472828135
19800442,3404796689
19800442,16153562
19800442,161894615
19800442,2595366655
19800442,2554300980
19800442,222611947
19800442,173986147
19800442,3369184012
19800442,3003478420
19800442,1465499256
19800442,3055409765
19800442,41098370
19800442,376396902
19800442,369439287
19800442,1270776432
19800442,1588093730
19800442,415810385
19800442,2738435326
19800442,3824642067
19800442,14333754
19800442,1884163777
19800442,245097306
19800442,17129417
19800442,14396748
19800442,374199238
19800442,2398488974
19800442,380519207
19800442,162841193
19800442,3180482847
19800442,1202156250
19800442,291666290
19800442,208167029
19800442,1668455004
19800442,3024900995
19800442,3025442152
19800442,812765426
19800442,159503083
19800442,1979501466
19800442,303142449
19800442,273538402
19800442,2916305152
19800442,485965579
19800442,479862529
19800442,2994072207
19800442,336332311
19800442,307558964
19800442,412571397
19800442,1015610418
19800442,322185403
19800442,472191093
19800442,427683708
19800442,978765787
19800442,2174361728
19800442,49458808
19800442,2563090188
19800442,2561759029
19800442,1151510544
19800442,3044851768
19800442,1950488292
19800442,2796192801
19800442,2433742945
19800442,62463792
19800442,3308388959
19800442,313927408
19800442,2291383507
19800442,950332615
19800442,2295280171
19800442,805407073
19800442,3331249989
19800442,2323653631
19800442,175048556
19800442,266637594
19800442,1969093668
19800442,82856243
19800442,827780017
19800442,1035990410
19800442,2976442409
19800442,230696135
19800442,3017196845
19800442,524672950
19800442,107032578
19800442,198673958
19800442,360771246
19800442,361323288
19800442,2768614678
19800442,2428562545
19800442,200452442
19800442,117777690
19800442,324917375
19800442,2159812736
19800442,2273196703
19800442,425119821
19800442,2171590118
19800442,192379508
19800442,2478161054
19800442,244078422
19800442,1282959420
19800442,284085947
19800442,1975651417
19800442,587830869
19800442,1491180618
19800442,122108335
19800442,1852688832
19800442,561228555
19800442,135901640
19800442,214480642
19800442,2994790785
19800442,597499972
19800442,609854466
19800442,3131119792
19800442,2993789903
19800442,2791475831
19800442,524247702
19800442,59714254
19800442,789503900
19800442,32384231
19800442,2867935546
19800442,3179491790
19800442,187839836
19800442,1445873108
19800442,209783680
19800442,79795605
19800442,311695531
19800442,1646048460
19800442,3320699914
19800442,197723775
19800442,302555962
19800442,1947903606
19800442,18939115
19800442,112134350
19800442,30186475
19800442,448446350
19800442,266837377
19800442,50364803
19800442,369381355
19800442,3143457779
19800442,55952538
19800442,534120948
19800442,2942150644
19800442,2814568400
19800442,3308323469
19800442,3096394685
19800442,408674486
19800442,442648314
19800442,360004921
19800442,455157065
19800442,792046711
19800442,253473538
19800442,1493355812
19800442,3045358571
19800442,69648046
19800442,1022801622
19800442,3365409707
19800442,763841
19800442,1889228286
19800442,276615022
19800442,3179900711
19800442,965363461
19800442,15361072
19800442,3019893137
19800442,1320263298
19800442,142289047
19800442,2299875572
19800442,2817168617
19800442,44992826
19800442,1142971117
19800442,2405208125
19800442,89195266
19800442,432833915
19800442,326858590
19800442,15644202
19800442,999187290
19800442,2427646370
19800442,57329672
19800442,23791197
19800442,1433428914
19800442,2274091842
19800442,338560854
19800442,108310222
19800442,2930348607
19800442,408515538
19800442,1053537865
19800442,19864285
19800442,84054978
19800442,249865385
19800442,2909346682
19800442,358024490
19800442,3314192650
19800442,2735675117
19800442,110787089
19800442,2353384208
19800442,110942823
19800442,278737573
19800442,264784320
19800442,503752243
19800442,1644828572
19800442,3111229459
19800442,40253435
19800442,716910355
19800442,2615056009
19800442,2524495952
19800442,108569949
19800442,3138338070
19800442,2407833427
19800442,3375977103
19800442,3187672259
19800442,522365878
19800442,2407861530
19800442,2570488163
19800442,1441180610
19800442,2878658775
19800442,336118407
19800442,3379316991
19800442,2614413287
19800442,89954550
19800442,3093529939
19800442,987479149
19800442,261906603
19800442,31542426
19800442,222535821
19800442,1358849804
19800442,245450398
19800442,2436641211
19800442,2867976180
19800442,2982382703
19800442,3096370137
19800442,3172459528
19800442,140323268
19800442,2684240988
19800442,19129506
19800442,3130807577
19800442,2787243754
19800442,3156511997
19800442,499140339
19800442,3158956701
19800442,2695427712
19800442,2860132870
19800442,544436037
19800442,2833758297
19800442,792226416
19800442,208517176
19800442,79285551
19800442,1912513609
19800442,370964129
19800442,2289436267
19800442,2303221610
19800442,1358751109
19800442,64643056
19800442,184993308
19800442,384779290
19800442,3055168421
19800442,1171687771
19800442,19014211
19800442,303750320
19800442,320937247
19800442,1898080692
19800442,391334182
19800442,604489932
19800442,184696352
19800442,3153519110
19800442,301156885
19800442,308560113
19800442,239687634
19800442,1569002388
19800442,988541084
19800442,927047360
19800442,869507689
19800442,2814666913
19800442,2190527839
19800442,1853887302
19800442,243276654
19800442,3171439625
19800442,3163949639
19800442,321931667
19800442,236330848
19800442,81408740
19800442,280227352
19800442,1286184110
19800442,379326131
19800442,442950932
19800442,551970102
19800442,409878867
19800442,13170872
19800442,2729883707
19800442,18944456
19800442,364146550
19800442,2726881684
19800442,365989665
19800442,406466225
19800442,41326068
19800442,25582180
19800442,2934042384
19800442,289846988
19800442,28121061
19800442,69252319
19800442,1693600658
19800442,2543730192
19800442,2484691755
19800442,2910853983
19800442,2824759977
19800442,92302363
19800442,99961683
19800442,222841803
19800442,87925425
19800442,234110558
19800442,3147891605
19800442,1212907148
19800442,1190201455
19800442,571775470
19800442,145388295
19800442,299661475
19800442,29230342
19800442,284158485
19800442,484355671
19800442,19020032
19800442,430142420
19800442,2722152323
19800442,429272527
19800442,2685919298
19800442,2940586960
19800442,3138018021
19800442,127539064
19800442,274013085
19800442,260814396
19800442,1327632199
19800442,3130789637
19800442,636377347
19800442,229268091
19800442,231902225
19800442,94287024
19800442,816178
19800442,444004597
19800442,149117671
19800442,113275322
19800442,91560739
19800442,3327181637
19800442,125652331
19800442,442385889
19800442,382301489
19800442,3318580541
19800442,3044874549
19800442,250765512
19800442,2537713124
19800442,1443604814
19800442,2615139188
19800442,1415891754
19800442,292676401
19800442,89010853
19800442,35656602
19800442,1257450020
19800442,28966230
19800442,124570832
19800442,1076435978
19800442,64975450
19800442,529634658
19800442,2891031959
19800442,2909614617
19800442,3087039231
19800442,3313457320
19800442,3009832534
19800442,422201803
19800442,158487331
19800442,313913938
19800442,224223563
19800442,3042330515
19800442,211699719
19800442,17602754
19800442,2698812100
19800442,414227526
19800442,2879673401
19800442,629970472
19800442,419008875
19800442,173665005
19800442,3194246759
19800442,110970252
19800442,301429402
19800442,193050995
19800442,3299035037
19800442,67427821
19800442,114445273
19800442,301955535
19800442,715609046
19800442,3055001794
19800442,248179184
19800442,2722945505
19800442,244469190
19800442,27431056
19800442,2854051054
19800442,14770634
19800442,515932844
19800442,2984849609
19800442,2291751346
19800442,279175038
19800442,1127965058
19800442,2665463588
19800442,925416666
19800442,303176456
19800442,2269718332
19800442,259713560
19800442,1117842542
19800442,172652555
19800442,2525943596
19800442,2586986964
19800442,2934096622
19800442,2827156496
19800442,12273062
19800442,2956746825
19800442,30651619
19800442,154391771
19800442,562726340
19800442,270053234
19800442,206778116
19800442,2973232317
19800442,2803001589
19800442,484049273
19800442,1343894972
19800442,299846534
19800442,20554354
19800442,2645694343
19800442,251752654
19800442,3129784733
19800442,1403498196
19800442,586727262
19800442,1652459718
19800442,6305462
19800442,3006429442
19800442,124545762
19800442,17248326
19800442,1541554483
19800442,216960357
19800442,2590069532
19800442,2971329225
19800442,2437112695
19800442,264233489
19800442,206770490
19800442,3102024130
19800442,3084704992
19800442,1342704229
19800442,1283547823
19800442,765909366
19800442,2987724190
19800442,213032022
19800442,1673586954
19800442,327603604
19800442,2296953330
19800442,293563436
19800442,221406410
19800442,3041105807
19800442,2933659835
19800442,761862806
19800442,553926562
19800442,247410313
19800442,3096575289
19800442,1491317455
19800442,590329050
19800442,537147814
19800442,1087432710
19800442,2910840034
19800442,3091376321
19800442,92320343
19800442,38832196
19800442,240281957
19800442,394859808
19800442,283498364
19800442,2912650066
19800442,1031322858
19800442,991560608
19800442,270294865
19800442,487974147
19800442,271327993
19800442,2766236780
19800442,2964440147
19800442,3043963415
19800442,3019961223
19800442,224769900
19800442,11695472
19800442,248447552
19800442,1349827242
19800442,255698679
19800442,1958927894
19800442,2717149926
19800442,962189052
19800442,1222863150
19800442,327412074
19800442,2858807777
19800442,2485741974
19800442,245917767
19800442,1646474588
19800442,2806574936
19800442,2494039483
19800442,455875065
19800442,115095483
19800442,280477631
19800442,2282207313
19800442,625499668
19800442,902026177
19800442,90485125
19800442,469220170
19800442,228726800
19800442,198829810
19800442,262221458
19800442,37634306
19800442,3005765446
19800442,10361342
19800442,1001799234
19800442,282058309
19800442,2967547407
19800442,14525982
19800442,11530032
19800442,304880272
19800442,3002873597
19800442,1079374230
19800442,1550977536
19800442,1037030798
19800442,85641140
19800442,522249614
19800442,124690469
19800442,499649876
19800442,224583276
19800442,156776475
19800442,244625846
19800442,394177612
19800442,137687327
19800442,414086564
19800442,2905232597
19800442,246320889
19800442,2592803186
19800442,2597068105
19800442,497842870
19800442,226909192
19800442,306297641
19800442,309712629
19800442,2343549222
19800442,80820758
19800442,154375912
19800442,1238909317
19800442,132952704
19800442,507152530
19800442,273554704
19800442,52802375
19800442,1667212418
19800442,2956922693
19800442,540885885
19800442,2801685179
19800442,26073581
19800442,2572844671
19800442,945122066
19800442,331020996
19800442,2956514847
19800442,1652541
19800442,360857182
19800442,1321182978
19800442,322024554
19800442,306414975
19800442,130475953
19800442,334602996
19800442,2587076839
19800442,1622482651
19800442,2709778728
19800442,626612446
19800442,948552829
19800442,136419914
19800442,409925101
19800442,1160830309
19800442,801170965
19800442,210249880
19800442,2321524045
19800442,1979112325
19800442,2873623288
19800442,275092488
19800442,163541727
19800442,2913936040
19800442,954254976
19800442,452103245
19800442,304646709
19800442,187564239
19800442,2495032879
19800442,2563141286
19800442,360612491
19800442,2672897840
19800442,708877086
19800442,140862366
19800442,279578358
19800442,1136944447
19800442,295910929
19800442,2295054888
19800442,485877623
19800442,1426022593
19800442,1411373743
19800442,1095277772
19800442,2830130933
19800442,583746499
19800442,264169660
19800442,213745334
19800442,1361984828
19800442,18509968
19800442,49378500
19800442,294155440
19800442,1964619320
19800442,238095222
19800442,2163062310
19800442,2888135110
19800442,19163995
19800442,625938856
19800442,418859861
19800442,578324390
19800442,1192830679
19800442,2284013912
19800442,904210339
19800442,250276921
19800442,841316167
19800442,159119360
19800442,493040429
19800442,265929915
19800442,2431996729
19800442,107153756
19800442,2468101478
19800442,200194757
19800442,2734925106
19800442,11162772
19800442,2785193837
19800442,1851186906
19800442,550060244
19800442,2318525341
19800442,1415602614
19800442,2259604164
19800442,68833161
19800442,2844841960
19800442,301403189
19800442,19766335
19800442,245965977
19800442,2613675716
19800442,523854577
19800442,334014498
19800442,474031851
19800442,52905639
19800442,115922356
19800442,272542247
19800442,208460761
19800442,1139662832
19800442,335260607
19800442,284198277
19800442,306268810
19800442,815159544
19800442,2790857133
19800442,290562205
19800442,319086427
19800442,1329103670
19800442,236815946
19800442,2763940935
19800442,14436030
19800442,1887132668
19800442,216637862
19800442,447260411
19800442,2461590434
19800442,609841269
19800442,2488583437
19800442,112211447
19800442,43064871
19800442,219344285
19800442,579217415
19800442,2717629395
19800442,17593734
19800442,2493162055
19800442,1269484171
19800442,372812630
19800442,2656006374
19800442,228851868
19800442,68740712
19800442,81932175
19800442,346867615
19800442,36626651
19800442,403627473
19800442,2382060517
19800442,56658909
19800442,385374505
19800442,1406343474
19800442,296306967
19800442,244570936
19800442,230465725
19800442,25661574
19800442,41782018
19800442,2160583315
19800442,2815282394
19800442,99808986
19800442,192686024
19800442,852205338
19800442,1327760101
19800442,370729709
19800442,358921502
19800442,203057426
19800442,303300399
19800442,2569486213
19800442,57377653
19800442,1716506203
19800442,955608631
19800442,299963428
19800442,110403389
19800442,434664602
19800442,439409834
19800442,67603363
19800442,610276024
19800442,2216575882
19800442,15497124
19800442,15178410
19800442,66789097
19800442,17309892
19800442,303368340
19800442,966787808
19800442,635067444
19800442,20446539
19800442,585052934
19800442,2424257875
19800442,95927604
19800442,1192961881
19800442,19858930
19800442,216824517
19800442,266771482
19800442,258439147
19800442,307879207
19800442,360201458
19800442,30012883
19800442,1895683933
19800442,246221615
19800442,558172142
19800442,387570284
19800442,2230308048
19800442,237726028
19800442,557086648
19800442,582185202
19800442,15183391
19800442,331008858
19800442,110557285
19800442,2206798507
19800442,72486193
19800442,194517733
19800442,388175021
19800442,584793255
19800442,119332466
19800442,117793323
19800442,16182002
19800442,21193112
19800442,259190375
19800442,822910567
19800442,1184038201
19800442,307786974
19800442,367210075
19800442,168502031
19800442,341657886
19800442,118779247
19800442,743808139
19800442,405480018
19800442,17944846
19800442,2559160980
19800442,88954535
19800442,1164332791
19800442,29317434
19800442,2537896518
19800442,782645048
19800442,115077998
19800442,261344352
19800442,747088176
19800442,13912032
19800442,908764915
19800442,395874161
19800442,438297401
19800442,338388181
19800442,1415861593
19800442,512131570
19800442,999470034
19800442,315119037
19800442,18556155
19800442,19913847
19800442,18144514
19800442,404066010
19800442,2255019311
19800442,184831017
19800442,27854312
19800442,270607088
19800442,804388
19800442,2447616788
19800442,297490439
19800442,942500719
19800442,1139759714
19800442,203048056
19800442,520690173
19800442,1110067921
19800442,2312242999
19800442,352316828
19800442,156361577
19800442,2520748525
19800442,2724570567
19800442,298772213
19800442,552841351
19800442,519522375
19800442,220696831
19800442,11702292
19800442,555339436
19800442,473381242
19800442,2722185202
19800442,421169002
19800442,716446184
19800442,1135574096
19800442,301928168
19800442,884528496
19800442,524589593
19800442,2551770504
19800442,301716524
19800442,10613982
19800442,347816241
19800442,2385387926
19800442,274116625
19800442,250859381
19800442,11424872
19800442,82084630
19800442,166501881
19800442,2691197980
19800442,1383077462
19800442,164210076
19800442,17776811
19800442,401495432
19800442,1645228951
19800442,183385651
19800442,2193878394
19800442,812665675
19800442,283078615
19800442,233858696
19800442,2236413235
19800442,742143
19800442,139481894
19800442,266136454
19800442,1659786426
19800442,740841738
19800442,159878684
19800442,126616064
19800442,2461405956
19800442,742993460
19800442,87327779
19800442,414395703
19800442,2149113025
19800442,203262579
19800442,550301945
19800442,620393340
19800442,79982342
19800442,58766118
19800442,33173981
19800442,59396498
19800442,278546043
19800442,21667065
19800442,16492068
19800442,263780425
19800442,1253931494
19800442,92507493
19800442,220021318
19800442,438294630
19800442,410898935
19800442,2459980896
19800442,1228312916
19800442,252021610
19800442,311133975
19800442,405526221
19800442,569235216
19800442,595962365
19800442,490339438
19800442,238710826
19800442,138814032
19800442,460679602
19800442,2610020340
19800442,141885304
19800442,567389065
19800442,905660725
19800442,1167073711
19800442,1108555891
19800442,955466101
19800442,424458814
19800442,985116594
19800442,1643904680
19800442,300908476
19800442,612742754
19800442,2576193797
19800442,113518928
19800442,1108291232
19800442,267274202
19800442,919771470
19800442,340867640
19800442,271372199
19800442,136666412
19800442,83388190
19800442,1002474541
19800442,2461574444
19800442,131607201
19800442,266212060
19800442,375013052
19800442,263730653
19800442,282339186
19800442,180733809
19800442,52818366
19800442,27522324
19800442,1578955070
19800442,899674237
19800442,2162361149
19800442,167145661
19800442,351699614
19800442,266178979
19800442,306108713
19800442,2558484630
19800442,412199931
19800442,258957276
19800442,89614445
19800442,394266186
19800442,948025112
19800442,1142005710
19800442,119844526
19800442,188821437
19800442,2534932075
19800442,248264581
19800442,1470649644
19800442,2524311166
19800442,283714980
19800442,440335330
19800442,2439883468
19800442,2550305132
19800442,107847046
19800442,334980686
19800442,374965444
19800442,408555122
19800442,2626734688
19800442,1488544838
19800442,339586772
19800442,57985101
19800442,80530730
19800442,2194760965
19800442,59435213
19800442,125647054
19800442,603884167
19800442,2558665357
19800442,2516571574
19800442,721132685
19800442,460386348
19800442,432706448
19800442,21044771
19800442,299523818
19800442,1928697013
19800442,151232686
19800442,235229053
19800442,160205947
19800442,278458079
19800442,98660192
19800442,250255286
19800442,2213945244
19800442,1151557338
19800442,115611795
19800442,525264466
19800442,277383525
19800442,290578135
19800442,56385084
19800442,77629675
19800442,349259745
19800442,2177593573
19800442,378944786
19800442,94935642
19800442,1093832131
19800442,341971035
19800442,240653961
19800442,559409704
19800442,276726837
19800442,102388575
19800442,2351655212
19800442,2458126286
19800442,67454223
19800442,171961521
19800442,247705940
19800442,33596053
19800442,1926466892
19800442,1894591321
19800442,2399356765
19800442,62034304
19800442,299751020
19800442,163320155
19800442,1386426673
19800442,203590680
19800442,1956447462
19800442,974438815
19800442,1039861790
19800442,596717255
19800442,1390467966
19800442,369840574
19800442,182330628
19800442,253116745
19800442,197863865
19800442,419930861
19800442,154288353
19800442,919975040
19800442,391264779
19800442,1358960886
19800442,876087968
19800442,254177137
19800442,94166168
19800442,31090827
19800442,18717943
19800442,364528766
19800442,102753674
19800442,637015978
19800442,1602818168
19800442,281627699
19800442,362722028
19800442,300504487
19800442,378273223
19800442,308663770
19800442,280991864
19800442,125616993
19800442,391051589
19800442,37201841
19800442,830317544
19800442,254936770
19800442,244652804
19800442,95605520
19800442,842237082
19800442,220964842
19800442,754675910
19800442,2453574692
19800442,1075106684
19800442,570674414
19800442,73350229
19800442,209683714
19800442,236554126
19800442,34132951
19800442,446589801
19800442,277217883
19800442,2453787630
19800442,171758508
19800442,2458057009
19800442,1100736986
19800442,635833515
19800442,225138968
19800442,50134116
19800442,235284266
19800442,142331814
19800442,1269537158
19800442,209780139
19800442,12344732
19800442,2228482069
19800442,392199690
19800442,482389606
19800442,832928402
19800442,1311224311
19800442,18690355
19800442,64223584
19800442,25555639
19800442,258444331
19800442,484185838
19800442,467366189
19800442,65384380
19800442,263699785
19800442,570967933
19800442,453118285
19800442,306533661
19800442,194945814
19800442,303402750
19800442,284708299
19800442,789758492
19800442,438458112
19800442,324503693
19800442,293012562
19800442,2397043430
19800442,302313037
19800442,296890749
19800442,144804689
19800442,767992008
19800442,927428652
19800442,26330200
19800442,633696332
19800442,256231934
19800442,1970323376
19800442,2419290031
19800442,601807043
19800442,111311332
19800442,482820274
19800442,1619869854
19800442,784574954
19800442,1060113558
19800442,24870470
19800442,15610380
19800442,333474788
19800442,278433934
19800442,486875693
19800442,550349812
19800442,1591846393
19800442,999397303
19800442,741363529
19800442,394030787
19800442,158658247
19800442,2478840236
19800442,635455616
19800442,304911961
19800442,365757441
19800442,408078043
19800442,2348598853
19800442,526660679
19800442,366149356
19800442,280228001
19800442,1558002140
19800442,2411221668
19800442,1090345747
19800442,18521502
19800442,20909329
19800442,1392641706
19800442,132523335
19800442,300491297
19800442,102840899
19800442,308167013
19800442,405996527
19800442,558559240
19800442,2350790216
19800442,323366146
19800442,156587889
19800442,17212349
19800442,122729604
19800442,445979226
19800442,262254309
19800442,1610983430
19800442,1037562608
19800442,211447266
19800442,20528789
19800442,285255977
19800442,26548184
19800442,16576356
19800442,1342066363
19800442,133387580
19800442,2290212487
19800442,266134103
19800442,176381508
19800442,1040021880
19800442,631256239
19800442,628258298
19800442,23520746
19800442,510535152
19800442,8077212
19800442,256172497
19800442,232760855
19800442,2490506464
19800442,424937334
19800442,2386645408
19800442,220021502
19800442,706881404
19800442,527916931
19800442,1254923221
19800442,429381205
19800442,380725386
19800442,410853564
19800442,33884545
19800442,2292454922
19800442,636367140
19800442,257386939
19800442,702022009
19800442,830762161
19800442,339645628
19800442,901570316
19800442,1101436722
19800442,334199139
19800442,504550793
19800442,39208916
19800442,184568839
19800442,57983020
19800442,2215932320
19800442,1703554242
19800442,215792549
19800442,287613635
19800442,290531571
19800442,595407072
19800442,75028571
19800442,552132508
19800442,336741016
19800442,72345706
19800442,383674920
19800442,67781045
19800442,1011525210
19800442,199346797
19800442,275983663
19800442,21361705
19800442,14173443
19800442,573678444
19800442,367070806
19800442,144092399
19800442,2355414085
19800442,105082141
19800442,1571270053
19800442,318290561
19800442,322577469
19800442,1275962762
19800442,1409968190
19800442,285224535
19800442,2238524861
19800442,2440205329
19800442,987029264
19800442,16435631
19800442,267058747
19800442,520546133
19800442,109641722
19800442,863283991
19800442,511058075
19800442,114164185
19800442,471043792
19800442,520279204
19800442,232125706
19800442,1115352032
19800442,358225467
19800442,318602912
19800442,144554546
19800442,1577384395
19800442,420475251
19800442,1281187602
19800442,49673609
19800442,50373757
19800442,301458256
19800442,1883499115
19800442,333936316
19800442,576251326
19800442,296117949
19800442,2264043200
19800442,278472795
19800442,244266727
19800442,370712872
19800442,206846660
19800442,188671764
19800442,282661751
19800442,855308119
19800442,789634196
19800442,362655366
19800442,1432938156
19800442,1707338683
19800442,158110011
19800442,1031336491
19800442,570922283
19800442,1702372200
19800442,59885627
19800442,780717692
19800442,1949941501
19800442,18627726
19800442,2376846840
19800442,2312090221
19800442,20507534
19800442,304669784
19800442,235156426
19800442,36268605
19800442,726147038
19800442,17138110
19800442,45544223
19800442,215685449
19800442,216756613
19800442,2396839291
19800442,577964883
19800442,388736253
19800442,151644071
19800442,2188904977
19800442,1732090440
19800442,2198275782
19800442,481397009
19800442,755002093
19800442,288814421
19800442,9973982
19800442,566489482
19800442,278560439
19800442,611976424
19800442,40047903
19800442,2297991991
19800442,417312169
19800442,51152908
19800442,248104475
19800442,382001962
19800442,1617884742
19800442,296730859
19800442,1217776880
19800442,390146501
19800442,222643714
19800442,303048990
19800442,1114735688
19800442,1627611775
19800442,1423824241
19800442,2260234284
19800442,318986714
19800442,474426319
19800442,1299103260
19800442,132927779
19800442,43910684
19800442,2303827104
19800442,17186899
19800442,41562632
19800442,221115161
19800442,2375463330
19800442,340461845
19800442,245074453
19800442,62887164
19800442,251245715
19800442,51806144
19800442,169022515
19800442,327325722
19800442,2321739387
19800442,390387588
19800442,242796283
19800442,309341660
19800442,593271948
19800442,100731315
19800442,529295570
19800442,301333174
19800442,282558850
19800442,186457433
19800442,1946404747
19800442,243272585
19800442,2366971818
19800442,8086132
19800442,320963012
19800442,2318106993
19800442,252808562
19800442,1220008340
19800442,135936369
19800442,467649607
19800442,303760268
19800442,76593802
19800442,301308940
19800442,309022429
19800442,49447769
19800442,12392442
19800442,274470163
19800442,896038494
19800442,402090626
19800442,235609285
19800442,308107141
19800442,213831646
19800442,552172885
19800442,358741303
19800442,22954354
19800442,251290516
19800442,535394220
19800442,2308653811
19800442,418426824
19800442,120620613
19800442,225228554
19800442,884405232
19800442,132498711
19800442,117756246
19800442,267311284
19800442,302899216
19800442,975097848
19800442,263170980
19800442,37883400
19800442,328467010
19800442,494093834
19800442,796684728
19800442,39483072
19800442,198516419
19800442,295120448
19800442,1582853809
19800442,249709485
19800442,269497394
19800442,241257094
19800442,268200907
19800442,256620919
19800442,1289327088
19800442,2288138575
19800442,68039572
19800442,2291367451
19800442,592057601
19800442,17634874
19800442,1617907476
19800442,318110789
19800442,84186668
19800442,420301755
19800442,200796998
19800442,720701520
19800442,107346418
19800442,405514601
19800442,706755835
19800442,91695480
19800442,339235892
19800442,73345173
19800442,108670198
19800442,185238219
19800442,56331789
19800442,78863928
19800442,243339867
19800442,104219645
19800442,11713422
19800442,235234497
19800442,166772945
19800442,881217415
19800442,48822802
19800442,98257592
19800442,284488502
19800442,1655491944
19800442,366546416
19800442,338899906
19800442,912364213
19800442,67682384
19800442,247679867
19800442,85412926
19800442,148406700
19800442,996899564
19800442,305514503
19800442,409892360
19800442,14245212
19800442,110442665
19800442,115476363
19800442,1494100669
19800442,215707523
19800442,158342368
19800442,746829750
19800442,50908485
19800442,1077412010
19800442,39219494
19800442,108932245
19800442,273984297
19800442,535707261
19800442,16080129
19800442,301692495
19800442,267355099
19800442,2174888534
19800442,1389011150
19800442,42411789
19800442,525416576
19800442,278694865
19800442,69060709
19800442,237413314
19800442,778279243
19800442,407344469
19800442,96094023
19800442,266641960
19800442,237223544
19800442,127974009
19800442,15115726
19800442,461940437
19800442,541697427
19800442,19980499
19800442,288333760
19800442,259925559
19800442,1337785291
19800442,30697822
19800442,485044395
19800442,436843405
19800442,220047267
19800442,1410021434
19800442,235910394
19800442,197581803
19800442,179304336
19800442,17191272
19800442,90725961
19800442,190202163
19800442,328268751
19800442,20929745
19800442,271067527
19800442,18905975
19800442,113673277
19800442,133371674
19800442,102095809
19800442,13346352
19800442,35993422
19800442,187102833
19800442,239422242
19800442,189043154
19800442,516405086
19800442,8077952
19800442,225445834
19800442,143601080
19800442,426450380
19800442,550938056
19800442,475585621
19800442,172279544
19800442,23734018
19800442,133664614
19800442,77426114
19800442,999722935
19800442,250620677
19800442,5854732
19800442,26759984
19800442,100581725
19800442,244480058
19800442,268470229
19800442,54961149
19800442,234278716
19800442,233543018
19800442,498909218
19800442,121385551
19800442,62029654
19800442,102480916
19800442,626685799
19800442,312963709
19800442,241147024
19800442,94208950
19800442,279649054
19800442,198512935
19800442,244730854
19800442,15648827
19800442,278977246
19800442,110419154
19800442,302697335
19800442,114728026
19800442,72811133
19800442,19292516
19800442,273507620
19800442,15019391
19800442,17185251
19800442,41324376
19800442,319285743
19800442,20554377
19800442,71216725
19800442,121859642
19800442,9379912
19800442,211361693
19800442,239469819
19800442,80899853
19800442,564601119
19800442,200283629
19800442,148720585
19800442,135796813
19800442,111933542
19800442,183387449
19800442,254122621
19800442,403580183
19800442,151123001
19800442,17676713
19800442,38536381
19800442,23746926
19800442,249243667
19800442,507672047
19800442,110513795
19800442,14371600
19800442,245792560
19800442,11904592
19800442,78864249
19800442,17484709
19800442,436016566
19800442,277961079
19800442,68958331
19800442,190297040
19800442,344634424
19800442,195415139
19800442,106170617
19800442,182769742
19800442,13426312
19800442,74992460
19800442,50665193
19800442,404324807
19800442,406500483
19800442,115516167
19800442,14436317
19800442,207746157
19800442,112764971
19800442,163559269
19800442,27034001
19800442,90836187
19800442,110542631
19800442,136007061
19800442,65369125
19800442,36412963
19800442,13961732
