19835572,18135386
19835572,20781929
19835572,24241544
19835572,16171953
19835572,395388847
19835572,17311493
19835572,1690412382
19835572,94081671
19835572,26276346
19835572,19247625
19835572,15392221
19835572,74854970
19835572,52011055
19835572,3044738957
19835572,25535042
19835572,49781518
19835572,124139163
19835572,21783395
19835572,17884125
19835572,2561091
19835572,19391470
19835572,16631331
19835572,8665572
19835572,19889294
19835572,19921389
19835572,19019970
19835572,45547519
19835572,14758257
