20077257,4723399941
20077257,41120196
20077257,3110440750
20077257,3299040346
20077257,3065973143
20077257,4099869256
20077257,626682905
20077257,362602281
20077257,568994394
20077257,2306842808
20077257,1415126785
20077257,2338108773
20077257,4674463939
20077257,378802278
20077257,1221965498
20077257,3367781380
20077257,2896553656
20077257,17160392
20077257,4818236320
20077257,3393554913
20077257,29442313
20077257,4788020537
20077257,2961337750
20077257,2354332846
20077257,223907609
20077257,2546507294
20077257,35798784
20077257,335469402
20077257,4457853561
20077257,2907516689
20077257,1361917549
20077257,384986958
20077257,2582465786
20077257,2239747586
20077257,23001804
20077257,552130795
20077257,147413244
20077257,2366956860
20077257,2389731926
20077257,1526864863
20077257,110523573
20077257,544984081
20077257,3805495517
20077257,2815500280
20077257,3418670355
20077257,20157077
20077257,504933045
20077257,243266270
20077257,43409403
20077257,3020112015
20077257,270981637
20077257,4288113689
20077257,3642389955
20077257,1134863126
20077257,398175670
20077257,3301761299
20077257,76353182
20077257,254119164
20077257,137691553
20077257,1897266444
20077257,374188703
20077257,3044903662
20077257,510833756
20077257,197266097
20077257,1527738780
20077257,281773211
20077257,1413670405
20077257,128216887
20077257,510455186
20077257,1940933155
20077257,3006113902
20077257,380648579
20077257,393637870
20077257,948552829
20077257,95513251
20077257,2496319458
20077257,329622415
20077257,306505393
20077257,4119317302
20077257,1408238622
20077257,3394035599
20077257,102654195
20077257,1109820926
20077257,3760027942
20077257,224789965
20077257,943552093
20077257,720747657
20077257,3431482085
20077257,331203584
20077257,2301699870
20077257,2174617839
20077257,4066279701
20077257,299364699
20077257,4056361539
20077257,486107411
20077257,284449420
20077257,81154717
20077257,631471058
20077257,3128815091
20077257,320870586
20077257,257895805
20077257,133259087
20077257,798939415
20077257,52634006
20077257,3015866814
20077257,2611342854
20077257,22422321
20077257,54645364
20077257,6820022
20077257,20779248
20077257,124563975
20077257,3293683864
20077257,20049427
20077257,303141285
20077257,2761723447
20077257,2992350105
20077257,25718192
20077257,177535102
20077257,3093644109
20077257,3243341193
20077257,1381635385
20077257,3157252043
20077257,3298617502
20077257,15108714
20077257,19837882
20077257,587764463
20077257,18863867
20077257,2409766274
20077257,2605376724
20077257,61541194
20077257,14049695
20077257,242702809
20077257,2410782529
20077257,2916305152
20077257,3731350341
20077257,90654377
20077257,3218364827
20077257,3230762397
20077257,3763479796
20077257,30454290
20077257,505744296
20077257,3342537819
20077257,25073877
20077257,3709287502
20077257,414049265
20077257,66774405
20077257,42285349
20077257,389434876
20077257,231127952
20077257,75223552
20077257,14281853
20077257,15010349
20077257,3041307207
20077257,24184892
20077257,107542255
20077257,3295017281
20077257,5680622
20077257,16708655
20077257,621533
20077257,47636400
20077257,2883227229
20077257,14291684
20077257,1076895295
20077257,119480989
20077257,3158166240
20077257,20481072
20077257,20444382
20077257,475910945
20077257,3543182655
20077257,3031686336
20077257,389719440
20077257,183681009
20077257,239444226
20077257,3022372144
20077257,3523263141
20077257,19644592
20077257,153004670
20077257,2794846674
20077257,291023562
20077257,144215304
20077257,616686077
20077257,1467682148
20077257,2306385976
20077257,31445215
20077257,296183544
20077257,3379248604
20077257,144942878
20077257,3021664366
20077257,110995462
20077257,3351614081
20077257,22903166
20077257,251331731
20077257,2308322726
20077257,1126259394
20077257,608953870
20077257,708263643
20077257,1648611770
20077257,1875482232
20077257,1187434932
20077257,56711695
20077257,239830880
20077257,3065906061
20077257,303862998
20077257,599547902
20077257,7349062
20077257,1330934082
20077257,221354579
20077257,2565982846
20077257,2302077708
20077257,48008255
20077257,2587897615
20077257,437896004
20077257,18809812
20077257,809783694
20077257,2330346031
20077257,104217808
20077257,54543737
20077257,586920127
20077257,3400298578
20077257,252793640
20077257,3389454124
20077257,124269402
20077257,188421312
20077257,19818494
20077257,20508222
20077257,2331087830
20077257,3392416246
20077257,243204177
20077257,117777690
20077257,3378802084
20077257,1308901087
20077257,399993356
20077257,3001018827
20077257,92357645
20077257,2985409726
20077257,2603619451
20077257,804621636
20077257,119146887
20077257,3346863375
20077257,3380063728
20077257,498103598
20077257,396633778
20077257,1443770430
20077257,45709440
20077257,1157018952
20077257,90538682
20077257,3092798375
20077257,3293245743
20077257,3369115743
20077257,105772416
20077257,39490506
20077257,3308018955
20077257,2978345031
20077257,2988307869
20077257,934783838
20077257,1118741270
20077257,394416044
20077257,3290345501
20077257,146538882
20077257,2361840382
20077257,210556794
20077257,3067892511
20077257,3074770181
20077257,3169762727
20077257,770361091
20077257,23298448
20077257,72066781
20077257,275702234
20077257,263099844
20077257,859624214
20077257,229228484
20077257,1278005994
20077257,270499105
20077257,3318683219
20077257,1898734908
20077257,486234103
20077257,2859170098
20077257,19175256
20077257,1007716344
20077257,472772909
20077257,1975820382
20077257,78574110
20077257,2844208517
20077257,58569513
20077257,241959839
20077257,101367890
20077257,2988236805
20077257,41465446
20077257,3183265240
20077257,2839162228
20077257,2495107376
20077257,150721866
20077257,3202037422
20077257,3211468568
20077257,58796971
20077257,1269384498
20077257,102493081
20077257,167711000
20077257,2710855545
20077257,476129087
20077257,133269389
20077257,3235670074
20077257,2279301785
20077257,3198215741
20077257,496338650
20077257,2547623533
20077257,580175227
20077257,3154458880
20077257,25266931
20077257,1254258650
20077257,2960142358
20077257,14193779
20077257,2493112992
20077257,3096979929
20077257,34578703
20077257,2752846594
20077257,1848648391
20077257,471524023
20077257,21217967
20077257,47919868
20077257,2580902828
20077257,57980793
20077257,3064829423
20077257,43082775
20077257,76754029
20077257,2343034133
20077257,2457504387
20077257,8553732
20077257,69418851
20077257,1244504269
20077257,3090994679
20077257,17062358
20077257,36672211
20077257,125370749
20077257,3111962697
20077257,3106143250
20077257,476849347
20077257,19586695
20077257,16629431
20077257,6270232
20077257,3100378623
20077257,3095193610
20077257,143521794
20077257,1204418652
20077257,31142751
20077257,874452721
20077257,414275028
20077257,2966001461
20077257,2813997695
20077257,712611204
20077257,1709878644
20077257,35469661
20077257,3091329004
20077257,1976256194
20077257,2856541222
20077257,1849592449
20077257,3078990137
20077257,3090977337
20077257,120117254
20077257,60360254
20077257,258426812
20077257,180106872
20077257,18016160
20077257,1270630717
20077257,15253147
20077257,19742143
20077257,908331860
20077257,2462264678
20077257,100050636
20077257,2452811905
20077257,18833874
20077257,1467816630
20077257,80050265
20077257,191190197
20077257,1835092896
20077257,3038567265
20077257,37175270
20077257,295750961
20077257,21015113
20077257,364307918
20077257,101332602
20077257,25335112
20077257,427791636
20077257,941773272
20077257,2999697879
20077257,1178522041
20077257,2466318763
20077257,3073804091
20077257,430296672
20077257,298717292
20077257,2895982978
20077257,1177234166
20077257,390996983
20077257,39358795
20077257,3063582879
20077257,3051199718
20077257,1479931634
20077257,83167475
20077257,349075382
20077257,919920516
20077257,54277834
20077257,1394105118
20077257,437830714
20077257,312153239
20077257,21475002
20077257,19589816
20077257,191673962
20077257,82159840
20077257,49075627
20077257,1910508002
20077257,15529670
20077257,296778106
20077257,40639129
20077257,203719856
20077257,66138323
20077257,50282498
20077257,50614604
20077257,294699437
20077257,127564218
20077257,602642942
20077257,469145011
20077257,237487471
20077257,516499221
20077257,2844424197
20077257,1134566588
20077257,268875843
20077257,3044707731
20077257,2802562011
20077257,810561
20077257,989808829
20077257,172947702
20077257,457940248
20077257,3036198833
20077257,114749134
20077257,287117871
20077257,3030520041
20077257,2469502309
20077257,2863856793
20077257,124690469
20077257,536930472
20077257,1114858465
20077257,2292454922
20077257,75414115
20077257,2809400611
20077257,3020709994
20077257,1286782410
20077257,299644941
20077257,1452504516
20077257,3013196062
20077257,93646351
20077257,2365704043
20077257,225476386
20077257,17327550
20077257,2302827522
20077257,1114660116
20077257,2510058465
20077257,2483422500
20077257,248801998
20077257,20980592
20077257,263641849
20077257,2899936690
20077257,19391273
20077257,223415206
20077257,2821340141
20077257,263395614
20077257,179569408
20077257,153747564
20077257,2496183216
20077257,406900550
20077257,2940331581
20077257,2274776499
20077257,322244317
20077257,187265255
20077257,575335574
20077257,927739778
20077257,2857417293
20077257,330251198
20077257,129548118
20077257,37883040
20077257,389716534
20077257,2245783920
20077257,2600740192
20077257,398698440
20077257,381984862
20077257,2509901940
20077257,2591289638
20077257,2913883503
20077257,1626453943
20077257,1923865579
20077257,305515654
20077257,2830191605
20077257,22667519
20077257,2879259783
20077257,2848717484
20077257,1969319750
20077257,452611860
20077257,2575432006
20077257,2750059940
20077257,2829007168
20077257,2415991542
20077257,2973434614
20077257,531581102
20077257,212560938
20077257,1120056330
20077257,231429546
20077257,38305964
20077257,21394391
20077257,21796893
20077257,813779498
20077257,2950109806
20077257,245305175
20077257,2490299682
20077257,443731382
20077257,1163578796
20077257,2881842309
20077257,580097412
20077257,285282053
20077257,281480151
20077257,1366427838
20077257,1712564688
20077257,133863567
20077257,1635135252
20077257,408006138
20077257,371777695
20077257,2647897548
20077257,2919374578
20077257,161257736
20077257,1028699294
20077257,249680109
20077257,56176561
20077257,701834322
20077257,17866745
20077257,772978298
20077257,378555406
20077257,308700786
20077257,2840622137
20077257,910889114
20077257,319166937
20077257,2891291191
20077257,442962035
20077257,1251446078
20077257,2886303981
20077257,2875814519
20077257,329814158
20077257,835252885
20077257,2917509008
20077257,2846043377
20077257,2310219000
20077257,2890670754
20077257,26471066
20077257,388103252
20077257,499249750
20077257,904523874
20077257,201663633
20077257,58492850
20077257,533149937
20077257,619108262
20077257,2835436036
20077257,380902493
20077257,241860122
20077257,15229648
20077257,425268969
20077257,25607742
20077257,247317793
20077257,1285894094
20077257,1296950047
20077257,2663966905
20077257,2192088242
20077257,121428017
20077257,280444992
20077257,1860130453
20077257,54172831
20077257,192914255
20077257,2787561617
20077257,636974023
20077257,1098608341
20077257,452970694
20077257,2647317782
20077257,2596955964
20077257,1339670298
20077257,1531141171
20077257,2505999704
20077257,76164558
20077257,472122227
20077257,2181944701
20077257,2534905447
20077257,2754439438
20077257,14110764
20077257,534469515
20077257,19064238
20077257,428276159
20077257,457805311
20077257,2330193451
20077257,425008517
20077257,2726297834
20077257,2613919639
20077257,308981718
20077257,1245699895
20077257,340298155
20077257,2830074738
20077257,2740798239
20077257,2816669084
20077257,2868826159
20077257,2445423817
20077257,19776900
20077257,431046491
20077257,218650825
20077257,1534586545
20077257,2810019621
20077257,557801745
20077257,2355063380
20077257,1381743025
20077257,297801134
20077257,278250572
20077257,110450252
20077257,73228018
20077257,703935768
20077257,809255034
20077257,1641365137
20077257,2665021510
20077257,1452290048
20077257,241280218
20077257,55602195
20077257,23113187
20077257,498107688
20077257,797869915
20077257,2709254270
20077257,518385187
20077257,703705610
20077257,2491566182
20077257,278245216
20077257,1230306848
20077257,2342424480
20077257,2163530465
20077257,1244539032
20077257,473438695
20077257,123705128
20077257,217914296
20077257,319609731
20077257,65364708
20077257,19766911
20077257,263373448
20077257,785417924
20077257,2214169705
20077257,616985393
20077257,1104799729
20077257,187908103
20077257,1428859634
20077257,243175806
20077257,250289779
20077257,2375328372
20077257,2623289120
20077257,117436208
20077257,713397354
20077257,250790772
20077257,309724052
20077257,5529582
20077257,260921934
20077257,48667895
20077257,82630292
20077257,47599130
20077257,21186146
20077257,10810102
20077257,77458351
20077257,497074066
20077257,150246405
20077257,8973062
20077257,263700992
20077257,16309417
20077257,23577405
20077257,387630520
20077257,111028116
20077257,16311809
20077257,242283945
20077257,55577785
20077257,271514811
20077257,807095
20077257,20204789
20077257,393561760
20077257,464666696
20077257,20687723
20077257,160926944
20077257,20155652
20077257,1157490362
20077257,149117758
20077257,1663211683
20077257,111188207
20077257,391654641
20077257,1119401526
20077257,22973174
20077257,294152887
20077257,434138066
20077257,369587299
20077257,472029944
20077257,563082137
20077257,1601050207
20077257,471951642
20077257,307961213
20077257,302552899
20077257,637003967
20077257,924219848
20077257,1640417880
20077257,989360605
20077257,2354655390
20077257,28024611
20077257,2298197953
20077257,617370003
20077257,421842488
20077257,1058254266
20077257,1244856596
20077257,70653696
20077257,2365471074
20077257,598510703
20077257,307967835
20077257,118765091
20077257,54892413
20077257,441008532
20077257,1117319778
20077257,2158873310
20077257,400140922
20077257,2272280977
20077257,420416862
20077257,142835582
20077257,316084459
20077257,2232777540
20077257,20639175
20077257,1003381
20077257,34283004
20077257,252554052
20077257,550976646
20077257,236912210
20077257,305278326
20077257,272827104
20077257,935197267
20077257,103258610
20077257,2325529944
20077257,2375595674
20077257,2512933422
20077257,111977568
20077257,119030564
20077257,2721692804
20077257,783610760
20077257,2372234239
20077257,2310566888
20077257,472023432
20077257,84092783
20077257,26479392
20077257,215958755
20077257,2374410295
20077257,81844092
20077257,2440590385
20077257,963091933
20077257,26044188
20077257,2174847182
20077257,2472870739
20077257,2613611142
20077257,2635362688
20077257,28094121
20077257,1135169947
20077257,2531437005
20077257,265522016
20077257,250227770
20077257,1526087880
20077257,403318194
20077257,393016585
20077257,291822107
20077257,14419449
20077257,169941325
20077257,1250361583
20077257,859941098
20077257,305488627
20077257,21044139
20077257,188412761
20077257,147721396
20077257,279980657
20077257,17740486
20077257,78706973
20077257,15721256
20077257,253035662
20077257,241282318
20077257,46678624
20077257,134219456
20077257,2227119464
20077257,2358598934
20077257,537163522
20077257,158138831
20077257,258768180
20077257,1377927511
20077257,471287735
20077257,438688568
20077257,316021554
20077257,235543668
20077257,105222131
20077257,76351820
20077257,18948541
20077257,386725994
20077257,1704802272
20077257,25980236
20077257,156602721
20077257,148872468
20077257,245460027
20077257,1966931538
20077257,14511951
20077257,20632700
20077257,817370558
20077257,22628924
20077257,227700499
20077257,18713254
20077257,18774246
20077257,201781652
20077257,19652551
20077257,310960217
20077257,19562228
20077257,1189889046
20077257,24447643
20077257,245320407
20077257,46345843
20077257,441854978
20077257,18887526
20077257,5402612
20077257,21186006
20077257,112659248
20077257,17020962
20077257,23947944
20077257,343354675
20077257,29473851
20077257,20244875
20077257,75999003
20077257,34892460
20077257,84125491
20077257,522635038
20077257,19394186
20077257,42607295
20077257,235912917
20077257,44874400
20077257,193522847
20077257,1503400196
20077257,2353709112
20077257,822206264
20077257,92301867
20077257,125455848
20077257,562068674
20077257,2692677908
20077257,486615250
20077257,1249873640
20077257,186154646
20077257,812596994
20077257,4970411
20077257,154474160
20077257,17336417
20077257,2797701
20077257,20201726
20077257,500704345
20077257,68151046
20077257,17336372
20077257,21106525
20077257,71530966
20077257,228874251
20077257,15205849
20077257,18138734
