20844847,3703686856
20844847,157068161
20844847,2936185708
20844847,231703688
20844847,1375176085
20844847,4514934989
20844847,903820338
20844847,1903755174
20844847,18267548
20844847,2650413864
20844847,1900338114
20844847,23125257
20844847,27293869
20844847,44706837
20844847,60783724
20844847,153004670
20844847,283546868
20844847,3240699140
20844847,14594698
20844847,21612965
20844847,2754268514
20844847,1702134540
20844847,1272263407
20844847,342227411
20844847,163138175
20844847,2601973244
20844847,39764991
20844847,19386622
20844847,3302900980
20844847,79292795
20844847,86056816
20844847,4353234441
20844847,619222298
20844847,44725405
20844847,39867990
20844847,596903657
20844847,27073252
20844847,1599426487
20844847,2182488572
20844847,3395758462
20844847,3000689234
20844847,23756134
20844847,426159377
20844847,253167239
20844847,27707080
20844847,110302086
20844847,1292292907
20844847,231392190
20844847,401495432
20844847,244152633
20844847,212019800
20844847,1412275207
20844847,797759970
20844847,125398209
20844847,42853269
20844847,862522830
20844847,189948728
20844847,44196397
20844847,14755492
20844847,21071916
20844847,85289376
20844847,2330084442
20844847,594096575
20844847,297068288
20844847,470099591
20844847,2321891696
20844847,34743251
20844847,904525903
20844847,725856415
20844847,32861321
20844847,242821851
20844847,233978509
20844847,1041888200
20844847,259649352
20844847,3806134157
20844847,250884927
20844847,85862615
20844847,18935802
20844847,503250806
20844847,71903005
20844847,15506669
20844847,19834403
20844847,618300542
20844847,3354716399
20844847,1510759903
20844847,37567936
20844847,11904592
20844847,71016845
20844847,573013612
20844847,25067168
20844847,242000903
20844847,19292033
20844847,16734909
20844847,2162394450
20844847,112694236
20844847,104952689
20844847,45873754
20844847,18856867
20844847,32002507
20844847,39275966
20844847,98727619
20844847,19028805
20844847,108994652
20844847,31869934
20844847,284066524
20844847,260027237
20844847,3012469491
20844847,2989296281
20844847,393944041
20844847,397938481
20844847,3523814716
20844847,4171164160
20844847,1567883149
20844847,46809809
20844847,3334453671
20844847,169963553
20844847,1400804851
20844847,390973130
20844847,83696895
20844847,219275799
20844847,282203918
20844847,76196543
20844847,4439526928
20844847,80136311
20844847,35778170
20844847,24900072
20844847,23922797
20844847,2890528054
20844847,856148305
20844847,2438273430
20844847,313743136
20844847,14980721
20844847,166186963
20844847,400152210
20844847,60877603
20844847,112411597
20844847,44900997
20844847,4157408788
20844847,42434332
20844847,62917505
20844847,520449734
20844847,47120224
20844847,16435865
20844847,1895388408
20844847,372232906
20844847,38823312
20844847,40900410
20844847,18762875
20844847,148373842
20844847,15896580
20844847,4276176449
20844847,1128071294
20844847,803468
20844847,98639150
20844847,4068347835
20844847,85243004
20844847,1134736518
20844847,17810978
20844847,22799750
20844847,92544900
20844847,111689606
20844847,21461359
20844847,20522862
20844847,417419122
20844847,118713871
20844847,69480815
20844847,2796601847
20844847,18847632
20844847,322603418
20844847,2729728908
20844847,3483917657
20844847,20957688
20844847,39032332
20844847,76025669
20844847,6754922
20844847,7682502
20844847,17169453
20844847,17614849
20844847,14163474
20844847,133663801
20844847,46479088
20844847,394110651
20844847,1117046706
20844847,22695694
20844847,1026776906
20844847,20627896
20844847,17214382
20844847,89784280
20844847,24452293
20844847,367086404
20844847,334984455
20844847,23455730
20844847,3395647805
20844847,112150907
20844847,86439519
20844847,42694642
20844847,42274437
20844847,615274676
20844847,21894812
20844847,2388477227
20844847,2371058245
20844847,41814169
20844847,3395514262
20844847,14371600
20844847,295325513
20844847,102773210
20844847,23011527
20844847,17173144
20844847,117655609
20844847,1650006991
20844847,348706127
20844847,20058846
20844847,2887030553
20844847,362557435
20844847,33235771
20844847,240629853
20844847,1106456918
20844847,36339032
20844847,92606990
20844847,14260960
20844847,1456140842
20844847,1181060828
20844847,1451773004
20844847,21817509
20844847,309354659
20844847,133640329
20844847,427958206
20844847,22587869
20844847,3397209695
20844847,997834628
20844847,63422408
20844847,38233967
20844847,20532031
20844847,75742264
20844847,20511502
20844847,19944166
20844847,14946308
20844847,20100378
20844847,2155215398
20844847,367709007
20844847,14529929
20844847,1469402426
20844847,287481613
20844847,24688868
20844847,1362132925
20844847,1252917283
20844847,32493647
20844847,305073570
20844847,89043072
20844847,1870946142
20844847,583938358
20844847,1485248274
20844847,1253961234
20844847,431773266
20844847,44169953
20844847,236526490
20844847,187559314
20844847,25690886
20844847,87457811
20844847,3407923774
20844847,23683605
20844847,2195671183
20844847,39319001
20844847,74286565
20844847,19709089
20844847,85908999
20844847,1375174657
20844847,19564284
20844847,955063303
20844847,608167078
20844847,19490380
20844847,360230512
20844847,17676713
20844847,3422617395
20844847,311643818
20844847,3438151096
20844847,60308942
20844847,64498695
20844847,3402846189
20844847,22321740
20844847,761801714
20844847,46335511
20844847,19606528
20844847,18036441
20844847,35213474
20844847,142718690
20844847,19339460
20844847,18754776
20844847,3093529939
20844847,2916305152
20844847,38950120
20844847,77540948
20844847,36364025
20844847,2617471956
20844847,53112612
20844847,18257408
20844847,1304538308
20844847,1163551304
20844847,124826748
20844847,3224616765
20844847,633794939
20844847,205622130
20844847,153810519
20844847,47813521
20844847,932196612
20844847,1404590618
20844847,17469289
20844847,137255482
20844847,216881337
20844847,222157159
20844847,19983221
20844847,33989170
20844847,8105922
20844847,9633802
20844847,14834302
20844847,19415798
20844847,26266891
20844847,327577091
20844847,8886812
20844847,3014161417
20844847,156016878
20844847,3545633535
20844847,1345580348
20844847,3091150576
20844847,80420574
20844847,161240495
20844847,29442313
20844847,216776631
20844847,257232222
20844847,245320407
20844847,17092381
20844847,258157507
20844847,21802625
20844847,18991439
20844847,15946752
20844847,1638021792
20844847,5490392
20844847,2645325126
20844847,2326857668
20844847,2709190700
20844847,332617373
20844847,15661887
20844847,117777690
20844847,89787662
20844847,501861132
20844847,34312259
20844847,40551290
20844847,14857525
20844847,16434826
20844847,65691824
20844847,155909582
20844847,214821759
20844847,44950782
20844847,1180379185
20844847,19103481
20844847,53149244
20844847,107078762
20844847,23572083
20844847,29873477
20844847,16075573
20844847,823005493
20844847,17325090
20844847,3376281958
20844847,427885919
20844847,18248948
20844847,2435310141
20844847,15973392
20844847,125071209
20844847,3143365889
20844847,3199745237
20844847,2372379259
20844847,21007030
20844847,22138134
20844847,87476737
20844847,2837919371
20844847,19811190
20844847,40872043
20844847,17152053
20844847,14461814
20844847,588596248
20844847,1581289837
20844847,138141969
20844847,229139732
20844847,19133738
20844847,177137867
20844847,236347294
20844847,37910288
20844847,793913496
20844847,2172007404
20844847,18839785
20844847,1960825746
20844847,1082745968
20844847,3138341447
20844847,2969760609
20844847,186009251
20844847,174586205
20844847,1391776140
20844847,15508395
20844847,191033632
20844847,118204606
20844847,112785317
20844847,449033066
20844847,25836321
20844847,3331410485
20844847,21417835
20844847,2704425999
20844847,1533588679
20844847,15817213
20844847,74453123
20844847,1252764865
20844847,25983654
20844847,1290919580
20844847,24797315
20844847,15224867
20844847,19368263
20844847,291952825
20844847,65322179
20844847,42183750
20844847,2566535282
20844847,243716026
20844847,2790802182
20844847,80024060
20844847,2836421
20844847,187965811
20844847,3326733263
20844847,138717046
20844847,410070653
20844847,3306601618
20844847,20840441
20844847,372182708
20844847,1723745084
20844847,26073581
20844847,2789277667
20844847,472335341
20844847,285378972
20844847,2461075736
20844847,118680576
20844847,14157134
20844847,453030125
20844847,155954125
20844847,15084853
20844847,3239192692
20844847,23922814
20844847,1192644307
20844847,239767060
20844847,188736341
20844847,437432006
20844847,31432492
20844847,77444951
20844847,330575788
20844847,1322420269
20844847,2653613168
20844847,2977900810
20844847,3107939188
20844847,137253079
20844847,546704966
20844847,2831859546
20844847,2550023839
20844847,103550271
20844847,129799216
20844847,3131340599
20844847,13201312
20844847,16958346
20844847,38146999
20844847,243236419
20844847,29422232
20844847,36048614
20844847,65103501
20844847,1150722620
20844847,1118521
20844847,87645208
20844847,68999404
20844847,58244743
20844847,2306281370
20844847,3233626836
20844847,377079834
20844847,1903382054
20844847,223406334
20844847,454862443
20844847,331893639
20844847,7401202
20844847,334105990
20844847,39056314
20844847,927783252
20844847,1674277502
20844847,283523828
20844847,487118986
20844847,21016479
20844847,73788780
20844847,7847192
20844847,19900973
20844847,113047940
20844847,151123001
20844847,24904075
20844847,57041360
20844847,449588356
20844847,18245664
20844847,1907069815
20844847,83795099
20844847,62442994
20844847,1281405877
20844847,1536791610
20844847,114422199
20844847,63525135
20844847,25567231
20844847,438643630
20844847,23746926
20844847,211269846
20844847,394060363
20844847,24914644
20844847,3010384528
20844847,120236641
20844847,142393421
20844847,3044738957
20844847,160952087
20844847,141084952
20844847,101085539
20844847,22053725
20844847,62513246
20844847,77821953
20844847,1060578475
20844847,119771348
20844847,16681542
20844847,22812734
20844847,75896448
20844847,388388260
20844847,25333609
20844847,712634850
20844847,2745557490
20844847,48289662
20844847,5694822
20844847,5695032
20844847,15460048
20844847,39585367
20844847,18936161
20844847,219294551
20844847,2557022329
20844847,154281550
20844847,2462362993
20844847,535707261
20844847,158313996
20844847,14824411
20844847,20509689
20844847,52422878
20844847,88703900
20844847,1002029826
20844847,2477367753
20844847,1636590253
20844847,160864441
20844847,25073877
20844847,1364930179
20844847,28565356
20844847,460163041
20844847,2803587655
20844847,19659004
20844847,86525622
20844847,319268829
20844847,1468548817
20844847,2164968990
20844847,237742980
20844847,17409452
20844847,14897840
20844847,295248130
20844847,373978904
20844847,607281049
20844847,95721440
20844847,2768501
20844847,8861752
20844847,109328493
20844847,107472906
20844847,70564412
20844847,415585111
20844847,111014684
20844847,500704345
20844847,3087209606
20844847,26281917
20844847,2470621728
20844847,98765275
20844847,27760317
20844847,18583722
20844847,77528520
20844847,2149769419
20844847,83864876
20844847,451586190
20844847,17965523
20844847,2152685876
20844847,259760125
20844847,2994469282
20844847,330251596
20844847,1907570040
20844847,25150711
20844847,908817920
20844847,22945791
20844847,20826460
20844847,2292454922
20844847,21302527
20844847,2445809510
20844847,1281191665
20844847,41784235
20844847,15745368
20844847,2155306010
20844847,2797658511
20844847,247546239
20844847,121816022
20844847,26250599
20844847,3066070240
20844847,1020058453
20844847,29241573
20844847,60693203
20844847,51205137
20844847,1225696320
20844847,103065157
20844847,15010349
20844847,1001987942
20844847,100248020
20844847,61781260
20844847,14291684
20844847,158414847
20844847,1464243415
20844847,1074480192
20844847,3065946430
20844847,217749896
20844847,34570323
20844847,461922813
20844847,158342368
20844847,2330330082
20844847,17895820
20844847,21866939
20844847,38142380
20844847,23022687
20844847,2359926157
20844847,68740712
20844847,16973333
20844847,34655603
20844847,16343974
20844847,15438913
20844847,102707504
20844847,16887175
20844847,2803537338
20844847,20794341
20844847,872352102
20844847,18549724
20844847,744673274
20844847,22384691
20844847,1690412382
20844847,636993074
20844847,499811217
20844847,1480749782
20844847,166507237
20844847,920158884
20844847,110237893
20844847,2902138622
20844847,20063063
20844847,2358382820
20844847,26784152
20844847,2446933160
20844847,393723853
20844847,158044902
20844847,247206957
20844847,83567424
20844847,101002059
20844847,70385068
20844847,490126636
20844847,22428439
20844847,18814998
20844847,69032746
20844847,835290290
20844847,20885390
20844847,2811941773
20844847,20925136
20844847,102998220
20844847,15234407
20844847,20058825
20844847,288785053
20844847,20758416
20844847,2720621997
20844847,14183379
20844847,15764644
20844847,15007149
20844847,1339835893
20844847,165160853
20844847,2369316842
20844847,577466504
20844847,69181624
20844847,24180525
20844847,25390350
20844847,333534411
20844847,102700680
20844847,1963312058
20844847,22007357
20844847,1178944580
20844847,485801262
20844847,1886288324
20844847,124690469
20844847,30360274
20844847,986878273
20844847,572470115
20844847,505605766
20844847,948552829
20844847,1662057727
20844847,2953425352
20844847,614496492
20844847,2288138575
20844847,513708554
20844847,161307853
20844847,364528766
20844847,418590070
20844847,1548317628
20844847,14942445
20844847,21534951
20844847,1640169925
20844847,19650966
20844847,2411221668
20844847,423384542
20844847,137415452
20844847,2526916549
20844847,1704998570
20844847,113387704
20844847,118447967
20844847,1522994466
20844847,350163849
20844847,1019799660
20844847,1039815788
20844847,965741665
20844847,18671165
20844847,169426475
20844847,2253412681
20844847,2288308578
20844847,365088244
20844847,66834664
20844847,53347647
20844847,81838067
20844847,166501881
20844847,20002401
20844847,289420613
20844847,64083835
20844847,68440549
20844847,13353862
20844847,2197487762
20844847,16304487
20844847,121385551
20844847,466014624
20844847,215339628
20844847,33528423
20844847,16639736
20844847,19534873
20844847,17157601
20844847,771943484
20844847,18906561
20844847,22384371
20844847,130472836
20844847,66451963
20844847,73238146
20844847,43963249
20844847,153403071
20844847,14377605
20844847,142894598
20844847,939091
20844847,14995883
20844847,122446921
20844847,21714246
20844847,16380351
20844847,53196604
20844847,1579907330
20844847,19119436
20844847,66168289
20844847,61631963
20844847,166195201
20844847,17593734
20844847,91109236
20844847,66242749
20844847,381969506
20844847,242080654
20844847,19674502
20844847,218812123
20844847,325830217
20844847,133093395
20844847,757303975
20844847,1330457336
20844847,19458590
20844847,27042513
20844847,52551600
20844847,50374439
20844847,1002648740
20844847,418063858
20844847,43169097
20844847,28332028
20844847,16717501
20844847,154578699
20844847,435138492
20844847,88708920
20844847,23424509
20844847,111024989
20844847,92564226
20844847,8460572
20844847,82579388
20844847,2649991
20844847,8350912
20844847,21303235
20844847,1638591642
20844847,38142665
20844847,34294667
20844847,484962664
20844847,104410765
20844847,19639601
20844847,49204865
20844847,16367286
20844847,205315827
20844847,111933542
20844847,14436317
20844847,19003991
20844847,981361302
20844847,539228988
20844847,290762891
20844847,834212389
20844847,14940354
20844847,588928358
20844847,1261765490
20844847,22396478
20844847,89112033
20844847,143835534
20844847,492610857
20844847,21309551
20844847,237241020
20844847,19487287
20844847,55191675
20844847,1383920448
20844847,11424872
20844847,20051350
20844847,145992645
20844847,105082141
20844847,65369125
20844847,16438248
20844847,15110431
20844847,159950527
20844847,366812553
20844847,36480685
20844847,47617770
20844847,472970476
20844847,245848288
20844847,14808226
20844847,1536056996
20844847,194934827
20844847,343447873
20844847,64839766
20844847,54311364
20844847,19722699
20844847,19658826
20844847,177179008
20844847,29913589
20844847,14647570
20844847,460966881
20844847,65365236
20844847,10778572
20844847,249469549
20844847,267761087
20844847,17248121
20844847,283133921
20844847,1345094047
20844847,19923515
20844847,15317822
20844847,470392568
20844847,94438457
20844847,73200172
20844847,15940915
20844847,1526076288
20844847,261252556
20844847,154169973
20844847,1615685677
20844847,156703580
20844847,22760252
20844847,802295798
20844847,70093343
20844847,39710722
20844847,49407637
20844847,14464700
20844847,86326387
20844847,48705055
20844847,85993428
20844847,153810216
20844847,15427776
20844847,314831968
20844847,48144950
20844847,30012883
20844847,24377236
20844847,1622716321
20844847,14856333
20844847,372062572
20844847,507610089
20844847,15678139
20844847,1289327088
20844847,817643168
20844847,123109597
20844847,33154963
20844847,1142859176
20844847,46671396
20844847,254446382
20844847,22176845
20844847,128308837
20844847,80803819
20844847,56361385
20844847,24744541
20844847,21424725
20844847,85377683
20844847,42586014
20844847,1330136803
20844847,361194587
20844847,169431716
20844847,353786894
20844847,429991414
20844847,569858803
20844847,21754872
20844847,45112524
20844847,14607522
20844847,554730384
20844847,21103366
20844847,1522253064
20844847,69172612
20844847,101858534
20844847,18938646
20844847,95178042
20844847,1410372553
20844847,358134245
20844847,460002683
20844847,474112019
20844847,507672047
20844847,21313364
20844847,14341277
20844847,266712846
20844847,784306231
20844847,234053160
20844847,242730842
20844847,17813487
20844847,38823427
20844847,116729780
20844847,21223877
20844847,53879771
20844847,141158796
20844847,1248330691
20844847,48390963
20844847,71583871
20844847,15164565
20844847,35773039
20844847,14338406
20844847,16665516
20844847,234409558
20844847,211194146
20844847,24670390
20844847,11316572
20844847,459138552
20844847,432507102
20844847,224201809
20844847,124450567
20844847,338162588
20844847,178295677
20844847,24727891
20844847,14903044
20844847,105898722
20844847,15615035
20844847,16076796
20844847,126118232
20844847,163836684
20844847,80617430
20844847,27860681
20844847,26538229
20844847,59736898
20844847,25098482
20844847,60024268
20844847,182876615
20844847,241709263
20844847,21391703
20844847,13691622
20844847,21912364
20844847,13382652
20844847,53047484
20844847,54359532
20844847,20517081
20844847,296511906
20844847,34613288
20844847,28162128
20844847,105328660
20844847,17940246
20844847,19277186
20844847,22424763
20844847,113420831
20844847,42626527
20844847,138041655
20844847,295125390
20844847,37786797
20844847,75035726
20844847,82084630
20844847,1139001474
20844847,138749160
20844847,16529640
20844847,18025537
20844847,20164477
20844847,18847469
20844847,20234476
20844847,19285266
20844847,24566469
20844847,12858902
20844847,120176950
20844847,39776107
20844847,21396136
20844847,372163914
20844847,23946350
20844847,23927910
20844847,58816779
20844847,111972548
20844847,596610877
20844847,151058995
20844847,80077721
20844847,198381553
20844847,14346260
20844847,227842297
20844847,2557521
20844847,87036741
20844847,16670996
20844847,25709609
20844847,304909941
20844847,151106990
20844847,65466158
20844847,321924904
20844847,558797310
20844847,57044449
20844847,36329597
20844847,298060273
20844847,18083786
20844847,17813899
20844847,25053299
20844847,29710508
20844847,14800270
20844847,229871590
20844847,18949452
20844847,20562637
20844847,17159484
20844847,466444412
20844847,20954762
20844847,86140730
20844847,21390674
20844847,20667335
20844847,31090827
20844847,14436030
20844847,112523709
20844847,202305160
20844847,19224439
20844847,28097432
20844847,199354750
20844847,15748165
20844847,78139021
20844847,505748969
20844847,269729359
20844847,92002902
20844847,151412125
20844847,111280097
20844847,114729566
20844847,19261460
20844847,15518054
20844847,117876714
20844847,16162149
20844847,18267544
20844847,132476518
20844847,189180763
20844847,24382468
20844847,558572709
20844847,161023696
20844847,89273104
20844847,603884167
20844847,606211203
20844847,41396381
20844847,525208028
20844847,19230601
20844847,130185762
20844847,8159472
20844847,39360648
20844847,789605024
20844847,343627165
20844847,19910429
20844847,229454266
20844847,627673190
20844847,14573900
20844847,452155423
20844847,932429090
20844847,19674652
20844847,104277809
20844847,18213483
20844847,553199157
20844847,14207824
20844847,69231187
20844847,329789735
20844847,823905
20844847,26595569
20844847,1061570058
20844847,290263087
20844847,256675420
20844847,20954885
20844847,16261627
20844847,22503430
20844847,16555985
20844847,106588948
20844847,74422593
20844847,83466368
20844847,21675256
20844847,147745061
20844847,329819402
20844847,25441019
20844847,315779591
20844847,137083758
20844847,16931360
20844847,46571111
20844847,18601763
20844847,1490817636
20844847,15474024
20844847,19113435
20844847,19784606
20844847,22693241
20844847,30699754
20844847,334613389
20844847,210829635
20844847,93819292
20844847,113333147
20844847,74175669
20844847,34361745
20844847,280228974
20844847,45575696
20844847,32626057
20844847,144963652
20844847,16795139
20844847,1559212609
20844847,911000017
20844847,268357486
20844847,24763364
20844847,95048311
20844847,1322622762
20844847,489013362
20844847,161627772
20844847,893406912
20844847,27879498
20844847,205887871
20844847,20780902
20844847,249186003
20844847,28375828
20844847,113328606
20844847,7302282
20844847,409969045
20844847,19409079
20844847,259190375
20844847,458234232
20844847,27668241
20844847,42501345
20844847,19291928
20844847,267220090
20844847,20464600
20844847,14395285
20844847,59276131
20844847,39043814
20844847,125832497
20844847,92297461
20844847,17208703
20844847,19920001
20844847,114755833
20844847,271372111
20844847,485909327
20844847,262688665
20844847,1093090866
20844847,902147334
20844847,1469353958
20844847,3554721
20844847,14055301
20844847,16550480
20844847,17596622
20844847,15639642
20844847,3459051
20844847,21093785
20844847,16153562
20844847,33933259
20844847,50300579
20844847,46003622
20844847,14700316
20844847,20596281
20844847,17137628
20844847,39511166
20844847,20646711
20844847,28986334
20844847,14159148
20844847,382560919
20844847,108247668
20844847,368276033
20844847,23440052
20844847,239172505
20844847,226087776
20844847,69008563
20844847,24871896
20844847,20350081
20844847,91478624
20844847,50393960
20844847,710064516
20844847,259348780
20844847,23640660
20844847,19921389
20844847,444838837
20844847,71843505
20844847,50287595
20844847,38164846
20844847,835230594
20844847,21204154
20844847,18730195
20844847,392583495
20844847,61804151
20844847,16664803
20844847,17306424
20844847,158487331
20844847,7996522
20844847,19875072
20844847,290061912
20844847,601031921
20844847,31127446
20844847,50011708
20844847,9624742
20844847,48132847
20844847,17524108
20844847,56061098
20844847,624413
20844847,265902729
20844847,122009091
20844847,70186440
20844847,16525183
20844847,19527964
20844847,147017457
20844847,1994321
20844847,264896706
20844847,1432977446
20844847,186386857
20844847,122994639
20844847,336218991
20844847,49702592
20844847,19489239
20844847,12837932
20844847,15966014
20844847,14384894
20844847,209780362
20844847,63692643
20844847,93131556
20844847,278691695
20844847,14049145
20844847,15723281
20844847,870161684
20844847,17990493
20844847,26057917
20844847,49195175
20844847,407137170
20844847,16007312
20844847,112236047
20844847,112242274
20844847,19407053
20844847,17158140
20844847,19455864
20844847,23780652
20844847,29484644
20844847,147649517
20844847,87271106
20844847,120233868
20844847,47455112
20844847,123327472
20844847,126722715
20844847,184584860
20844847,168674628
20844847,91386979
20844847,18194990
20844847,166128698
20844847,69324201
20844847,34713362
20844847,67358777
20844847,21287076
20844847,20402945
20844847,19024850
20844847,21114659
20844847,17469492
20844847,81107529
20844847,46625755
20844847,21332200
20844847,42869268
20844847,80473367
20844847,1444380402
20844847,26792275
20844847,15220473
20844847,20713061
20844847,107122128
20844847,28407958
20844847,590316679
20844847,21044208
20844847,1143472657
20844847,214413743
20844847,291792721
20844847,16350198
20844847,17827029
20844847,121176422
20844847,251561200
20844847,59472131
20844847,38709313
20844847,198618575
20844847,399891012
20844847,17675072
20844847,300868924
20844847,126978294
20844847,15723290
20844847,32429400
20844847,157981564
20844847,181888506
20844847,100840734
20844847,360857182
20844847,78085410
20844847,69255422
20844847,14437914
20844847,15754281
20844847,16664681
20844847,21182676
20844847,86141342
20844847,17063215
20844847,14173315
20844847,2097571
20844847,20766350
20844847,22425307
20844847,82322622
20844847,70001932
20844847,8457092
20844847,267939430
20844847,90636188
20844847,407138292
20844847,20600235
20844847,56839088
20844847,327591794
20844847,86140515
20844847,86740435
20844847,19136302
20844847,634011027
20844847,1104993516
20844847,27308256
20844847,309260821
20844847,328980753
20844847,26486870
20844847,24590293
20844847,771383605
20844847,1316622164
20844847,21389998
20844847,16589206
20844847,158884669
20844847,16076032
20844847,205392468
20844847,1059194370
20844847,125601462
20844847,380648579
20844847,202792190
20844847,26864054
20844847,727305176
20844847,588756588
20844847,881346834
20844847,16031536
20844847,20071863
20844847,569695335
20844847,15155640
20844847,14746456
20844847,16211434
20844847,75369741
20844847,534798834
20844847,1152395118
20844847,277120302
20844847,294314769
20844847,8940342
20844847,42015049
20844847,612331433
20844847,7109022
20844847,19713622
20844847,15966494
20844847,17980026
20844847,17624959
20844847,32201563
20844847,16838962
20844847,24586830
20844847,492288571
20844847,327165636
20844847,73666040
20844847,22924012
20844847,41159876
20844847,248505587
20844847,80016395
20844847,16439573
20844847,8728392
20844847,385473825
20844847,422965808
20844847,537099235
20844847,159655293
20844847,30684725
20844847,949041
20844847,564028464
20844847,14677919
20844847,2467791
20844847,213745334
20844847,87818409
20844847,173420809
20844847,213969309
20844847,48742856
20844847,17706421
20844847,15723933
20844847,251716551
20844847,344801362
20844847,216264820
20844847,18758902
20844847,16808626
20844847,96951800
20844847,112764971
20844847,58531272
20844847,90836187
20844847,19391470
20844847,139092348
20844847,139556944
20844847,485511296
20844847,82831947
20844847,17329538
20844847,65187067
20844847,216642820
20844847,288333760
20844847,14836197
20844847,259925559
20844847,42220353
20844847,297380894
20844847,376819013
20844847,124139163
20844847,344634424
20844847,1337785291
20844847,1530187579
20844847,382083907
20844847,143742312
20844847,25535042
20844847,9459622
20844847,18803751
20844847,87460291
20844847,271028583
20844847,22139698
20844847,19472578
20844847,15391102
20844847,19394887
20844847,103865085
20844847,21436960
20844847,75069067
20844847,18600155
20844847,282282694
20844847,19802879
20844847,30070288
20844847,34889448
20844847,161801527
20844847,9317502
20844847,8110402
20844847,511986476
20844847,8189252
20844847,9317652
20844847,14594813
20844847,78502161
20844847,115044590
20844847,183074728
20844847,454843106
20844847,225001330
20844847,68674747
20844847,50982086
20844847,304287573
20844847,232855418
20844847,728031373
20844847,587841789
20844847,218148412
20844847,50055701
20844847,304329674
20844847,27764255
20844847,182721799
20844847,105830515
20844847,119705612
20844847,405123394
20844847,395388847
20844847,21783395
20844847,19488569
20844847,88718227
20844847,17087162
20844847,19686295
20844847,70235774
20844847,19863224
20844847,88716843
20844847,43869790
20844847,93230391
20844847,505089852
20844847,97488105
20844847,34352191
20844847,43865255
20844847,121167080
20844847,596940844
20844847,20448566
20844847,326516279
20844847,175083215
20844847,16631693
20844847,224223563
20844847,38977171
20844847,218653131
20844847,70349639
20844847,155659213
20844847,22460658
20844847,54015652
20844847,196994616
20844847,123754656
20844847,41632141
20844847,76640424
20844847,23694165
20844847,88062752
20844847,18055408
20844847,8628562
20844847,24042063
20844847,20740074
20844847,24241544
20844847,213748513
20844847,150677740
20844847,21066857
20844847,17595890
20844847,22905057
20844847,22948591
20844847,22780877
20844847,20163851
20844847,29186200
20844847,226531436
20844847,63136550
20844847,20560841
20844847,381021987
20844847,149295386
20844847,65039524
20844847,277495114
20844847,226804803
20844847,71294756
20844847,18295206
20844847,97190801
20844847,108265622
20844847,183201869
20844847,28593180
20844847,102789583
20844847,23575595
20844847,213796133
20844847,19038395
20844847,36047098
20844847,18460171
20844847,26757305
20844847,283038024
20844847,22910295
20844847,100339264
20844847,156201765
20844847,85088448
20844847,201371124
20844847,23816051
20844847,244541940
20844847,19929729
20844847,252753618
20844847,83242060
20844847,153067700
20844847,131574396
20844847,78690315
20844847,14602208
20844847,16854780
20844847,4970411
20844847,22903765
20844847,21138477
20844847,19910996
20844847,20712514
20844847,15005991
20844847,104205059
20844847,34076997
20844847,225190968
20844847,23585685
20844847,51241574
20844847,94081671
20844847,40019154
20844847,13479052
20844847,22677822
20844847,20380673
20844847,19002680
20844847,15095537
20844847,138372303
20844847,140070953
20844847,142261464
20844847,138388408
20844847,153606153
20844847,148766863
20844847,34942094
20844847,19706280
20844847,20515682
20844847,19980499
20844847,21324165
20844847,83972205
20844847,19583545
20844847,46969723
20844847,86233091
20844847,116240707
20844847,15410226
20844847,126805379
20844847,115485051
20844847,113651070
20844847,18944007
20844847,14842285
20844847,101349999
20844847,123068546
20844847,99867320
20844847,67705966
20844847,30104082
20844847,7540212
20844847,20856282
20844847,49468514
20844847,109312635
20844847,41134115
20844847,110484017
20844847,42392769
20844847,89460134
20844847,14571755
20844847,19491657
20844847,20609518
20844847,19968167
20844847,44373112
20844847,42476895
20844847,19044557
20844847,31237480
20844847,21098134
20844847,14562164
20844847,14562960
20844847,19525491
20844847,32873023
20844847,27038397
20844847,10159762
20844847,59600093
20844847,21746788
20844847,27443744
20844847,50115087
20844847,18882058
20844847,21495291
20844847,17745219
20844847,27935844
20844847,112847603
20844847,14262811
20844847,819800
20844847,19034835
20844847,8216772
20844847,22134758
20844847,16951979
20844847,19026567
20844847,17163446
20844847,17655568
20844847,16309612
20844847,17243213
20844847,37146259
20844847,20112319
20844847,17217393
20844847,14078808
20844847,42197910
20844847,68722968
20844847,17850012
20844847,64614569
20844847,20236477
20844847,25333526
20844847,18872880
20844847,16688788
20844847,27330186
20844847,18045913
20844847,98410453
20844847,6519522
20844847,19562986
20844847,14208199
20844847,15935242
20844847,50452226
20844847,19397785
20844847,23584173
20844847,20876496
20844847,36592815
20844847,34395357
20844847,39776616
20844847,17084160
20844847,39736773
20844847,71922638
20844847,45880390
20844847,31496702
20844847,22208238
20844847,14120151
20844847,30078112
20844847,8662472
20844847,19314019
20844847,26276346
20844847,20311818
20844847,14766090
20844847,19584222
20844847,15185848
20844847,28135695
20844847,28148863
20844847,14956712
20844847,29179592
20844847,61193412
20844847,2677731
20844847,67291976
20844847,100630788
20844847,19896045
20844847,70929443
20844847,19903099
20844847,66740930
20844847,16804762
20844847,50137023
20844847,36321317
20844847,47581434
20844847,23090716
20844847,78323166
20844847,14872237
20844847,10842792
20844847,1367531
20844847,43192807
20844847,14502789
20844847,20479813
20844847,28785486
20844847,16814640
20844847,14857290
20844847,90320997
20844847,76652278
20844847,21510894
20844847,71560422
20844847,56405421
20844847,69712872
20844847,49933971
20844847,76602602
20844847,59813089
20844847,20583613
20844847,19186180
20844847,34372438
20844847,19180060
20844847,19983964
20844847,20443807
20844847,90934591
20844847,16029780
20844847,17463923
20844847,5953552
20844847,15962096
20844847,16666847
20844847,72253501
20844847,74193712
20844847,52715607
20844847,66153685
20844847,15391813
20844847,22259556
20844847,92326135
20844847,8161232
20844847,91623867
20844847,91605181
20844847,87548937
20844847,47463910
20844847,20351482
20844847,85302575
20844847,56666567
20844847,59749513
20844847,26233594
20844847,70981162
20844847,14176375
20844847,28723984
20844847,22608463
20844847,14758257
20844847,75616545
20844847,29077072
20844847,25524832
20844847,21648020
20844847,30362529
20844847,18060324
20844847,3943871
20844847,20994869
20844847,17411980
20844847,17006157
20844847,17899109
20844847,50751556
20844847,14115148
20844847,28297965
20844847,19977449
20844847,26235265
20844847,26355886
20844847,58231209
20844847,50696017
20844847,23242124
20844847,41878061
20844847,60916506
20844847,18761347
20844847,25982907
20844847,16569045
20844847,19712523
20844847,17884125
20844847,49781518
20844847,43901270
20844847,16465385
20844847,17953384
20844847,62850110
20844847,36654027
20844847,17842366
20844847,52782073
20844847,7789612
20844847,19247625
20844847,19334929
20844847,48459607
20844847,17781576
20844847,27698733
20844847,65048966
20844847,27472130
20844847,11819792
20844847,20676778
20844847,62135992
20844847,60866683
20844847,63110046
20844847,18679659
20844847,33470029
20844847,56634176
20844847,5120691
20844847,14361155
20844847,36082429
20844847,17308753
20844847,12397052
20844847,1652541
20844847,14497313
20844847,48631668
20844847,14511951
20844847,6107422
20844847,3108351
20844847,7587032
20844847,19206794
20844847,742143
20844847,10221592
20844847,10767732
20844847,11348282
20844847,14765253
20844847,55882657
20844847,14975487
20844847,54341363
20844847,6865052
20844847,14519038
20844847,36042554
20844847,19526463
20844847,21050953
20844847,15683146
20844847,19083439
20844847,18904973
20844847,807095
20844847,36159809
20844847,15918708
20844847,29224401
20844847,9300262
20844847,17546958
20844847,18783599
20844847,14499829
20844847,2884771
20844847,7047
20844847,19033555
20844847,20843014
20844847,15030767
20844847,14353202
20844847,18212997
20844847,20586517
20844847,759251
20844847,23263743
20844847,2561091
20844847,21492030
20844847,17471979
20844847,19973332
20844847,42011097
20844847,12026062
20844847,28966604
20844847,34996429
20844847,46758205
20844847,16171953
20844847,25657017
20844847,19337148
20844847,24153400
20844847,18764854
20844847,18717426
20844847,19405367
20844847,14803701
20844847,17623816
20844847,19889294
20844847,16727535
20844847,19334346
20844847,17715048
20844847,20884910
20844847,18678493
20844847,35779304
20844847,20809515
20844847,17693232
20844847,19019970
20844847,26017256
20844847,5520952
20844847,17413907
20844847,19024453
20844847,21112266
20844847,14333754
20844847,17624543
20844847,12044602
20844847,26589987
20844847,14123683
20844847,7996082
20844847,21856254
20844847,14099719
20844847,14099695
20844847,14293310
20844847,15392221
20844847,15012486
20844847,19663485
20844847,21905142
20844847,36412963
20844847,13
20844847,14662354
20844847,15067830
20844847,5402612
20844847,21707734
20844847,6017542
20844847,19248117
20844847,34423857
20844847,22904901
20844847,21456666
20844847,21195865
20844847,19814175
20844847,813286
20844847,3373791
20844847,20781929
20844847,18135386
20844847,19264748
20844847,21856114
20844847,21390437
20844847,16451028
20844847,19265059
20844847,5988062
20844847,16202270
20844847,8665852
20844847,14548211
20844847,10464872
20844847,17311493
20844847,17220934
20844847,19394188
20844847,783214
20844847,14224719
20844847,3703686856
20844847,157068161
20844847,2936185708
20844847,231703688
20844847,1375176085
20844847,4514934989
20844847,903820338
20844847,1903755174
20844847,18267548
20844847,2650413864
20844847,1900338114
20844847,23125257
20844847,27293869
20844847,44706837
20844847,60783724
20844847,153004670
20844847,283546868
20844847,3240699140
20844847,14594698
20844847,21612965
20844847,2754268514
20844847,1702134540
20844847,1272263407
20844847,342227411
20844847,163138175
20844847,2601973244
20844847,39764991
20844847,19386622
20844847,3302900980
20844847,79292795
20844847,86056816
20844847,4353234441
20844847,619222298
20844847,44725405
20844847,39867990
20844847,596903657
20844847,27073252
20844847,1599426487
20844847,2182488572
20844847,3395758462
20844847,3000689234
20844847,23756134
20844847,426159377
20844847,253167239
20844847,27707080
20844847,110302086
20844847,1292292907
20844847,231392190
20844847,401495432
20844847,244152633
20844847,212019800
20844847,1412275207
20844847,797759970
20844847,125398209
20844847,42853269
20844847,862522830
20844847,189948728
20844847,44196397
20844847,14755492
20844847,21071916
20844847,85289376
20844847,2330084442
20844847,594096575
20844847,297068288
20844847,470099591
20844847,2321891696
20844847,34743251
20844847,904525903
20844847,725856415
20844847,32861321
20844847,242821851
20844847,233978509
20844847,1041888200
20844847,259649352
20844847,3806134157
20844847,250884927
20844847,85862615
20844847,18935802
20844847,503250806
20844847,71903005
20844847,15506669
20844847,19834403
20844847,618300542
20844847,3354716399
20844847,1510759903
20844847,37567936
20844847,11904592
20844847,71016845
20844847,573013612
20844847,25067168
20844847,242000903
20844847,19292033
20844847,16734909
20844847,2162394450
20844847,112694236
20844847,104952689
20844847,45873754
20844847,18856867
20844847,32002507
20844847,39275966
20844847,98727619
20844847,19028805
20844847,108994652
20844847,31869934
20844847,284066524
20844847,260027237
20844847,3012469491
20844847,2989296281
20844847,393944041
20844847,397938481
20844847,3523814716
20844847,4171164160
20844847,1567883149
20844847,46809809
20844847,3334453671
20844847,169963553
20844847,1400804851
20844847,390973130
20844847,83696895
20844847,219275799
20844847,282203918
20844847,76196543
20844847,4439526928
20844847,80136311
20844847,35778170
20844847,24900072
20844847,23922797
20844847,2890528054
20844847,856148305
20844847,2438273430
20844847,313743136
20844847,14980721
20844847,166186963
20844847,400152210
20844847,60877603
20844847,112411597
20844847,44900997
20844847,4157408788
20844847,42434332
20844847,62917505
20844847,520449734
20844847,47120224
20844847,16435865
20844847,1895388408
20844847,372232906
20844847,38823312
20844847,40900410
20844847,18762875
20844847,148373842
20844847,15896580
20844847,4276176449
20844847,1128071294
20844847,803468
20844847,98639150
20844847,4068347835
20844847,85243004
20844847,1134736518
20844847,17810978
20844847,22799750
20844847,92544900
20844847,111689606
20844847,21461359
20844847,20522862
20844847,417419122
20844847,118713871
20844847,69480815
20844847,2796601847
20844847,18847632
20844847,322603418
20844847,2729728908
20844847,3483917657
20844847,20957688
20844847,39032332
20844847,76025669
20844847,6754922
20844847,7682502
20844847,17169453
20844847,17614849
20844847,14163474
20844847,133663801
20844847,46479088
20844847,394110651
20844847,1117046706
20844847,22695694
20844847,1026776906
20844847,20627896
20844847,17214382
20844847,89784280
20844847,24452293
20844847,367086404
20844847,334984455
20844847,23455730
20844847,3395647805
20844847,112150907
20844847,86439519
20844847,42694642
20844847,42274437
20844847,615274676
20844847,21894812
20844847,2388477227
20844847,2371058245
20844847,41814169
20844847,3395514262
20844847,14371600
20844847,295325513
20844847,102773210
20844847,23011527
20844847,17173144
20844847,117655609
20844847,1650006991
20844847,348706127
20844847,20058846
20844847,2887030553
20844847,362557435
20844847,33235771
20844847,240629853
20844847,1106456918
20844847,36339032
20844847,92606990
20844847,14260960
20844847,1456140842
20844847,1181060828
20844847,1451773004
20844847,21817509
20844847,309354659
20844847,133640329
20844847,427958206
20844847,22587869
20844847,3397209695
20844847,997834628
20844847,63422408
20844847,38233967
20844847,20532031
20844847,75742264
20844847,20511502
20844847,19944166
20844847,14946308
20844847,20100378
20844847,2155215398
20844847,367709007
20844847,14529929
20844847,1469402426
20844847,287481613
20844847,24688868
20844847,1362132925
20844847,1252917283
20844847,32493647
20844847,305073570
20844847,89043072
20844847,1870946142
20844847,583938358
20844847,1485248274
20844847,1253961234
20844847,431773266
20844847,44169953
20844847,236526490
20844847,187559314
20844847,25690886
20844847,87457811
20844847,3407923774
20844847,23683605
20844847,2195671183
20844847,39319001
20844847,74286565
20844847,19709089
20844847,85908999
20844847,1375174657
20844847,19564284
20844847,955063303
20844847,608167078
20844847,19490380
20844847,360230512
20844847,17676713
20844847,3422617395
20844847,311643818
20844847,3438151096
20844847,60308942
20844847,64498695
20844847,3402846189
20844847,22321740
20844847,761801714
20844847,46335511
20844847,19606528
20844847,18036441
20844847,35213474
20844847,142718690
20844847,19339460
20844847,18754776
20844847,3093529939
20844847,2916305152
20844847,38950120
20844847,77540948
20844847,36364025
20844847,2617471956
20844847,53112612
20844847,18257408
20844847,1304538308
20844847,1163551304
20844847,124826748
20844847,3224616765
20844847,633794939
20844847,205622130
20844847,153810519
20844847,47813521
20844847,932196612
20844847,1404590618
20844847,17469289
20844847,137255482
20844847,216881337
20844847,222157159
20844847,19983221
20844847,33989170
20844847,8105922
20844847,9633802
20844847,14834302
20844847,19415798
20844847,26266891
20844847,327577091
20844847,8886812
20844847,3014161417
20844847,156016878
20844847,3545633535
20844847,1345580348
20844847,3091150576
20844847,80420574
20844847,161240495
20844847,29442313
20844847,216776631
20844847,257232222
20844847,245320407
20844847,17092381
20844847,258157507
20844847,21802625
20844847,18991439
20844847,15946752
20844847,1638021792
20844847,5490392
20844847,2645325126
20844847,2326857668
20844847,2709190700
20844847,332617373
20844847,15661887
20844847,117777690
20844847,89787662
20844847,501861132
20844847,34312259
20844847,40551290
20844847,14857525
20844847,16434826
20844847,65691824
20844847,155909582
20844847,214821759
20844847,44950782
20844847,1180379185
20844847,19103481
20844847,53149244
20844847,107078762
20844847,23572083
20844847,29873477
20844847,16075573
20844847,823005493
20844847,17325090
20844847,3376281958
20844847,427885919
20844847,18248948
20844847,2435310141
20844847,15973392
20844847,125071209
20844847,3143365889
20844847,3199745237
20844847,2372379259
20844847,21007030
20844847,22138134
20844847,87476737
20844847,2837919371
20844847,19811190
20844847,40872043
20844847,17152053
20844847,14461814
20844847,588596248
20844847,1581289837
20844847,138141969
20844847,229139732
20844847,19133738
20844847,177137867
20844847,236347294
20844847,37910288
20844847,793913496
20844847,2172007404
20844847,18839785
20844847,1960825746
20844847,1082745968
20844847,3138341447
20844847,2969760609
20844847,186009251
20844847,174586205
20844847,1391776140
20844847,15508395
20844847,191033632
20844847,118204606
20844847,112785317
20844847,449033066
20844847,25836321
20844847,3331410485
20844847,21417835
20844847,2704425999
20844847,1533588679
20844847,15817213
20844847,74453123
20844847,1252764865
20844847,25983654
20844847,1290919580
20844847,24797315
20844847,15224867
20844847,19368263
20844847,291952825
20844847,65322179
20844847,42183750
20844847,2566535282
20844847,243716026
20844847,2790802182
20844847,80024060
20844847,2836421
20844847,187965811
20844847,3326733263
20844847,138717046
20844847,410070653
20844847,3306601618
20844847,20840441
20844847,372182708
20844847,1723745084
20844847,26073581
20844847,2789277667
20844847,472335341
20844847,285378972
20844847,2461075736
20844847,118680576
20844847,14157134
20844847,453030125
20844847,155954125
20844847,15084853
20844847,3239192692
20844847,23922814
20844847,1192644307
20844847,239767060
20844847,188736341
20844847,437432006
20844847,31432492
20844847,77444951
20844847,330575788
20844847,1322420269
20844847,2653613168
20844847,2977900810
20844847,3107939188
20844847,137253079
20844847,546704966
20844847,2831859546
20844847,2550023839
20844847,103550271
20844847,129799216
20844847,3131340599
20844847,13201312
20844847,16958346
20844847,38146999
20844847,243236419
20844847,29422232
20844847,36048614
20844847,65103501
20844847,1150722620
20844847,1118521
20844847,87645208
20844847,68999404
20844847,58244743
20844847,2306281370
20844847,3233626836
20844847,377079834
20844847,1903382054
20844847,223406334
20844847,454862443
20844847,331893639
20844847,7401202
20844847,334105990
20844847,39056314
20844847,927783252
20844847,1674277502
20844847,283523828
20844847,487118986
20844847,21016479
20844847,73788780
20844847,7847192
20844847,19900973
20844847,113047940
20844847,151123001
20844847,24904075
20844847,57041360
20844847,449588356
20844847,18245664
20844847,1907069815
20844847,83795099
20844847,62442994
20844847,1281405877
20844847,1536791610
20844847,114422199
20844847,63525135
20844847,25567231
20844847,438643630
20844847,23746926
20844847,211269846
20844847,394060363
20844847,24914644
20844847,3010384528
20844847,120236641
20844847,142393421
20844847,3044738957
20844847,160952087
20844847,141084952
20844847,101085539
20844847,22053725
20844847,62513246
20844847,77821953
20844847,1060578475
20844847,119771348
20844847,16681542
20844847,22812734
20844847,75896448
20844847,388388260
20844847,25333609
20844847,712634850
20844847,2745557490
20844847,48289662
20844847,5694822
20844847,5695032
20844847,15460048
20844847,39585367
20844847,18936161
20844847,219294551
20844847,2557022329
20844847,154281550
20844847,2462362993
20844847,535707261
20844847,158313996
20844847,14824411
20844847,20509689
20844847,52422878
20844847,88703900
20844847,1002029826
20844847,2477367753
20844847,1636590253
20844847,160864441
20844847,25073877
20844847,1364930179
20844847,28565356
20844847,460163041
20844847,2803587655
20844847,19659004
20844847,86525622
20844847,319268829
20844847,1468548817
20844847,2164968990
20844847,237742980
20844847,17409452
20844847,14897840
20844847,295248130
20844847,373978904
20844847,607281049
20844847,95721440
20844847,2768501
20844847,8861752
20844847,109328493
20844847,107472906
20844847,70564412
20844847,415585111
20844847,111014684
20844847,500704345
20844847,3087209606
20844847,26281917
20844847,2470621728
20844847,98765275
20844847,27760317
20844847,18583722
20844847,77528520
20844847,2149769419
20844847,83864876
20844847,451586190
20844847,17965523
20844847,2152685876
20844847,259760125
20844847,2994469282
20844847,330251596
20844847,1907570040
20844847,25150711
20844847,908817920
20844847,22945791
20844847,20826460
20844847,2292454922
20844847,21302527
20844847,2445809510
20844847,1281191665
20844847,41784235
20844847,15745368
20844847,2155306010
20844847,2797658511
20844847,247546239
20844847,121816022
20844847,26250599
20844847,3066070240
20844847,1020058453
20844847,29241573
20844847,60693203
20844847,51205137
20844847,1225696320
20844847,103065157
20844847,15010349
20844847,1001987942
20844847,100248020
20844847,61781260
20844847,14291684
20844847,158414847
20844847,1464243415
20844847,1074480192
20844847,3065946430
20844847,217749896
20844847,34570323
20844847,461922813
20844847,158342368
20844847,2330330082
20844847,17895820
20844847,21866939
20844847,38142380
20844847,23022687
20844847,2359926157
20844847,68740712
20844847,16973333
20844847,34655603
20844847,16343974
20844847,15438913
20844847,102707504
20844847,16887175
20844847,2803537338
20844847,20794341
20844847,872352102
20844847,18549724
20844847,744673274
20844847,22384691
20844847,1690412382
20844847,636993074
20844847,499811217
20844847,1480749782
20844847,166507237
20844847,920158884
20844847,110237893
20844847,2902138622
20844847,20063063
20844847,2358382820
20844847,26784152
20844847,2446933160
20844847,393723853
20844847,158044902
20844847,247206957
20844847,83567424
20844847,101002059
20844847,70385068
20844847,490126636
20844847,22428439
20844847,18814998
20844847,69032746
20844847,835290290
20844847,20885390
20844847,2811941773
20844847,20925136
20844847,102998220
20844847,15234407
20844847,20058825
20844847,288785053
20844847,20758416
20844847,2720621997
20844847,14183379
20844847,15764644
20844847,15007149
20844847,1339835893
20844847,165160853
20844847,2369316842
20844847,577466504
20844847,69181624
20844847,24180525
20844847,25390350
20844847,333534411
20844847,102700680
20844847,1963312058
20844847,22007357
20844847,1178944580
20844847,485801262
20844847,1886288324
20844847,124690469
20844847,30360274
20844847,986878273
20844847,572470115
20844847,505605766
20844847,948552829
20844847,1662057727
20844847,2953425352
20844847,614496492
20844847,2288138575
20844847,513708554
20844847,161307853
20844847,364528766
20844847,418590070
20844847,1548317628
20844847,14942445
20844847,21534951
20844847,1640169925
20844847,19650966
20844847,2411221668
20844847,423384542
20844847,137415452
20844847,2526916549
20844847,1704998570
20844847,113387704
20844847,118447967
20844847,1522994466
20844847,350163849
20844847,1019799660
20844847,1039815788
20844847,965741665
20844847,18671165
20844847,169426475
20844847,2253412681
20844847,2288308578
20844847,365088244
20844847,66834664
20844847,53347647
20844847,81838067
20844847,166501881
20844847,20002401
20844847,289420613
20844847,64083835
20844847,68440549
20844847,13353862
20844847,2197487762
20844847,16304487
20844847,121385551
20844847,466014624
20844847,215339628
20844847,33528423
20844847,16639736
20844847,19534873
20844847,17157601
20844847,771943484
20844847,18906561
20844847,22384371
20844847,130472836
20844847,66451963
20844847,73238146
20844847,43963249
20844847,153403071
20844847,14377605
20844847,142894598
20844847,939091
20844847,14995883
20844847,122446921
20844847,21714246
20844847,16380351
20844847,53196604
20844847,1579907330
20844847,19119436
20844847,66168289
20844847,61631963
20844847,166195201
20844847,17593734
20844847,91109236
20844847,66242749
20844847,381969506
20844847,242080654
20844847,19674502
20844847,218812123
20844847,325830217
20844847,133093395
20844847,757303975
20844847,1330457336
20844847,19458590
20844847,27042513
20844847,52551600
20844847,50374439
20844847,1002648740
20844847,418063858
20844847,43169097
20844847,28332028
20844847,16717501
20844847,154578699
20844847,435138492
20844847,88708920
20844847,23424509
20844847,111024989
20844847,92564226
20844847,8460572
20844847,82579388
20844847,2649991
20844847,8350912
20844847,21303235
20844847,1638591642
20844847,38142665
20844847,34294667
20844847,484962664
20844847,104410765
20844847,19639601
20844847,49204865
20844847,16367286
20844847,205315827
20844847,111933542
20844847,14436317
20844847,19003991
20844847,981361302
20844847,539228988
20844847,290762891
20844847,834212389
20844847,14940354
20844847,588928358
20844847,1261765490
20844847,22396478
20844847,89112033
20844847,143835534
20844847,492610857
20844847,21309551
20844847,237241020
20844847,19487287
20844847,55191675
20844847,1383920448
20844847,11424872
20844847,20051350
20844847,145992645
20844847,105082141
20844847,65369125
20844847,16438248
20844847,15110431
20844847,159950527
20844847,366812553
20844847,36480685
20844847,47617770
20844847,472970476
20844847,245848288
20844847,14808226
20844847,1536056996
20844847,194934827
20844847,343447873
20844847,64839766
20844847,54311364
20844847,19722699
20844847,19658826
20844847,177179008
20844847,29913589
20844847,14647570
20844847,460966881
20844847,65365236
20844847,10778572
20844847,249469549
20844847,267761087
20844847,17248121
20844847,283133921
20844847,1345094047
20844847,19923515
20844847,15317822
20844847,470392568
20844847,94438457
20844847,73200172
20844847,15940915
20844847,1526076288
20844847,261252556
20844847,154169973
20844847,1615685677
20844847,156703580
20844847,22760252
20844847,802295798
20844847,70093343
20844847,39710722
20844847,49407637
20844847,14464700
20844847,86326387
20844847,48705055
20844847,85993428
20844847,153810216
20844847,15427776
20844847,314831968
20844847,48144950
20844847,30012883
20844847,24377236
20844847,1622716321
20844847,14856333
20844847,372062572
20844847,507610089
20844847,15678139
20844847,1289327088
20844847,817643168
20844847,123109597
20844847,33154963
20844847,1142859176
20844847,46671396
20844847,254446382
20844847,22176845
20844847,128308837
20844847,80803819
20844847,56361385
20844847,24744541
20844847,21424725
20844847,85377683
20844847,42586014
20844847,1330136803
20844847,361194587
20844847,169431716
20844847,353786894
20844847,429991414
20844847,569858803
20844847,21754872
20844847,45112524
20844847,14607522
20844847,554730384
20844847,21103366
20844847,1522253064
20844847,69172612
20844847,101858534
20844847,18938646
20844847,95178042
20844847,1410372553
20844847,358134245
20844847,460002683
20844847,474112019
20844847,507672047
20844847,21313364
20844847,14341277
20844847,266712846
20844847,784306231
20844847,234053160
20844847,242730842
20844847,17813487
20844847,38823427
20844847,116729780
20844847,21223877
20844847,53879771
20844847,141158796
20844847,1248330691
20844847,48390963
20844847,71583871
20844847,15164565
20844847,35773039
20844847,14338406
20844847,16665516
20844847,234409558
20844847,211194146
20844847,24670390
20844847,11316572
20844847,459138552
20844847,432507102
20844847,224201809
20844847,124450567
20844847,338162588
20844847,178295677
20844847,24727891
20844847,14903044
20844847,105898722
20844847,15615035
20844847,16076796
20844847,126118232
20844847,163836684
20844847,80617430
20844847,27860681
20844847,26538229
20844847,59736898
20844847,25098482
20844847,60024268
20844847,182876615
20844847,241709263
20844847,21391703
20844847,13691622
20844847,21912364
20844847,13382652
20844847,53047484
20844847,54359532
20844847,20517081
20844847,296511906
20844847,34613288
20844847,28162128
20844847,105328660
20844847,17940246
20844847,19277186
20844847,22424763
20844847,113420831
20844847,42626527
20844847,138041655
20844847,295125390
20844847,37786797
20844847,75035726
20844847,82084630
20844847,1139001474
20844847,138749160
20844847,16529640
20844847,18025537
20844847,20164477
20844847,18847469
20844847,20234476
20844847,19285266
20844847,24566469
20844847,12858902
20844847,120176950
20844847,39776107
20844847,21396136
20844847,372163914
20844847,23946350
20844847,23927910
20844847,58816779
20844847,111972548
20844847,596610877
20844847,151058995
20844847,80077721
20844847,198381553
20844847,14346260
20844847,227842297
20844847,2557521
20844847,87036741
20844847,16670996
20844847,25709609
20844847,304909941
20844847,151106990
20844847,65466158
20844847,321924904
20844847,558797310
20844847,57044449
20844847,36329597
20844847,298060273
20844847,18083786
20844847,17813899
20844847,25053299
20844847,29710508
20844847,14800270
20844847,229871590
20844847,18949452
20844847,20562637
20844847,17159484
20844847,466444412
20844847,20954762
20844847,86140730
20844847,21390674
20844847,20667335
20844847,31090827
20844847,14436030
20844847,112523709
20844847,202305160
20844847,19224439
20844847,28097432
20844847,199354750
20844847,15748165
20844847,78139021
20844847,505748969
20844847,269729359
20844847,92002902
20844847,151412125
20844847,111280097
20844847,114729566
20844847,19261460
20844847,15518054
20844847,117876714
20844847,16162149
20844847,18267544
20844847,132476518
20844847,189180763
20844847,24382468
20844847,558572709
20844847,161023696
20844847,89273104
20844847,603884167
20844847,606211203
20844847,41396381
20844847,525208028
20844847,19230601
20844847,130185762
20844847,8159472
20844847,39360648
20844847,789605024
20844847,343627165
20844847,19910429
20844847,229454266
20844847,627673190
20844847,14573900
20844847,452155423
20844847,932429090
20844847,19674652
20844847,104277809
20844847,18213483
20844847,553199157
20844847,14207824
20844847,69231187
20844847,329789735
20844847,823905
20844847,26595569
20844847,1061570058
20844847,290263087
20844847,256675420
20844847,20954885
20844847,16261627
20844847,22503430
20844847,16555985
20844847,106588948
20844847,74422593
20844847,83466368
20844847,21675256
20844847,147745061
20844847,329819402
20844847,25441019
20844847,315779591
20844847,137083758
20844847,16931360
20844847,46571111
20844847,18601763
20844847,1490817636
20844847,15474024
20844847,19113435
20844847,19784606
20844847,22693241
20844847,30699754
20844847,334613389
20844847,210829635
20844847,93819292
20844847,113333147
20844847,74175669
20844847,34361745
20844847,280228974
20844847,45575696
20844847,32626057
20844847,144963652
20844847,16795139
20844847,1559212609
20844847,911000017
20844847,268357486
20844847,24763364
20844847,95048311
20844847,1322622762
20844847,489013362
20844847,161627772
20844847,893406912
20844847,27879498
20844847,205887871
20844847,20780902
20844847,249186003
20844847,28375828
20844847,113328606
20844847,7302282
20844847,409969045
20844847,19409079
20844847,259190375
20844847,458234232
20844847,27668241
20844847,42501345
20844847,19291928
20844847,267220090
20844847,20464600
20844847,14395285
20844847,59276131
20844847,39043814
20844847,125832497
20844847,92297461
20844847,17208703
20844847,19920001
20844847,114755833
20844847,271372111
20844847,485909327
20844847,262688665
20844847,1093090866
20844847,902147334
20844847,1469353958
20844847,3554721
20844847,14055301
20844847,16550480
20844847,17596622
20844847,15639642
20844847,3459051
20844847,21093785
20844847,16153562
20844847,33933259
20844847,50300579
20844847,46003622
20844847,14700316
20844847,20596281
20844847,17137628
20844847,39511166
20844847,20646711
20844847,28986334
20844847,14159148
20844847,382560919
20844847,108247668
20844847,368276033
20844847,23440052
20844847,239172505
20844847,226087776
20844847,69008563
20844847,24871896
20844847,20350081
20844847,91478624
20844847,50393960
20844847,710064516
20844847,259348780
20844847,23640660
20844847,19921389
20844847,444838837
20844847,71843505
20844847,50287595
20844847,38164846
20844847,835230594
20844847,21204154
20844847,18730195
20844847,392583495
20844847,61804151
20844847,16664803
20844847,17306424
20844847,158487331
20844847,7996522
20844847,19875072
20844847,290061912
20844847,601031921
20844847,31127446
20844847,50011708
20844847,9624742
20844847,48132847
20844847,17524108
20844847,56061098
20844847,624413
20844847,265902729
20844847,122009091
20844847,70186440
20844847,16525183
20844847,19527964
20844847,147017457
20844847,1994321
20844847,264896706
20844847,1432977446
20844847,186386857
20844847,122994639
20844847,336218991
20844847,49702592
20844847,19489239
20844847,12837932
20844847,15966014
20844847,14384894
20844847,209780362
20844847,63692643
20844847,93131556
20844847,278691695
20844847,14049145
20844847,15723281
20844847,870161684
20844847,17990493
20844847,26057917
20844847,49195175
20844847,407137170
20844847,16007312
20844847,112236047
20844847,112242274
20844847,19407053
20844847,17158140
20844847,19455864
20844847,23780652
20844847,29484644
20844847,147649517
20844847,87271106
20844847,120233868
20844847,47455112
20844847,123327472
20844847,126722715
20844847,184584860
20844847,168674628
20844847,91386979
20844847,18194990
20844847,166128698
20844847,69324201
20844847,34713362
20844847,67358777
20844847,21287076
20844847,20402945
20844847,19024850
20844847,21114659
20844847,17469492
20844847,81107529
20844847,46625755
20844847,21332200
20844847,42869268
20844847,80473367
20844847,1444380402
20844847,26792275
20844847,15220473
20844847,20713061
20844847,107122128
20844847,28407958
20844847,590316679
20844847,21044208
20844847,1143472657
20844847,214413743
20844847,291792721
20844847,16350198
20844847,17827029
20844847,121176422
20844847,251561200
20844847,59472131
20844847,38709313
20844847,198618575
20844847,399891012
20844847,17675072
20844847,300868924
20844847,126978294
20844847,15723290
20844847,32429400
20844847,157981564
20844847,181888506
20844847,100840734
20844847,360857182
20844847,78085410
20844847,69255422
20844847,14437914
20844847,15754281
20844847,16664681
20844847,21182676
20844847,86141342
20844847,17063215
20844847,14173315
20844847,2097571
20844847,20766350
20844847,22425307
20844847,82322622
20844847,70001932
20844847,8457092
20844847,267939430
20844847,90636188
20844847,407138292
20844847,20600235
20844847,56839088
20844847,327591794
20844847,86140515
20844847,86740435
20844847,19136302
20844847,634011027
20844847,1104993516
20844847,27308256
20844847,309260821
20844847,328980753
20844847,26486870
20844847,24590293
20844847,771383605
20844847,1316622164
20844847,21389998
20844847,16589206
20844847,158884669
20844847,16076032
20844847,205392468
20844847,1059194370
20844847,125601462
20844847,380648579
20844847,202792190
20844847,26864054
20844847,727305176
20844847,588756588
20844847,881346834
20844847,16031536
20844847,20071863
20844847,569695335
20844847,15155640
20844847,14746456
20844847,16211434
20844847,75369741
20844847,534798834
20844847,1152395118
20844847,277120302
20844847,294314769
20844847,8940342
20844847,42015049
20844847,612331433
20844847,7109022
20844847,19713622
20844847,15966494
20844847,17980026
20844847,17624959
20844847,32201563
20844847,16838962
20844847,24586830
20844847,492288571
20844847,327165636
20844847,73666040
20844847,22924012
20844847,41159876
20844847,248505587
20844847,80016395
20844847,16439573
20844847,8728392
20844847,385473825
20844847,422965808
20844847,537099235
20844847,159655293
20844847,30684725
20844847,949041
20844847,564028464
20844847,14677919
20844847,2467791
20844847,213745334
20844847,87818409
20844847,173420809
20844847,213969309
20844847,48742856
20844847,17706421
20844847,15723933
20844847,251716551
20844847,344801362
20844847,216264820
20844847,18758902
20844847,16808626
20844847,96951800
20844847,112764971
20844847,58531272
20844847,90836187
20844847,19391470
20844847,139092348
20844847,139556944
20844847,485511296
20844847,82831947
20844847,17329538
20844847,65187067
20844847,216642820
20844847,288333760
20844847,14836197
20844847,259925559
20844847,42220353
20844847,297380894
20844847,376819013
20844847,124139163
20844847,344634424
20844847,1337785291
20844847,1530187579
20844847,382083907
20844847,143742312
20844847,25535042
20844847,9459622
20844847,18803751
20844847,87460291
20844847,271028583
20844847,22139698
20844847,19472578
20844847,15391102
20844847,19394887
20844847,103865085
20844847,21436960
20844847,75069067
20844847,18600155
20844847,282282694
20844847,19802879
20844847,30070288
20844847,34889448
20844847,161801527
20844847,9317502
20844847,8110402
20844847,511986476
20844847,8189252
20844847,9317652
20844847,14594813
20844847,78502161
20844847,115044590
20844847,183074728
20844847,454843106
20844847,225001330
20844847,68674747
20844847,50982086
20844847,304287573
20844847,232855418
20844847,728031373
20844847,587841789
20844847,218148412
20844847,50055701
20844847,304329674
20844847,27764255
20844847,182721799
20844847,105830515
20844847,119705612
20844847,405123394
20844847,395388847
20844847,21783395
20844847,19488569
20844847,88718227
20844847,17087162
20844847,19686295
20844847,70235774
20844847,19863224
20844847,88716843
20844847,43869790
20844847,93230391
20844847,505089852
20844847,97488105
20844847,34352191
20844847,43865255
20844847,121167080
20844847,596940844
20844847,20448566
20844847,326516279
20844847,175083215
20844847,16631693
20844847,224223563
20844847,38977171
20844847,218653131
20844847,70349639
20844847,155659213
20844847,22460658
20844847,54015652
20844847,196994616
20844847,123754656
20844847,41632141
20844847,76640424
20844847,23694165
20844847,88062752
20844847,18055408
20844847,8628562
20844847,24042063
20844847,20740074
20844847,24241544
20844847,213748513
20844847,150677740
20844847,21066857
20844847,17595890
20844847,22905057
20844847,22948591
20844847,22780877
20844847,20163851
20844847,29186200
20844847,226531436
20844847,63136550
20844847,20560841
20844847,381021987
20844847,149295386
20844847,65039524
20844847,277495114
20844847,226804803
20844847,71294756
20844847,18295206
20844847,97190801
20844847,108265622
20844847,183201869
20844847,28593180
20844847,102789583
20844847,23575595
20844847,213796133
20844847,19038395
20844847,36047098
20844847,18460171
20844847,26757305
20844847,283038024
20844847,22910295
20844847,100339264
20844847,156201765
20844847,85088448
20844847,201371124
20844847,23816051
20844847,244541940
20844847,19929729
20844847,252753618
20844847,83242060
20844847,153067700
20844847,131574396
20844847,78690315
20844847,14602208
20844847,16854780
20844847,4970411
20844847,22903765
20844847,21138477
20844847,19910996
20844847,20712514
20844847,15005991
20844847,104205059
20844847,34076997
20844847,225190968
20844847,23585685
20844847,51241574
20844847,94081671
20844847,40019154
20844847,13479052
20844847,22677822
20844847,20380673
20844847,19002680
20844847,15095537
20844847,138372303
20844847,140070953
20844847,142261464
20844847,138388408
20844847,153606153
20844847,148766863
20844847,34942094
20844847,19706280
20844847,20515682
20844847,19980499
20844847,21324165
20844847,83972205
20844847,19583545
20844847,46969723
20844847,86233091
20844847,116240707
20844847,15410226
20844847,126805379
20844847,115485051
20844847,113651070
20844847,18944007
20844847,14842285
20844847,101349999
20844847,123068546
20844847,99867320
20844847,67705966
20844847,30104082
20844847,7540212
20844847,20856282
20844847,49468514
20844847,109312635
20844847,41134115
20844847,110484017
20844847,42392769
20844847,89460134
20844847,14571755
20844847,19491657
20844847,20609518
20844847,19968167
20844847,44373112
20844847,42476895
20844847,19044557
20844847,31237480
20844847,21098134
20844847,14562164
20844847,14562960
20844847,19525491
20844847,32873023
20844847,27038397
20844847,10159762
20844847,59600093
20844847,21746788
20844847,27443744
20844847,50115087
20844847,18882058
20844847,21495291
20844847,17745219
20844847,27935844
20844847,112847603
20844847,14262811
20844847,819800
20844847,19034835
20844847,8216772
20844847,22134758
20844847,16951979
20844847,19026567
20844847,17163446
20844847,17655568
20844847,16309612
20844847,17243213
20844847,37146259
20844847,20112319
20844847,17217393
20844847,14078808
20844847,42197910
20844847,68722968
20844847,17850012
20844847,64614569
20844847,20236477
20844847,25333526
20844847,18872880
20844847,16688788
20844847,27330186
20844847,18045913
20844847,98410453
20844847,6519522
20844847,19562986
20844847,14208199
20844847,15935242
20844847,50452226
20844847,19397785
20844847,23584173
20844847,20876496
20844847,36592815
20844847,34395357
20844847,39776616
20844847,17084160
20844847,39736773
20844847,71922638
20844847,45880390
20844847,31496702
20844847,22208238
20844847,14120151
20844847,30078112
20844847,8662472
20844847,19314019
20844847,26276346
20844847,20311818
20844847,14766090
20844847,19584222
20844847,15185848
20844847,28135695
20844847,28148863
20844847,14956712
20844847,29179592
20844847,61193412
20844847,2677731
20844847,67291976
20844847,100630788
20844847,19896045
20844847,70929443
20844847,19903099
20844847,66740930
20844847,16804762
20844847,50137023
20844847,36321317
20844847,47581434
20844847,23090716
20844847,78323166
20844847,14872237
20844847,10842792
20844847,1367531
20844847,43192807
20844847,14502789
20844847,20479813
20844847,28785486
20844847,16814640
20844847,14857290
20844847,90320997
20844847,76652278
20844847,21510894
20844847,71560422
20844847,56405421
20844847,69712872
20844847,49933971
20844847,76602602
20844847,59813089
20844847,20583613
20844847,19186180
20844847,34372438
20844847,19180060
20844847,19983964
20844847,20443807
20844847,90934591
20844847,16029780
20844847,17463923
20844847,5953552
20844847,15962096
20844847,16666847
20844847,72253501
20844847,74193712
20844847,52715607
20844847,66153685
20844847,15391813
20844847,22259556
20844847,92326135
20844847,8161232
20844847,91623867
20844847,91605181
20844847,87548937
20844847,47463910
20844847,20351482
20844847,85302575
20844847,56666567
20844847,59749513
20844847,26233594
20844847,70981162
20844847,14176375
20844847,28723984
20844847,22608463
20844847,14758257
20844847,75616545
20844847,29077072
20844847,25524832
20844847,21648020
20844847,30362529
20844847,18060324
20844847,3943871
20844847,20994869
20844847,17411980
20844847,17006157
20844847,17899109
20844847,50751556
20844847,14115148
20844847,28297965
20844847,19977449
20844847,26235265
20844847,26355886
20844847,58231209
20844847,50696017
20844847,23242124
20844847,41878061
20844847,60916506
20844847,18761347
20844847,25982907
20844847,16569045
20844847,19712523
20844847,17884125
20844847,49781518
20844847,43901270
20844847,16465385
20844847,17953384
20844847,62850110
20844847,36654027
20844847,17842366
20844847,52782073
20844847,7789612
20844847,19247625
20844847,19334929
20844847,48459607
20844847,17781576
20844847,27698733
20844847,65048966
20844847,27472130
20844847,11819792
20844847,20676778
20844847,62135992
20844847,60866683
20844847,63110046
20844847,18679659
20844847,33470029
20844847,56634176
20844847,5120691
20844847,14361155
20844847,36082429
20844847,17308753
20844847,12397052
20844847,1652541
20844847,14497313
20844847,48631668
20844847,14511951
20844847,6107422
20844847,3108351
20844847,7587032
20844847,19206794
20844847,742143
20844847,10221592
20844847,10767732
20844847,11348282
20844847,14765253
20844847,55882657
20844847,14975487
20844847,54341363
20844847,6865052
20844847,14519038
20844847,36042554
20844847,19526463
20844847,21050953
20844847,15683146
20844847,19083439
20844847,18904973
20844847,807095
20844847,36159809
20844847,15918708
20844847,29224401
20844847,9300262
20844847,17546958
20844847,18783599
20844847,14499829
20844847,2884771
20844847,7047
20844847,19033555
20844847,20843014
20844847,15030767
20844847,14353202
20844847,18212997
20844847,20586517
20844847,759251
20844847,23263743
20844847,2561091
20844847,21492030
20844847,17471979
20844847,19973332
20844847,42011097
20844847,12026062
20844847,28966604
20844847,34996429
20844847,46758205
20844847,16171953
20844847,25657017
20844847,19337148
20844847,24153400
20844847,18764854
20844847,18717426
20844847,19405367
20844847,14803701
20844847,17623816
20844847,19889294
20844847,16727535
20844847,19334346
20844847,17715048
20844847,20884910
20844847,18678493
20844847,35779304
20844847,20809515
20844847,17693232
20844847,19019970
20844847,26017256
20844847,5520952
20844847,17413907
20844847,19024453
20844847,21112266
20844847,14333754
20844847,17624543
20844847,12044602
20844847,26589987
20844847,14123683
20844847,7996082
20844847,21856254
20844847,14099719
20844847,14099695
20844847,14293310
20844847,15392221
20844847,15012486
20844847,19663485
20844847,21905142
20844847,36412963
20844847,13
20844847,14662354
20844847,15067830
20844847,5402612
20844847,21707734
20844847,6017542
20844847,19248117
20844847,34423857
20844847,22904901
20844847,21456666
20844847,21195865
20844847,19814175
20844847,813286
20844847,3373791
20844847,20781929
20844847,18135386
20844847,19264748
20844847,21856114
20844847,21390437
20844847,16451028
20844847,19265059
20844847,5988062
20844847,16202270
20844847,8665852
20844847,14548211
20844847,10464872
20844847,17311493
20844847,17220934
20844847,19394188
20844847,783214
20844847,14224719
