20858380,113684726
20858380,19996532
20858380,23349170
20858380,36029441
20858380,14842285
20858380,182972598
20858380,22695694
20858380,2449063258
20858380,16686144
20858380,17163446
20858380,24399244
20858380,1404590618
20858380,1128344209
20858380,540812894
20858380,1971831080
20858380,304679484
20858380,3377353523
20858380,3404100525
20858380,203071854
20858380,16533817
20858380,4514934989
20858380,883334544
20858380,1142859176
20858380,74976946
20858380,20740074
20858380,4299127816
20858380,4334632408
20858380,830974682
20858380,24353832
20858380,2423478840
20858380,34908602
20858380,31237480
20858380,22780877
20858380,19305854
20858380,18717426
20858380,263913332
20858380,271521239
20858380,360569242
20858380,602328030
20858380,2217620251
20858380,2742828182
20858380,3302676351
20858380,3376281958
20858380,3422617395
20858380,126118232
20858380,1968654061
20858380,2842713105
20858380,19136302
20858380,18336706
20858380,18600155
20858380,19292033
20858380,26281917
20858380,54015652
20858380,19291928
20858380,1362132925
20858380,19564284
20858380,44139807
20858380,565533876
20858380,25871797
20858380,19472689
20858380,16931360
20858380,4165576876
20858380,268208070
20858380,7144422
20858380,19712523
20858380,596521657
20858380,606776750
20858380,2916305152
20858380,943422660
20858380,1960825746
20858380,3092058627
20858380,1703875104
20858380,3401278325
20858380,17397658
20858380,42069425
20858380,113714309
20858380,2828350498
20858380,3687721995
20858380,21417835
20858380,3372800086
20858380,3545633535
20858380,38184663
20858380,466007017
20858380,3290950795
20858380,1132994426
20858380,368711188
20858380,1077181999
20858380,52166809
20858380,3426424559
20858380,19247625
20858380,712963
20858380,18729562
20858380,1930959812
20858380,118680576
20858380,12110622
20858380,1567041686
20858380,1316390684
20858380,26628557
20858380,3241172025
20858380,1035088734
20858380,50824072
20858380,71932014
20858380,1675875158
20858380,45422383
20858380,19457650
20858380,3384552179
20858380,2282549219
20858380,142316258
20858380,51027615
20858380,19163946
20858380,3044738957
20858380,14176375
20858380,567261149
20858380,1531520940
20858380,938193205
20858380,83567424
20858380,1023139638
20858380,18847920
20858380,1273844659
20858380,175250278
20858380,20766350
20858380,17159484
20858380,608167078
20858380,14808226
20858380,3266364020
20858380,195498675
20858380,1375174657
20858380,123754656
20858380,3198223257
20858380,15125309
20858380,27476050
20858380,362506197
20858380,2478389376
20858380,18684966
20858380,3131090957
20858380,1464306822
20858380,2615143489
20858380,1225240212
20858380,1252917283
20858380,3062121561
20858380,881110717
20858380,29688273
20858380,2907870629
20858380,2969760609
20858380,22253327
20858380,21648020
20858380,7381772
20858380,1694040764
20858380,122448174
20858380,1662057727
20858380,14848157
20858380,16934205
20858380,3040424454
20858380,20775557
20858380,3092068474
20858380,2835594983
20858380,3031200057
20858380,21396868
20858380,2262898614
20858380,73760208
20858380,2799153909
20858380,13862172
20858380,2429144979
20858380,171719023
20858380,102773210
20858380,1969325234
20858380,100746902
20858380,242704372
20858380,1690412382
20858380,227802983
20858380,458966079
20858380,14341277
20858380,12431732
20858380,14321813
20858380,22520998
20858380,124690469
20858380,82054005
20858380,19184818
20858380,230250992
20858380,97255485
20858380,59600093
20858380,311606579
20858380,2292454922
20858380,70170123
20858380,258494221
20858380,24688868
20858380,17624543
20858380,2790802182
20858380,1079180768
20858380,1167335088
20858380,109459067
20858380,2435310141
20858380,2926774491
20858380,2467791
20858380,19921389
20858380,21642787
20858380,49938269
20858380,67412485
20858380,2912631580
20858380,2906150021
20858380,2811703154
20858380,72583
20858380,47035436
20858380,17451841
20858380,2902138622
20858380,208442526
20858380,253536357
20858380,2878635204
20858380,2441831348
20858380,172529681
20858380,25150711
20858380,2314104188
20858380,963110762
20858380,55668966
20858380,78569316
20858380,19179687
20858380,79145543
20858380,1915336519
20858380,57217959
20858380,2748525155
20858380,16742847
20858380,61019896
20858380,20696057
20858380,2405019848
20858380,1407892861
20858380,2557037323
20858380,21431762
20858380,23316750
20858380,1845968514
20858380,44415081
20858380,2358163026
20858380,2326035442
20858380,29956706
20858380,520693481
20858380,47786101
20858380,402318365
20858380,1382404544
20858380,23837271
20858380,22082882
20858380,24733102
20858380,47728894
20858380,63452015
20858380,47577711
20858380,128004940
20858380,20428340
20858380,20458464
20858380,47476545
20858380,2288315024
20858380,14866753
20858380,428444754
20858380,10933732
20858380,279154884
20858380,8565182
20858380,17733860
20858380,42950930
20858380,14132006
20858380,58002605
20858380,2233154425
20858380,175134868
20858380,8515492
20858380,23081234
20858380,2197487762
20858380,16395593
20858380,60742949
20858380,19966557
20858380,1003022046
20858380,74590528
20858380,39412918
20858380,42653406
20858380,16076032
20858380,67778641
20858380,22262564
20858380,387929698
20858380,1223273226
20858380,1889053346
20858380,120760818
20858380,1728498385
20858380,47813521
20858380,36968571
20858380,17067952
20858380,13323622
20858380,46744791
20858380,1689316512
20858380,301601246
20858380,1615685677
20858380,255747911
20858380,19415798
20858380,347862364
20858380,348647839
20858380,41558025
20858380,107395417
20858380,356180427
20858380,94170927
20858380,355321621
20858380,1339835893
20858380,26266891
20858380,613626869
20858380,45615081
20858380,17890601
20858380,15430687
20858380,976185420
20858380,262577014
20858380,484962664
20858380,49195175
20858380,1363325132
20858380,290263087
20858380,56805324
20858380,18646236
20858380,9207632
20858380,8884772
20858380,17501549
20858380,1275701432
20858380,17790274
20858380,26029878
20858380,40447083
20858380,30345999
20858380,596813024
20858380,3310571
20858380,50300579
20858380,18966867
20858380,426834124
20858380,14395119
20858380,14993191
20858380,14849990
20858380,54078222
20858380,17715048
20858380,574168493
20858380,69578369
20858380,16283478
20858380,935056812
20858380,167399649
20858380,259348780
20858380,15951863
20858380,20475285
20858380,22900663
20858380,9113192
20858380,21112266
20858380,20345378
20858380,793603441
20858380,19713622
20858380,17623816
20858380,320318044
20858380,22392307
20858380,37964451
20858380,27486706
20858380,740109097
20858380,708871296
20858380,7330392
20858380,121572326
20858380,72632136
20858380,17191629
20858380,57913556
20858380,16275366
20858380,17951422
20858380,214177575
20858380,44671088
20858380,506652594
20858380,507249024
20858380,17624959
20858380,17626165
20858380,153763519
20858380,21414413
20858380,481349413
20858380,585213700
20858380,14559090
20858380,105898722
20858380,60633332
20858380,38682272
20858380,131482972
20858380,80096621
20858380,14183379
20858380,97488105
20858380,11178902
20858380,34260121
20858380,289991904
20858380,1409161
20858380,22207520
20858380,330314403
20858380,73695791
20858380,454843106
20858380,164242095
20858380,19393234
20858380,21916033
20858380,21768569
20858380,20436888
20858380,208651752
20858380,295445125
20858380,117007661
20858380,27825390
20858380,19290783
20858380,14354145
20858380,126765431
20858380,227720229
20858380,169961978
20858380,393585402
20858380,418646567
20858380,258459643
20858380,373167425
20858380,257078274
20858380,195814782
20858380,14391986
20858380,19534202
20858380,368412886
20858380,253551724
20858380,321362460
20858380,296023958
20858380,116775260
20858380,221342241
20858380,320272871
20858380,53422989
20858380,339858929
20858380,102161627
20858380,197910486
20858380,14340211
20858380,222340654
20858380,104549588
20858380,119136591
20858380,18605897
20858380,54730258
20858380,326832066
20858380,12718872
20858380,316542427
20858380,20448566
20858380,89834134
20858380,24975454
20858380,51468445
20858380,14353392
20858380,23794127
20858380,285585815
20858380,31370866
20858380,23132159
20858380,20692482
20858380,29995782
20858380,268060605
20858380,261018977
20858380,79797834
20858380,248763970
20858380,191518698
20858380,21675256
20858380,18424289
20858380,25712363
20858380,17229153
20858380,12692172
20858380,17722542
20858380,18944007
20858380,14562960
20858380,117000531
20858380,18851248
20858380,19414838
20858380,19030517
20858380,16421068
20858380,6477652
20858380,28110288
20858380,19542336
20858380,1113541
20858380,44609080
20858380,43822174
20858380,51140266
20858380,14123751
20858380,14903044
20858380,14714110
20858380,10810102
20858380,2043041
20858380,166513187
20858380,17427517
20858380,27610201
20858380,141303634
20858380,69394398
20858380,57980793
20858380,147952512
20858380,14561228
20858380,60659567
20858380,1075
20858380,17672251
20858380,20900200
20858380,18078425
20858380,19002473
20858380,50013710
20858380,17485322
20858380,14330959
20858380,20933034
20858380,15635604
20858380,94350079
20858380,14473613
20858380,15818391
20858380,13625602
20858380,15444545
20858380,24254832
20858380,771787
20858380,100293009
20858380,100322679
20858380,14400611
20858380,15437688
20858380,15167536
20858380,16717978
20858380,43931199
20858380,41560816
20858380,67650218
20858380,17747182
20858380,20101959
20858380,20784972
20858380,14383599
20858380,73109154
20858380,18213904
20858380,90420314
20858380,8350912
20858380,85364226
20858380,34625010
20858380,78351721
20858380,21874640
20858380,36636400
20858380,17307662
20858380,19944166
20858380,19509051
20858380,66741563
20858380,23377770
20858380,19816859
20858380,1344951
20858380,1434251
20858380,16569045
20858380,16668550
20858380,3646911
20858380,19443411
20858380,47909049
20858380,7249822
20858380,14651173
20858380,9180542
20858380,22001973
20858380,16854780
20858380,15392221
20858380,17647949
20858380,22760824
20858380,23099639
20858380,16632219
20858380,22477940
20858380,48966172
20858380,28581068
20858380,16345655
20858380,19248117
20858380,33167846
20858380,12616
20858380,16303106
20858380,25341070
20858380,16225398
20858380,21651223
20858380,20690398
20858380,32372144
20858380,20311818
20858380,16511499
20858380,20856282
20858380,6417782
20858380,23263743
20858380,33483290
20858380,16349559
20858380,20621655
20858380,14166909
20858380,25690886
20858380,23606044
20858380,28049003
20858380,36388626
20858380,17194296
20858380,34942094
20858380,6017542
20858380,14587173
20858380,18904973
20858380,29559479
20858380,30435064
20858380,28187205
20858380,19214688
20858380,15748703
20858380,20595371
20858380,23516106
20858380,25847994
20858380,27839209
20858380,15252509
20858380,8213742
20858380,15683146
20858380,23576899
20858380,26723029
20858380,17484499
20858380,6297852
20858380,15677513
20858380,17980026
20858380,14667306
20858380,24447643
20858380,20737430
20858380,24361909
20858380,22412051
20858380,22408955
20858380,22947088
20858380,19732375
20858380,8662472
20858380,18060324
20858380,22637074
20858380,20719324
20858380,16330759
20858380,16647534
20858380,16832673
20858380,15190050
20858380,17311493
20858380,15439395
20858380,18075140
20858380,15287423
20858380,16529640
20858380,14806376
20858380,19264748
20858380,13409752
20858380,9340912
20858380,18679659
20858380,20255778
20858380,18696709
20858380,14746456
20858380,19662313
20858380,14444454
20858380,14583362
20858380,16883085
20858380,9079342
20858380,14414706
20858380,14631949
20858380,13627352
20858380,11417812
20858380,20320563
20858380,20712514
20858380,15715020
20858380,6313162
20858380,16947620
20858380,14096098
20858380,15739988
20858380,17942133
20858380,18482942
20858380,14201969
