213716227,304306302
213716227,158346169
213716227,18265605
213716227,1475535992
213716227,116409627
213716227,19178534
213716227,20425244
213716227,9739782
213716227,307144542
213716227,266641960
213716227,65369125
213716227,948552829
213716227,472115277
213716227,209780362
213716227,162667212
213716227,13426312
213716227,17191272
213716227,2418034099
213716227,566614762
213716227,435947946
213716227,2920191058
213716227,25297853
213716227,2973720453
213716227,195415139
213716227,362565198
213716227,17045907
213716227,6693932
213716227,744904062
213716227,551765761
213716227,601431839
213716227,545787379
213716227,2575166116
213716227,2438286326
213716227,2176313464
213716227,1856988708
213716227,130879387
213716227,252686754
213716227,64972721
213716227,115077998
213716227,498723064
213716227,1263965292
213716227,356944521
213716227,541616505
213716227,577123185
213716227,948043471
213716227,747296773
213716227,923926663
213716227,437711641
213716227,125286740
213716227,106193901
213716227,1395877825
213716227,1225610352
213716227,17208949
213716227,24990173
213716227,1887362251
213716227,2264518987
213716227,213456342
213716227,2239026560
213716227,1013899790
213716227,369134774
213716227,2192139919
213716227,101513120
213716227,2241127657
213716227,92138588
213716227,1886333724
213716227,1928435120
213716227,1118740248
213716227,12479062
213716227,171254484
213716227,177176504
213716227,263738916
213716227,17324806
213716227,16902636
213716227,258292723
213716227,422609996
213716227,284237295
213716227,97397990
213716227,304456443
213716227,295174444
213716227,463019116
213716227,1228312916
213716227,385683182
213716227,342206740
213716227,623770599
213716227,133430949
213716227,281608376
213716227,1398836132
213716227,125395058
213716227,222871819
213716227,282539204
213716227,40932817
213716227,307943910
213716227,423678256
213716227,947578118
213716227,1275606422
213716227,18290341
213716227,1226705100
213716227,444449078
213716227,237657971
213716227,273130339
213716227,384524050
213716227,267308529
213716227,861580266
213716227,107388802
213716227,170922619
213716227,1044772538
213716227,143848519
213716227,1398718122
213716227,1480891879
213716227,20689597
213716227,195290694
213716227,20685061
213716227,14670510
213716227,301342773
213716227,38833642
213716227,182982268
213716227,815735
213716227,48505632
213716227,704876954
213716227,382226896
213716227,69274647
213716227,1362876810
213716227,260775374
213716227,429052167
213716227,257388676
213716227,231507930
213716227,74992460
213716227,245399083
213716227,290308713
213716227,221509931
213716227,48653511
213716227,113619965
213716227,582620116
213716227,6116672
213716227,77574826
213716227,192191247
213716227,87291176
213716227,529649151
213716227,614219412
213716227,106401910
213716227,115694752
213716227,404028900
213716227,233631354
213716227,9206682
213716227,1260471091
213716227,243608028
213716227,196966717
213716227,196761724
213716227,253154548
213716227,917058247
213716227,61780949
213716227,193714511
213716227,146372316
213716227,119092714
213716227,1003879142
213716227,460521040
213716227,711149276
213716227,472402195
213716227,873790980
213716227,1095238314
213716227,1211544073
213716227,111595719
213716227,19335441
213716227,23925085
213716227,506313
213716227,211909131
213716227,204381768
213716227,78661006
213716227,186526662
213716227,101891773
213716227,75270072
213716227,740421794
213716227,112559162
213716227,95715466
213716227,1092692024
213716227,318953493
213716227,25662798
213716227,296140336
213716227,156782886
213716227,27355850
213716227,229108029
213716227,147662549
213716227,1883651
213716227,95288747
213716227,122735288
213716227,117242117
213716227,10150032
213716227,186568156
213716227,106124238
213716227,156292188
213716227,39807414
213716227,546228347
213716227,270816474
213716227,211900642
213716227,398769882
213716227,215226263
213716227,202726736
213716227,76294236
213716227,279192634
213716227,154095359
213716227,80313842
213716227,195899716
213716227,31664653
213716227,995553745
213716227,279486576
213716227,124549539
213716227,599585733
213716227,213264156
213716227,69631915
213716227,43960168
213716227,91619764
213716227,384406010
213716227,80641153
213716227,90674446
213716227,10594042
213716227,279032215
213716227,964898118
213716227,400937679
213716227,258061853
213716227,799786843
213716227,98707802
213716227,602702008
213716227,115200074
213716227,222848901
213716227,543411039
213716227,88723120
213716227,133688443
213716227,597332277
213716227,342006436
213716227,925530896
213716227,917668724
213716227,931554180
213716227,901793989
213716227,734743008
213716227,229120328
213716227,432816108
213716227,110804094
213716227,16883893
213716227,245074453
213716227,852410724
213716227,341474446
213716227,281430964
213716227,49800383
213716227,16440932
213716227,584717902
213716227,297317084
213716227,17864940
213716227,60533110
213716227,112831694
213716227,585000268
213716227,45961440
213716227,245538834
213716227,335082604
213716227,6065862
213716227,321285511
213716227,605345972
213716227,423237873
213716227,273437738
213716227,35222675
213716227,47302471
213716227,319004877
213716227,28800711
213716227,140572240
213716227,399954764
213716227,154663219
213716227,187692652
213716227,299868284
213716227,8755542
213716227,21661279
213716227,311515689
213716227,306854541
213716227,405464276
213716227,91478624
213716227,241972426
213716227,600015383
213716227,25833224
213716227,108286065
213716227,272476923
213716227,19404707
213716227,414094669
213716227,172241049
213716227,364460821
213716227,18231119
213716227,229540202
213716227,489905658
213716227,398251924
213716227,125648056
213716227,9334522
213716227,173975529
213716227,580892829
213716227,459384669
213716227,80264223
213716227,16914120
213716227,155998238
213716227,361180761
213716227,313310012
213716227,237847416
213716227,97429732
213716227,493139731
213716227,84304237
213716227,140342070
213716227,67688606
213716227,470425757
213716227,558687111
213716227,82350612
213716227,199689947
213716227,129936383
213716227,61158566
213716227,264104766
213716227,14942410
213716227,198615522
213716227,466805078
213716227,172035044
213716227,140115694
213716227,19273104
213716227,17444981
213716227,281367837
213716227,99976994
213716227,56552632
213716227,42230455
213716227,122718246
213716227,86706074
213716227,57931966
213716227,211788124
213716227,15915569
213716227,222434816
213716227,155502439
213716227,314113080
213716227,474759244
213716227,534136058
213716227,122385530
213716227,157285408
213716227,291919107
213716227,246301082
213716227,20474356
213716227,117706607
213716227,322005657
213716227,523503780
213716227,209026048
213716227,44671532
213716227,46610988
213716227,24431006
213716227,508674877
213716227,167182842
213716227,132967945
213716227,252543924
213716227,331067787
213716227,191785712
213716227,55280027
213716227,111633954
213716227,100295207
213716227,140033566
213716227,214835263
213716227,233628194
213716227,414025359
213716227,472112556
213716227,378593889
213716227,64191222
213716227,435077357
213716227,82831631
213716227,192713857
213716227,44078888
213716227,129820861
213716227,128298155
213716227,418229517
213716227,488488954
213716227,212533434
213716227,443911981
213716227,74862764
213716227,318557197
213716227,159087269
213716227,109591994
213716227,173075821
213716227,450053226
213716227,452537727
213716227,214337231
213716227,283696429
213716227,60085046
213716227,60086158
213716227,287139233
213716227,471094708
213716227,43852616
213716227,7235172
213716227,28675592
213716227,212310880
213716227,15963427
213716227,146354243
213716227,456111653
213716227,18911511
213716227,179865956
213716227,415414375
213716227,309835842
213716227,104469706
213716227,436843405
213716227,182438267
213716227,45327110
213716227,437805813
213716227,403307342
213716227,135661622
213716227,94979114
213716227,332755211
213716227,242580194
213716227,302353461
213716227,410248912
213716227,255526059
213716227,299674986
213716227,262243283
213716227,250194176
213716227,252687513
213716227,349005751
213716227,78699265
213716227,80442674
213716227,16949303
213716227,403573832
213716227,22763027
213716227,37881594
213716227,245931387
213716227,376325110
213716227,326278261
213716227,123218608
213716227,146599023
213716227,8880632
213716227,90851662
213716227,20566352
213716227,386007469
213716227,262842638
213716227,141555675
213716227,20641918
213716227,16308740
213716227,36052572
213716227,385069881
213716227,380922533
213716227,125626675
213716227,7232312
213716227,149614290
213716227,380915333
213716227,94309168
213716227,118500612
213716227,106488518
213716227,95879404
213716227,67876590
213716227,50271854
213716227,138542763
213716227,76895348
213716227,17446304
213716227,269545806
213716227,34253691
213716227,35075407
213716227,73218127
213716227,15008706
213716227,103983148
213716227,225913956
213716227,114762988
213716227,228844091
213716227,97260199
213716227,227647150
213716227,19492427
213716227,161311843
213716227,271834706
213716227,57354930
213716227,9313022
213716227,138443842
213716227,230222534
213716227,92250342
213716227,33174947
213716227,145412556
213716227,346676123
213716227,217371125
213716227,126400712
213716227,56722506
213716227,148470896
213716227,41159112
213716227,316585348
213716227,96120825
213716227,197182566
213716227,96136058
213716227,44944572
213716227,173758280
213716227,16326554
213716227,17580544
213716227,174722761
213716227,261741064
213716227,21615102
213716227,305281447
213716227,190785936
213716227,134482351
213716227,168162212
213716227,14436317
213716227,271405478
213716227,109632095
213716227,213645415
213716227,20971954
213716227,71592463
213716227,37910800
213716227,124919626
213716227,18731426
213716227,140966713
213716227,22002983
213716227,72253313
213716227,6790852
213716227,138362417
213716227,19466741
213716227,56164044
213716227,122632220
213716227,30641146
213716227,170486083
213716227,217374089
213716227,190775901
213716227,164267905
213716227,226300768
213716227,31411487
213716227,147900633
213716227,91609020
213716227,14313180
213716227,76680300
213716227,141613401
213716227,28420170
213716227,17808572
213716227,23661193
213716227,92129620
213716227,151014724
213716227,31415187
213716227,16743547
213716227,126096329
213716227,1957091
