2147798075,6427882
2147798075,133880286
2147798075,1690412382
2147798075,57097104
2147798075,20712514
2147798075,329746058
2147798075,1662057727
2147798075,572470115
2147798075,948552829
2147798075,19709089
2147798075,499067498
2147798075,574168493
2147798075,256713580
2147798075,1023139638
2147798075,75974281
2147798075,38977171
2147798075,82602399
2147798075,20448566
2147798075,505089852
2147798075,965741665
2147798075,69314411
2147798075,33804533
2147798075,66834664
2147798075,19271557
2147798075,885434768
2147798075,1536791610
2147798075,2670652471
2147798075,19472578
2147798075,613578344
2147798075,8884972
2147798075,251716551
2147798075,186941132
2147798075,1615685677
2147798075,97082147
2147798075,2343589165
2147798075,1276128068
2147798075,2699519000
2147798075,4112875265
2147798075,43901270
2147798075,3392695546
2147798075,1283396102
2147798075,3303293865
2147798075,78150883
2147798075,20856282
2147798075,21905142
2147798075,20351362
2147798075,2327818820
2147798075,199889890
2147798075,8665572
2147798075,16451028
2147798075,135280946
2147798075,65132629
2147798075,1118721090
2147798075,95763178
2147798075,27457788
2147798075,70641704
2147798075,2232060485
2147798075,1695069168
2147798075,2815441527
2147798075,236045341
2147798075,15846407
2147798075,28706024
2147798075,50602093
2147798075,18819329
2147798075,26775098
2147798075,826015610
2147798075,813286
2147798075,112756096
2147798075,430328795
2147798075,305164015
2147798075,91390383
2147798075,19397785
2147798075,53153263
2147798075,19394887
2147798075,164350021
2147798075,70186440
2147798075,288918872
2147798075,884742217
2147798075,411115599
2147798075,1913108138
2147798075,18075140
2147798075,58233603
2147798075,23139445
2147798075,43865255
2147798075,106062424
2147798075,19033555
2147798075,426678918
2147798075,119715650
2147798075,17602896
2147798075,17078745
2147798075,20350081
2147798075,167449194
2147798075,1218381265
2147798075,24228647
2147798075,15683146
2147798075,14758257
2147798075,21783395
2147798075,26276346
2147798075,124139163
2147798075,74775633
2147798075,2561091
2147798075,15391813
2147798075,15392221
2147798075,94081671
2147798075,17163446
2147798075,8665852
2147798075,23263743
2147798075,121167080
2147798075,454843106
2147798075,43869610
2147798075,1372295582
2147798075,16548023
2147798075,622356817
2147798075,17311493
2147798075,724804927
2147798075,1601908682
2147798075,720722870
2147798075,25535042
2147798075,18679659
2147798075,21390674
2147798075,49781518
2147798075,19564523
2147798075,19186180
2147798075,51422652
2147798075,283320569
2147798075,36446903
2147798075,1366642274
2147798075,1188274123
2147798075,199452999
2147798075,633686638
