2150257859,3066070240
2150257859,246442405
2150257859,5637652
2150257859,20571756
2150257859,35199205
2150257859,893505889
2150257859,321937050
2150257859,8531792
2150257859,74991835
2150257859,169148549
2150257859,3739367781
2150257859,232195968
2150257859,785764172
2150257859,516868654
2150257859,176807308
2150257859,948552829
2150257859,1662057727
2150257859,572470115
2150257859,98047213
2150257859,19017255
2150257859,16029855
2150257859,20176114
2150257859,19787306
2150257859,595735592
2150257859,3342152225
2150257859,16364066
2150257859,243080822
2150257859,13298072
2150257859,34743251
2150257859,44196397
2150257859,826104008
2150257859,3199745237
2150257859,427885919
2150257859,25391538
2150257859,19069127
2150257859,1555969092
2150257859,864777798
2150257859,3405658186
2150257859,3010384528
2150257859,12797112
2150257859,9834692
2150257859,577466504
2150257859,461973232
2150257859,1000325028
2150257859,457055015
2150257859,1138959692
2150257859,2534734662
2150257859,2410857422
2150257859,109100089
2150257859,2255419434
2150257859,2252989898
2150257859,3014589334
2150257859,25199420
2150257859,430306392
2150257859,1927923236
2150257859,372475592
2150257859,3066013965
2150257859,13334762
2150257859,156954993
2150257859,40207177
2150257859,219314182
2150257859,611986351
2150257859,760642
2150257859,255784266
2150257859,129834570
2150257859,79218469
2150257859,27407889
2150257859,1834629433
2150257859,71587459
2150257859,8179412
2150257859,835290290
2150257859,72935642
2150257859,1039815788
2150257859,2842265447
2150257859,522357334
2150257859,79715678
2150257859,975531619
2150257859,27901989
2150257859,14075196
2150257859,81072240
2150257859,416714582
2150257859,20333461
2150257859,184727341
2150257859,1712364560
2150257859,2697807948
2150257859,727305176
2150257859,1260091734
2150257859,169214768
2150257859,2520043111
2150257859,99975127
2150257859,393723853
2150257859,485801262
2150257859,31237480
2150257859,39513233
2150257859,8371802
2150257859,505605766
2150257859,216238289
2150257859,595738819
2150257859,81107994
2150257859,1527131989
2150257859,347799272
2150257859,218653131
2150257859,17306424
2150257859,68150812
2150257859,1856999287
2150257859,872461040
2150257859,48855430
2150257859,69660541
2150257859,1612630046
2150257859,111116063
2150257859,144497464
2150257859,113667481
2150257859,1708055766
2150257859,14485018
2150257859,185827887
2150257859,17087162
2150257859,19921394
2150257859,19663485
2150257859,17595890
2150257859,115316607
2150257859,21390674
2150257859,252753618
2150257859,142262635
2150257859,1548317628
2150257859,2306281370
2150257859,466444412
2150257859,21389998
2150257859,2485157162
2150257859,2550023839
2150257859,1035148302
2150257859,478671055
2150257859,21856114
2150257859,1192744812
2150257859,142261464
2150257859,1651824314
2150257859,1895388408
2150257859,333534411
2150257859,86233091
2150257859,73249951
2150257859,1636590253
2150257859,22910295
2150257859,854746633
2150257859,77034099
2150257859,3459051
2150257859,4012161
2150257859,487565561
2150257859,19398663
2150257859,19334283
2150257859,23566038
2150257859,289046042
2150257859,1690412382
2150257859,195145965
2150257859,29296865
2150257859,16895274
2150257859,2418377347
2150257859,15473958
2150257859,180505807
2150257859,329789735
2150257859,885434768
2150257859,157033722
2150257859,425549817
2150257859,221042109
2150257859,229493030
2150257859,27636113
2150257859,600539002
2150257859,1707855049
2150257859,798524948
2150257859,151412125
2150257859,615274676
2150257859,515543735
2150257859,70096167
2150257859,2391960241
2150257859,1637465760
2150257859,38843050
2150257859,1387491673
2150257859,63485337
2150257859,26266891
2150257859,18671165
2150257859,88100497
2150257859,2387160062
2150257859,115304519
2150257859,519969815
2150257859,64988530
2150257859,12341422
2150257859,38710678
2150257859,22662733
2150257859,387662047
2150257859,2561091
2150257859,2388153576
2150257859,344801362
2150257859,385473825
2150257859,2387128879
2150257859,91985735
2150257859,1142326982
2150257859,1164839209
2150257859,45285419
2150257859,29873477
2150257859,3057761
2150257859,264281267
2150257859,20073440
2150257859,21295531
2150257859,59125946
2150257859,1625389351
2150257859,145373024
2150257859,1658565924
2150257859,21563595
2150257859,264116657
2150257859,473759585
2150257859,17604331
2150257859,1689053928
2150257859,12
2150257859,93017945
2150257859,288785053
2150257859,2194769268
2150257859,72854833
2150257859,266712846
2150257859,428248880
2150257859,1967122370
2150257859,19712523
2150257859,266400754
2150257859,19904728
2150257859,287805124
2150257859,302666251
2150257859,23446053
2150257859,998006845
2150257859,1286063538
2150257859,491221839
2150257859,91333167
2150257859,500704345
2150257859,38767223
2150257859,19713622
2150257859,611992835
2150257859,2266584132
2150257859,14856333
2150257859,17624543
2150257859,17711659
2150257859,89273104
2150257859,16217678
2150257859,30261067
2150257859,336834357
2150257859,140750163
2150257859,22424763
2150257859,58531272
2150257859,2315660432
2150257859,19247625
2150257859,19686295
2150257859,20809515
2150257859,245786689
2150257859,615950584
2150257859,14586662
2150257859,349270414
2150257859,14842285
2150257859,134610558
2150257859,343627165
2150257859,34613288
2150257859,14573900
2150257859,15234407
2150257859,8963722
2150257859,1344951
2150257859,8775872
2150257859,21856254
2150257859,19704615
2150257859,34423857
2150257859,177736182
2150257859,505089852
2150257859,30684725
2150257859,18761347
2150257859,14317501
2150257859,6790172
2150257859,366291126
2150257859,23184836
2150257859,2157064588
2150257859,717313
2150257859,20781852
2150257859,26343326
2150257859,93711247
2150257859,50090898
2150257859,1582853809
2150257859,81582726
2150257859,1769191
2150257859,43869790
2150257859,22621759
2150257859,65265593
2150257859,492288571
2150257859,18689000
2150257859,14647570
2150257859,17998609
2150257859,203063180
2150257859,315465682
2150257859,14327726
2150257859,63136550
2150257859,17214382
2150257859,101664884
2150257859,390696814
2150257859,245755044
2150257859,36255601
2150257859,22205673
2150257859,27295136
2150257859,1432191
2150257859,543533194
2150257859,242415864
2150257859,16513161
2150257859,1181171521
2150257859,14804579
2150257859,14768955
2150257859,14822382
2150257859,14270254
2150257859,16951979
2150257859,10668202
2150257859,1307427157
2150257859,293512139
2150257859,1178944580
2150257859,865319844
2150257859,138388408
2150257859,21016479
2150257859,216324164
2150257859,1900623800
2150257859,17930917
2150257859,41258937
2150257859,209811713
2150257859,11791512
2150257859,41781144
2150257859,66462937
2150257859,64788246
2150257859,55191060
2150257859,88471941
2150257859,1216655126
2150257859,91478624
2150257859,573918122
2150257859,807095
2150257859,15492359
2150257859,20448566
2150257859,20545216
2150257859,979505875
2150257859,61448886
2150257859,8728392
2150257859,16632219
2150257859,23924865
2150257859,241100784
2150257859,16551715
2150257859,20940543
2150257859,95763748
2150257859,51469577
2150257859,50640639
2150257859,20351362
2150257859,20350081
2150257859,21195592
2150257859,1615685677
2150257859,140091998
2150257859,50602093
2150257859,16722692
2150257859,169123186
2150257859,56507732
2150257859,210930454
2150257859,952284048
2150257859,21344197
2150257859,14927130
2150257859,15866857
2150257859,14833030
2150257859,16151632
2150257859,15010772
2150257859,87855391
2150257859,14333754
2150257859,73248594
2150257859,398227635
2150257859,15283599
2150257859,16206570
2150257859,16519133
2150257859,15749983
2150257859,17193794
2150257859,331231483
2150257859,58561993
2150257859,200051147
2150257859,2803191
2150257859,1968443364
2150257859,21287076
2150257859,2200443625
2150257859,9737032
2150257859,14539324
2150257859,94081671
2150257859,18377825
2150257859,206989433
2150257859,72915446
2150257859,2213459747
2150257859,294043151
2150257859,21309551
2150257859,17783001
2150257859,40346759
2150257859,24590293
2150257859,50707383
2150257859,73986315
2150257859,126597371
2150257859,19858768
2150257859,23744604
2150257859,72385883
2150257859,19474261
2150257859,19716315
2150257859,290762891
2150257859,783214
2150257859,20765608
2150257859,22903765
2150257859,155659213
2150257859,2191981764
2150257859,1623328358
2150257859,1522994466
2150257859,1060365978
2150257859,569858803
2150257859,608164445
2150257859,60941141
2150257859,395110990
2150257859,350163849
2150257859,585774956
2150257859,20051346
2150257859,38977171
2150257859,20722305
2150257859,200749589
2150257859,603625885
2150257859,1323683868
2150257859,21204154
2150257859,46623158
2150257859,8834362
2150257859,382267114
2150257859,66834664
2150257859,242876358
2150257859,2142731
2150257859,110356126
2150257859,186477630
2150257859,92056489
2150257859,32443401
2150257859,175083215
2150257859,533085085
2150257859,422868223
2150257859,256675420
2150257859,596940844
2150257859,153067700
2150257859,464663729
2150257859,237241020
2150257859,977112482
2150257859,16631331
2150257859,21390437
2150257859,169015850
2150257859,54290504
2150257859,39847333
2150257859,1871286247
2150257859,19334929
2150257859,20560841
2150257859,70349639
2150257859,109779429
2150257859,49781518
2150257859,210567753
2150257859,89986710
2150257859,121167080
2150257859,8662472
2150257859,19889294
2150257859,7109022
2150257859,21905142
2150257859,19910996
2150257859,22832997
2150257859,1642982894
2150257859,170217332
2150257859,20856282
2150257859,813286
2150257859,15392221
2150257859,19921389
2150257859,454843106
2150257859,621356122
2150257859,21755824
2150257859,15752204
2150257859,18075140
2150257859,12579252
2150257859,24253645
2150257859,14627400
2150257859,49423975
2150257859,21967441
2150257859,19198198
2150257859,15134408
2150257859,150621067
2150257859,19490380
2150257859,50393960
2150257859,14706299
2150257859,335431199
2150257859,2480951
2150257859,17051356
2150257859,328980753
2150257859,15391813
2150257859,16451028
2150257859,17311493
2150257859,97488105
2150257859,16631693
2150257859,19186180
2150257859,18679659
2150257859,382370638
2150257859,822254263
2150257859,317925618
2150257859,1305793399
2150257859,297481535
2150257859,1536690991
