21799706,3407923774
21799706,3312383057
21799706,3044738957
21799706,819299024
21799706,1175684941
21799706,835824308
21799706,21390437
21799706,19564523
21799706,155659213
21799706,2361841630
21799706,334602996
21799706,124690469
21799706,20781929
21799706,2292454922
21799706,21648020
21799706,17683011
21799706,19405367
21799706,19394887
21799706,19490380
21799706,771383605
21799706,18676177
21799706,1615685677
21799706,2559219152
21799706,2197487762
21799706,23057502
21799706,974910727
21799706,2219487587
21799706,42480261
21799706,2384949166
21799706,1259129622
21799706,575419782
21799706,119702433
21799706,746165707
21799706,605445468
21799706,1074849350
21799706,919749138
21799706,968385528
21799706,632938669
21799706,288785053
21799706,1382404544
21799706,20676778
21799706,21905142
21799706,783214
21799706,16668834
21799706,18761347
21799706,16632219
21799706,14847636
21799706,328980753
21799706,97488105
21799706,7996082
21799706,19889294
21799706,16632149
21799706,115485051
21799706,20448566
21799706,150677740
21799706,271028583
21799706,54015652
21799706,18186509
21799706,14395119
21799706,14746456
21799706,18135386
21799706,13409752
21799706,405123394
21799706,49781518
21799706,18075140
21799706,8978952
21799706,17163446
21799706,24241544
21799706,21138477
21799706,19713622
21799706,34423857
21799706,21112266
21799706,19472578
21799706,454843106
21799706,26276346
21799706,19921389
21799706,22904901
21799706,500704345
21799706,21854625
21799706,152585836
21799706,180505807
21799706,15005991
21799706,20809515
21799706,8351762
21799706,123754656
21799706,14758257
21799706,16854780
21799706,19024453
21799706,69712872
21799706,19689047
21799706,46240134
21799706,91318191
21799706,25904526
21799706,19859014
21799706,20843014
21799706,70366780
21799706,16838962
21799706,17624543
21799706,18212997
21799706,20684105
21799706,59505978
21799706,20992915
21799706,19647014
21799706,20606837
21799706,42011097
21799706,17311493
21799706,38664139
21799706,24590293
21799706,36234621
21799706,11994692
21799706,8665572
21799706,25809108
21799706,34942094
21799706,25879585
21799706,29214466
21799706,30041546
21799706,28790071
21799706,19285966
21799706,18904973
21799706,23263743
21799706,25083467
21799706,20583613
21799706,8665852
21799706,16529640
21799706,21195592
21799706,12229942
21799706,16648052
21799706,24528176
21799706,19339124
21799706,19732375
21799706,18944007
21799706,19247625
21799706,15683146
21799706,8628562
21799706,17884125
21799706,19712523
21799706,20740074
21799706,20163851
21799706,21783395
21799706,20775703
21799706,16451028
21799706,3373791
21799706,2561091
21799706,15392221
21799706,19264748
21799706,16171953
21799706,18679659
21799706,19033555
21799706,19186180
21799706,14270254
21799706,554913
