21921103,2317351705
21921103,2789778270
21921103,268208070
21921103,316389142
21921103,2951074307
21921103,583545411
21921103,180821354
21921103,6207762
21921103,1126867837
21921103,84152857
21921103,403991138
21921103,234053160
21921103,21287515
21921103,18518096
21921103,70385068
21921103,520449734
21921103,3225642686
21921103,217749896
21921103,34713362
21921103,2976771850
21921103,4253260888
21921103,40426996
21921103,552582271
21921103,10681662
21921103,20618678
21921103,65647594
21921103,3160646900
21921103,3379372810
21921103,18167178
21921103,1851229334
21921103,3483917657
21921103,19923638
21921103,20224969
21921103,118864905
21921103,20717463
21921103,41367507
21921103,2435310141
21921103,35714762
21921103,66359307
21921103,3290950795
21921103,153751033
21921103,19136302
21921103,19725644
21921103,2916305152
21921103,2472936925
21921103,362559925
21921103,1900408932
21921103,1536791610
21921103,1335809869
21921103,108146685
21921103,3004163369
21921103,524545961
21921103,25555639
21921103,108670198
21921103,474528141
21921103,4970411
21921103,2347049341
21921103,3293831008
21921103,16973333
21921103,2566535282
21921103,16343974
21921103,1626294277
21921103,3060278315
21921103,40872043
21921103,63692643
21921103,65187067
21921103,3308456165
21921103,104298598
21921103,334602996
21921103,487736815
21921103,823905
21921103,298602588
21921103,5518042
21921103,21849140
21921103,316608738
21921103,321970500
21921103,137041926
21921103,157981564
21921103,196994616
21921103,169426475
21921103,1263538056
21921103,8665852
21921103,19083439
21921103,29422232
21921103,28565356
21921103,2292454922
21921103,395388847
21921103,81136269
21921103,2373735295
21921103,9207632
21921103,1690412382
21921103,287757072
21921103,19826509
21921103,701858228
21921103,83658970
21921103,6531902
21921103,1400466500
21921103,14436030
21921103,128308837
21921103,362557435
21921103,1674277502
21921103,12975572
21921103,964693296
21921103,386425059
21921103,2927274370
21921103,112897540
21921103,498448861
21921103,15892162
21921103,1126211065
21921103,217730596
21921103,206978050
21921103,973983732
21921103,78706973
21921103,32250446
21921103,397052012
21921103,275686563
21921103,281093434
21921103,2702045630
21921103,2239826564
21921103,135163472
21921103,17809593
21921103,14099695
21921103,158342368
21921103,408422581
21921103,77528520
21921103,279642533
21921103,16929520
21921103,34310801
21921103,51566870
21921103,20993054
21921103,479813224
21921103,1143015102
21921103,2285292157
21921103,1322319715
21921103,2449601442
21921103,771943484
21921103,94700129
21921103,16042794
21921103,2869704675
21921103,25070893
21921103,290762891
21921103,2252683543
21921103,40838211
21921103,23937894
21921103,257291338
21921103,16672510
21921103,48459553
21921103,47722134
21921103,36026886
21921103,231703688
21921103,1725292759
21921103,2808549095
21921103,522630113
21921103,68440549
21921103,17567795
21921103,242827797
21921103,328406897
21921103,197816493
21921103,465645673
21921103,2468963930
21921103,843112550
21921103,25049056
21921103,1630896181
21921103,15521535
21921103,2548158380
21921103,5521182
21921103,20048250
21921103,263831968
21921103,116742769
21921103,83586406
21921103,1200551491
21921103,42091895
21921103,239821102
21921103,2322664484
21921103,18551556
21921103,701022607
21921103,20076659
21921103,16628478
21921103,14430936
21921103,17005368
21921103,5695632
21921103,1967039582
21921103,619374235
21921103,1594021728
21921103,143144612
21921103,16956827
21921103,33964299
21921103,391377677
21921103,386270039
21921103,1963312058
21921103,17676713
21921103,14275129
21921103,175500549
21921103,2699519000
21921103,14166909
21921103,14276734
21921103,535707261
21921103,1910622313
21921103,162240741
21921103,984315458
21921103,432557320
21921103,147896957
21921103,7816392
21921103,2611870982
21921103,25529018
21921103,38843285
21921103,2665316959
21921103,64643056
21921103,236891946
21921103,23472117
21921103,220696831
21921103,301716524
21921103,1966393806
21921103,2223592103
21921103,962989525
21921103,46598192
21921103,25058787
21921103,18576537
21921103,575784825
21921103,24506246
21921103,19489239
21921103,367709007
21921103,567234094
21921103,20639175
21921103,6721522
21921103,965007824
21921103,256112907
21921103,3819701
21921103,5225991
21921103,17057271
21921103,12804422
21921103,15057943
21921103,1440641
21921103,21783395
21921103,8665572
21921103,129051309
21921103,525312787
21921103,182380280
21921103,16303106
21921103,2373475078
21921103,2358163026
21921103,15164565
21921103,1441283196
21921103,1154754404
21921103,2382528691
21921103,11695472
21921103,21093785
21921103,3459051
21921103,16153562
21921103,390758480
21921103,63452015
21921103,30599331
21921103,109998619
21921103,551149727
21921103,121977893
21921103,222636506
21921103,757775772
21921103,1332794407
21921103,325642640
21921103,1356953600
21921103,1003794630
21921103,786796010
21921103,409503871
21921103,1337359117
21921103,206052014
21921103,1582853809
21921103,14853258
21921103,572470115
21921103,1264788474
21921103,16683666
21921103,347133920
21921103,19731042
21921103,19446041
21921103,37267983
21921103,1024492520
21921103,29582933
21921103,208484877
21921103,2243997137
21921103,51892045
21921103,972651
21921103,1907069815
21921103,19534873
21921103,53418648
21921103,268977526
21921103,7864222
21921103,1583197964
21921103,516997129
21921103,137033146
21921103,15796976
21921103,251524687
21921103,17220638
21921103,15392221
21921103,276911103
21921103,68342564
21921103,1407892861
21921103,30706527
21921103,1930959812
21921103,30345764
21921103,948552829
21921103,114704955
21921103,13353862
21921103,8460572
21921103,30261067
21921103,46403451
21921103,3108351
21921103,1994321
21921103,2097571
21921103,14293310
21921103,45403413
21921103,115002779
21921103,23316750
21921103,156005263
21921103,2884771
21921103,16012783
21921103,34240147
21921103,52466695
21921103,986878273
21921103,47813521
21921103,189376144
21921103,561965364
21921103,714874134
21921103,418995386
21921103,553598793
21921103,41073372
21921103,495404569
21921103,23455730
21921103,24670390
21921103,21363569
21921103,182721799
21921103,1470820914
21921103,15838036
21921103,47961162
21921103,14606079
21921103,307424496
21921103,18501759
21921103,29087407
21921103,1615702453
21921103,213722368
21921103,1615685677
21921103,335972576
21921103,1252917283
21921103,16944969
21921103,1382404544
21921103,915226682
21921103,943422660
21921103,250858058
21921103,61037301
21921103,287859136
21921103,48424015
21921103,45615081
21921103,771383605
21921103,23263743
21921103,57828037
21921103,119219948
21921103,19415798
21921103,36789856
21921103,34350419
21921103,19883755
21921103,1339835893
21921103,1055524484
21921103,19875072
21921103,21425125
21921103,15951863
21921103,1321295130
21921103,1062558625
21921103,219807531
21921103,338985020
21921103,107545214
21921103,530992758
21921103,44341172
21921103,24744541
21921103,14270254
21921103,95023423
21921103,523471831
21921103,268406421
21921103,54015652
21921103,119959446
21921103,287477794
21921103,60916506
21921103,79136059
21921103,18729562
21921103,721285358
21921103,761801714
21921103,46003622
21921103,14095052
21921103,33933259
21921103,20596281
21921103,91011589
21921103,15947602
21921103,69231187
21921103,18213483
21921103,14159148
21921103,14700316
21921103,156651229
21921103,829270554
21921103,2553151
21921103,1242454892
21921103,284893212
21921103,14150093
21921103,239760107
21921103,205437050
21921103,96104822
21921103,26494583
21921103,25150711
21921103,629647965
21921103,17229153
21921103,25333609
21921103,95339154
21921103,596940844
21921103,42278126
21921103,46205218
21921103,965741665
21921103,166175528
21921103,43675318
21921103,15615035
21921103,363357451
21921103,48302014
21921103,77826352
21921103,19450907
21921103,47476545
21921103,360230512
21921103,244476866
21921103,17173144
21921103,22321740
21921103,380648579
21921103,14183379
21921103,21237820
21921103,18040878
21921103,793603441
21921103,23837271
21921103,15973392
21921103,578261672
21921103,14176375
21921103,20479813
21921103,23911915
21921103,541158674
21921103,15473958
21921103,186154646
21921103,510293096
21921103,20987390
21921103,18622869
21921103,27012567
21921103,631478559
21921103,71517035
21921103,344340329
21921103,18310594
21921103,31114386
21921103,16548023
21921103,555534919
21921103,19458129
21921103,6692952
21921103,251716551
21921103,1023139638
21921103,824153233
21921103,39056314
21921103,220315378
21921103,279390084
21921103,19686295
21921103,500704345
21921103,526205748
21921103,26874588
21921103,14075508
21921103,17060020
21921103,20113223
21921103,132900363
21921103,843902677
21921103,77067329
21921103,311989458
21921103,302971361
21921103,778057
21921103,14116807
21921103,16668834
21921103,22362992
21921103,7047
21921103,18323491
21921103,741036666
21921103,18962507
21921103,18812572
21921103,492288571
21921103,218653131
21921103,858852979
21921103,19591633
21921103,22145200
21921103,87818409
21921103,205974045
21921103,163853523
21921103,19472578
21921103,18730195
21921103,153067700
21921103,354581708
21921103,60633332
21921103,19226975
21921103,478453679
21921103,328980753
21921103,158414847
21921103,87416722
21921103,138182116
21921103,69181624
21921103,573535151
21921103,73553243
21921103,1877831
21921103,726443
21921103,24696669
21921103,45197671
21921103,7540212
21921103,121528025
21921103,26186890
21921103,13765232
21921103,523857806
21921103,249869615
21921103,50300579
21921103,430328795
21921103,337764232
21921103,549618360
21921103,20044737
21921103,64788246
21921103,64896516
21921103,82770510
21921103,75511224
21921103,26728918
21921103,74470394
21921103,49127807
21921103,237742980
21921103,225370230
21921103,8884772
21921103,90459543
21921103,382685028
21921103,539228988
21921103,55678217
21921103,377008435
21921103,158201610
21921103,278688022
21921103,20717438
21921103,128752878
21921103,14856333
21921103,298360697
21921103,24784028
21921103,24677986
21921103,485821004
21921103,38767223
21921103,458300444
21921103,405123394
21921103,39879120
21921103,1434251
21921103,20712514
21921103,19224439
21921103,20923305
21921103,320686363
21921103,12323012
21921103,464141946
21921103,14684733
21921103,19451823
21921103,304329674
21921103,140091998
21921103,19509051
21921103,19278408
21921103,15279422
21921103,45824306
21921103,14447090
21921103,457537353
21921103,280845215
21921103,17008726
21921103,190323946
21921103,19716315
21921103,431006041
21921103,223713757
21921103,14353392
21921103,86391789
21921103,39305727
21921103,20012572
21921103,422868223
21921103,55997506
21921103,18676177
21921103,17006157
21921103,288465044
21921103,54078222
21921103,788524
21921103,16664803
21921103,126118232
21921103,412237956
21921103,175949757
21921103,14946308
21921103,360765203
21921103,39257122
21921103,14834340
21921103,46744791
21921103,123754656
21921103,23011527
21921103,20856282
21921103,86422542
21921103,15907720
21921103,124690469
21921103,78569026
21921103,39349216
21921103,10159762
21921103,14642336
21921103,19880248
21921103,94081671
21921103,241100784
21921103,16935292
21921103,15169311
21921103,27764255
21921103,330934596
21921103,274213827
21921103,16129920
21921103,17163446
21921103,1367531
21921103,51241574
21921103,16631693
21921103,16631801
21921103,6267852
21921103,15391813
21921103,19889294
21921103,15030767
21921103,16632149
21921103,7587032
21921103,21510894
21921103,23588075
21921103,22941152
21921103,35002876
21921103,200846196
21921103,20608910
21921103,20164477
21921103,14123751
21921103,39472967
21921103,27520512
21921103,14909968
21921103,18749121
21921103,17325090
21921103,55578503
21921103,20233557
21921103,12553452
21921103,29437458
21921103,12543242
21921103,18186509
21921103,14511951
21921103,3550091
21921103,21390437
21921103,15012486
21921103,111933542
21921103,18487710
21921103,216475331
21921103,221109828
21921103,181199293
21921103,222591083
21921103,214358016
21921103,220878524
21921103,221277556
21921103,221080645
21921103,16589206
21921103,1652541
21921103,22234861
21921103,40232190
21921103,323468251
21921103,89273104
21921103,9317502
21921103,11819792
21921103,49195175
21921103,17004618
21921103,26276346
21921103,18480435
21921103,22526082
21921103,18585720
21921103,20682530
21921103,14903044
21921103,276099167
21921103,137206568
21921103,318452278
21921103,6017542
21921103,19910996
21921103,5988062
21921103,5402612
21921103,2467791
21921103,759251
21921103,742143
21921103,71294756
21921103,30313925
21921103,113420831
21921103,7996082
21921103,17220934
21921103,14138785
21921103,33960482
21921103,16724361
21921103,17063215
21921103,14496918
21921103,292892234
21921103,21648020
21921103,34417072
21921103,14677919
21921103,284224076
21921103,19713622
21921103,21856053
21921103,19709089
21921103,49781518
21921103,17624959
21921103,21138477
21921103,17993489
21921103,207933284
21921103,16632219
21921103,18678493
21921103,266712846
21921103,92645010
21921103,20319462
21921103,19024850
21921103,21492030
21921103,5795372
21921103,239291517
21921103,75202473
21921103,14562960
21921103,20583613
21921103,10228272
21921103,19024453
21921103,19405367
21921103,35779304
21921103,813286
21921103,102097897
21921103,14230524
21921103,2043041
21921103,19247625
21921103,103550271
21921103,16727535
21921103,113425681
21921103,97475721
21921103,20311818
21921103,91781969
21921103,20088940
21921103,25276144
21921103,24241544
21921103,49602124
21921103,36159809
21921103,30041546
21921103,17624543
21921103,35655441
21921103,19647014
21921103,54618182
21921103,20766350
21921103,35449426
21921103,29263629
21921103,22215403
21921103,31756783
21921103,35734223
21921103,18812301
21921103,20885390
21921103,19286480
21921103,26994118
21921103,17680134
21921103,15925628
21921103,33483290
21921103,15500844
21921103,8696812
21921103,21854625
21921103,18447543
21921103,22384454
21921103,21112266
21921103,14907794
21921103,18021904
21921103,10096302
21921103,26223336
21921103,24058960
21921103,16972877
21921103,8115312
21921103,27065628
21921103,21611257
21921103,16277072
21921103,14245317
21921103,27201303
21921103,19732375
21921103,19339521
21921103,16854780
21921103,18944007
21921103,15224867
21921103,15309795
21921103,24954883
21921103,13261592
21921103,1172631
21921103,15000879
21921103,20586517
21921103,25052709
21921103,7887542
21921103,14995420
21921103,19497698
21921103,14333754
21921103,15962096
21921103,10810102
21921103,19186180
21921103,20350081
21921103,14935315
21921103,783214
21921103,2561091
21921103,3943871
21921103,428333
21921103,16171953
21921103,3373791
21921103,16258691
21921103,7109022
21921103,19458935
21921103,16529640
21921103,16451028
21921103,807095
21921103,19586970
21921103,14758257
21921103,19264748
21921103,5391882
21921103,5120691
21921103,12
21921103,20775703
21921103,13409752
