22481098,4848848787
22481098,3131259647
22481098,19090219
22481098,47950452
22481098,466637257
22481098,198528066
22481098,3393988786
22481098,3395917415
22481098,28757676
22481098,3254710077
22481098,36501159
22481098,1731030350
22481098,25489542
22481098,154391771
22481098,392199690
22481098,2617481322
22481098,2687237153
22481098,2801885037
22481098,2803444640
22481098,2974653730
22481098,2976750778
22481098,3075715029
22481098,20577579
22481098,784558332
22481098,2815121844
22481098,2563461596
22481098,2753192953
22481098,1093262388
22481098,2414509974
22481098,310193815
22481098,2607360637
22481098,132106023
22481098,820190174
22481098,1303278968
22481098,183213553
22481098,20058825
22481098,19232649
22481098,2599249849
22481098,2786900559
22481098,7197752
22481098,2650351980
22481098,232242473
22481098,2413938919
22481098,28565356
22481098,2805926353
22481098,575269517
22481098,205750967
22481098,1545333888
22481098,23746425
22481098,2803587655
22481098,460163041
22481098,1951594375
22481098,76015405
22481098,1527896509
22481098,15720598
22481098,1134490507
22481098,548110333
22481098,100797230
22481098,291550466
22481098,2365400137
22481098,2373819493
22481098,57294912
22481098,77174985
22481098,117030715
22481098,26776411
22481098,2285896139
22481098,1922683879
22481098,64722705
22481098,549985014
22481098,1200957973
22481098,14791162
22481098,59898137
22481098,263758160
22481098,882336672
22481098,37140202
22481098,1860571140
22481098,2414746608
22481098,2547517250
22481098,202567162
22481098,19020041
22481098,2797688739
22481098,1630143438
22481098,789893053
22481098,1583151662
22481098,1553232462
22481098,97637204
22481098,169479716
22481098,1916755039
22481098,135579137
22481098,308420061
22481098,105216730
22481098,46627286
22481098,17680050
22481098,260886714
22481098,594798146
22481098,2180126766
22481098,169426475
22481098,294600068
22481098,21322408
22481098,14569308
22481098,15061445
22481098,14861745
22481098,15229068
22481098,16905927
22481098,17448796
22481098,18218218
22481098,18460290
22481098,18901336
22481098,19182854
22481098,19422447
22481098,20228586
22481098,20463983
22481098,22651555
22481098,23318055
22481098,24181511
22481098,25057713
22481098,25868679
22481098,25555639
22481098,25980581
22481098,26586771
22481098,28640933
22481098,31417167
22481098,31193470
22481098,33248043
22481098,34423857
22481098,36147876
22481098,36050356
22481098,37956819
22481098,38415999
22481098,42372786
22481098,45360352
22481098,46928097
22481098,48339953
22481098,48694964
22481098,49442786
22481098,49950808
22481098,53944421
22481098,54172831
22481098,66691158
22481098,68964628
22481098,72277900
22481098,70951142
22481098,73521496
22481098,77171292
22481098,76887333
22481098,83041759
22481098,81384790
22481098,93255334
22481098,96137330
22481098,104595541
22481098,106446573
22481098,106231214
22481098,110191018
22481098,112413126
22481098,112873259
22481098,113915931
22481098,125404928
22481098,121171051
22481098,140133595
22481098,142395887
22481098,143393223
22481098,143828745
22481098,145252665
22481098,146088853
22481098,146101077
22481098,149813090
22481098,153388751
22481098,155704077
22481098,156289017
22481098,158021529
22481098,158342368
22481098,162055437
22481098,165480860
22481098,171153229
22481098,185976655
22481098,190383639
22481098,190955270
22481098,195681218
22481098,192877061
22481098,193258521
22481098,193261836
22481098,198791659
22481098,199700276
22481098,202086424
22481098,202610289
22481098,211175054
22481098,218804015
22481098,228673882
22481098,239860130
22481098,240613149
22481098,241540322
22481098,245074453
22481098,249601317
22481098,255941995
22481098,263243802
22481098,270839361
22481098,270898732
22481098,280227352
22481098,292917443
22481098,303234771
22481098,304928772
22481098,309257842
22481098,317794999
22481098,316956459
22481098,311951299
22481098,326111493
22481098,322933929
22481098,339846503
22481098,339672122
22481098,336089942
22481098,327554825
22481098,351009963
22481098,356190403
22481098,356787601
22481098,361752880
22481098,365363757
22481098,365765843
22481098,368804657
22481098,371315536
22481098,373423842
22481098,379325675
22481098,379647647
22481098,381540723
22481098,381969506
22481098,385358076
22481098,391508451
22481098,391945446
22481098,393327544
22481098,397348833
22481098,398693880
22481098,404894090
22481098,406887142
22481098,413863711
22481098,415475621
22481098,422173089
22481098,435714725
22481098,454821447
22481098,461219174
22481098,467604110
22481098,471352210
22481098,472277264
22481098,472412809
22481098,478679663
22481098,481538673
22481098,484515352
22481098,497267328
22481098,498983436
22481098,509288627
22481098,510693528
22481098,512029333
22481098,518660800
22481098,529247064
22481098,533082734
22481098,535452316
22481098,539156512
22481098,540895773
22481098,552711664
22481098,560188351
22481098,562091221
22481098,582076945
22481098,592616570
22481098,595700287
22481098,599491010
22481098,603467021
22481098,610994783
22481098,612717643
22481098,625617955
22481098,627200944
22481098,702661167
22481098,744743599
22481098,784574954
22481098,796413882
22481098,805308596
22481098,813738259
22481098,826743260
22481098,829060856
22481098,835659450
22481098,843244314
22481098,846990968
22481098,849071016
22481098,854441570
22481098,866252216
22481098,900231078
22481098,939966774
22481098,952267464
22481098,992741821
22481098,1011412910
22481098,1030730444
22481098,1040088108
22481098,1063589060
22481098,1135141640
22481098,1149068857
22481098,1170514248
22481098,1206108030
22481098,1171792194
22481098,1225229076
22481098,1244330972
22481098,1249486668
22481098,1274709210
22481098,1300328653
22481098,1306932638
22481098,1313437296
22481098,1314652063
22481098,1336254342
22481098,1374283010
22481098,1374924439
22481098,1428138349
22481098,1492759764
22481098,1498593469
22481098,1510780328
22481098,1525524354
22481098,1536804174
22481098,1541589410
22481098,1558588135
22481098,1585889305
22481098,1603758744
22481098,1668992125
22481098,1734717882
22481098,1860459990
22481098,1875717132
22481098,1886420552
22481098,1900013413
22481098,1949513514
22481098,2165445573
22481098,2190755568
22481098,2190798482
22481098,2205007300
22481098,2218262270
22481098,2223841798
22481098,2223619951
22481098,2220009464
22481098,2239747586
22481098,2257770468
22481098,2267143780
22481098,2262477443
22481098,2279351990
22481098,2279751087
22481098,2283439448
22481098,2288266503
22481098,2289930074
22481098,2293287188
22481098,2294733241
22481098,2317789460
22481098,2320688816
22481098,2321039642
22481098,2326499672
22481098,2331718804
22481098,2336443579
22481098,2339095172
22481098,2343845391
22481098,2347360369
22481098,2348739600
22481098,2350848886
22481098,2351820624
22481098,2355316779
22481098,2362301084
22481098,2362654915
22481098,2362739336
22481098,2368809120
22481098,2369520374
22481098,2370090686
22481098,2370772835
22481098,2376830766
22481098,2382179366
22481098,2389235778
22481098,2394252247
22481098,2396056585
22481098,2397043430
22481098,2414027864
22481098,2414884400
22481098,2416391065
22481098,2419290031
22481098,2424047370
22481098,2425184299
22481098,2426902357
22481098,2438273430
22481098,2441261875
22481098,2443718293
22481098,2447738125
22481098,2449371920
22481098,2455611960
22481098,2460011960
22481098,2463325740
22481098,2467689584
22481098,2470710932
22481098,2472445567
22481098,2473674072
22481098,2476048160
22481098,2482719410
22481098,2494327693
22481098,2497562078
22481098,2510731297
22481098,2559483123
22481098,2574335359
22481098,2578600004
22481098,2598036859
22481098,2606242467
22481098,2615232002
22481098,2722185202
22481098,2815744853
22481098,1371875510
22481098,17621447
22481098,338910451
22481098,2341068978
22481098,399991392
22481098,357514379
22481098,2373681362
22481098,114778403
22481098,1870771148
22481098,24909190
22481098,42008209
22481098,17064195
22481098,113064090
22481098,17289752
22481098,80514014
22481098,529611048
22481098,1548804618
22481098,2445174992
22481098,1934463319
22481098,145297666
22481098,92337227
22481098,15207550
22481098,429065822
22481098,175322763
22481098,143536359
22481098,2162942852
22481098,455378815
22481098,491722490
22481098,2645325126
22481098,2231416206
22481098,42183750
22481098,2165903247
22481098,479390782
22481098,14784765
22481098,1374827906
22481098,829032654
22481098,55207471
22481098,251290516
22481098,1645156130
22481098,1347250338
22481098,379645871
22481098,532284091
22481098,2194389229
22481098,1368850908
22481098,2461432297
22481098,142690511
22481098,1870872692
22481098,87306292
22481098,581103570
22481098,32393140
22481098,46416760
22481098,2466169957
22481098,2294574438
22481098,2195622679
22481098,2306689783
22481098,2200853882
22481098,1074147380
22481098,1299237188
22481098,1380410526
22481098,284487337
22481098,1605490776
22481098,15923226
22481098,17465741
22481098,326614548
22481098,47636400
22481098,15675138
22481098,949341888
22481098,20770862
22481098,500704345
22481098,2359926157
22481098,2421073909
22481098,19553871
22481098,2362797030
22481098,2195617326
22481098,130185475
22481098,230810570
22481098,29958529
22481098,245834689
22481098,1256636192
22481098,2209289670
22481098,1964362394
22481098,2178520213
22481098,28451379
22481098,212573765
22481098,2252186388
22481098,51481820
22481098,257405670
22481098,2292454922
22481098,142294033
22481098,1681432904
22481098,2435588570
22481098,218417717
22481098,603672164
22481098,168523669
22481098,1313814055
22481098,2282168701
22481098,1361788304
22481098,78652897
22481098,19235153
22481098,2396037073
22481098,2421756319
22481098,1409741912
22481098,342739663
22481098,1311173616
22481098,2195728093
22481098,990802033
22481098,2308562263
22481098,1244287831
22481098,2231228377
22481098,927818887
22481098,1462559538
22481098,1612601184
22481098,1527214177
22481098,1563412764
22481098,2432355774
22481098,2330260382
22481098,2428652428
22481098,1148659153
22481098,17503180
22481098,15828408
22481098,20884910
22481098,2221851103
22481098,351520696
22481098,17039236
22481098,367063453
22481098,342220679
22481098,278020492
22481098,455262355
22481098,2156552208
22481098,129161949
22481098,50363584
22481098,287424601
22481098,392459453
22481098,109366328
22481098,992653747
22481098,128508067
22481098,2413952309
22481098,2403848244
22481098,2422102190
22481098,2340485630
22481098,594001837
22481098,578248282
22481098,35260522
22481098,1940730428
22481098,1381378920
22481098,2343511458
22481098,596353117
22481098,2266095134
22481098,155281220
22481098,422542717
22481098,2357112774
22481098,2247268470
22481098,1583062087
22481098,47131906
22481098,1217785746
22481098,2412329083
22481098,485487649
22481098,1020476766
22481098,1147698972
22481098,1266500395
22481098,1208902680
22481098,1108890530
22481098,2313496952
22481098,1253432324
22481098,1394088168
22481098,2274270504
22481098,1241405022
22481098,1241406589
22481098,2228326938
22481098,539991524
22481098,1114378418
22481098,700631726
22481098,1229589805
22481098,1547653680
22481098,1181792767
22481098,1230143660
22481098,1276147650
22481098,1246527673
22481098,1602945500
22481098,2301134690
22481098,1919709684
22481098,1550091614
22481098,1947007723
22481098,1103740735
22481098,1133745451
22481098,1110213511
22481098,372727006
22481098,2241974702
22481098,1288919701
22481098,1288636802
22481098,1560649812
22481098,2351523480
22481098,1391792551
22481098,1605891588
22481098,1288628300
22481098,1219149344
22481098,1288625557
22481098,125318676
22481098,2203168022
22481098,1241061764
22481098,1147817827
22481098,1519877454
22481098,1166704128
22481098,1322526061
22481098,1362024320
22481098,1259154630
22481098,1371777990
22481098,1265662826
22481098,1595944292
22481098,1415920668
22481098,1159924520
22481098,1586336906
22481098,1338603343
22481098,1580457073
22481098,1054819560
22481098,1931194988
22481098,1227483301
22481098,1466983518
22481098,1100597976
22481098,1057673396
22481098,1490417305
22481098,1547780935
22481098,1303003610
22481098,1361965177
22481098,1371727411
22481098,2284695991
22481098,1346468432
22481098,1320211525
22481098,1359330404
22481098,1966758067
22481098,1101393468
22481098,155659213
22481098,1513185468
22481098,392648039
22481098,35803565
22481098,60845501
22481098,1706892426
22481098,14361155
22481098,14700316
22481098,18213483
22481098,69231187
22481098,277384675
22481098,829278674
22481098,832868966
22481098,1008673909
22481098,117067079
22481098,1598127282
22481098,1374777056
22481098,15308643
22481098,24688336
22481098,334775781
22481098,229531168
22481098,303509036
22481098,135432853
22481098,372182708
22481098,145956794
22481098,49129140
22481098,236347294
22481098,54493347
22481098,94657978
22481098,163770896
22481098,1928085336
22481098,314769969
22481098,111599027
22481098,736880372
22481098,2191005127
22481098,2232167227
22481098,1305666740
22481098,912698430
22481098,478897496
22481098,2186644915
22481098,1588940017
22481098,1948930124
22481098,434238685
22481098,284050361
22481098,1394066053
22481098,1289061062
22481098,980732898
22481098,95863592
22481098,793593187
22481098,442985493
22481098,1731700808
22481098,928449326
22481098,326147272
22481098,214386768
22481098,371152177
22481098,131758525
22481098,26734143
22481098,407173571
22481098,2211276020
22481098,120589733
22481098,407148606
22481098,45111587
22481098,2190123834
22481098,1379066754
22481098,943240063
22481098,1381141898
22481098,987020833
22481098,20272845
22481098,16076032
22481098,194606502
22481098,1381876254
22481098,426464754
22481098,613545249
22481098,9378802
22481098,25999072
22481098,348977450
22481098,246374974
22481098,486495400
22481098,2201753168
22481098,529388566
22481098,114273612
22481098,844127972
22481098,30360274
22481098,274187306
22481098,26867843
22481098,62445356
22481098,15452937
22481098,701074942
22481098,1462994839
22481098,737810078
22481098,307407237
22481098,1949067378
22481098,23063349
22481098,244170872
22481098,28179950
22481098,1243324226
22481098,1327061083
22481098,828839316
22481098,310835764
22481098,555309932
22481098,240620807
22481098,53055944
22481098,1908261690
22481098,110132231
22481098,109241118
22481098,190620798
22481098,25330474
22481098,18804706
22481098,1229407116
22481098,19283297
22481098,1951997857
22481098,596377986
22481098,461919971
22481098,1707402152
22481098,101245189
22481098,1374909770
22481098,873308850
22481098,1967177126
22481098,74997396
22481098,861083000
22481098,613516964
22481098,26073686
22481098,246667561
22481098,412213891
22481098,409655680
22481098,384969961
22481098,119412875
22481098,40862859
22481098,36369516
22481098,40848479
22481098,40872043
22481098,37632408
22481098,36322453
22481098,37658921
22481098,40485981
22481098,36346230
22481098,37625700
22481098,36327891
22481098,154150525
22481098,36320057
22481098,94553010
22481098,123636816
22481098,18142375
22481098,472079320
22481098,537373439
22481098,865585063
22481098,320826619
22481098,897627558
22481098,310221185
22481098,1967210605
22481098,90014101
22481098,994734272
22481098,1731731006
22481098,21436960
22481098,1324782410
22481098,21079924
22481098,200583363
22481098,491382269
22481098,307797741
22481098,33994488
22481098,1930025695
22481098,563573148
22481098,821495558
22481098,633098410
22481098,217422465
22481098,352289827
22481098,256494725
22481098,987723554
22481098,332725337
22481098,91879755
22481098,596372618
22481098,607946179
22481098,5680622
22481098,29117357
22481098,356090559
22481098,1372577988
22481098,47973
22481098,757503164
22481098,1693509961
22481098,1920228356
22481098,81321048
22481098,484931798
22481098,1175514103
22481098,21059645
22481098,31136679
22481098,1071169639
22481098,166516036
22481098,417041210
22481098,1593672061
22481098,1930827601
22481098,384230182
22481098,211795475
22481098,69549823
22481098,28559473
22481098,85568796
22481098,21517010
22481098,321854007
22481098,198295507
22481098,1452578348
22481098,25482997
22481098,294062704
22481098,1512887341
22481098,183222891
22481098,596455345
22481098,43309451
22481098,189107134
22481098,52790548
22481098,254148389
22481098,188063559
22481098,55031092
22481098,64447019
22481098,21111483
22481098,27288390
22481098,32928571
22481098,41333290
22481098,44019567
22481098,46123918
22481098,69578244
22481098,70664947
22481098,103254650
22481098,104849271
22481098,116407356
22481098,149299258
22481098,182404196
22481098,203044507
22481098,209020126
22481098,220070669
22481098,322529131
22481098,341398199
22481098,361938275
22481098,380226093
22481098,386630251
22481098,404836757
22481098,420255268
22481098,423427851
22481098,454779231
22481098,456599828
22481098,465403556
22481098,477024981
22481098,485027222
22481098,507425094
22481098,578240398
22481098,606349480
22481098,716640056
22481098,740424272
22481098,817575619
22481098,856010760
22481098,862795896
22481098,886723075
22481098,1004071460
22481098,1069267729
22481098,1076811110
22481098,1097681648
22481098,1108382916
22481098,1113993006
22481098,1294551798
22481098,1303402580
22481098,1361319566
22481098,1390017163
22481098,1485429175
22481098,1510489741
22481098,1557028850
22481098,1560926802
22481098,1565809416
22481098,1570754803
22481098,1580316804
22481098,1720245578
22481098,1726262868
22481098,786764
22481098,819843415
22481098,632912486
22481098,404229015
22481098,974005686
22481098,1299643704
22481098,815107976
22481098,206717989
22481098,771383605
22481098,948552829
22481098,65371044
22481098,1337268097
22481098,1210067136
22481098,554978245
22481098,522501686
22481098,614913326
22481098,715682118
22481098,84540931
22481098,1883647494
22481098,1586266080
22481098,375861380
22481098,897090529
22481098,167322642
22481098,374403530
22481098,1745166062
22481098,856094534
22481098,102700670
22481098,326367789
22481098,219110145
22481098,154128178
22481098,1133087436
22481098,1573114124
22481098,18758878
22481098,125493429
22481098,150246405
22481098,411641231
22481098,15438913
22481098,605744328
22481098,23296450
22481098,231807647
22481098,941440772
22481098,66339310
22481098,302048836
22481098,402627627
22481098,859697930
22481098,1637403854
22481098,16433868
22481098,87210628
22481098,20741469
22481098,148727035
22481098,1509838910
22481098,177170372
22481098,402036288
22481098,376775023
22481098,247687745
22481098,410109136
22481098,797164856
22481098,1735063320
22481098,81838067
22481098,269895242
22481098,606325697
22481098,241519548
22481098,443115118
22481098,337620059
22481098,895722655
22481098,873777758
22481098,379996787
22481098,306134959
22481098,133320995
22481098,524236790
22481098,258345629
22481098,98639150
22481098,300343866
22481098,359979086
22481098,507688852
22481098,413839619
22481098,14499829
22481098,455990355
22481098,1400804851
22481098,169021842
22481098,20214495
22481098,125995973
22481098,481964948
22481098,27860681
22481098,15492359
22481098,343973635
22481098,559675462
22481098,193301414
22481098,19644592
22481098,193255365
22481098,745879338
22481098,1128241248
22481098,493370166
22481098,38152686
22481098,90673584
22481098,335363786
22481098,19982065
22481098,397964089
22481098,192231325
22481098,240684422
22481098,612460827
22481098,40573258
22481098,633764580
22481098,63136550
22481098,95434109
22481098,141164446
22481098,13201312
22481098,531328950
22481098,496278040
22481098,47399805
22481098,143918103
22481098,1089341010
22481098,15823722
22481098,574293020
22481098,149147611
22481098,551669623
22481098,49969223
22481098,914281548
22481098,466567938
22481098,386484588
22481098,19438626
22481098,327249605
22481098,280113430
22481098,420351046
22481098,274889355
22481098,626653053
22481098,600186678
22481098,295617117
22481098,226541132
22481098,53231591
22481098,401926357
22481098,1249246681
22481098,472043689
22481098,150725695
22481098,296371084
22481098,1396528477
22481098,192993369
22481098,886420428
22481098,6467332
22481098,378480926
22481098,1227570631
22481098,252650780
22481098,14691032
22481098,118999126
22481098,16345369
22481098,17211968
22481098,1137018775
22481098,587517694
22481098,441101681
22481098,467581610
22481098,53061336
22481098,10908772
22481098,1080566096
22481098,270850017
22481098,166102184
22481098,1243282393
22481098,1109602070
22481098,1191098330
22481098,380965463
22481098,1229285342
22481098,1359363726
22481098,1307193529
22481098,482919855
22481098,369147178
22481098,1245627464
22481098,569907227
22481098,130649891
22481098,2425151
22481098,7587032
22481098,52484614
22481098,205437050
22481098,21237045
22481098,29963566
22481098,400062835
22481098,200871994
22481098,29422232
22481098,920895180
22481098,18016160
22481098,79145543
22481098,715839908
22481098,155948847
22481098,628396879
22481098,529159527
22481098,1304933132
22481098,33933259
22481098,20596281
22481098,211194716
22481098,41338294
22481098,36320022
22481098,256489534
22481098,294046348
22481098,703862324
22481098,106364904
22481098,261428645
22481098,415572640
22481098,93825906
22481098,784101679
22481098,1024532485
22481098,1003841670
22481098,574301816
22481098,705234631
22481098,1266736928
22481098,1188783030
22481098,1225071811
22481098,1227578250
22481098,1203857112
22481098,1227104120
22481098,1227160704
22481098,1207640215
22481098,1218272659
22481098,1227524245
22481098,1197234409
22481098,1221108739
22481098,1197967508
22481098,100016553
22481098,74109828
22481098,1249695476
22481098,116716199
22481098,474832141
22481098,39516018
22481098,14808226
22481098,331017713
22481098,24154407
22481098,304901172
22481098,80249845
22481098,867655128
22481098,83795099
22481098,16153562
22481098,872102778
22481098,879883189
22481098,934092362
22481098,91109236
22481098,628469828
22481098,166933685
22481098,180505807
22481098,304972712
22481098,95631693
22481098,400053935
22481098,407801090
22481098,989582592
22481098,934766149
22481098,931581656
22481098,276607602
22481098,934632030
22481098,784172924
22481098,178295677
22481098,469977506
22481098,37623918
22481098,229896848
22481098,1118551878
22481098,3563051
22481098,470099591
22481098,335866857
22481098,381932497
22481098,20478131
22481098,302813080
22481098,163192569
22481098,1148586584
22481098,126728217
22481098,83691445
22481098,108528275
22481098,570018183
22481098,424093888
22481098,333464599
22481098,306115656
22481098,414684502
22481098,21223877
22481098,17487476
22481098,1088634314
22481098,31696962
22481098,1066693974
22481098,1133482171
22481098,1071273296
22481098,21101201
22481098,1214912420
22481098,787545738
22481098,1133979024
22481098,1111419362
22481098,1205321827
22481098,205315827
22481098,1142080268
22481098,376819013
22481098,1064383465
22481098,16681542
22481098,21313364
22481098,747423668
22481098,68440549
22481098,29701712
22481098,1054930406
22481098,125968501
22481098,35498252
22481098,947798346
22481098,804434641
22481098,1156794806
22481098,849044846
22481098,837549218
22481098,573526009
22481098,333262073
22481098,169820034
22481098,777741799
22481098,1017169891
22481098,1070468978
22481098,165694845
22481098,852526255
22481098,610266911
22481098,626218477
22481098,38142665
22481098,429911026
22481098,407997847
22481098,287807810
22481098,141158796
22481098,714372151
22481098,1157472522
22481098,215952863
22481098,125403342
22481098,704710758
22481098,587319554
22481098,1070322769
22481098,939489607
22481098,34570323
22481098,128495074
22481098,398965608
22481098,222858054
22481098,104498162
22481098,85560938
22481098,61623604
22481098,137349917
22481098,125425290
22481098,121071355
22481098,49940392
22481098,145188247
22481098,78828313
22481098,204301693
22481098,216719408
22481098,211261216
22481098,188877354
22481098,83616799
22481098,219279589
22481098,226141293
22481098,216333063
22481098,267732375
22481098,268906465
22481098,188316180
22481098,277410889
22481098,240626317
22481098,388199474
22481098,420220997
22481098,285112605
22481098,424111967
22481098,525460144
22481098,512014364
22481098,121402786
22481098,481862629
22481098,593468081
22481098,112097887
22481098,38395124
22481098,615011876
22481098,126002279
22481098,144830278
22481098,63670539
22481098,25098482
22481098,134153377
22481098,113467231
22481098,39469049
22481098,324983207
22481098,11596692
22481098,117761523
22481098,24736125
22481098,48292410
22481098,439463212
22481098,618165868
22481098,217752780
22481098,111388931
22481098,304379137
22481098,104154637
22481098,338985020
22481098,76651616
22481098,443603333
22481098,284067858
22481098,523090325
22481098,1119834276
22481098,966249889
22481098,630586761
22481098,589336079
22481098,714000438
22481098,545162340
22481098,620182875
22481098,490659823
22481098,192640703
22481098,39155275
22481098,460967778
22481098,988965534
22481098,1048626774
22481098,31424112
22481098,16297777
22481098,71514208
22481098,10228272
22481098,132118578
22481098,123550070
22481098,370112160
22481098,951333319
22481098,962012749
22481098,951347707
22481098,962085350
22481098,951326846
22481098,951348098
22481098,960212832
22481098,191779603
22481098,224572743
22481098,23339701
22481098,170722312
22481098,17404871
22481098,22066767
22481098,23340779
22481098,40022142
22481098,22933654
22481098,89163841
22481098,23339387
22481098,27001889
22481098,32323724
22481098,87939274
22481098,20610385
22481098,161404318
22481098,19206899
22481098,135430876
22481098,17780822
22481098,148281934
22481098,52009223
22481098,38444415
22481098,239862568
22481098,21195865
22481098,89286622
22481098,38650557
22481098,29180679
22481098,23646603
22481098,249572808
22481098,108350352
22481098,271374990
22481098,77188782
22481098,42380944
22481098,198432070
22481098,272401679
22481098,18336504
22481098,92233525
22481098,303885267
22481098,24732180
22481098,262298210
22481098,60052548
22481098,37891431
22481098,204816763
22481098,72275541
22481098,22915582
22481098,112705411
22481098,22904901
22481098,93709885
22481098,102918775
22481098,53033594
22481098,19017675
22481098,19358992
22481098,150677740
22481098,21050953
22481098,76596562
22481098,21786064
22481098,19504290
22481098,48507794
22481098,36347303
22481098,30202381
22481098,200053080
22481098,16705726
22481098,252491320
22481098,162023981
22481098,51831438
22481098,106357883
22481098,263588855
22481098,25051152
22481098,94336415
22481098,538750924
22481098,103152299
22481098,167328296
22481098,140838527
22481098,85794542
22481098,26228880
22481098,93826417
22481098,252987054
22481098,82912952
22481098,19435245
22481098,108882900
22481098,22982441
22481098,19864682
22481098,20237435
22481098,180415006
22481098,19231330
22481098,118440658
22481098,111333145
22481098,34922663
22481098,16826367
22481098,252590140
22481098,102178698
22481098,234035533
22481098,114382257
22481098,11911322
22481098,172442746
22481098,25509816
22481098,144483627
22481098,120109196
22481098,233130447
22481098,99914275
22481098,82059486
22481098,42018575
22481098,16600393
22481098,21440665
22481098,16325467
22481098,71061262
22481098,85184055
22481098,189082017
22481098,96859379
22481098,21528638
22481098,29969008
22481098,292869151
22481098,165786404
22481098,39702320
22481098,17576181
22481098,28773799
22481098,11587032
22481098,146426876
22481098,77963355
22481098,40250353
22481098,31177357
22481098,217749896
22481098,15255580
22481098,22004795
22481098,42590805
22481098,88184493
22481098,119434647
22481098,18512892
22481098,166509226
22481098,20980622
22481098,88928275
22481098,269765791
22481098,113583713
22481098,946745624
22481098,37648891
22481098,98330202
22481098,80820758
22481098,25380551
22481098,92704636
22481098,40871073
22481098,102458467
22481098,243774203
22481098,34705879
22481098,74463657
22481098,18677570
22481098,29986675
22481098,62496954
22481098,163847606
22481098,104565358
22481098,24899436
22481098,89675146
22481098,24916830
22481098,25104112
22481098,88444470
22481098,14460250
22481098,243097200
22481098,561995743
22481098,25503709
22481098,115724250
22481098,139661393
22481098,27453467
22481098,236392736
22481098,38171370
22481098,269837351
22481098,89431845
22481098,84353216
22481098,28767771
22481098,608020893
22481098,40044515
22481098,41795707
22481098,20757050
22481098,232957923
22481098,19763877
22481098,54988878
22481098,39469569
22481098,19541556
22481098,23444635
22481098,19591600
22481098,37631360
22481098,517868035
22481098,31099936
22481098,296139716
22481098,135122873
22481098,76033556
22481098,20153975
22481098,56401290
22481098,23056912
22481098,19452793
22481098,18873086
22481098,18721034
22481098,33154963
22481098,144238332
22481098,34585384
22481098,185637923
22481098,14746456
22481098,25750390
22481098,104528623
22481098,86719842
22481098,71556167
22481098,85136881
22481098,34578176
22481098,29408230
22481098,429752400
22481098,21648649
22481098,190621455
22481098,35003698
22481098,222400131
22481098,42072558
22481098,21707498
22481098,203027759
22481098,38410436
22481098,246295381
22481098,24901513
22481098,20399735
22481098,38455020
22481098,133770069
22481098,19161627
22481098,106110469
22481098,252625352
22481098,42593866
22481098,104777237
22481098,380305658
22481098,97675703
22481098,43017642
22481098,272931417
22481098,39450899
22481098,37998041
22481098,420475423
22481098,19763668
22481098,449951300
22481098,93497632
22481098,102404178
22481098,759009336
22481098,175394361
22481098,420959178
22481098,108440425
22481098,256438039
22481098,14412844
22481098,33856511
22481098,374701599
22481098,154129417
22481098,91127400
22481098,349143120
22481098,262103229
22481098,181888506
22481098,256551070
22481098,761824586
22481098,18834081
22481098,201232113
22481098,16388481
22481098,117750415
22481098,461959698
22481098,25584888
22481098,26007964
22481098,18476025
22481098,633527476
22481098,24674368
22481098,87170286
22481098,20518042
22481098,94081671
22481098,313901816
22481098,16298029
22481098,36010396
22481098,39480709
22481098,108988809
22481098,19662198
22481098,40969069
22481098,36111218
22481098,472037408
22481098,83656555
22481098,87412496
22481098,239355315
22481098,194034064
22481098,263139103
22481098,397228748
22481098,525347633
22481098,204729263
22481098,88905415
22481098,34199083
22481098,20758634
22481098,125945166
22481098,612804674
22481098,460073341
22481098,630914819
22481098,558644855
22481098,46404909
22481098,312588137
22481098,419511546
22481098,14331898
22481098,303807755
22481098,44926477
22481098,31446649
22481098,273892840
22481098,388135623
22481098,128188288
22481098,99144329
22481098,274659528
22481098,297963914
22481098,484795764
22481098,500894790
22481098,90415370
22481098,44335065
22481098,104485966
22481098,36618661
22481098,342637479
22481098,17021600
22481098,381383589
22481098,300782395
22481098,308677137
22481098,1133850625
22481098,1036839572
22481098,507209062
22481098,219217859
22481098,81817246
22481098,843306114
22481098,932830256
22481098,133663801
22481098,13058232
22481098,12925072
22481098,51241574
22481098,48388820
22481098,11480162
22481098,3108351
22481098,156729839
22481098,239101306
22481098,188373539
22481098,193235405
22481098,254619863
22481098,24355430
22481098,291617459
22481098,259636279
22481098,230849793
22481098,298734224
22481098,51031558
22481098,25390350
22481098,30313925
22481098,32721594
22481098,216327829
22481098,38200185
22481098,33885460
22481098,43407217
22481098,40891732
22481098,37643162
22481098,187508945
22481098,92969084
22481098,24904069
22481098,39972060
22481098,27204646
22481098,39759883
22481098,60264136
22481098,25735272
22481098,17131762
22481098,76584619
22481098,17190576
22481098,80532808
22481098,1026068995
22481098,946159243
22481098,964298892
22481098,1011129121
22481098,1114731362
22481098,484872080
22481098,79155037
22481098,36293076
22481098,128874159
22481098,1069134217
22481098,432012784
22481098,154174463
22481098,206157395
22481098,294028805
22481098,24744541
22481098,14224719
22481098,190389790
22481098,468741166
22481098,72918078
22481098,35200436
22481098,239818784
22481098,468554685
22481098,469280888
22481098,358134245
22481098,869894239
22481098,87818409
22481098,44890795
22481098,81119708
22481098,50591603
22481098,410070653
22481098,22495264
22481098,505748969
22481098,399420451
22481098,64672345
22481098,19530334
22481098,44411598
22481098,300744871
22481098,25067168
22481098,575160556
22481098,460005853
22481098,255542457
22481098,57044449
22481098,242798113
22481098,74699534
22481098,567272864
22481098,14159148
22481098,103534477
22481098,49985617
22481098,83590725
22481098,807095
22481098,479587052
22481098,48471410
22481098,5867842
22481098,186052111
22481098,12754062
22481098,36025743
22481098,570208884
22481098,377457498
22481098,78603980
22481098,1109137778
22481098,36667308
22481098,1109053896
22481098,31938618
22481098,91313476
22481098,9234892
22481098,249073695
22481098,25478495
22481098,1112011778
22481098,120133555
22481098,135514272
22481098,412390594
22481098,34382438
22481098,123818564
22481098,304876789
22481098,83593936
22481098,119056068
22481098,180394103
22481098,1088593087
22481098,1092248911
22481098,4808861
22481098,248600714
22481098,239767060
22481098,240644703
22481098,68277403
22481098,457412735
22481098,389658693
22481098,633840422
22481098,485626324
22481098,620232976
22481098,1067902052
22481098,405950356
22481098,1055764855
22481098,263090717
22481098,1071021668
22481098,179502145
22481098,137578263
22481098,48295673
22481098,1074108360
22481098,425167544
22481098,586452218
22481098,214134466
22481098,280976134
22481098,545092331
22481098,1079185771
22481098,115679123
22481098,180540061
22481098,65322179
22481098,19287037
22481098,123109597
22481098,24150634
22481098,22622911
22481098,183622298
22481098,187460404
22481098,21755551
22481098,16737050
22481098,21219500
22481098,383462104
22481098,36918513
22481098,116729780
22481098,300868924
22481098,115102341
22481098,317193256
22481098,487393533
22481098,131518665
22481098,494163451
22481098,268357486
22481098,777733747
22481098,404145374
22481098,7086822
22481098,255669531
22481098,198538431
22481098,76428356
22481098,16001632
22481098,206205469
22481098,38823427
22481098,260654380
22481098,24719387
22481098,257415817
22481098,114390197
22481098,1652541
22481098,258269139
22481098,5988062
22481098,48390963
22481098,259323371
22481098,15255335
22481098,227818863
22481098,265508616
22481098,625477386
22481098,9517882
22481098,605583548
22481098,46609842
22481098,308395915
22481098,352306378
22481098,1300391
22481098,33467605
22481098,381021987
22481098,227820810
22481098,51681636
22481098,83167966
22481098,386986599
22481098,72532632
22481098,205253713
22481098,109278136
22481098,50344099
22481098,93207353
22481098,14704278
22481098,74395519
22481098,40251946
22481098,266031327
22481098,105840904
22481098,83466368
22481098,4898091
22481098,159950527
22481098,208590571
22481098,5402612
22481098,296253874
22481098,53879771
22481098,128514415
22481098,249090009
22481098,50995683
22481098,59394443
22481098,17579431
22481098,129026706
22481098,17442320
22481098,18764018
22481098,17834349
22481098,45542386
22481098,43317911
22481098,141137711
22481098,74256316
22481098,29224401
22481098,80803819
22481098,138689410
22481098,218812123
22481098,27054706
22481098,460966881
22481098,50454809
22481098,377976301
22481098,196994616
22481098,201201906
22481098,18949452
22481098,22627258
22481098,331544473
22481098,920721606
22481098,217616314
22481098,112474129
22481098,82068157
22481098,111554274
22481098,93687642
22481098,76771192
22481098,16699185
22481098,23806441
22481098,18678589
22481098,55797987
22481098,267111341
22481098,165231292
22481098,289813776
22481098,392741474
22481098,258790331
22481098,18048011
22481098,435692689
22481098,25974580
22481098,813286
22481098,157981564
22481098,199196447
22481098,17093617
22481098,51109702
22481098,38157355
22481098,17675072
22481098,270415156
22481098,104782747
22481098,70397115
22481098,83611277
22481098,282012191
22481098,185975443
22481098,198618575
22481098,177179008
22481098,19590009
22481098,21001033
22481098,23341062
22481098,117081895
22481098,26461674
22481098,15342443
22481098,15071556
22481098,36356101
22481098,36332848
22481098,36343076
22481098,36320989
22481098,36626651
22481098,37621971
22481098,36349838
22481098,39836631
22481098,129752303
22481098,161640743
22481098,50112870
22481098,53347647
22481098,28301234
22481098,15134782
22481098,23361712
22481098,114429252
22481098,17899109
22481098,50393960
22481098,40056514
22481098,19003991
22481098,20281835
22481098,56405441
22481098,28114871
22481098,31431164
22481098,20226248
22481098,56392389
22481098,29707536
22481098,49957834
22481098,18022037
22481098,14109084
22481098,18020811
22481098,42586014
22481098,43192752
22481098,44347791
22481098,42380135
22481098,37975512
22481098,29436912
22481098,36329597
