22536947,4627955533
22536947,3901900581
22536947,2835594983
22536947,2790030194
22536947,8751822
22536947,291513513
22536947,11778572
22536947,2576653717
22536947,23461759
22536947,3938582272
22536947,2970429202
22536947,53210455
22536947,3555338667
22536947,3698004088
22536947,743856512
22536947,1142651659
22536947,3482797752
22536947,2251800770
22536947,3174980549
22536947,2431922473
22536947,2340812550
22536947,2235025250
22536947,387777720
22536947,863528833
22536947,73938281
22536947,54700299
22536947,130670816
22536947,1571021198
22536947,909186090
22536947,15005991
22536947,3078491810
22536947,3304600743
22536947,2812936934
22536947,1118076962
22536947,207117167
22536947,3292887179
22536947,3087127611
22536947,1359224749
22536947,2755803055
22536947,854640998
22536947,3407923774
22536947,50488380
22536947,3395755665
22536947,2936240830
22536947,23565726
22536947,149252376
22536947,2227212703
22536947,20717438
22536947,3727083077
22536947,628489672
22536947,77826352
22536947,34304970
22536947,611227644
22536947,120229413
22536947,2929445908
22536947,21390674
22536947,943422660
22536947,2533489015
22536947,3343158070
22536947,249727112
22536947,46967386
22536947,1610983430
22536947,2811986930
22536947,1268058122
22536947,3178162343
22536947,2841832947
22536947,3373506329
22536947,3378108064
22536947,1273967732
22536947,2500572759
22536947,956257758
22536947,2294735010
22536947,3092058627
22536947,3097620646
22536947,93847902
22536947,3124852449
22536947,100746902
22536947,18101982
22536947,2442300531
22536947,21294212
22536947,2355522343
22536947,3700795101
22536947,20186266
22536947,3192479674
22536947,2777132455
22536947,989362550
22536947,16548023
22536947,2414070872
22536947,2828103207
22536947,2932759888
22536947,2310279398
22536947,14361633
22536947,21438024
22536947,2950049757
22536947,22827600
22536947,2679309840
22536947,1317221562
22536947,74699804
22536947,2800919193
22536947,891466268
22536947,821223066
22536947,2643874276
22536947,2391405331
22536947,2413017810
22536947,35779304
22536947,2307301568
22536947,48516549
22536947,382613598
22536947,1140747307
22536947,14243202
22536947,2975342541
22536947,359515048
22536947,2861462669
22536947,20676778
22536947,3064644994
22536947,19674338
22536947,36380440
22536947,3039322126
22536947,2874035647
22536947,2262898614
22536947,1256601128
22536947,55655615
22536947,3077941995
22536947,30945830
22536947,91832452
22536947,40266854
22536947,3082340624
22536947,389736367
22536947,25155186
22536947,3912843989
22536947,2708829955
22536947,1275641984
22536947,2783531643
22536947,20712514
22536947,3299036704
22536947,16513161
22536947,1465570280
22536947,163982176
22536947,137303100
22536947,41601050
22536947,543043594
22536947,2733327055
22536947,3467765950
22536947,3347441188
22536947,3251245821
22536947,3538099042
22536947,3560381957
22536947,470149326
22536947,3301472840
22536947,3690236116
22536947,3424940458
22536947,3178148468
22536947,412784773
22536947,2828893459
22536947,3129073359
22536947,3334413821
22536947,23455730
22536947,3222383187
22536947,898397238
22536947,60784269
22536947,3184719757
22536947,339832905
22536947,17496069
22536947,173911739
22536947,2203781856
22536947,3342036934
22536947,2687555720
22536947,3418807613
22536947,913284758
22536947,1689182250
22536947,19282794
22536947,3304806339
22536947,2244742878
22536947,23230387
22536947,20667335
22536947,19910996
22536947,15823676
22536947,5511
22536947,22621759
22536947,31125209
22536947,19814175
22536947,14684733
22536947,18049879
22536947,18730195
22536947,97488105
22536947,103550271
22536947,68165758
22536947,2694414438
22536947,2724700994
22536947,1589634168
22536947,2359797710
22536947,2491723262
22536947,2675081534
22536947,44644692
22536947,2970094888
22536947,1608357912
22536947,2874951671
22536947,114033939
22536947,139766204
22536947,2994820420
22536947,757775772
22536947,1896517368
22536947,1564322293
22536947,1558141890
22536947,295932016
22536947,3204776488
22536947,1066909872
22536947,82235906
22536947,2187099031
22536947,315455758
22536947,132031651
22536947,394600810
22536947,412288357
22536947,2253896635
22536947,165010801
22536947,38400294
22536947,2389401762
22536947,28089873
22536947,466444412
22536947,2297229226
22536947,432446773
22536947,2350767066
22536947,478671055
22536947,2263571841
22536947,490836377
22536947,1226337714
22536947,1192744812
22536947,2982628528
22536947,751873
22536947,583636436
22536947,65427832
22536947,776641896
22536947,291557868
22536947,23671297
22536947,79147813
22536947,1117359968
22536947,25481707
22536947,1270650481
22536947,2891141703
22536947,137723681
22536947,3079502517
22536947,20766350
22536947,3044956761
22536947,3054743691
22536947,1035148302
22536947,2960101137
22536947,1634213640
22536947,2821477875
22536947,85304883
22536947,98957692
22536947,3038842294
22536947,68455904
22536947,1450846284
22536947,3017959805
22536947,17093617
22536947,1630642188
22536947,3089601592
22536947,2174252699
22536947,3124730133
22536947,346895264
22536947,2876650035
22536947,2359664939
22536947,504628889
22536947,126960544
22536947,396609534
22536947,1235632694
22536947,340084025
22536947,187584170
22536947,14660826
22536947,23409448
22536947,21769623
22536947,299189769
22536947,57022252
22536947,18221807
22536947,414736352
22536947,531186158
22536947,3040424454
22536947,19674853
22536947,2862722523
22536947,3124704268
22536947,42469553
22536947,277196843
22536947,53176453
22536947,2528768236
22536947,1311558655
22536947,3250966691
22536947,44234204
22536947,14389761
22536947,3031378642
22536947,3044738957
22536947,2582412768
22536947,19108238
22536947,494362620
22536947,171261225
22536947,772992319
22536947,3023095460
22536947,2820330083
22536947,1895388408
22536947,99795732
22536947,2907870629
22536947,1942049240
22536947,2994998523
22536947,30087437
22536947,349409210
22536947,593588008
22536947,1272263407
22536947,250880109
22536947,1087481714
22536947,2622553496
22536947,2859118085
22536947,6017542
22536947,290772665
22536947,2927887570
22536947,274277681
22536947,297086118
22536947,270718843
22536947,151602737
22536947,85403663
22536947,245066171
22536947,188411289
22536947,85847414
22536947,216238289
22536947,181367127
22536947,280715042
22536947,213273724
22536947,162777313
22536947,2193009746
22536947,1403721139
22536947,2542567224
22536947,238664986
22536947,2599831086
22536947,2502712327
22536947,1605711913
22536947,168173088
22536947,343157640
22536947,14096763
22536947,1728279895
22536947,96050699
22536947,74617502
22536947,41257864
22536947,19691971
22536947,132731802
22536947,2576461
22536947,82239217
22536947,8197942
22536947,187711248
22536947,129673790
22536947,81291664
22536947,17171519
22536947,130407488
22536947,20948715
22536947,240421228
22536947,9609632
22536947,17180384
22536947,223282435
22536947,93969270
22536947,277761722
22536947,21814628
22536947,818212956
22536947,19904728
22536947,28452495
22536947,421477898
22536947,252992766
22536947,150397339
22536947,77103484
22536947,1466037942
22536947,2154018092
22536947,970845552
22536947,771943484
22536947,558464174
22536947,119851959
22536947,2448770886
22536947,408973840
22536947,344633710
22536947,2795787403
22536947,1536696156
22536947,2176018807
22536947,576612242
22536947,1013138634
22536947,420335526
22536947,376791981
22536947,222969399
22536947,369446977
22536947,323141759
22536947,2908486998
22536947,727756903
22536947,373157754
22536947,327704089
22536947,386019272
22536947,320038040
22536947,795623066
22536947,614258644
22536947,235319539
22536947,307840169
22536947,2700018842
22536947,371939769
22536947,326512525
22536947,226766541
22536947,324737922
22536947,361813476
22536947,1626773486
22536947,591334956
22536947,1449067340
22536947,256083273
22536947,388089901
22536947,251565565
22536947,247399641
22536947,414500865
22536947,230257302
22536947,394653203
22536947,1398275840
22536947,334414647
22536947,224654405
22536947,47211177
22536947,315788583
22536947,2324404877
22536947,339443796
22536947,848997548
22536947,336734017
22536947,359518856
22536947,2725579568
22536947,95111684
22536947,550268780
22536947,358381825
22536947,322002293
22536947,223824369
22536947,1009546724
22536947,376936946
22536947,401651305
22536947,31582182
22536947,321398652
22536947,1363520268
22536947,69868039
22536947,28003949
22536947,225421876
22536947,1381926373
22536947,243793691
22536947,250397073
22536947,107751737
22536947,240003849
22536947,90515250
22536947,224424715
22536947,2772309236
22536947,539584314
22536947,336683669
22536947,855417889
22536947,32957854
22536947,571801205
22536947,214205356
22536947,1147574186
22536947,230833585
22536947,227720229
22536947,16988154
22536947,1536573541
22536947,225663702
22536947,379457885
22536947,202268662
22536947,228531431
22536947,497092794
22536947,16589206
22536947,225235528
22536947,224257403
22536947,230527949
22536947,279390084
22536947,208083510
22536947,2865133484
22536947,86633830
22536947,19268706
22536947,1618641848
22536947,237330440
22536947,60680268
22536947,1367489305
22536947,261749735
22536947,111225697
22536947,347627434
22536947,596521657
22536947,762072931
22536947,342894187
22536947,2721654016
22536947,55823045
22536947,18983793
22536947,920158884
22536947,104856659
22536947,1487846678
22536947,23824904
22536947,363370721
22536947,33310366
22536947,14335880
22536947,7702542
22536947,2159593981
22536947,172414996
22536947,342130924
22536947,186646579
22536947,1283652025
22536947,46681100
22536947,65493023
22536947,166990746
22536947,16031927
22536947,50769180
22536947,19529777
22536947,15976697
22536947,60585431
22536947,196168350
22536947,25101996
22536947,36452050
22536947,14669951
22536947,27311044
22536947,37764422
22536947,10774652
22536947,27744185
22536947,17454769
22536947,25311045
22536947,110445334
22536947,107125748
22536947,41634520
22536947,23970102
22536947,16032925
22536947,2884771
22536947,31540671
22536947,520693481
22536947,22480199
22536947,493097688
22536947,160786918
22536947,1367531
22536947,2539906562
22536947,15754281
22536947,1030694869
22536947,21495291
22536947,61455260
22536947,14746456
22536947,15012486
22536947,102773210
22536947,14173315
22536947,14903044
22536947,2222232708
22536947,16911419
22536947,14395119
22536947,383976297
22536947,57786463
22536947,2741970462
22536947,206847322
22536947,2350579465
22536947,364676976
22536947,569754798
22536947,2198484902
22536947,882418950
22536947,118115446
22536947,14138785
22536947,153163131
22536947,958264736
22536947,16343974
22536947,229224374
22536947,233034916
22536947,67420766
22536947,6398152
22536947,2305257338
22536947,2362790708
22536947,1606191901
22536947,1598997302
22536947,2551188847
22536947,611500627
22536947,21135992
22536947,2466162074
22536947,2160816739
22536947,2299567422
22536947,304329674
22536947,66112963
22536947,255240646
22536947,80691846
22536947,20009338
22536947,2497708617
22536947,127311168
22536947,266828775
22536947,1663353241
22536947,1598558840
22536947,71868160
22536947,238327175
22536947,38275780
22536947,10159762
22536947,61610578
22536947,461393205
22536947,165375764
22536947,106837463
22536947,634024501
22536947,2325519926
22536947,113714309
22536947,2699519000
22536947,1621174134
22536947,43675318
22536947,2266449391
22536947,2769956058
22536947,351652723
22536947,2249951831
22536947,10202
22536947,111887189
22536947,14166909
22536947,259373598
22536947,1238897528
22536947,23837271
22536947,226348151
22536947,13208192
22536947,2382774714
22536947,2772841751
22536947,130822947
22536947,244476866
22536947,1235219430
22536947,35498418
22536947,787950086
22536947,1483024080
22536947,623820739
22536947,37431353
22536947,526315971
22536947,14946308
22536947,1423829588
22536947,20973069
22536947,2299367423
22536947,215084558
22536947,21425405
22536947,119959446
22536947,2236607947
22536947,229075280
22536947,15677513
22536947,48750532
22536947,113651070
22536947,2190831163
22536947,849522234
22536947,2557423358
22536947,181637383
22536947,74473873
22536947,22695694
22536947,90735643
22536947,508678165
22536947,82054005
22536947,29297712
22536947,22204459
22536947,475311020
22536947,16613217
22536947,1889832038
22536947,836214343
22536947,14315150
22536947,2869790291
22536947,186398120
22536947,20348377
22536947,63218040
22536947,24246633
22536947,405581633
22536947,442204983
22536947,21407241
22536947,323961203
22536947,379256743
22536947,47930935
22536947,69663389
22536947,2864463538
22536947,10367
22536947,581005574
22536947,17065932
22536947,16349463
22536947,121880027
22536947,19564523
22536947,864541693
22536947,2849589165
22536947,13058772
22536947,21762950
22536947,40516848
22536947,404590040
22536947,685513
22536947,823905
22536947,20809515
22536947,947639534
22536947,405123394
22536947,232855418
22536947,20252984
22536947,19106722
22536947,264164654
22536947,492288571
22536947,10504732
22536947,25192228
22536947,69115633
22536947,674723
22536947,20319462
22536947,21492030
22536947,343573
22536947,653873
22536947,25059963
22536947,790613
22536947,14660710
22536947,18729562
22536947,8834362
22536947,21424725
22536947,734733
22536947,2394421
22536947,4927481
22536947,11417812
22536947,24733102
22536947,14444454
22536947,14677919
22536947,14350776
22536947,7886982
22536947,14981575
22536947,292204879
22536947,7819032
22536947,749043
22536947,689753
22536947,700953
22536947,716903
22536947,177918639
22536947,5397
22536947,678023
22536947,382632147
22536947,122178701
22536947,201812923
22536947,54078222
22536947,11272312
22536947,2697807948
22536947,1020848227
22536947,25268679
22536947,190470663
22536947,23316750
22536947,40705534
22536947,32917862
22536947,361376201
22536947,17776525
22536947,1385049799
22536947,39776107
22536947,52782073
22536947,1005158101
22536947,1210300506
22536947,382267114
22536947,449857467
22536947,8884772
22536947,38679388
22536947,2097571
22536947,12323012
22536947,1362132925
22536947,225048246
22536947,2459371
22536947,742143
22536947,5402612
22536947,376502929
22536947,52484614
22536947,16631693
22536947,180505807
22536947,2727786537
22536947,419906026
22536947,119086095
22536947,1615698342
22536947,561608197
22536947,2760560756
22536947,403627473
22536947,2285292157
22536947,160047813
22536947,215683551
22536947,612931307
22536947,23640660
22536947,291718177
22536947,1128163856
22536947,16525251
22536947,121949942
22536947,70338161
22536947,562278868
22536947,1612511959
22536947,151499462
22536947,76032001
22536947,17033995
22536947,18639734
22536947,15072071
22536947,49734054
22536947,16929520
22536947,1440641
22536947,323468251
22536947,211635204
22536947,20265254
22536947,9763482
22536947,17469289
22536947,20962674
22536947,250884927
22536947,45564482
22536947,1877831
22536947,160308387
22536947,783204546
22536947,542923119
22536947,145239732
22536947,1912117148
22536947,2629275846
22536947,398064722
22536947,1193059748
22536947,2847103750
22536947,2259125419
22536947,2840724959
22536947,2790802182
22536947,175824869
22536947,169637010
22536947,50126679
22536947,25992212
22536947,454395581
22536947,239093860
22536947,211344774
22536947,71898878
22536947,106112631
22536947,397021017
22536947,2815746363
22536947,269437629
22536947,142396796
22536947,30231730
22536947,2851412775
22536947,898418228
22536947,64915297
22536947,991417442
22536947,731382451
22536947,1434053852
22536947,600179495
22536947,2435310141
22536947,2478688675
22536947,24407797
22536947,718760576
22536947,560852590
22536947,520616690
22536947,1382404544
22536947,2728486231
22536947,794110602
22536947,21417835
22536947,2217620251
22536947,49127807
22536947,6346082
22536947,1114731362
22536947,1470875132
22536947,19875808
22536947,241063591
22536947,14282378
22536947,2213163018
22536947,117449223
22536947,1183584528
22536947,1435291280
22536947,144654548
22536947,86406337
22536947,29913589
22536947,61934676
22536947,167399649
22536947,1600989234
22536947,25150711
22536947,18206722
22536947,69034554
22536947,227802983
22536947,24688868
22536947,513708554
22536947,14926165
22536947,226070884
22536947,204422438
22536947,21890926
22536947,58044082
22536947,556319122
22536947,191091360
22536947,38668738
22536947,2474719452
22536947,24787524
22536947,813909716
22536947,14060372
22536947,15615035
22536947,775551794
22536947,2187281040
22536947,2813453258
22536947,63452015
22536947,2542279932
22536947,2272090668
22536947,311606579
22536947,46040232
22536947,19924704
22536947,722652943
22536947,787317506
22536947,20521915
22536947,1007432648
22536947,2823698135
22536947,541255566
22536947,51679632
22536947,208610451
22536947,17618540
22536947,2207183100
22536947,8920462
22536947,1252917283
22536947,17655568
22536947,244280163
22536947,1957554378
22536947,19957685
22536947,1658820642
22536947,72873435
22536947,50754509
22536947,45615081
22536947,61610685
22536947,1607018107
22536947,39122874
22536947,1336605338
22536947,52185601
22536947,8788992
22536947,47476545
22536947,19393233
22536947,18212997
22536947,249869615
22536947,1213751708
22536947,26223484
22536947,1479370020
22536947,8802752
22536947,39145982
22536947,20014300
22536947,164726569
22536947,2824966942
22536947,2500394908
22536947,352686923
22536947,50272709
22536947,8315402
22536947,57226715
22536947,122354696
22536947,235276396
22536947,15257970
22536947,2310116088
22536947,170849158
22536947,49195175
22536947,16193162
22536947,28589824
22536947,613412461
22536947,231703688
22536947,88046906
22536947,19311357
22536947,43767463
22536947,2337178004
22536947,1185885020
22536947,2636342594
22536947,200184325
22536947,20799928
22536947,97082874
22536947,17240425
22536947,106865119
22536947,430865665
22536947,154023356
22536947,1095458582
22536947,213320007
22536947,14240056
22536947,341256671
22536947,164068427
22536947,59695871
22536947,17398030
22536947,295303231
22536947,31329564
22536947,243217268
22536947,221923240
22536947,17958918
22536947,115986942
22536947,19910041
22536947,25494975
22536947,1616589102
22536947,30343740
22536947,41155400
22536947,1343556054
22536947,411763301
22536947,12543242
22536947,1380546877
22536947,20980429
22536947,19921394
22536947,27389854
22536947,790601352
22536947,540418183
22536947,480742050
22536947,466102375
22536947,1124058062
22536947,524624462
22536947,168774914
22536947,570474527
22536947,1435440998
22536947,2243290063
22536947,1462770223
22536947,1544276485
22536947,2278455931
22536947,432808984
22536947,1444969310
22536947,1332404220
22536947,1158918746
22536947,932410046
22536947,39872993
22536947,380784634
22536947,331707065
22536947,16065736
22536947,114793310
22536947,22184271
22536947,70122463
22536947,27356140
22536947,14598850
22536947,19991434
22536947,23947219
22536947,44654383
22536947,117247514
22536947,36699856
22536947,22230021
22536947,54377889
22536947,23740339
22536947,20431922
22536947,28116276
22536947,15633759
22536947,105358412
22536947,21024997
22536947,19415798
22536947,21850078
22536947,18665800
22536947,40297195
22536947,25699219
22536947,20802277
22536947,191750596
22536947,117662694
22536947,17918891
22536947,18735898
22536947,22411875
22536947,91388801
22536947,19662223
22536947,19290783
22536947,2786167305
22536947,225066769
22536947,438296720
22536947,22473054
22536947,21309551
22536947,296511906
22536947,188242820
22536947,59600093
22536947,1255030290
22536947,51566870
22536947,565787944
22536947,986878273
22536947,19398663
22536947,19722435
22536947,21121091
22536947,19864303
22536947,104205059
22536947,121167080
22536947,30684725
22536947,28828224
22536947,19490380
22536947,19784606
22536947,32572068
22536947,395952471
22536947,24914644
22536947,19051022
22536947,71624960
22536947,280171611
22536947,222251642
22536947,22900663
22536947,426834798
22536947,51772806
22536947,26266891
22536947,42850472
22536947,347971084
22536947,116596951
22536947,73480693
22536947,107099168
22536947,23106525
22536947,17637572
22536947,20627896
22536947,63961281
22536947,14607522
22536947,17626165
22536947,53149244
22536947,19509051
22536947,402318365
22536947,17980026
22536947,20475285
22536947,15951863
22536947,49938269
22536947,47622979
22536947,89273104
22536947,311032328
22536947,34076997
22536947,16193578
22536947,92367751
22536947,262359713
22536947,80655102
22536947,214791922
22536947,145600904
22536947,2834463041
22536947,251716551
22536947,197927483
22536947,239997925
22536947,14995420
22536947,53082082
22536947,212594756
22536947,56377143
22536947,33884545
22536947,105082141
22536947,2467791
22536947,17471979
22536947,10012122
22536947,19923515
22536947,14293310
22536947,7996082
22536947,86233091
22536947,231043298
22536947,220995331
22536947,18600155
22536947,61457123
22536947,25190574
22536947,119960958
22536947,2398625900
22536947,21204154
22536947,2338788056
22536947,301517975
22536947,18336706
22536947,575650860
22536947,19682451
22536947,499170272
22536947,19709089
22536947,20164477
22536947,38977171
22536947,1690412382
22536947,218653131
22536947,140091998
22536947,50300579
22536947,292963561
22536947,16309902
22536947,29224312
22536947,19716315
22536947,19179687
22536947,18863815
22536947,23132159
22536947,277495114
22536947,19450907
22536947,19591633
22536947,44609080
22536947,3310571
22536947,360230512
22536947,18973489
22536947,175415823
22536947,14313123
22536947,17063215
22536947,271028583
22536947,52820740
22536947,31099411
22536947,21390008
22536947,95693963
22536947,30472798
22536947,113606059
22536947,389991462
22536947,60024840
22536947,20164413
22536947,296408517
22536947,54884436
22536947,54880025
22536947,20428049
22536947,11862072
22536947,47903269
22536947,21016387
22536947,21252926
22536947,10799642
22536947,25657017
22536947,22384691
22536947,29267341
22536947,162089811
22536947,22321740
22536947,17745219
22536947,19265059
22536947,22176845
22536947,761801714
22536947,298360697
22536947,70235774
22536947,39349216
22536947,56093343
22536947,18847920
22536947,48302014
22536947,38767223
22536947,237241020
22536947,40019154
22536947,12497362
22536947,182721799
22536947,19184818
22536947,205974045
22536947,36843988
22536947,60633332
22536947,105898722
22536947,21510894
22536947,17169390
22536947,19472578
22536947,15492359
22536947,14856333
22536947,1023139638
22536947,11740902
22536947,1615685677
22536947,700528695
22536947,1407892861
22536947,111690277
22536947,248887508
22536947,2409913723
22536947,331518842
22536947,80813399
22536947,620550525
22536947,1336262731
22536947,2293390741
22536947,2640296558
22536947,131224192
22536947,2766569665
22536947,2238520130
22536947,248553802
22536947,89541477
22536947,208325262
22536947,118857505
22536947,41229669
22536947,42162472
22536947,62591415
22536947,21681809
22536947,2367911
22536947,22179997
22536947,40076725
22536947,17243213
22536947,2883841
22536947,9695312
22536947,373471064
22536947,240367997
22536947,239760107
22536947,205437050
22536947,40021419
22536947,231094189
22536947,30223720
22536947,6417782
22536947,14354145
22536947,8662472
22536947,21138477
22536947,19458129
22536947,266712846
22536947,1097836022
22536947,40872043
22536947,17693232
22536947,1517755890
22536947,171367890
22536947,14847636
22536947,2247933434
22536947,14208199
22536947,50602093
22536947,19391470
22536947,24696669
22536947,20856282
22536947,454843106
22536947,2043041
22536947,44127767
22536947,19019970
22536947,19331985
22536947,14993191
22536947,7109022
22536947,18135386
22536947,19264748
22536947,19921389
22536947,8665852
22536947,14842285
22536947,19777398
22536947,15485441
22536947,34352191
22536947,20448566
22536947,115485051
22536947,354489884
22536947,92088399
22536947,25272222
22536947,19405396
22536947,17173144
22536947,17487884
22536947,90891909
22536947,107562560
22536947,339064364
22536947,60751490
22536947,17595890
22536947,25573099
22536947,161288528
22536947,20044737
22536947,64788246
22536947,21527369
22536947,20549270
22536947,24784028
22536947,316076492
22536947,19964864
22536947,268613555
22536947,126118232
22536947,23011527
22536947,194209753
22536947,377008435
22536947,59102196
22536947,27486706
22536947,153763519
22536947,20884910
22536947,19612753
22536947,21856254
22536947,17624959
22536947,17624543
22536947,19713622
22536947,23263743
22536947,34423857
22536947,132887265
22536947,22904901
22536947,20583613
22536947,21905142
22536947,16854780
22536947,124139163
22536947,20843014
22536947,19405367
22536947,20781929
22536947,2561091
22536947,19686295
22536947,24241544
22536947,26276346
22536947,23585685
22536947,16632149
22536947,2335560870
22536947,395388847
22536947,25535042
22536947,2831181587
22536947,2240914946
22536947,707763546
22536947,226934847
22536947,2221220827
22536947,118101741
22536947,331518477
22536947,929874834
22536947,108377766
22536947,101737280
22536947,617140120
22536947,934471764
22536947,403790755
22536947,432190389
22536947,308379260
22536947,623121561
22536947,241278788
22536947,634520400
22536947,171747374
22536947,613440840
22536947,825640586
22536947,892183230
22536947,22141475
22536947,21050755
22536947,14562164
22536947,16171953
22536947,85908999
22536947,15392221
22536947,283038024
22536947,17084160
22536947,428333
22536947,16632219
22536947,596940844
22536947,14562960
22536947,94081671
22536947,139092348
22536947,49781518
22536947,18679659
22536947,53225463
22536947,60865434
22536947,19394887
22536947,19247625
22536947,290759847
22536947,597092043
22536947,238744053
22536947,57125763
22536947,845672281
22536947,583893491
22536947,613695102
22536947,736186136
22536947,291462231
22536947,519530363
22536947,611262320
22536947,631077018
22536947,267385431
22536947,194465378
22536947,162527084
22536947,757201232
22536947,403613857
22536947,227851579
22536947,344643558
22536947,365086651
22536947,493351314
22536947,242477639
22536947,709404967
22536947,461249231
22536947,18163767
22536947,552969545
22536947,597404595
22536947,600351391
22536947,586351501
22536947,220679773
22536947,464350074
22536947,620338504
22536947,733694995
22536947,520841307
22536947,592563709
22536947,117110737
22536947,577254254
22536947,559521806
22536947,26186890
22536947,364412423
22536947,370186576
22536947,631575375
22536947,623136980
22536947,18241122
22536947,507603916
22536947,346091271
22536947,610741590
22536947,276709515
22536947,24042063
22536947,611359524
22536947,25664675
22536947,19033555
22536947,16727535
22536947,17711659
22536947,22905057
22536947,17087162
22536947,807095
22536947,21182676
22536947,17884125
22536947,19889294
22536947,19186180
22536947,634946456
22536947,553199157
22536947,374600118
22536947,430311857
22536947,479783191
22536947,179456450
22536947,125812445
22536947,132119562
22536947,349412318
22536947,273193451
22536947,192462297
22536947,759251
22536947,623029495
22536947,78072749
22536947,125773982
22536947,180125182
22536947,142912345
22536947,74274067
22536947,74569669
22536947,52781506
22536947,463189426
22536947,74470394
22536947,51826862
22536947,95339154
22536947,95039172
22536947,139219909
22536947,82770510
22536947,95313651
22536947,138835564
22536947,139193189
22536947,269043607
22536947,286133730
22536947,175733498
22536947,609273135
22536947,627967415
22536947,75511224
22536947,618991700
22536947,14518090
22536947,617118590
22536947,417075189
22536947,136466232
22536947,140125486
22536947,600478923
22536947,621889772
22536947,432198763
22536947,8699742
22536947,262412871
22536947,25517099
22536947,16451028
22536947,16951979
22536947,20599255
22536947,21783395
22536947,85932175
22536947,21066857
22536947,16631331
22536947,41878061
22536947,17163446
22536947,8665572
22536947,15683146
22536947,15391813
22536947,21390437
22536947,18055408
22536947,15896379
22536947,107472906
22536947,70186440
22536947,14758257
22536947,252753618
22536947,17311493
22536947,8728392
22536947,155659213
22536947,23421880
22536947,22903765
22536947,31237480
22536947,19663485
22536947,19903099
22536947,47617770
22536947,536752455
22536947,220901101
22536947,481522295
22536947,61037301
22536947,413028416
22536947,341575981
22536947,379989215
22536947,61502316
22536947,357669792
22536947,12925072
22536947,2425151
22536947,19397785
22536947,813286
22536947,79293791
22536947,14230524
22536947,21447363
22536947,3373791
22536947,14270254
22536947,19624599
22536947,20649488
22536947,48215548
22536947,42331486
22536947,43869790
22536947,91818503
22536947,48852495
22536947,543027300
22536947,224935903
22536947,18075140
22536947,240303725
22536947,116493779
22536947,214810390
22536947,216190320
22536947,326124320
22536947,70739801
22536947,365495511
22536947,22924012
22536947,591265935
22536947,94817834
22536947,84078415
22536947,432840080
22536947,380912467
22536947,187188909
22536947,259734601
22536947,66962007
22536947,209126225
22536947,153832587
22536947,145180083
22536947,81875163
22536947,550522110
22536947,62370769
22536947,125415306
22536947,30428994
22536947,344801362
22536947,153067700
22536947,126978294
22536947,9242832
22536947,33196046
22536947,539228988
22536947,28966604
22536947,240872962
22536947,412237956
22536947,422868223
22536947,783214
22536947,14120151
22536947,20536157
22536947,31311757
22536947,539217786
22536947,50393960
22536947,16664803
22536947,430910461
22536947,466945039
22536947,12334752
22536947,10228272
22536947,68510724
22536947,26302078
22536947,22552862
22536947,20139192
