2256741062,290971505
2256741062,2795506144
2256741062,2979616235
2256741062,2449051215
2256741062,2611515013
2256741062,1449707598
2256741062,2969760609
2256741062,32429400
2256741062,2830303363
2256741062,422173089
2256741062,12890262
2256741062,1354413649
2256741062,119412875
2256741062,2325529944
2256741062,37632408
2256741062,36346230
2256741062,36343076
2256741062,36369516
2256741062,37658921
2256741062,400053935
2256741062,36356101
2256741062,40862859
2256741062,40485981
2256741062,37625700
2256741062,154150525
2256741062,276607602
2256741062,36320989
2256741062,36322453
2256741062,40872043
2256741062,40848479
2256741062,36320022
2256741062,36327891
2256741062,36320057
2256741062,36349838
2256741062,36626651
2256741062,37623918
2256741062,37621971
2256741062,1339180441
2256741062,409655680
2256741062,36332848
2256741062,1019707573
2256741062,1327061083
2256741062,1356373429
2256741062,331544473
2256741062,199196447
2256741062,22481098
2256741062,570018183
2256741062,473751447
2256741062,1572524732
2256741062,705349521
2256741062,2799974219
2256741062,3201025439
2256741062,3545335941
2256741062,3233754383
2256741062,92772674
2256741062,2354639635
2256741062,335349862
2256741062,525568160
2256741062,1480134492
2256741062,128822147
2256741062,1860099961
2256741062,2208704599
2256741062,36914791
2256741062,4121901513
2256741062,3032768741
2256741062,476588950
2256741062,1252794367
2256741062,3520822337
2256741062,42411157
2256741062,182111652
2256741062,111328615
2256741062,920733949
2256741062,594404996
2256741062,29305891
2256741062,2895891938
2256741062,39258305
2256741062,3072156455
2256741062,546758838
2256741062,270092856
2256741062,24920899
2256741062,21963058
2256741062,575659541
2256741062,42949406
2256741062,193701072
2256741062,308568446
2256741062,2789656890
2256741062,2794265861
2256741062,13927862
2256741062,3131259647
2256741062,2870350006
2256741062,2875224999
2256741062,2875112260
2256741062,2189967965
2256741062,41581188
2256741062,2519571444
2256741062,40235481
2256741062,29936839
2256741062,2861353025
2256741062,408750578
2256741062,715757685
2256741062,123668425
2256741062,2467460275
2256741062,986384335
2256741062,753574176
2256741062,1255991936
2256741062,1222483976
2256741062,1436080232
2256741062,200042813
2256741062,2340405679
2256741062,28123362
2256741062,1492269589
2256741062,239894960
2256741062,835417375
2256741062,208653429
2256741062,117115626
2256741062,30873896
2256741062,259885449
2256741062,1131418231
2256741062,2414027864
2256741062,2455611960
2256741062,398693880
2256741062,373423842
2256741062,357514379
2256741062,304928772
2256741062,190955270
2256741062,190621455
2256741062,142395887
2256741062,104595541
2256741062,49442786
2256741062,46928097
2256741062,19182854
2256741062,18218218
2256741062,510693528
2256741062,595700287
2256741062,1135141640
2256741062,1244330972
2256741062,1306932638
2256741062,1313437296
2256741062,2205007300
2256741062,2362301084
2256741062,2368809120
2256741062,2362739336
2256741062,2326499672
2256741062,2239747586
2256741062,2223841798
2256741062,2194389229
2256741062,1668992125
2256741062,1374283010
2256741062,1371875510
2256741062,1011412910
2256741062,846990968
2256741062,813738259
2256741062,599491010
2256741062,552711664
2256741062,533082734
2256741062,532284091
2256741062,529247064
2256741062,518660800
2256741062,484515352
2256741062,478679663
2256741062,435714725
2256741062,413863711
2256741062,393327544
2256741062,392199690
2256741062,385358076
2256741062,381969506
2256741062,379325675
2256741062,311951299
2256741062,270898732
2256741062,228673882
2256741062,195681218
2256741062,193258521
2256741062,162055437
2256741062,155704077
2256741062,154391771
2256741062,146101077
2256741062,143828745
2256741062,113064090
2256741062,96137330
2256741062,93255334
2256741062,72277900
2256741062,54172831
2256741062,37956819
2256741062,36147876
2256741062,33248043
2256741062,31417167
2256741062,25980581
2256741062,18901336
2256741062,15061445
2256741062,2382179366
2256741062,2397043430
2256741062,2419290031
2256741062,2441261875
2256741062,2494327693
2256741062,2559483123
2256741062,2617481322
2256741062,2815744853
2256741062,2974653730
2256741062,2976750778
2256741062,631767111
2256741062,7197752
2256741062,19232649
2256741062,2804154672
2256741062,2650351980
2256741062,2786900559
2256741062,2805926353
2256741062,123109597
2256741062,28565356
2256741062,23746425
2256741062,1545333888
2256741062,232242473
2256741062,1011129121
2256741062,205750967
2256741062,575269517
2256741062,20058825
2256741062,1391776140
2256741062,2599249849
2256741062,150557711
2256741062,198791659
2256741062,460966881
2256741062,47350606
2256741062,81838067
2256741062,18022037
2256741062,53347647
2256741062,19287037
2256741062,183622298
2256741062,270415156
2256741062,1197967508
2256741062,951347707
2256741062,1207640215
2256741062,1243282393
2256741062,1218272659
2256741062,1197234409
2256741062,1227524245
2256741062,1227160704
2256741062,1203857112
2256741062,1227104120
2256741062,1227578250
2256741062,1225071811
2256741062,1221108739
2256741062,1109602070
2256741062,962012749
2256741062,960212832
2256741062,962085350
2256741062,1109053896
2256741062,951348098
2256741062,951326846
2256741062,951333319
2256741062,3003539645
2256741062,169426475
2256741062,171153229
2256741062,25489542
2256741062,375749713
2256741062,588369588
2256741062,460065842
2256741062,2435411066
2256741062,2801885037
2256741062,113467231
2256741062,2803587655
2256741062,2785158383
2256741062,869894239
2256741062,460163041
2256741062,2329776624
2256741062,339672122
2256741062,2320688816
2256741062,143536359
2256741062,43505930
2256741062,251290516
2256741062,1249486668
2256741062,2826931688
2256741062,990679050
2256741062,2414884400
2256741062,397348833
2256741062,239860130
2256741062,391508451
2256741062,2803444640
2256741062,339846503
2256741062,309257842
2256741062,2610126043
2256741062,19227096
2256741062,48694964
2256741062,303234771
2256741062,2687237153
2256741062,282610062
2256741062,336089942
2256741062,125404928
2256741062,603467021
2256741062,2276335904
2256741062,2467689584
2256741062,449951300
2256741062,2262477443
2256741062,361752880
2256741062,805308596
2256741062,2510731297
2256741062,2791568826
2256741062,18460290
2256741062,177179008
2256741062,17621447
2256741062,1886420552
2256741062,49950808
2256741062,1149068857
2256741062,2220009464
2256741062,249601317
2256741062,1603758744
2256741062,1492759764
2256741062,2615232002
2256741062,317794999
2256741062,560188351
2256741062,48339953
2256741062,491722490
2256741062,2376830766
2256741062,472277264
2256741062,2789770352
2256741062,211175054
2256741062,70951142
2256741062,106231214
2256741062,1368850908
2256741062,2424047370
2256741062,2340156271
2256741062,913534748
2256741062,76887333
2256741062,2317789460
2256741062,562091221
2256741062,1171792194
2256741062,2288266503
2256741062,68964628
2256741062,843244314
2256741062,199606998
2256741062,2656533409
2256741062,200923051
2256741062,202086424
2256741062,1274709210
2256741062,35295981
2256741062,218804015
2256741062,2413938919
2256741062,42183750
2256741062,2426902357
2256741062,1734717882
2256741062,24909190
2256741062,153388751
2256741062,1170514248
2256741062,327554825
2256741062,17448796
2256741062,165480860
2256741062,2613958728
2256741062,255941995
2256741062,539156512
2256741062,1541589410
2256741062,2802163754
2256741062,2472445567
2256741062,497267328
2256741062,140133595
2256741062,2341068978
2256741062,1336254342
2256741062,2606242467
2256741062,2645296975
2256741062,2425184299
2256741062,2596021254
2256741062,1374827906
2256741062,529611048
2256741062,1548804618
2256741062,23318055
2256741062,91981058
2256741062,145297666
2256741062,2416391065
2256741062,399991392
2256741062,2279751087
2256741062,2351820624
2256741062,2470710932
2256741062,2460011960
2256741062,81384790
2256741062,77171292
2256741062,467429318
2256741062,280227352
2256741062,1510780328
2256741062,83041759
2256741062,2336443579
2256741062,77311690
2256741062,104496909
2256741062,2165903247
2256741062,241540322
2256741062,2574335359
2256741062,1063589060
2256741062,2339095172
2256741062,2257770468
2256741062,322933929
2256741062,22651555
2256741062,16905927
2256741062,26586771
2256741062,263243802
2256741062,2473674072
2256741062,114778403
2256741062,356190403
2256741062,1870872692
2256741062,379647647
2256741062,992741821
2256741062,240613149
2256741062,156289017
2256741062,57044449
2256741062,2401563794
2256741062,158021529
2256741062,2607360637
2256741062,2780234221
2256741062,34423857
2256741062,535452316
2256741062,406887142
2256741062,365363757
2256741062,2396056585
2256741062,796413882
2256741062,2671775504
2256741062,2615239693
2256741062,193261836
2256741062,2289930074
2256741062,24181511
2256741062,2294733241
2256741062,939966774
2256741062,87306292
2256741062,2466169957
2256741062,245074453
2256741062,38415999
2256741062,32393140
2256741062,581103570
2256741062,157107780
2256741062,2438273430
2256741062,1314652063
2256741062,917844342
2256741062,2445174992
2256741062,23316843
2256741062,2449371920
2256741062,2195622679
2256741062,46416760
2256741062,143393223
2256741062,1073243424
2256741062,479390782
2256741062,523103648
2256741062,784574954
2256741062,25555639
2256741062,158342368
2256741062,2190755568
2256741062,900231078
2256741062,582076945
2256741062,2669428663
2256741062,702661167
2256741062,2331718804
2256741062,612717643
2256741062,2447738125
2256741062,1380410526
2256741062,2461432297
2256741062,2350848886
2256741062,2373681362
2256741062,2370090686
2256741062,292917443
2256741062,2578600004
2256741062,429065822
2256741062,461219174
2256741062,14569308
2256741062,379645871
2256741062,270839361
2256741062,112873259
2256741062,2343845391
2256741062,20463983
2256741062,540895773
2256741062,391945446
2256741062,356787601
2256741062,19422447
2256741062,2370772835
2256741062,829032654
2256741062,142690511
2256741062,53944421
2256741062,146088853
2256741062,1040088108
2256741062,15229068
2256741062,1645156130
2256741062,55207471
2256741062,1558588135
2256741062,1860459990
2256741062,2218262270
2256741062,2283439448
2256741062,2482719410
2256741062,1498593469
2256741062,2321039642
2256741062,149813090
2256741062,592616570
2256741062,110191018
2256741062,2443718293
2256741062,316956459
2256741062,498983436
2256741062,365765843
2256741062,2476048160
2256741062,106446573
2256741062,404894090
2256741062,2598036859
2256741062,2463325740
2256741062,66691158
2256741062,2369520374
2256741062,2362654915
2256741062,2347360369
2256741062,413839619
2256741062,185976655
2256741062,472412809
2256741062,25104112
2256741062,199700276
2256741062,48664313
2256741062,2293287188
2256741062,2599756326
2256741062,326111493
2256741062,1900013413
2256741062,744743599
2256741062,28640933
2256741062,45360352
2256741062,112413126
2256741062,1354570123
2256741062,202610289
2256741062,952267464
2256741062,1374683634
2256741062,1225229076
2256741062,32323724
2256741062,2497562078
2256741062,145252665
2256741062,627200944
2256741062,2348739600
2256741062,509288627
2256741062,1300328653
2256741062,92337227
2256741062,866252216
2256741062,1374924439
2256741062,14861745
2256741062,121171051
2256741062,829060856
2256741062,1347250338
2256741062,726372601
2256741062,826743260
2256741062,351009963
2256741062,481538673
2256741062,948552829
2256741062,235271196
2256741062,2496445837
2256741062,2380667166
2256741062,2180126766
2256741062,20228586
2256741062,16345369
2256741062,39469049
2256741062,25868679
2256741062,579712891
2256741062,1585889305
2256741062,1949513514
2256741062,1030730444
2256741062,484841089
2256741062,42372786
2256741062,467604110
2256741062,460064263
2256741062,455990355
2256741062,522483667
2256741062,1533353563
2256741062,1309752961
2256741062,1462242572
2256741062,374403530
2256741062,1499064463
2256741062,990630679
2256741062,27453467
2256741062,126002279
2256741062,2190798482
2256741062,38410436
2256741062,2453379268
2256741062,1262422213
2256741062,1428138349
2256741062,849071016
2256741062,2445581293
2256741062,2239134758
2256741062,2231416206
2256741062,2267143780
2256741062,628396879
2256741062,1934463319
2256741062,117761523
2256741062,166100601
2256741062,471352210
2256741062,1875717132
2256741062,2223619951
2256741062,113915931
2256741062,21288298
2256741062,318316637
2256741062,2436097862
2256741062,2394252247
2256741062,2162907013
2256741062,1207657118
2256741062,467556902
2256741062,42460919
2256741062,1206108030
2256741062,41333290
2256741062,77188782
2256741062,76596562
2256741062,97675703
2256741062,96859379
2256741062,93826417
2256741062,92704636
2256741062,89163841
2256741062,103152299
2256741062,102178698
2256741062,99914275
2256741062,104777237
2256741062,103254650
2256741062,108350352
2256741062,123550070
2256741062,118440658
2256741062,115724250
2256741062,114382257
2256741062,111333145
2256741062,135122873
2256741062,163847606
2256741062,150677740
2256741062,149299258
2256741062,239101306
2256741062,252625352
2256741062,232957923
2256741062,193235405
2256741062,192640703
2256741062,262298210
2256741062,420475423
2256741062,396869023
2256741062,429752400
2256741062,454821447
2256741062,493137511
2256741062,589336079
2256741062,552509647
2256741062,545162340
2256741062,58196347
2256741062,862795896
2256741062,630586761
2256741062,1069267729
2256741062,1048626774
2256741062,1361319566
2256741062,1303402580
2256741062,1119834276
2256741062,1720245578
2256741062,1586266080
2256741062,38650557
2256741062,39155275
2256741062,39702320
2256741062,39469569
2256741062,40044515
2256741062,40871073
2256741062,42593866
2256741062,41795707
2256741062,51831438
2256741062,53033594
2256741062,54988878
2256741062,74463657
2256741062,72275541
2256741062,37631360
2256741062,37891431
2256741062,22915582
2256741062,23340779
2256741062,25057713
2256741062,24916830
2256741062,25380551
2256741062,27001889
2256741062,34922663
2256741062,34585384
2256741062,33885460
2256741062,35003698
2256741062,21786064
2256741062,22004795
2256741062,21648649
2256741062,21050953
2256741062,19763668
2256741062,19591600
2256741062,19504290
2256741062,19435245
2256741062,19206899
2256741062,19161627
2256741062,18677570
2256741062,18336504
2256741062,16705726
2256741062,16325467
2256741062,16600393
2256741062,14460250
2256741062,895722655
2256741062,507742851
2256741062,554978245
2256741062,384230182
2256741062,2389235778
2256741062,9234892
2256741062,11911322
2256741062,16826367
2256741062,17576181
2256741062,17675072
2256741062,18873086
2256741062,19763877
2256741062,20757050
2256741062,21195865
2256741062,22933654
2256741062,23341062
2256741062,23444635
2256741062,23646603
2256741062,24901513
2256741062,25750390
2256741062,28767771
2256741062,28773799
2256741062,29180679
2256741062,29408230
2256741062,31177357
2256741062,32928571
2256741062,36050356
2256741062,36347303
2256741062,38444415
2256741062,42072558
2256741062,44019567
2256741062,52009223
2256741062,70664947
2256741062,71061262
2256741062,80820758
2256741062,82912952
2256741062,86719842
2256741062,89286622
2256741062,89431845
2256741062,92233525
2256741062,98330202
2256741062,104528623
2256741062,104565358
2256741062,104849271
2256741062,139661393
2256741062,146426876
2256741062,156729839
2256741062,162023981
2256741062,165786404
2256741062,166102184
2256741062,185637923
2256741062,188373539
2256741062,190383639
2256741062,198432070
2256741062,217749896
2256741062,222400131
2256741062,249572808
2256741062,252590140
2256741062,252987054
2256741062,263588855
2256741062,341398199
2256741062,361938275
2256741062,404836757
2256741062,456599828
2256741062,490659823
2256741062,517868035
2256741062,523090325
2256741062,578240398
2256741062,620182875
2256741062,626653053
2256741062,817575619
2256741062,856010760
2256741062,988965534
2256741062,1294551798
2256741062,37648891
2256741062,42380944
2256741062,88444470
2256741062,191779603
2256741062,243774203
2256741062,284067858
2256741062,272931417
2256741062,272401679
2256741062,269837351
2256741062,380305658
2256741062,1304933132
2256741062,144238332
2256741062,60264136
2256741062,234035533
2256741062,29963566
2256741062,377976301
2256741062,120109196
2256741062,15255580
2256741062,561995743
2256741062,89675146
2256741062,531328950
2256741062,1379066754
2256741062,182404196
2256741062,886723075
2256741062,610994783
2256741062,204816763
2256741062,2165445573
2256741062,512029333
2256741062,1285599505
2256741062,110376941
2256741062,258413221
2256741062,2229015027
2256741062,487393533
2256741062,200053080
2256741062,34343766
2256741062,56401290
2256741062,830611188
2256741062,1598263500
2256741062,827413622
2256741062,948565483
2256741062,18318845
2256741062,625617955
2256741062,1076811110
2256741062,1080566096
2256741062,19358992
2256741062,1870771148
2256741062,189082017
2256741062,30360274
2256741062,172442746
2256741062,308677137
2256741062,381540723
2256741062,485027222
2256741062,37998041
2256741062,420255268
2256741062,39450899
2256741062,14746456
2256741062,76033556
2256741062,62496954
2256741062,85136881
2256741062,42018575
2256741062,31193470
2256741062,112705411
2256741062,271374990
2256741062,34578176
2256741062,39718661
2256741062,102918775
2256741062,291617459
2256741062,30202381
2256741062,421894082
2256741062,19452793
2256741062,854441570
2256741062,29986675
2256741062,66965573
2256741062,368804657
2256741062,191409618
2256741062,2162942852
2256741062,443603333
2256741062,25509816
2256741062,33154963
2256741062,88928275
2256741062,931767264
2256741062,19864682
2256741062,296139716
2256741062,85184055
2256741062,161404318
2256741062,38152686
2256741062,552676014
2256741062,292869151
2256741062,42590805
2256741062,95403486
2256741062,20237435
2256741062,465403556
2256741062,83611277
2256741062,815107976
2256741062,233130447
2256741062,914281548
2256741062,24736125
2256741062,1903372854
2256741062,618165868
2256741062,252491320
2256741062,236392736
2256741062,119434647
2256741062,26228880
2256741062,716640056
2256741062,209020126
2256741062,48507794
2256741062,16297777
2256741062,29969008
2256741062,381453862
2256741062,19017675
2256741062,38455020
2256741062,1536804174
2256741062,46123918
2256741062,835659450
2256741062,381932497
2256741062,90014101
2256741062,269895242
2256741062,144483627
2256741062,306115656
2256741062,771383605
2256741062,1249246681
2256741062,21707498
2256741062,20153975
2256741062,80532808
2256741062,22904901
2256741062,94336415
2256741062,20980622
2256741062,239862568
2256741062,1088593087
2256741062,254619863
2256741062,310221185
2256741062,108882900
2256741062,93709885
2256741062,203044507
2256741062,819843415
2256741062,2233065878
2256741062,626843814
2256741062,1465048837
2256741062,113583713
2256741062,11587032
2256741062,920895180
2256741062,34705879
2256741062,386630251
2256741062,322529131
2256741062,14691032
2256741062,23056912
2256741062,85794542
2256741062,380226093
2256741062,180415006
2256741062,21440665
2256741062,324983207
2256741062,18721034
2256741062,18512892
2256741062,376775023
2256741062,454779231
2256741062,1485429175
2256741062,1726262868
2256741062,306134959
2256741062,1557028850
2256741062,280113430
2256741062,575454265
2256741062,524236790
2256741062,423427851
2256741062,220070669
2256741062,73521496
2256741062,69578244
2256741062,257408744
2256741062,1108382916
2256741062,371315536
2256741062,1221643736
2256741062,1390017163
2256741062,1565809416
2256741062,27288390
2256741062,606349480
2256741062,477024981
2256741062,1580316804
2256741062,460967778
2256741062,714000438
2256741062,270850017
2256741062,1971267481
2256741062,2279351990
2256741062,55031092
2256741062,1570754803
2256741062,104782747
2256741062,20610385
2256741062,87939274
2256741062,128874159
2256741062,23339387
2256741062,1560926802
2256741062,1510489741
2256741062,40022142
2256741062,22066767
2256741062,259636279
2256741062,615011876
2256741062,23339701
2256741062,24355430
2256741062,224572743
2256741062,216327829
2256741062,1060875528
2256741062,38171370
2256741062,886420428
2256741062,20399735
2256741062,246295381
2256741062,17780822
2256741062,31099936
2256741062,106110469
2256741062,166509226
2256741062,95631693
2256741062,522501686
2256741062,18020811
2256741062,22982441
2256741062,21111483
2256741062,1113993006
2256741062,17404871
2256741062,17190576
2256741062,169387991
2256741062,25051152
2256741062,303885267
2256741062,84353216
2256741062,116407356
2256741062,77963355
2256741062,203027759
2256741062,24899436
2256741062,230849793
2256741062,148281934
2256741062,167328296
2256741062,415475621
2256741062,39759883
2256741062,243097200
2256741062,338910451
2256741062,439463212
2256741062,19231330
2256741062,19541556
2256741062,21528638
2256741062,469977506
2256741062,441101681
2256741062,1525524354
2256741062,1004071460
2256741062,192993369
2256741062,1097681648
2256741062,24732180
2256741062,327249605
2256741062,1137018775
2256741062,529159527
2256741062,1227570631
2256741062,467581610
2256741062,102458467
2256741062,472043689
2256741062,149147611
2256741062,587517694
2256741062,252650780
2256741062,88184493
2256741062,1249695476
2256741062,60052548
2256741062,378480926
2256741062,40891732
2256741062,152865344
2256741062,37643162
2256741062,187508945
2256741062,92969084
2256741062,613680871
2256741062,39972060
2256741062,27204646
2256741062,192877061
2256741062,43017642
2256741062,25735272
2256741062,17131762
2256741062,707727883
2256741062,36329597
2256741062,1324782410
