22649277,105987846
22649277,22021978
22649277,1258939334
22649277,3587587761
22649277,2444534352
22649277,317139568
22649277,610952363
22649277,2801763451
22649277,57111966
22649277,84679163
22649277,373521902
22649277,934436676
22649277,124631720
22649277,14401698
22649277,24963961
22649277,14342564
22649277,3532810277
22649277,17111442
22649277,50194631
22649277,22974854
22649277,1014532460
22649277,347445740
22649277,1241258612
22649277,93761004
22649277,3252248568
22649277,3834939257
22649277,4010449719
22649277,19491190
22649277,247325460
22649277,2425339574
22649277,4318096942
22649277,2251689488
22649277,76849994
22649277,43532023
22649277,285439517
22649277,983545758
22649277,4105139182
22649277,4216969307
22649277,16076032
22649277,2853449164
22649277,2809929767
22649277,113158328
22649277,1560214190
22649277,916031611
22649277,46418525
22649277,2371020362
22649277,87401080
22649277,253035662
22649277,46678624
22649277,78706973
22649277,20796969
22649277,248670810
22649277,47646735
22649277,2856042501
22649277,940110799
22649277,21823532
22649277,300878435
22649277,2853461537
22649277,3301508964
22649277,1373486120
22649277,103957777
22649277,167137604
22649277,258921352
22649277,2201496073
22649277,421944319
22649277,862483279
22649277,320134516
22649277,614449931
22649277,43115008
22649277,600029236
22649277,13857342
22649277,2895244932
22649277,2901380879
22649277,19315353
22649277,2902138622
22649277,857232728
22649277,226346115
22649277,2197487762
22649277,3164431032
22649277,130557513
22649277,32939851
22649277,2996469257
22649277,2821358114
22649277,488603398
22649277,27054640
22649277,569714177
22649277,86180513
22649277,2264785178
22649277,21737425
22649277,2411502745
22649277,2332713517
22649277,266864052
22649277,16569045
22649277,3298873835
22649277,141943563
22649277,106204123
22649277,604785181
22649277,521781203
22649277,2801208993
22649277,3722302709
22649277,1665731966
22649277,41780094
22649277,122765125
22649277,193757722
22649277,87813585
22649277,20159596
22649277,23011527
22649277,1255030290
22649277,2718288052
22649277,3234132223
22649277,1690412382
22649277,25262689
22649277,70349639
22649277,53649183
22649277,8665852
22649277,454395581
22649277,40684090
22649277,175039092
22649277,161518250
22649277,3583264572
22649277,15420484
22649277,15446885
22649277,270657179
22649277,977580523
22649277,4099171
22649277,17129251
22649277,601441846
22649277,452100948
22649277,1541384575
22649277,18758902
22649277,3053338062
22649277,2334494892
22649277,3431646195
22649277,1107439110
22649277,2422139485
22649277,59507859
22649277,220721264
22649277,1621169875
22649277,49946953
22649277,2755430545
22649277,3227286237
22649277,2813546938
22649277,76004199
22649277,2469525885
22649277,3009249448
22649277,14253960
22649277,475224726
22649277,15922687
22649277,45618045
22649277,90484488
22649277,1015747124
22649277,591920938
22649277,413253370
22649277,127839157
22649277,2293627860
22649277,2356634809
22649277,935394198
22649277,1170058435
22649277,1567041686
22649277,2554309094
22649277,1133913348
22649277,3161370881
22649277,73207877
22649277,533968111
22649277,3422414135
22649277,219049532
22649277,635740708
22649277,940599476
22649277,153167118
22649277,2706362354
22649277,34446512
22649277,29247612
22649277,1352713410
22649277,35127952
22649277,105231326
22649277,15174079
22649277,360046324
22649277,16027225
22649277,31957766
22649277,123670791
22649277,15532569
22649277,160950277
22649277,74506358
22649277,57056537
22649277,128246602
22649277,47479606
22649277,17137628
22649277,24274948
22649277,88776580
22649277,402957663
22649277,120153772
22649277,22162854
22649277,18094552
22649277,28145061
22649277,17789578
22649277,32965970
22649277,14615094
22649277,48269483
22649277,15935383
22649277,23465125
22649277,14177942
22649277,23966894
22649277,43073955
22649277,16314021
22649277,708826764
22649277,213309672
22649277,2709152000
22649277,540812894
22649277,2802194439
22649277,3396277223
22649277,22280318
22649277,95509850
22649277,1007905507
22649277,2234952033
22649277,703477495
22649277,827524814
22649277,31128730
22649277,482457738
22649277,88621782
22649277,1426645165
22649277,2814498213
22649277,133038331
22649277,59615041
22649277,260996844
22649277,2292488509
22649277,1540529606
22649277,544410892
22649277,436748964
22649277,97075632
22649277,14464766
22649277,121764862
22649277,86439519
22649277,50042330
22649277,2679863268
22649277,3096820175
22649277,20752106
22649277,4970411
22649277,23023236
22649277,1412275207
22649277,3068443364
22649277,57661046
22649277,18720918
22649277,55218051
22649277,94566436
22649277,39727062
22649277,2163374389
22649277,15776713
22649277,1155834775
22649277,23187207
22649277,161279587
22649277,166143203
22649277,2790802182
22649277,1963312058
22649277,1860213318
22649277,913447502
22649277,170254080
22649277,1630251919
22649277,1346592242
22649277,3022068155
22649277,22320092
22649277,800803620
22649277,29169161
22649277,378746121
22649277,37595712
22649277,17156000
22649277,556297194
22649277,104590024
22649277,2313701346
22649277,35355935
22649277,1551101437
22649277,132204038
22649277,33146275
22649277,2175213942
22649277,20794341
22649277,38682272
22649277,388466103
22649277,15999738
22649277,2894788575
22649277,3077311542
22649277,234267541
22649277,1343581202
22649277,770054797
22649277,1063540297
22649277,31766093
22649277,2557037323
22649277,1123767266
22649277,180463340
22649277,564150922
22649277,16031897
22649277,200217502
22649277,933838590
22649277,1022147078
22649277,21613426
22649277,529795547
22649277,1345690562
22649277,275471220
22649277,438320511
22649277,561887188
22649277,24818581
22649277,266381139
22649277,1689119341
22649277,1697340228
22649277,270064609
22649277,1010645653
22649277,15901190
22649277,130922325
22649277,480648777
22649277,316389142
22649277,2317351705
22649277,20837766
22649277,15288192
22649277,379069238
22649277,227120512
22649277,205640835
22649277,53095626
22649277,2972203996
22649277,20431872
22649277,2940078471
22649277,2940072513
22649277,762191408
22649277,237689067
22649277,29958529
22649277,183622298
22649277,2888932736
22649277,22321740
22649277,2980444527
22649277,14780915
22649277,309816509
22649277,158342368
22649277,217596280
22649277,182763517
22649277,238100286
22649277,1491169650
22649277,271310204
22649277,15946332
22649277,130158517
22649277,458631507
22649277,17626165
22649277,24845603
22649277,1097836022
22649277,14583400
22649277,29221344
22649277,2599662428
22649277,40325229
22649277,606264558
22649277,1674277502
22649277,940280202
22649277,25460615
22649277,2826192046
22649277,14724725
22649277,65184105
22649277,76250178
22649277,71310291
22649277,25555639
22649277,35865024
22649277,40293333
22649277,108382988
22649277,110509537
22649277,68412310
22649277,18307793
22649277,334602996
22649277,314792669
22649277,807608628
22649277,236956880
22649277,889297687
22649277,19114743
22649277,21449197
22649277,2292454922
22649277,13695112
22649277,586429795
22649277,18628289
22649277,41845823
22649277,20235682
22649277,2557274130
22649277,2812267745
22649277,392199690
22649277,217490804
22649277,784574954
22649277,344823873
22649277,97731900
22649277,1332611066
22649277,16799897
22649277,56768257
22649277,348174495
22649277,2571724058
22649277,21022960
22649277,2692824079
22649277,2437412011
22649277,2726073846
22649277,2789930177
22649277,124136234
22649277,2217591657
22649277,1542533869
22649277,33231030
22649277,2710715024
22649277,1582853809
22649277,24155737
22649277,2605027879
22649277,2284853958
22649277,217526629
22649277,174979306
22649277,2657539051
22649277,66637408
22649277,2236392866
22649277,82653721
22649277,1000262514
22649277,1279175893
22649277,34747631
22649277,1398188406
22649277,1270799208
22649277,1137174900
22649277,15644999
22649277,80820758
22649277,1014004148
22649277,2288138575
22649277,2391263628
22649277,192942213
22649277,151395664
22649277,574460431
22649277,76337854
22649277,96750689
22649277,20845323
22649277,1662057727
22649277,587676457
22649277,2477339770
22649277,828847536
22649277,213733956
22649277,61876375
22649277,2445556322
22649277,2479224200
22649277,13706182
22649277,65289126
22649277,15687962
22649277,18173624
22649277,45681041
22649277,17105214
22649277,15819632
22649277,38159069
22649277,2445662178
22649277,16158636
22649277,50067816
22649277,14396986
22649277,301913924
22649277,2369825310
22649277,1689419970
22649277,14824849
22649277,258474311
22649277,2239940184
22649277,38259087
22649277,104969057
22649277,128956175
22649277,10810102
22649277,15439395
22649277,237845487
22649277,18713254
22649277,15227791
22649277,602317143
22649277,1322736444
22649277,2277140276
22649277,1359436088
22649277,2285659604
22649277,176114719
22649277,38271276
22649277,150502738
22649277,15821039
22649277,282489050
22649277,15300520
22649277,1949495336
22649277,17624543
22649277,20136560
22649277,531310836
22649277,1377263845
22649277,319268829
22649277,27288119
22649277,111416652
22649277,84944278
22649277,32157651
22649277,238475531
22649277,45707366
22649277,498352995
22649277,74198943
22649277,190364901
22649277,32668921
22649277,21163600
22649277,102570694
22649277,180755368
22649277,16632923
22649277,153910657
22649277,23056912
22649277,27685421
22649277,46974565
22649277,27571610
22649277,74626513
22649277,247290681
22649277,45938348
22649277,334807900
22649277,211558953
22649277,216094714
22649277,38407430
22649277,43092107
22649277,234015324
22649277,59526221
22649277,20927078
22649277,59115391
22649277,494010838
22649277,150800182
22649277,39287327
22649277,280768201
22649277,33062085
22649277,122729604
22649277,478448085
22649277,461957277
22649277,80122680
22649277,19002348
22649277,869507689
22649277,331073426
22649277,59472131
22649277,20451618
22649277,38869114
22649277,21581324
22649277,516623181
22649277,951333319
22649277,117027371
22649277,52871994
22649277,52551600
22649277,48744787
22649277,35262030
22649277,361475265
22649277,22934558
22649277,82761720
22649277,46382699
22649277,93191667
22649277,370041768
22649277,47797717
22649277,13870942
22649277,559783111
22649277,742143
22649277,27894784
22649277,35764723
22649277,16153562
22649277,634293271
22649277,929515470
22649277,19224439
22649277,873564870
22649277,153714033
22649277,125767077
22649277,19363528
22649277,16544818
22649277,18689000
22649277,24229787
22649277,43368985
22649277,27289609
22649277,2561091
22649277,28345417
22649277,330502724
22649277,43069164
22649277,21754399
22649277,25904579
22649277,15962096
22649277,16550480
22649277,84859490
22649277,55868276
22649277,80811754
22649277,49549302
22649277,21581503
22649277,116401494
22649277,38839573
22649277,238096056
22649277,95981793
22649277,1430400949
22649277,22832029
22649277,34568634
22649277,322670538
22649277,22971125
22649277,14385336
22649277,15461733
22649277,268357486
22649277,91378530
22649277,395836614
22649277,214125777
22649277,22177439
22649277,379481082
22649277,948552829
22649277,21178944
22649277,15847523
22649277,1155945612
22649277,123973821
22649277,17850456
22649277,19100811
22649277,34985699
22649277,19725644
22649277,793603441
22649277,1947301
22649277,108910545
22649277,27860681
22649277,16279105
22649277,38625677
22649277,72450811
22649277,18851248
22649277,16229878
22649277,27074856
22649277,28609947
22649277,24006034
22649277,27610987
22649277,13479052
22649277,16908562
22649277,771383605
22649277,158414847
22649277,33787936
22649277,84592338
22649277,16303106
22649277,204832963
22649277,20015311
22649277,912869419
22649277,24241544
22649277,2285051
22649277,87460291
22649277,22029553
22649277,14275129
22649277,19344825
22649277,163658003
22649277,21844990
22649277,62259828
22649277,14912751
22649277,20604674
22649277,125306809
22649277,241100784
22649277,883197072
22649277,17311493
22649277,15391813
22649277,87818409
22649277,280391204
22649277,610094076
22649277,28072047
22649277,254748096
22649277,487382718
22649277,25115550
22649277,14615871
22649277,22630245
22649277,18932935
22649277,19391273
22649277,1062983522
22649277,905798755
22649277,14749606
22649277,948565483
22649277,384923143
22649277,11695472
22649277,5953552
22649277,20234476
22649277,46048042
22649277,17793878
22649277,20134672
22649277,19904685
22649277,119702511
22649277,15173291
22649277,22984215
22649277,1997641
22649277,30367517
22649277,243236419
22649277,17683482
22649277,14786217
22649277,5515802
22649277,701167788
22649277,191403895
22649277,21306483
22649277,208058457
22649277,19826122
22649277,20633239
22649277,461647264
22649277,15947602
22649277,51806144
22649277,14050550
22649277,17918561
22649277,788524
22649277,204813511
22649277,572470115
22649277,80802900
22649277,16631693
22649277,17006157
22649277,10340482
22649277,223416400
22649277,16632219
22649277,15473639
22649277,39961555
22649277,15683146
22649277,16958346
22649277,5907272
22649277,539865276
22649277,35301362
22649277,90725961
22649277,117777690
22649277,16617119
22649277,162869238
22649277,19585501
22649277,195419597
22649277,22007357
22649277,38146999
22649277,159562452
22649277,14903044
22649277,22035674
22649277,26348075
22649277,241252324
22649277,41074834
22649277,20329672
22649277,18798877
22649277,18648562
22649277,18957407
22649277,112099557
22649277,277992438
22649277,49157304
22649277,14075928
22649277,7540212
22649277,47350606
22649277,341937052
22649277,232339309
22649277,189970951
22649277,82779519
22649277,214740957
22649277,137134164
22649277,81720073
22649277,27047738
22649277,20553892
22649277,19689047
22649277,24975104
22649277,84364416
22649277,45577446
22649277,21866534
22649277,16257853
22649277,43897718
22649277,15821742
22649277,4012161
22649277,14974079
22649277,21875834
22649277,128934009
22649277,20629329
22649277,22341016
22649277,15529670
22649277,17004618
22649277,21357208
22649277,16935292
22649277,16589206
22649277,189376144
22649277,20884910
22649277,27681019
22649277,558191594
22649277,86301869
22649277,556290982
22649277,20923305
22649277,14281466
22649277,17163446
22649277,3459051
22649277,19989787
22649277,11178672
22649277,19019970
22649277,5988062
22649277,21112266
22649277,17693232
22649277,486746908
22649277,250475096
22649277,250443450
22649277,251190602
22649277,412347725
22649277,343409610
22649277,16547607
22649277,19937926
22649277,33170260
22649277,381296607
22649277,30000912
22649277,53668717
22649277,108303560
22649277,77596046
22649277,18685050
22649277,39759481
22649277,126723862
22649277,47678555
22649277,389072771
22649277,97942861
22649277,218925862
22649277,309856742
22649277,87925465
22649277,306085926
22649277,25169625
22649277,24042063
22649277,23263743
22649277,15410226
22649277,15679464
22649277,17463923
22649277,6350542
22649277,77528520
22649277,301650424
22649277,124690469
22649277,14333754
22649277,18654910
22649277,21668133
22649277,18531889
22649277,268208070
22649277,63689541
22649277,15458181
22649277,123754656
22649277,19713622
22649277,823905
22649277,24444891
22649277,21683030
22649277,219085339
22649277,30858986
22649277,247206724
22649277,19676864
22649277,19205809
22649277,69418551
22649277,16838962
22649277,14207996
22649277,11767892
22649277,313996724
22649277,243622842
22649277,21197419
22649277,166113464
22649277,258069730
22649277,447080423
22649277,35490337
22649277,14634720
22649277,26319619
22649277,15355482
22649277,43084065
22649277,19332953
22649277,21786618
22649277,21563402
22649277,28657802
22649277,1117341
22649277,141515661
22649277,19918353
22649277,20582958
22649277,2553151
22649277,335369838
22649277,55435693
22649277,15475354
22649277,418363258
22649277,328058903
22649277,268985891
22649277,16186995
22649277,360030719
22649277,104219645
22649277,28964268
22649277,20113223
22649277,306285195
22649277,44918630
22649277,223512827
22649277,17128954
22649277,19472578
22649277,67134996
22649277,59460397
22649277,69097128
22649277,14992885
22649277,15726306
22649277,20387595
22649277,14266598
22649277,24863621
22649277,63216199
22649277,102097897
22649277,145753059
22649277,128637475
22649277,124447048
22649277,51111741
22649277,73113285
22649277,76316182
22649277,34164926
22649277,60853234
22649277,17688372
22649277,15099812
22649277,61411218
22649277,40317433
22649277,93003197
22649277,80516192
22649277,91924723
22649277,41126618
22649277,60017300
22649277,72520913
22649277,77056419
22649277,49315148
22649277,71062494
22649277,19463040
22649277,14271585
22649277,58784341
22649277,15665394
22649277,21050953
22649277,37895682
