2267840346,19472578
2267840346,22007357
2267840346,31237480
2267840346,627814573
2267840346,334602996
2267840346,78314261
2267840346,104298598
2267840346,124690469
2267840346,19650966
2267840346,277495114
2267840346,87460291
2267840346,948552829
2267840346,828815282
2267840346,17745219
2267840346,11862072
2267840346,1662057727
2267840346,20884776
2267840346,2798024147
2267840346,17163446
2267840346,1690412382
2267840346,2304681752
2267840346,976185420
2267840346,2201147100
2267840346,425982387
2267840346,14903044
2267840346,23640660
2267840346,492288571
2267840346,16632149
2267840346,25535042
2267840346,8665572
2267840346,19889294
2267840346,8665852
2267840346,1544732736
2267840346,250880109
2267840346,920158884
2267840346,70349639
2267840346,771383605
2267840346,17624959
2267840346,123754656
2267840346,21138477
2267840346,15392221
2267840346,94081671
2267840346,7109022
2267840346,47380266
2267840346,20843014
2267840346,14746456
2267840346,2576727115
2267840346,24241544
2267840346,20781929
2267840346,19921389
2267840346,1615685677
2267840346,182721799
2267840346,34423857
2267840346,14758257
2267840346,26276346
2267840346,21783395
2267840346,23585685
2267840346,17884125
2267840346,124139163
2267840346,214125777
2267840346,18758902
2267840346,395388847
2267840346,15391813
2267840346,16632219
2267840346,500704345
2267840346,16631693
2267840346,2267531312
2267840346,2267340008
2267840346,19397785
2267840346,16451028
