2297304053,450841569
2297304053,1930959812
2297304053,4842352282
2297304053,70235774
2297304053,1310459502
2297304053,458638776
2297304053,317365256
2297304053,4162236959
2297304053,4817905235
2297304053,17173144
2297304053,768220045
2297304053,2815728209
2297304053,4757398887
2297304053,2442300531
2297304053,799358136
2297304053,283546868
2297304053,3375539026
2297304053,63961281
2297304053,32224020
2297304053,129485602
2297304053,62565247
2297304053,627673190
2297304053,3806134157
2297304053,2305241540
2297304053,782588150
2297304053,1889832038
2297304053,4104208857
2297304053,1572193687
2297304053,61455260
2297304053,824153233
2297304053,19535591
2297304053,19136302
2297304053,55678217
2297304053,20712514
2297304053,12323012
2297304053,47903269
2297304053,56221681
2297304053,3973360527
2297304053,985336645
2297304053,1967656051
2297304053,3378751515
2297304053,3310571
2297304053,3060282841
2297304053,733299732
2297304053,3873423142
2297304053,1023208554
2297304053,3438824158
2297304053,2860542122
2297304053,4077444969
2297304053,3147730741
2297304053,2223365124
2297304053,4059928402
2297304053,19980148
2297304053,470410935
2297304053,630553805
2297304053,51500961
2297304053,601774069
2297304053,19398663
2297304053,376960685
2297304053,52820740
2297304053,8976052
2297304053,3355587790
2297304053,19083439
2297304053,4001075056
2297304053,389991462
2297304053,586988452
2297304053,379400269
2297304053,944743393
2297304053,18671165
2297304053,21204154
2297304053,20478112
2297304053,19044557
2297304053,3806732115
2297304053,26281917
2297304053,651433
2297304053,3260407110
2297304053,231703688
2297304053,29839748
2297304053,23455730
2297304053,14166909
2297304053,18600155
2297304053,43346844
2297304053,2607219787
2297304053,338420733
2297304053,2842529048
2297304053,23946350
2297304053,38059815
2297304053,23686766
2297304053,591172338
2297304053,3028581993
2297304053,19472578
2297304053,1255030290
2297304053,3860812336
2297304053,247430315
2297304053,296408517
2297304053,1636582861
2297304053,3816674901
2297304053,2916305152
2297304053,29873477
2297304053,145668086
2297304053,1150722620
2297304053,8665852
2297304053,3310241819
2297304053,48697926
2297304053,187485390
2297304053,3758850857
2297304053,759400532
2297304053,19784606
2297304053,273933522
2297304053,42848971
2297304053,65494532
2297304053,586727156
2297304053,1337785291
2297304053,259925559
2297304053,3614956696
2297304053,164468679
2297304053,3609549975
2297304053,19439517
2297304053,25317061
2297304053,3461026715
2297304053,21389998
2297304053,586960772
2297304053,1645103545
2297304053,1668861409
2297304053,587036901
2297304053,23011527
2297304053,3402846189
2297304053,3066070240
2297304053,165160853
2297304053,1833085472
2297304053,62513246
2297304053,51772806
2297304053,3291865864
2297304053,277196843
2297304053,427885919
2297304053,22424763
2297304053,352969903
2297304053,206847322
2297304053,17973792
2297304053,426834798
2297304053,2396697645
2297304053,343627165
2297304053,1258008252
2297304053,167704836
2297304053,27450801
2297304053,135623552
2297304053,21016479
2297304053,3248879708
2297304053,2174385054
2297304053,2372379259
2297304053,364803552
2297304053,302570527
2297304053,30472798
2297304053,31099411
2297304053,854746633
2297304053,454395581
2297304053,31594288
2297304053,17540625
2297304053,19564523
2297304053,16951979
2297304053,17595890
2297304053,584366271
2297304053,57157922
2297304053,3298390914
2297304053,3389110373
2297304053,563778761
2297304053,201812923
2297304053,418116212
2297304053,21817509
2297304053,347971084
2297304053,222225064
2297304053,2893939156
2297304053,116596951
2297304053,42850472
2297304053,804527024
2297304053,54884436
2297304053,19396347
2297304053,575593223
2297304053,17087110
2297304053,3333589757
2297304053,1673216054
2297304053,72375589
2297304053,60024840
2297304053,175415823
2297304053,21687414
2297304053,454843106
2297304053,3331230305
2297304053,17214382
2297304053,18847920
2297304053,31584670
2297304053,20428049
2297304053,18973489
2297304053,23106525
2297304053,250311850
2297304053,390646208
2297304053,21748280
2297304053,2255075448
2297304053,73480693
2297304053,1726482360
2297304053,544980546
2297304053,2288712968
2297304053,1582341876
2297304053,237241020
2297304053,1460020530
2297304053,350163849
2297304053,2324094230
2297304053,30870958
2297304053,22321740
2297304053,2387422658
2297304053,2811918439
2297304053,552710238
2297304053,1690412382
2297304053,586671909
2297304053,3035717578
2297304053,1536791610
2297304053,127551187
2297304053,3010384528
2297304053,1028382697
2297304053,2147845549
2297304053,2667018488
2297304053,61037301
2297304053,555359991
2297304053,331298322
2297304053,3082022711
2297304053,2370400920
2297304053,993814573
2297304053,2842713105
2297304053,2835594983
2297304053,3082135605
2297304053,21648020
2297304053,1272263407
2297304053,95693963
2297304053,1242192720
2297304053,3040424454
2297304053,1857803720
2297304053,221769011
2297304053,3038137973
2297304053,605047753
2297304053,175083215
2297304053,40266854
2297304053,524238345
2297304053,291557868
2297304053,17827029
2297304053,123754656
2297304053,20766350
2297304053,1435440998
2297304053,126118232
2297304053,19179687
2297304053,615274676
2297304053,19923144
2297304053,16171953
2297304053,2711035300
2297304053,19184818
2297304053,17306424
2297304053,2941291157
2297304053,2973690569
2297304053,613412461
2297304053,1044543056
2297304053,54880025
2297304053,2824825235
2297304053,2960922561
2297304053,24914644
2297304053,1227930450
2297304053,1914890384
2297304053,2503792379
2297304053,149738758
2297304053,382632147
2297304053,21050755
2297304053,1705567244
2297304053,2252683543
2297304053,2864093146
2297304053,1362132925
2297304053,1019644808
2297304053,20164413
2297304053,2782734934
2297304053,597874644
2297304053,2748236735
2297304053,335407489
2297304053,1379149022
2297304053,1596863292
2297304053,2620165193
2297304053,577466504
2297304053,7587032
2297304053,860044952
2297304053,197264075
2297304053,19415798
2297304053,864380138
2297304053,409240969
2297304053,191941833
2297304053,2352995885
2297304053,505605766
2297304053,2798661205
2297304053,2333327570
2297304053,1283747858
2297304053,2253696451
2297304053,349828102
2297304053,1546493341
2297304053,2440598113
2297304053,2719312415
2297304053,2408139976
2297304053,2262050834
2297304053,2713702878
2297304053,522357334
2297304053,2734776580
2297304053,1016303431
2297304053,2243997137
2297304053,1679170207
2297304053,485801262
2297304053,2737695129
2297304053,1408402304
2297304053,2640558042
2297304053,825719490
2297304053,1191611510
2297304053,453130796
2297304053,2654006133
2297304053,1050486601
2297304053,1564450790
2297304053,1558141890
2297304053,2570654088
2297304053,121167080
2297304053,863389716
2297304053,1023139638
2297304053,14856333
2297304053,20096370
2297304053,155659213
2297304053,38977171
2297304053,612938293
2297304053,571964518
2297304053,1039815788
2297304053,2433298393
2297304053,595114640
2297304053,1538433301
2297304053,381549497
2297304053,533295902
2297304053,38767223
2297304053,218653131
2297304053,61457123
2297304053,1920112236
2297304053,2263294789
2297304053,368357353
2297304053,745256671
2297304053,1931216378
2297304053,2306952001
2297304053,576258246
2297304053,876418788
2297304053,533320093
2297304053,596940844
2297304053,606580366
2297304053,320384148
2297304053,290762891
2297304053,535642609
2297304053,244762010
2297304053,1563277789
2297304053,21514653
2297304053,14903044
2297304053,25535042
2297304053,15392221
2297304053,1544635454
2297304053,395388847
2297304053,16631693
2297304053,21390437
2297304053,19394887
2297304053,15683146
2297304053,19490380
2297304053,17980026
2297304053,17163446
2297304053,124139163
2297304053,23585685
2297304053,94081671
2297304053,328005355
2297304053,1662780973
2297304053,1162766918
2297304053,21309551
2297304053,410096060
2297304053,774767461
2297304053,392911300
2297304053,540190009
2297304053,432819483
2297304053,261287262
2297304053,1286819509
2297304053,1716929334
2297304053,1908009794
2297304053,949864453
2297304053,1720747422
2297304053,545634936
2297304053,2246953049
2297304053,1723567040
2297304053,785578471
2297304053,16451028
2297304053,20448566
2297304053,15391813
2297304053,23263743
2297304053,495420391
2297304053,847446192
2297304053,481526467
2297304053,805450099
2297304053,2273439175
2297304053,386202526
2297304053,2561091
2297304053,26276346
2297304053,19186180
