2298520344,2388477227
2298520344,502516351
2298520344,1117046706
2298520344,42626527
2298520344,149957708
2298520344,73265463
2298520344,2831444403
2298520344,4476727527
2298520344,589080706
2298520344,1433427858
2298520344,4254840677
2298520344,4299687377
2298520344,651433
2298520344,3483917657
2298520344,2446454486
2298520344,2223592103
2298520344,82588920
2298520344,1601560562
2298520344,3252546858
2298520344,2267839850
2298520344,2304484100
2298520344,38182282
2298520344,134777839
2298520344,21474631
2298520344,18869834
2298520344,563093420
2298520344,254122621
2298520344,89273104
2298520344,148720585
2298520344,353773157
2298520344,14333754
2298520344,21769623
2298520344,51714305
2298520344,3346634236
2298520344,2945162986
2298520344,3188273335
2298520344,136745811
2298520344,3395514262
2298520344,271610696
2298520344,3426621131
2298520344,32876980
2298520344,254472515
2298520344,1523773080
2298520344,2556759619
2298520344,423827702
2298520344,809120479
2298520344,929383964
2298520344,2907870629
2298520344,3342531022
2298520344,3333589757
2298520344,2314149718
2298520344,159412087
2298520344,21214421
2298520344,286361545
2298520344,2358619592
2298520344,1013400612
2298520344,20058825
2298520344,1909346983
2298520344,492332909
2298520344,1468279640
2298520344,1480749782
2298520344,1148659153
2298520344,454800881
2298520344,58948984
2298520344,18062318
2298520344,2331830774
2298520344,25411913
2298520344,2328735464
2298520344,979239402
2298520344,1398508141
2298520344,7343782
2298520344,2389780542
2298520344,136135705
2298520344,192863698
2298520344,19650966
2298520344,169426475
2298520344,2443723459
2298520344,73235284
2298520344,2458375514
2298520344,22384691
2298520344,20164477
2298520344,26281917
2298520344,499170272
2298520344,1236101
2298520344,2607219787
2298520344,2624299231
2298520344,419520517
2298520344,26988217
2298520344,513708554
2298520344,2787777156
2298520344,2699309935
2298520344,68455966
2298520344,232182694
2298520344,1489189339
2298520344,813909716
2298520344,2657179345
2298520344,28566139
2298520344,246327648
2298520344,2645248999
2298520344,403291015
2298520344,362560453
2298520344,889643533
2298520344,514854920
2298520344,976818655
2298520344,2800581040
2298520344,2548421952
2298520344,293723398
2298520344,470069067
2298520344,1880632976
2298520344,56398905
2298520344,15008596
2298520344,12536092
2298520344,2943039490
2298520344,1382404544
2298520344,2903715045
2298520344,73078512
2298520344,14481132
2298520344,2998450037
2298520344,21447758
2298520344,2968123912
2298520344,1554554503
2298520344,2893552263
2298520344,19368263
2298520344,23675353
2298520344,18600155
2298520344,20927395
2298520344,61455260
2298520344,378258916
2298520344,3054743691
2298520344,19885194
2298520344,180363363
2298520344,2876312808
2298520344,113471134
2298520344,28624570
2298520344,74307964
2298520344,17693919
2298520344,55362811
2298520344,51100181
2298520344,220130918
2298520344,16250929
2298520344,3001665106
2298520344,108080165
2298520344,540859151
2298520344,2361542055
2298520344,3245982063
2298520344,23522050
2298520344,2977900810
2298520344,3138341447
2298520344,1201162646
2298520344,77528520
2298520344,92771309
2298520344,410070653
2298520344,635593985
2298520344,2837919371
2298520344,29422232
2298520344,7349062
2298520344,14166909
2298520344,2172075114
2298520344,514613499
2298520344,1150722620
2298520344,22132767
2298520344,29839748
2298520344,955063303
2298520344,20826460
2298520344,23051181
2298520344,3387995697
2298520344,304709229
2298520344,23529973
2298520344,2203579830
2298520344,106830010
2298520344,10000822
2298520344,3371859753
2298520344,2842713105
2298520344,27343080
2298520344,20350081
2298520344,43399081
2298520344,2266449391
2298520344,87541152
2298520344,51032310
2298520344,18228898
2298520344,23006794
2298520344,21817509
2298520344,43869610
2298520344,20511502
2298520344,427493664
2298520344,78081384
2298520344,1007432648
2298520344,1455261
2298520344,3143211069
2298520344,3066000245
2298520344,61457123
2298520344,25842391
2298520344,2237468899
2298520344,2493819888
2298520344,3065945151
2298520344,3192479674
2298520344,3308456165
2298520344,36380440
2298520344,594953829
2298520344,2708829955
2298520344,965949674
2298520344,21856114
2298520344,7847192
2298520344,299189769
2298520344,60916506
2298520344,14183379
2298520344,1273844659
2298520344,2176781462
2298520344,19083439
2298520344,569358733
2298520344,23455730
2298520344,214791922
2298520344,141052723
2298520344,25481707
2298520344,218645966
2298520344,414248813
2298520344,332898591
2298520344,55353207
2298520344,706330599
2298520344,2602012176
2298520344,264348057
2298520344,2179237366
2298520344,99617362
2298520344,564219677
2298520344,2409516991
2298520344,3044738957
2298520344,3304253615
2298520344,1634213640
2298520344,171261225
2298520344,20058846
2298520344,43758061
2298520344,187560819
2298520344,787950086
2298520344,290756203
2298520344,1452519043
2298520344,304329674
2298520344,352686923
2298520344,19932481
2298520344,1213751708
2298520344,29297712
2298520344,1471813098
2298520344,2934452290
2298520344,2751591525
2298520344,3073161754
2298520344,1020848227
2298520344,3092058627
2298520344,1468149170
2298520344,414288718
2298520344,1030694869
2298520344,1600989234
2298520344,96439643
2298520344,1005158101
2298520344,51566870
2298520344,22321740
2298520344,424579579
2298520344,2891141703
2298520344,97255485
2298520344,543043594
2298520344,847368721
2298520344,564077523
2298520344,3296892844
2298520344,1676899921
2298520344,966921344
2298520344,3040424454
2298520344,67420766
2298520344,218138502
2298520344,565644048
2298520344,338552600
2298520344,1107247382
2298520344,1248040820
2298520344,2331891592
2298520344,2686375159
2298520344,2411916631
2298520344,2546084239
2298520344,126977472
2298520344,3010384528
2298520344,13382652
2298520344,30331417
2298520344,156606331
2298520344,20600235
2298520344,189895104
2298520344,578261672
2298520344,114005597
2298520344,806948929
2298520344,43675318
2298520344,2159522077
2298520344,72718159
2298520344,2244318380
2298520344,2564830902
2298520344,20712514
2298520344,311036272
2298520344,3024706342
2298520344,102789583
2298520344,36339032
2298520344,21200516
2298520344,57097104
2298520344,89503894
2298520344,2873984899
2298520344,3119763000
2298520344,163853523
2298520344,20740074
2298520344,393672457
2298520344,217045848
2298520344,970154557
2298520344,41562632
2298520344,1573051255
2298520344,224362490
2298520344,386420143
2298520344,182889996
2298520344,607281049
2298520344,340846457
2298520344,501836993
2298520344,269505461
2298520344,78342014
2298520344,14082692
2298520344,62325140
2298520344,146813134
2298520344,1942049240
2298520344,14353392
2298520344,47395667
2298520344,2222976084
2298520344,78502161
2298520344,1143472657
2298520344,36683108
2298520344,157055308
2298520344,111280097
2298520344,525208028
2298520344,20464600
2298520344,48459607
2298520344,556260847
2298520344,1255030290
2298520344,80324287
2298520344,41906364
2298520344,58444150
2298520344,45843783
2298520344,23575595
2298520344,27450925
2298520344,246772342
2298520344,53047484
2298520344,19267015
2298520344,45832664
2298520344,9722452
2298520344,259373598
2298520344,40705534
2298520344,469638428
2298520344,230250992
2298520344,2352990459
2298520344,19875072
2298520344,634078025
2298520344,47622979
2298520344,29833593
2298520344,365686062
2298520344,597494695
2298520344,19924704
2298520344,881110717
2298520344,32917862
2298520344,43869790
2298520344,1252917283
2298520344,836214343
2298520344,19709089
2298520344,14395119
2298520344,26728918
2298520344,236987484
2298520344,8920462
2298520344,74754957
2298520344,608167078
2298520344,358773185
2298520344,22695694
2298520344,3098927734
2298520344,537705660
2298520344,3130235004
2298520344,3157426179
2298520344,2154673341
2298520344,2970094888
2298520344,1077924978
2298520344,1662057727
2298520344,20794341
2298520344,14317501
2298520344,16838962
2298520344,3093595261
2298520344,25704704
2298520344,540219772
2298520344,33804533
2298520344,69473292
2298520344,71370894
2298520344,2243997137
2298520344,17006157
2298520344,3089311174
2298520344,2235577028
2298520344,1651824314
2298520344,1528316420
2298520344,870845767
2298520344,2306281370
2298520344,430554250
2298520344,480537028
2298520344,1318721666
2298520344,119259877
2298520344,363387068
2298520344,2452091022
2298520344,25365536
2298520344,121167080
2298520344,1062510793
2298520344,14529811
2298520344,921057222
2298520344,19271557
2298520344,113714309
2298520344,471287735
2298520344,18671165
2298520344,501824240
2298520344,281635993
2298520344,166905249
2298520344,18803751
2298520344,478671055
2298520344,21710527
2298520344,105106802
2298520344,239172505
2298520344,368276033
2298520344,19024453
2298520344,40837929
2298520344,124690469
2298520344,382560919
2298520344,280689114
2298520344,193323287
2298520344,388421804
2298520344,22622572
2298520344,45266183
2298520344,295345685
2298520344,1636590253
2298520344,18730195
2298520344,68206035
2298520344,1190458070
2298520344,552710238
2298520344,2535735649
2298520344,2238086118
2298520344,2274626591
2298520344,2312066144
2298520344,1214374316
2298520344,1942198134
2298520344,1912971380
2298520344,71920551
2298520344,2314552359
2298520344,2319073148
2298520344,2323018687
2298520344,1249773134
2298520344,2294006089
2298520344,885389383
2298520344,896278567
2298520344,49223708
2298520344,152209437
2298520344,2383465604
2298520344,35287190
2298520344,2381358121
2298520344,2457142667
2298520344,1527615126
2298520344,956257758
2298520344,1376771684
2298520344,1541445650
2298520344,18040878
2298520344,2297229226
2298520344,631291747
2298520344,396494504
2298520344,421944319
2298520344,862483279
2298520344,14994303
2298520344,271028583
2298520344,21510894
2298520344,1140747307
2298520344,17745219
2298520344,11862072
2298520344,14313123
2298520344,1720311889
2298520344,21057785
2298520344,19722435
2298520344,14946308
2298520344,19292033
2298520344,852750235
2298520344,19508692
2298520344,571235088
2298520344,1407892861
2298520344,2288379542
2298520344,27520512
2298520344,1959144937
2298520344,1686788053
2298520344,1645045082
2298520344,1609251463
2298520344,729013741
2298520344,1511264990
2298520344,1604201576
2298520344,510882475
2298520344,1120017414
2298520344,1962902767
2298520344,1650544184
2298520344,716254558
2298520344,1482755678
2298520344,2196130471
2298520344,508255201
2298520344,48750532
2298520344,12497362
2298520344,23316750
2298520344,1225587313
2298520344,1686488960
2298520344,2194665254
2298520344,607272854
2298520344,52840838
2298520344,1485218966
2298520344,138612130
2298520344,402220952
2298520344,1321604570
2298520344,1063270550
2298520344,130692363
2298520344,96398870
2298520344,341628340
2298520344,41384170
2298520344,22955283
2298520344,68765193
2298520344,44286640
2298520344,52471614
2298520344,34847275
2298520344,40068845
2298520344,43023158
2298520344,34171224
2298520344,94170264
2298520344,36679967
2298520344,59932653
2298520344,123695208
2298520344,46277588
2298520344,33742728
2298520344,51509917
2298520344,36680599
2298520344,50821343
2298520344,36415725
2298520344,41036546
2298520344,90052937
2298520344,66505112
2298520344,56482694
2298520344,142448465
2298520344,136140018
2298520344,48332360
2298520344,41878061
2298520344,14502789
2298520344,181123681
2298520344,130122646
2298520344,414736352
2298520344,276716878
2298520344,205915163
2298520344,788359453
2298520344,58531272
2298520344,909186090
2298520344,280701704
2298520344,181637383
2298520344,19450907
2298520344,19716315
2298520344,23132159
2298520344,376255141
2298520344,19509051
2298520344,296511906
2298520344,47903269
2298520344,54078222
2298520344,190470663
2298520344,21438024
2298520344,49938269
2298520344,80691846
2298520344,331707065
2298520344,24819669
2298520344,18359218
2298520344,75511224
2298520344,920158884
2298520344,1304302074
2298520344,19591633
2298520344,241496045
2298520344,37636997
2298520344,16080129
2298520344,301697842
2298520344,771222132
2298520344,24783322
2298520344,404590040
2298520344,20609141
2298520344,206937798
2298520344,101540671
2298520344,30933895
2298520344,460521940
2298520344,229224374
2298520344,58299538
2298520344,61056798
2298520344,84918596
2298520344,99795732
2298520344,33874318
2298520344,56773838
2298520344,63249540
2298520344,55885453
2298520344,516868654
2298520344,20458464
2298520344,169148549
2298520344,152265298
2298520344,326253732
2298520344,305638299
2298520344,25737911
2298520344,22760147
2298520344,338899906
2298520344,832695379
2298520344,374576608
2298520344,22954354
2298520344,38531188
2298520344,7638712
2298520344,47930935
2298520344,25311045
2298520344,62029654
2298520344,169913609
2298520344,262896691
2298520344,17487884
2298520344,161288528
2298520344,205974045
2298520344,25573099
2298520344,354489884
2298520344,92088399
2298520344,343619636
2298520344,1423829588
2298520344,94254810
2298520344,64415729
2298520344,2274887280
2298520344,2286540283
2298520344,175141751
2298520344,2231049558
2298520344,2287302877
2298520344,1688444130
2298520344,2285789941
2298520344,171284237
2298520344,2231056561
2298520344,2275009249
2298520344,1946111202
2298520344,2240697942
2298520344,2278487653
2298520344,1933107439
2298520344,2284531310
2298520344,1423582604
2298520344,1058334391
2298520344,2278690494
2298520344,2292154436
2298520344,2285901630
2298520344,2283023905
2298520344,2276884921
2298520344,2294067302
2298520344,2289564853
2298520344,88883604
2298520344,2278637508
2298520344,787317506
2298520344,2280242492
2298520344,97705301
2298520344,1851361646
2298520344,2161382978
2298520344,2161417135
2298520344,784327591
2298520344,1944109212
2298520344,2240560968
2298520344,551081975
2298520344,1608357912
2298520344,437179546
2298520344,140125486
2298520344,81689994
2298520344,41660436
2298520344,22233470
2298520344,125338152
2298520344,2298412974
2298520344,360626137
2298520344,210842964
2298520344,1103444418
2298520344,134925612
2298520344,318385857
2298520344,1139847499
2298520344,904210339
2298520344,498909218
2298520344,400117763
2298520344,437813660
2298520344,279452961
2298520344,617672097
2298520344,348939569
2298520344,593810556
2298520344,365498780
2298520344,365953260
2298520344,1432977446
2298520344,261895325
2298520344,309066576
2298520344,186439704
2298520344,212332850
2298520344,349714440
2298520344,21034405
2298520344,224359740
2298520344,38170974
2298520344,249090055
2298520344,107122128
2298520344,97008507
2298520344,1095916968
2298520344,140863478
2298520344,317373303
2298520344,102323621
2298520344,87984807
2298520344,54502344
2298520344,27650674
2298520344,57016932
2298520344,92727851
2298520344,243662948
2298520344,323319539
2298520344,527526077
2298520344,52344859
2298520344,122009091
2298520344,45575696
2298520344,21044208
2298520344,249186003
2298520344,210775513
2298520344,214413743
2298520344,14390109
2298520344,277660111
2298520344,318967677
2298520344,91083585
2298520344,82322622
2298520344,90320997
2298520344,16143542
2298520344,90636188
2298520344,229454266
2298520344,82724710
2298520344,106819677
2298520344,54896874
2298520344,277569566
2298520344,26235265
2298520344,24871896
2298520344,93819292
2298520344,69008563
2298520344,115044590
2298520344,226087776
2298520344,68674747
2298520344,116757352
2298520344,23440052
2298520344,28297965
2298520344,108247668
2298520344,213969309
2298520344,507672047
2298520344,84128595
2298520344,257666657
2298520344,15279429
2298520344,16929349
2298520344,14222518
2298520344,14791162
2298520344,11277292
2298520344,1879831
2298520344,32469566
2298520344,29123186
2298520344,287694284
2298520344,34947001
2298520344,20774855
2298520344,19564284
2298520344,118749374
2298520344,21342208
2298520344,771383605
2298520344,21258827
2298520344,290263087
2298520344,234773932
2298520344,22874178
2298520344,22267982
2298520344,355689205
2298520344,20856282
2298520344,51468445
2298520344,15683146
2298520344,45788610
2298520344,45777849
2298520344,9451052
2298520344,37710752
2298520344,19725644
2298520344,729060408
2298520344,27749259
2298520344,209688320
2298520344,56927066
2298520344,10192452
2298520344,15143478
2298520344,76997832
2298520344,33599257
2298520344,204832963
2298520344,32351549
2298520344,19472578
2298520344,1930959812
2298520344,986878273
2298520344,21707734
2298520344,177736182
2298520344,19689047
2298520344,14780915
2298520344,25889980
2298520344,178117805
2298520344,16831314
2298520344,27758112
2298520344,74712538
2298520344,180821354
2298520344,234053160
2298520344,217518231
2298520344,314792669
2298520344,77710660
2298520344,143932405
2298520344,84087313
2298520344,26494583
2298520344,98765275
2298520344,387323487
2298520344,78905469
2298520344,863405239
2298520344,34464376
2298520344,18625669
2298520344,21787625
2298520344,28987332
2298520344,40101400
2298520344,240606817
2298520344,17793650
2298520344,109702885
2298520344,14220688
2298520344,153474021
2298520344,465723566
2298520344,225190303
2298520344,15749983
2298520344,68399194
2298520344,221392767
2298520344,72058382
2298520344,69615397
2298520344,24047612
2298520344,15163518
2298520344,20177423
2298520344,49239873
2298520344,188006067
2298520344,136361303
2298520344,60054156
2298520344,47459700
2298520344,73359920
2298520344,18647765
2298520344,72568426
2298520344,85772748
2298520344,44084633
2298520344,301072005
2298520344,78021221
2298520344,326359913
2298520344,315909472
2298520344,348379865
2298520344,197273436
2298520344,50133479
2298520344,635793343
2298520344,149383579
2298520344,155549968
2298520344,140960194
2298520344,884556398
2298520344,283894108
2298520344,242346557
2298520344,287834630
2298520344,19818494
2298520344,410811457
2298520344,609007971
2298520344,233335916
2298520344,45112524
2298520344,216264820
2298520344,618420295
2298520344,252753618
2298520344,265982289
2298520344,285332860
2298520344,230845588
2298520344,15820664
2298520344,227837742
2298520344,228747444
2298520344,166767883
2298520344,155927976
2298520344,413487212
2298520344,160926944
2298520344,138526099
2298520344,259701844
2298520344,212320989
2298520344,216299334
2298520344,371465104
2298520344,18646108
2298520344,334053327
2298520344,14839147
2298520344,27744185
2298520344,28628850
2298520344,36452050
2298520344,25101996
2298520344,112047805
2298520344,113758100
2298520344,27311044
2298520344,50769180
2298520344,45917531
2298520344,15976697
2298520344,196168350
2298520344,110445334
2298520344,587517391
2298520344,10774652
2298520344,41634520
2298520344,32589145
2298520344,17993489
2298520344,97488105
2298520344,328980753
2298520344,17454769
2298520344,86177206
2298520344,10168082
2298520344,248917209
2298520344,87595338
2298520344,502281810
2298520344,155823836
2298520344,14730894
2298520344,65493023
2298520344,28587919
2298520344,263758909
2298520344,237403203
2298520344,1180379185
2298520344,23022687
2298520344,88784440
2298520344,50055701
2298520344,16789970
2298520344,1074480192
2298520344,15764644
2298520344,216881337
2298520344,14377605
2298520344,43963249
2298520344,733751245
2298520344,73238146
2298520344,15207668
2298520344,15745368
2298520344,14344823
2298520344,11134252
2298520344,5357812
2298520344,5561412
2298520344,5693842
2298520344,86967199
2298520344,18891923
2298520344,19297246
2298520344,7713202
2298520344,52220019
2298520344,5496932
2298520344,24043036
2298520344,41445632
2298520344,115763683
2298520344,20733972
2298520344,163897617
2298520344,96836035
2298520344,20532806
2298520344,15825547
2298520344,54290504
2298520344,1166807454
2298520344,505089852
2298520344,83466334
2298520344,22832997
2298520344,64046244
2298520344,287817450
2298520344,372536763
2298520344,135577953
2298520344,148945945
2298520344,407340870
2298520344,163297524
2298520344,144921014
2298520344,68795677
2298520344,19330043
2298520344,384750535
2298520344,302727821
2298520344,62065567
2298520344,68813436
2298520344,25351121
2298520344,34549808
2298520344,314662792
2298520344,70186440
2298520344,78150883
2298520344,288918872
2298520344,292105281
2298520344,164366255
2298520344,136007061
2298520344,403580183
2298520344,366381629
2298520344,273984297
2298520344,185827887
2298520344,253153526
2298520344,543533194
2298520344,70443471
2298520344,426738834
2298520344,290078349
2298520344,224223563
2298520344,140750163
2298520344,183387449
2298520344,394581283
2298520344,191088059
2298520344,344801362
2298520344,231476876
2298520344,158487331
2298520344,60865434
2298520344,279189207
2298520344,138388408
2298520344,612331433
2298520344,143672012
2298520344,80595443
2298520344,468668318
2298520344,29479000
2298520344,78010944
2298520344,269786008
2298520344,480782173
2298520344,211269846
2298520344,87946729
2298520344,112785317
2298520344,138372303
2298520344,19979590
2298520344,8159472
2298520344,140070953
2298520344,17388955
2298520344,789605024
2298520344,18225787
2298520344,126722350
2298520344,20798630
2298520344,343627165
2298520344,713993413
2298520344,19230601
2298520344,108568373
2298520344,265902729
2298520344,28223477
2298520344,12369372
2298520344,46403451
2298520344,13992132
2298520344,538021652
2298520344,107136246
2298520344,283411624
2298520344,18909248
2298520344,456862468
2298520344,394986531
2298520344,285694773
2298520344,43984593
2298520344,42081491
2298520344,47912448
2298520344,70361794
2298520344,277126893
2298520344,61740757
2298520344,24573827
2298520344,229108038
2298520344,108957853
2298520344,87036741
2298520344,92410517
2298520344,61290495
2298520344,179707847
2298520344,118816141
2298520344,76968739
2298520344,460306436
2298520344,803468
2298520344,604075489
2298520344,136277712
2298520344,92162698
2298520344,81107994
2298520344,212448046
2298520344,67719210
2298520344,180783241
2298520344,461554847
2298520344,568281064
2298520344,194545757
2298520344,942488690
2298520344,1178944580
2298520344,365726341
2298520344,14518090
2298520344,120229413
2298520344,2259116357
2298520344,572225652
2298520344,2234820441
2298520344,279051107
2298520344,69340908
2298520344,381545425
2298520344,442262163
2298520344,29446225
2298520344,627673190
2298520344,347774357
2298520344,241260374
2298520344,431083284
2298520344,32625314
2298520344,89305106
2298520344,274449248
2298520344,298104989
2298520344,573860891
2298520344,573535151
2298520344,770034972
2298520344,18948541
2298520344,259925559
2298520344,142204481
2298520344,13058232
2298520344,2836421
2298520344,15754281
2298520344,525264466
2298520344,86141342
2298520344,15012486
2298520344,54880025
2298520344,25535042
2298520344,16632149
2298520344,40019154
2298520344,16631331
2298520344,395388847
2298520344,23824904
2298520344,20164413
2298520344,454395581
2298520344,965741665
2298520344,14173315
2298520344,6017542
2298520344,500704345
2298520344,2097571
2298520344,14293310
2298520344,2467791
2298520344,3108351
2298520344,87818409
2298520344,742143
2298520344,51241574
2298520344,15137836
2298520344,87460291
2298520344,18758902
2298520344,23694165
2298520344,19265059
2298520344,19136302
2298520344,36504399
2298520344,756965030
2298520344,1652541
2298520344,541023928
2298520344,19568167
2298520344,50287595
2298520344,20818437
2298520344,259348780
2298520344,71843505
2298520344,20319462
2298520344,94081671
2298520344,443297806
2298520344,431733846
2298520344,20752411
2298520344,257082921
2298520344,17087856
2298520344,23069094
2298520344,17293009
2298520344,18954703
2298520344,17101388
2298520344,71903005
2298520344,17065256
2298520344,17213053
2298520344,17155194
2298520344,19356276
2298520344,1435440998
2298520344,256577881
2298520344,31584670
2298520344,20177956
2298520344,20416406
2298520344,21103366
2298520344,26916939
2298520344,17062937
2298520344,18139461
2298520344,27115071
2298520344,298063528
2298520344,22903765
2298520344,155659213
2298520344,14872237
2298520344,17306424
2298520344,492133851
2298520344,222225064
2298520344,317370751
2298520344,17461978
2298520344,17169390
2298520344,17540625
2298520344,150846769
2298520344,17260980
2298520344,19923144
2298520344,16812787
2298520344,17087110
2298520344,34430522
2298520344,35982046
2298520344,42384760
2298520344,50811932
2298520344,53853197
2298520344,101664884
2298520344,1702400424
2298520344,1710336272
2298520344,35936474
2298520344,28638191
2298520344,28706024
2298520344,16303106
2298520344,32959253
2298520344,259379883
2298520344,23617610
2298520344,22940219
2298520344,95023423
2298520344,23083404
2298520344,17637572
2298520344,63136550
2298520344,2043041
2298520344,70235774
2298520344,14208199
2298520344,19315495
2298520344,405123394
2298520344,17308753
2298520344,23585685
2298520344,17693232
2298520344,16631693
2298520344,19111618
2298520344,14399076
2298520344,20250010
2298520344,18717426
2298520344,25982907
2298520344,17884125
2298520344,24241544
2298520344,20809515
2298520344,14602208
2298520344,19019970
2298520344,21905142
2298520344,18979674
2298520344,25657017
2298520344,21112266
2298520344,20560841
2298520344,17159484
2298520344,17063215
2298520344,17827029
2298520344,222252523
2298520344,22424763
2298520344,20954762
2298520344,3310571
2298520344,34352191
2298520344,97546678
2298520344,19973332
2298520344,20766350
2298520344,40266854
2298520344,278489811
2298520344,278488777
2298520344,21492030
2298520344,19864303
2298520344,17214382
2298520344,19405174
2298520344,30684725
2298520344,21121091
2298520344,24914644
2298520344,21204154
2298520344,19133646
2298520344,61021060
2298520344,104205059
2298520344,283038024
2298520344,122178701
2298520344,277495114
2298520344,38977171
2298520344,21287076
2298520344,28828224
2298520344,85908999
2298520344,1362132925
2298520344,182721799
2298520344,19784606
2298520344,140091998
2298520344,20676778
2298520344,14691720
2298520344,56093343
2298520344,8662472
2298520344,339064364
2298520344,21309551
2298520344,19490380
2298520344,19051022
2298520344,21648020
2298520344,96109537
2298520344,22362992
2298520344,19405396
2298520344,29267341
2298520344,6865052
2298520344,84078415
2298520344,7047
2298520344,34076997
2298520344,19686295
2298520344,19487287
2298520344,113651070
2298520344,19910996
2298520344,18135386
2298520344,19033555
2298520344,20583613
2298520344,19264748
2298520344,21424725
2298520344,14270254
2298520344,20843014
2298520344,23263743
2298520344,48516549
2298520344,19458129
2298520344,16854780
2298520344,107562560
2298520344,39145982
2298520344,21527369
2298520344,14995420
2298520344,15005991
2298520344,20717237
2298520344,17980026
2298520344,3373791
2298520344,14993191
2298520344,22758266
2298520344,237241020
2298520344,14562960
2298520344,19179687
2298520344,360230512
2298520344,19393233
2298520344,60751490
2298520344,20301010
2298520344,976185420
2298520344,19184818
2298520344,22900663
2298520344,311606579
2298520344,596521657
2298520344,15312679
2298520344,27486706
2298520344,98165330
2298520344,64788246
2298520344,50300579
2298520344,23837271
2298520344,14559090
2298520344,316076492
2298520344,19964864
2298520344,20044737
2298520344,15677513
2298520344,111949306
2298520344,20549270
2298520344,153763519
2298520344,1615685677
2298520344,1163799372
2298520344,14746456
2298520344,16171953
2298520344,492288571
2298520344,1142859176
2298520344,396894374
2298520344,19415798
2298520344,18847920
2298520344,59102196
2298520344,105898722
2298520344,16569045
2298520344,18729562
2298520344,53149244
2298520344,18944007
2298520344,218653131
2298520344,24784028
2298520344,22176845
2298520344,19713622
2298520344,54015652
2298520344,49195175
2298520344,21138477
2298520344,15615035
2298520344,123754656
2298520344,14996376
2298520344,442237496
2298520344,34559099
2298520344,6541402
2298520344,57706107
2298520344,28074588
2298520344,14348594
2298520344,71273952
2298520344,14133970
2298520344,25723502
2298520344,86363143
2298520344,68810491
2298520344,63302020
2298520344,20104965
2298520344,177433166
2298520344,19413784
2298520344,72423061
2298520344,18026676
2298520344,201419073
2298520344,22090361
2298520344,8892822
2298520344,20322986
2298520344,8126322
2298520344,24216951
2298520344,22461427
2298520344,6480732
2298520344,25725698
2298520344,132022097
2298520344,27711685
2298520344,14320551
2298520344,37982492
2298520344,15147397
2298520344,26535267
2298520344,165511377
2298520344,132434300
2298520344,14546414
2298520344,18156146
2298520344,14075928
2298520344,27967526
2298520344,57084769
2298520344,19768193
2298520344,17844280
2298520344,20649962
2298520344,89898430
2298520344,79699927
2298520344,93654953
2298520344,310109265
2298520344,28644174
2298520344,16027904
2298520344,97576151
2298520344,42977712
2298520344,6480652
2298520344,23027237
2298520344,28061932
2298520344,35097545
2298520344,78194111
2298520344,253168159
2298520344,19793752
2298520344,18655891
2298520344,37788181
2298520344,472623389
2298520344,29344169
2298520344,22222761
2298520344,61061751
2298520344,55117855
2298520344,20344826
2298520344,580097412
2298520344,21356261
2298520344,110827653
2298520344,18131961
2298520344,117848769
2298520344,583188020
2298520344,297074078
2298520344,26705414
2298520344,104969057
2298520344,24008967
2298520344,19637934
2298520344,23544268
2298520344,575492930
2298520344,735806136
2298520344,22080646
2298520344,44215023
2298520344,332611996
2298520344,366010246
2298520344,215060612
2298520344,14506253
2298520344,92367751
2298520344,28382675
2298520344,802939002
2298520344,228794007
2298520344,1582853809
2298520344,588416926
2298520344,25399731
2298520344,974384082
2298520344,80096621
2298520344,15227791
2298520344,18676177
2298520344,15224867
2298520344,187428929
2298520344,15962096
2298520344,28422142
2298520344,19697415
2298520344,332638587
2298520344,112508240
2298520344,373167425
2298520344,285282053
2298520344,50205873
2298520344,10810102
2298520344,53297035
2298520344,1183041
2298520344,471891309
2298520344,60173249
2298520344,24447643
2298520344,391037985
2298520344,28406270
2298520344,15108422
2298520344,6539592
2298520344,114776155
2298520344,637338906
2298520344,24083901
2298520344,1715051
2298520344,179661493
2298520344,18923343
2298520344,483192121
2298520344,574168493
2298520344,75974281
2298520344,130922325
2298520344,59525600
2298520344,262351301
2298520344,75641903
2298520344,169331241
2298520344,20106852
2298520344,92352911
2298520344,7076492
2298520344,17732153
2298520344,17453527
2298520344,304679484
2298520344,44953111
2298520344,85562303
2298520344,121626258
2298520344,17602896
2298520344,398092540
2298520344,20630639
2298520344,41259253
2298520344,52613032
2298520344,18208354
2298520344,17483878
2298520344,15666380
2298520344,46503181
2298520344,65289126
2298520344,31312972
2298520344,19879313
2298520344,502135911
2298520344,21131816
2298520344,18396706
2298520344,18476403
2298520344,18101713
2298520344,121574840
2298520344,35206553
2298520344,97564473
2298520344,55000479
2298520344,52634006
2298520344,14681605
2298520344,3646911
2298520344,241382835
2298520344,31353077
2298520344,257834640
2298520344,28161405
2298520344,64857643
2298520344,21718006
2298520344,1250191058
2298520344,22084427
2298520344,18713254
2298520344,17853760
2298520344,26946028
2298520344,22677790
2298520344,18720595
2298520344,18713314
2298520344,33041426
2298520344,192354884
2298520344,173965448
2298520344,18671559
2298520344,19025270
2298520344,255747911
2298520344,1228516999
2298520344,74501824
2298520344,14790966
2298520344,24807616
2298520344,243835805
2298520344,36169080
2298520344,124003770
2298520344,544517731
2298520344,284602545
2298520344,5695632
2298520344,16312576
2298520344,200163448
2298520344,24980246
2298520344,821193
2298520344,288452305
2298520344,142157505
2298520344,7581972
2298520344,20479813
2298520344,139823781
2298520344,15693493
2298520344,329746058
2298520344,229219088
2298520344,348785149
2298520344,71876190
2298520344,336116660
2298520344,15439395
2298520344,20015311
2298520344,263292498
2298520344,195814782
2298520344,274649460
2298520344,62290422
2298520344,109275829
2298520344,133093395
2298520344,27457788
2298520344,17446621
2298520344,23544596
2298520344,9300262
2298520344,17525171
2298520344,28221296
2298520344,282735852
2298520344,71350663
2298520344,238319766
2298520344,31080039
2298520344,66561957
2298520344,185487499
2298520344,18009781
2298520344,125481462
2298520344,146290693
2298520344,88749392
2298520344,22872643
2298520344,44039298
2298520344,39706174
2298520344,24278900
2298520344,25203361
2298520344,42052422
2298520344,56405314
2298520344,34036028
2298520344,31641658
2298520344,115093438
2298520344,196917975
2298520344,1059194370
2298520344,27195114
2298520344,139162440
2298520344,23680913
2298520344,130894721
2298520344,30364057
2298520344,2196062923
2298520344,338084918
2298520344,26053643
2298520344,2275096104
2298520344,845743333
2298520344,2236841038
2298520344,562381032
2298520344,116485573
2298520344,2189500517
2298520344,35184346
2298520344,14939981
2298520344,35094637
2298520344,17220934
2298520344,19621110
2298520344,2223617388
2298520344,2197992735
2298520344,2199741810
2298520344,2221819662
2298520344,2200105272
2298520344,2158508164
2298520344,19397785
2298520344,14824849
2298520344,26565946
2298520344,6480682
2298520344,27042513
2298520344,36686415
2298520344,500042487
2298520344,52551600
2298520344,133880286
2298520344,436292177
2298520344,15485441
2298520344,2221918957
2298520344,2188914643
2298520344,2247154597
2298520344,2213074333
2298520344,2228560884
2298520344,2182610232
2298520344,2152759858
2298520344,50374439
2298520344,15846407
2298520344,256573865
2298520344,19966557
2298520344,16190898
2298520344,85452649
2298520344,62513246
2298520344,85603854
2298520344,24852465
2298520344,16409683
2298520344,43003845
2298520344,457742531
2298520344,298830828
2298520344,49573859
2298520344,19058681
2298520344,166739404
2298520344,19018401
2298520344,73992972
2298520344,157651394
2298520344,19562228
2298520344,17919972
2298520344,1689448549
2298520344,21447363
2298520344,846315811
2298520344,21111883
2298520344,184910040
2298520344,27760317
2298520344,19373710
2298520344,24886570
2298520344,90420314
2298520344,14920785
2298520344,34507480
2298520344,586671909
2298520344,116362700
2298520344,2557521
2298520344,1034846581
2298520344,18863815
2298520344,831239570
2298520344,1331620106
2298520344,1352985806
2298520344,1402083998
2298520344,849257336
2298520344,619581696
2298520344,1209994315
2298520344,222513527
2298520344,164297072
2298520344,115747198
2298520344,846322003
2298520344,323162477
2298520344,74230475
2298520344,1399409480
2298520344,1377936642
2298520344,1492555471
2298520344,1398228192
2298520344,1683926414
2298520344,1681408274
2298520344,839842340
2298520344,1419197581
2298520344,107516549
2298520344,1516753681
2298520344,53684360
2298520344,16548023
2298520344,382613598
2298520344,634749868
2298520344,1909113030
2298520344,634969546
2298520344,392296559
2298520344,603983934
2298520344,486811039
2298520344,1428721626
2298520344,1258071372
2298520344,792451591
2298520344,1265277594
2298520344,1671616225
2298520344,1650958369
2298520344,1183329590
2298520344,609491267
2298520344,89985017
2298520344,325047607
2298520344,1958446549
2298520344,298147864
2298520344,1205760493
2298520344,567365761
2298520344,1884303871
2298520344,1631526848
2298520344,349367125
2298520344,1370700595
2298520344,1426407942
2298520344,1142602988
2298520344,1046501107
2298520344,1137948552
2298520344,302096666
2298520344,1586140176
2298520344,90836187
2298520344,466979246
2298520344,1026659820
2298520344,524822056
2298520344,2244989001
2298520344,574779853
2298520344,302099522
2298520344,1311980904
2298520344,52758395
2298520344,2272009795
2298520344,16951979
2298520344,373360898
2298520344,2196815609
2298520344,581641820
2298520344,14199378
2298520344,19921389
2298520344,353960288
2298520344,840699908
2298520344,20448566
2298520344,14848513
2298520344,19663485
2298520344,21389998
2298520344,731133085
2298520344,1301540563
2298520344,23976386
2298520344,18221807
2298520344,94682674
2298520344,18164420
2298520344,15936194
2298520344,5988062
2298520344,17471979
2298520344,5392522
2298520344,168857946
2298520344,1081
2298520344,11348282
2298520344,35773039
2298520344,15473958
2298520344,13298072
2298520344,15164565
2298520344,184997446
2298520344,34743251
2298520344,18327902
2298520344,93473293
2298520344,14278978
2298520344,44196397
2298520344,91333167
2298520344,137798052
2298520344,164792797
2298520344,8095292
2298520344,220145170
2298520344,15469101
2298520344,11620792
2298520344,14225267
2298520344,1979921
2298520344,3754891
2298520344,9729502
2298520344,14207787
2298520344,14115884
2298520344,1605
2298520344,234765685
2298520344,817209
2298520344,745273
2298520344,1159251
2298520344,2195241
2298520344,23008743
2298520344,15227849
2298520344,914061
2298520344,11768582
2298520344,811350
2298520344,14277276
2298520344,14541402
2298520344,113130846
2298520344,1976841
2298520344,20263710
2298520344,6385432
2298520344,5965332
2298520344,42226885
2298520344,2178012643
2298520344,2529971
2298520344,115485051
2298520344,20348377
2298520344,183749519
2298520344,62316970
2298520344,22387220
2298520344,16242081
2298520344,10078
2298520344,5943622
2298520344,10454572
2298520344,33792634
2298520344,1536811
2298520344,15827269
2298520344,14366976
2298520344,17877122
2298520344,6730222
2298520344,17493187
2298520344,5520332
2298520344,19661363
2298520344,22255654
2298520344,19476868
2298520344,1000591
2298520344,824157
2298520344,989
2298520344,165503959
2298520344,185808487
2298520344,295
2298520344,14434070
2298520344,2893971
2298520344,13041
2298520344,33846451
2298520344,608535251
2298520344,17503180
2298520344,15307727
2298520344,20339060
2298520344,41003633
2298520344,60642052
2298520344,30315557
2298520344,37060788
2298520344,31925790
2298520344,27814665
2298520344,20555005
2298520344,45709411
2298520344,4417131
2298520344,23097023
2298520344,18796686
2298520344,17003765
2298520344,4918121
2298520344,80663030
2298520344,14677919
2298520344,1061961
2298520344,15517570
2298520344,922011
2298520344,140568983
2298520344,25412522
2298520344,3709051
2298520344,15662446
2298520344,12
2298520344,12553672
2298520344,13
2298520344,91220126
2298520344,14113411
2298520344,22046611
2298520344,1059801
2298520344,20
2298520344,51263711
2298520344,759251
2298520344,7745472
2298520344,30313925
2298520344,25589776
2298520344,807095
2298520344,3080761
2298520344,15651700
2298520344,652193
2298520344,28785486
2298520344,428333
2298520344,1367531
2298520344,5763262
2298520344,6527972
2298520344,2384071
2298520344,20793816
2298520344,52484614
2298520344,14130366
2298520344,7309052
2298520344,858051
2298520344,1235521
2298520344,21457289
2298520344,207773069
2298520344,19380829
2298520344,44423
2298520344,27260086
2298520344,15813140
2298520344,16887507
2298520344,14874480
2298520344,33838201
2298520344,75691804
2298520344,2142731
2298520344,15895661
2298520344,111197966
2298520344,50090898
2298520344,612076511
2298520344,16409781
2298520344,19315174
2298520344,93711247
2298520344,38267947
2298520344,219403168
2298520344,17034634
2298520344,605805760
2298520344,17004618
2298520344,15818391
2298520344,813286
2298520344,32468665
2298520344,31285982
2298520344,297174372
2298520344,5746452
2298520344,50393960
2298520344,86395621
2298520344,24727891
2298520344,454843106
2298520344,31311757
2298520344,34356968
2298520344,61559439
2298520344,16425197
2298520344,93957809
2298520344,52998511
2298520344,38679388
2298520344,56505125
2298520344,2459371
2298520344,22209176
2298520344,243381107
2298520344,972651
2298520344,4641021
2298520344,2803191
2298520344,15670515
2298520344,369002891
2298520344,5402612
2298520344,382267114
2298520344,10228272
2298520344,74286565
2298520344,1023139638
2298520344,19612753
2298520344,612473
2298520344,469325834
2298520344,7905122
2298520344,20536157
2298520344,3819701
2298520344,377008435
2298520344,177918639
2298520344,621583
2298520344,38400294
2298520344,298360697
2298520344,102773210
2298520344,819800
2298520344,30261067
2298520344,761801714
2298520344,39349216
2298520344,154023356
2298520344,17173144
2298520344,14372486
2298520344,7144422
2298520344,167399649
2298520344,1344951
2298520344,21050755
2298520344,162089811
2298520344,816653
2298520344,48302014
2298520344,20475285
2298520344,2890961
2298520344,15951863
2298520344,266712846
2298520344,106837463
2298520344,19904728
2298520344,275686563
2298520344,126118232
2298520344,23011527
2298520344,14856333
2298520344,14903044
2298520344,20627896
2298520344,17624959
2298520344,783214
2298520344,57022252
2298520344,13058772
2298520344,21390674
2298520344,17311493
2298520344,17624543
2298520344,19247625
2298520344,20781929
2298520344,19564523
2298520344,19405367
2298520344,21856254
2298520344,22904901
2298520344,50602093
2298520344,764667576
2298520344,16632219
2298520344,18075140
2298520344,17093617
2298520344,19394887
2298520344,49781518
2298520344,34423857
2298520344,14758257
2298520344,26276346
2298520344,19889294
2298520344,19186180
2298520344,23421880
2298520344,53082082
2298520344,20884910
2298520344,1129159369
2298520344,18679659
2298520344,15392221
2298520344,21783395
2298520344,16451028
2298520344,17163446
2298520344,124139163
2298520344,8665852
2298520344,2561091
2298520344,8665572
2298520344,15391813
2298520344,859914415
2298520344,251716551
