2302931857,16589206
2302931857,872374136
2302931857,130557523
2302931857,2469393976
2302931857,26408818
2302931857,3483917657
2302931857,1041270541
2302931857,16143864
2302931857,349587329
2302931857,180463340
2302931857,1345393938
2302931857,2917327863
2302931857,3395514262
2302931857,15823676
2302931857,3391700609
2302931857,262359713
2302931857,3044738957
2302931857,26211054
2302931857,327355244
2302931857,287399640
2302931857,25768420
2302931857,1182789781
2302931857,1564212049
2302931857,232855418
2302931857,243581010
2302931857,178645623
2302931857,1143445315
2302931857,2956999445
2302931857,360857182
2302931857,585990904
2302931857,26284208
2302931857,17919972
2302931857,87460291
2302931857,14758257
2302931857,24886570
2302931857,1615685677
2302931857,251716551
2302931857,20809515
2302931857,413487212
2302931857,15846407
2302931857,16854780
2302931857,24241544
2302931857,14679798
2302931857,125100410
2302931857,134935097
2302931857,41878061
2302931857,19814175
2302931857,17624543
2302931857,19712523
2302931857,304876789
2302931857,18729562
2302931857,20843014
2302931857,300868924
2302931857,18803751
2302931857,21389998
2302931857,16451028
2302931857,19713622
2302931857,1166392284
