231910669,157981564
231910669,86233091
231910669,4690363874
231910669,2193174446
231910669,73249951
231910669,90891909
231910669,19397785
231910669,36412963
231910669,2842583865
231910669,2615608495
231910669,4709586493
231910669,450724632
231910669,53452390
231910669,2463676838
231910669,835230594
231910669,1469402426
231910669,1258919365
231910669,1868424367
231910669,2470947822
231910669,222270650
231910669,3395647805
231910669,200607519
231910669,293415952
231910669,153765863
231910669,339647157
231910669,112696273
231910669,3156717227
231910669,572470115
231910669,14333754
231910669,948552829
231910669,1662057727
231910669,19472578
231910669,60916506
231910669,21112266
231910669,292011089
231910669,3407923774
231910669,519877815
231910669,32134081
231910669,304321930
231910669,50096544
231910669,2613457740
231910669,2838129363
231910669,1654765284
231910669,19382500
231910669,382122660
231910669,15573174
231910669,2726187272
231910669,1225018734
231910669,1376009472
231910669,2439666320
231910669,21054053
231910669,71108717
231910669,34430522
231910669,50811932
231910669,17461978
231910669,16812787
231910669,198975780
231910669,34616510
231910669,174889139
231910669,258873854
231910669,1260366252
231910669,111014684
231910669,1059194370
231910669,37774152
231910669,248900032
231910669,259670983
231910669,3327201440
231910669,58576988
231910669,386423331
231910669,52799845
231910669,416741786
231910669,394721978
231910669,31702589
231910669,3618676336
231910669,171165627
231910669,2165120203
231910669,21889608
231910669,42856346
231910669,25319414
231910669,1465538240
231910669,17351972
231910669,380730306
231910669,13213122
231910669,5885732
231910669,33757562
231910669,40358743
231910669,1475215838
231910669,1308934753
231910669,581971753
231910669,70984741
231910669,1520826877
231910669,15891061
231910669,492566290
231910669,157157264
231910669,67133275
231910669,120207925
231910669,3237212624
231910669,78928136
231910669,3063640122
231910669,228797787
231910669,26144265
231910669,172904695
231910669,3327256747
231910669,24478346
231910669,73177902
231910669,265758015
231910669,24903274
231910669,3130940176
231910669,2768239282
231910669,263320202
231910669,2321785092
231910669,30882317
231910669,22941961
231910669,119177234
231910669,54819839
231910669,1154753406
231910669,2328977335
231910669,590064971
231910669,447901803
231910669,991222674
231910669,69282796
231910669,1246430580
231910669,1917454166
231910669,1275356515
231910669,521101056
231910669,3270306578
231910669,3243444775
231910669,2734713482
231910669,1872295296
231910669,3235325816
231910669,2737648292
231910669,376448253
231910669,30180137
231910669,584149728
231910669,251304538
231910669,248001658
231910669,36128166
231910669,370700335
231910669,2340589346
231910669,2180998680
231910669,2836857073
231910669,202364607
231910669,2459609448
231910669,34176934
231910669,20646711
231910669,2190620018
231910669,1536791610
231910669,24150634
231910669,2428796856
231910669,2902364734
231910669,284083080
231910669,52660746
231910669,18576537
231910669,21454322
231910669,31504542
231910669,301046321
231910669,241544156
231910669,20710218
231910669,18479513
231910669,174185083
231910669,25116303
231910669,2301323258
231910669,1600331856
231910669,249090009
231910669,3380924260
231910669,233663430
231910669,57100687
231910669,71023061
231910669,1895278116
231910669,2986233663
231910669,312790033
231910669,1692345876
231910669,2657646703
231910669,135966337
231910669,998962340
231910669,399681579
231910669,376499282
231910669,349297814
231910669,21302878
231910669,539085035
231910669,2616078570
231910669,3394577418
231910669,33310898
231910669,19943507
231910669,51173699
231910669,19262614
231910669,25155195
231910669,22449367
231910669,26637884
231910669,78175453
231910669,97635340
231910669,360692309
231910669,410763798
231910669,37649776
231910669,468326912
231910669,55459700
231910669,2237288887
231910669,268361752
231910669,233498480
231910669,19490380
231910669,41167607
231910669,221769011
231910669,149263322
231910669,237241020
231910669,2235417414
231910669,1569312734
231910669,1620851192
231910669,242796739
231910669,3346432744
231910669,398155793
231910669,1352467310
231910669,233439505
231910669,531659920
231910669,244739644
231910669,163733004
231910669,1413035881
231910669,46324746
231910669,3235294408
231910669,178172534
231910669,156247074
231910669,1877831
231910669,3364447811
231910669,2510215220
231910669,218653131
231910669,21204154
231910669,4970411
231910669,978688232
231910669,595719169
231910669,569138069
231910669,332565603
231910669,1140971677
231910669,34352191
231910669,217536107
231910669,228688180
231910669,594215137
231910669,268439864
231910669,26565946
231910669,338084918
231910669,19663706
231910669,84571556
231910669,271467198
231910669,287606519
231910669,20927633
231910669,312661155
231910669,22919789
231910669,425365329
231910669,20264905
231910669,28133800
231910669,50004938
231910669,43180262
231910669,23508439
231910669,70202449
231910669,16403943
231910669,123417995
231910669,40781725
231910669,24485503
231910669,2865895228
231910669,19362299
231910669,19425947
231910669,584990030
231910669,2327208979
231910669,551405395
231910669,16347506
231910669,2379615913
231910669,1831101960
231910669,19548850
231910669,240734425
231910669,3199745237
231910669,2905301277
231910669,2155215398
231910669,1117317140
231910669,3252307869
231910669,397281913
231910669,289900457
231910669,29191062
231910669,119593082
231910669,2932322746
231910669,14361155
231910669,85289376
231910669,14755492
231910669,2917327863
231910669,50580846
231910669,37921383
231910669,14700316
231910669,2207155742
231910669,16153562
231910669,2836373093
231910669,1148028992
231910669,264540821
231910669,605630472
231910669,271450293
231910669,73212137
231910669,353959801
231910669,150678850
231910669,70755400
231910669,40131441
231910669,21870081
231910669,52422878
231910669,45112524
231910669,85277686
231910669,263622853
231910669,78097360
231910669,61898653
231910669,30938602
231910669,16459040
231910669,620034505
231910669,88944305
231910669,19971002
231910669,20163851
231910669,454843106
231910669,328980753
231910669,50883209
231910669,1410704876
231910669,415859364
231910669,203144854
231910669,15383636
231910669,183398746
231910669,68440549
231910669,24744541
231910669,336116660
231910669,1615685677
231910669,89273104
231910669,38977171
231910669,47617770
231910669,380648579
231910669,230250992
231910669,3093595261
231910669,19650966
231910669,449588356
231910669,27935844
231910669,3062291199
231910669,36665547
231910669,23449774
231910669,21021891
231910669,44588224
231910669,79962986
231910669,94602527
231910669,784479499
231910669,18909186
231910669,124397732
231910669,63376202
231910669,3011807083
231910669,19596687
231910669,238475531
231910669,19081001
231910669,297047872
231910669,3332248505
231910669,518785279
231910669,18222378
231910669,22940219
231910669,68412310
231910669,19248106
231910669,55940991
231910669,30782495
231910669,29479859
231910669,17072739
231910669,28897926
231910669,43214455
231910669,1542862735
231910669,69231187
231910669,14159148
231910669,33933259
231910669,19673700
231910669,1097836022
231910669,66740930
231910669,1583261034
231910669,2939731131
231910669,728592182
231910669,133093395
231910669,76640424
231910669,539228988
231910669,107472906
231910669,288785053
231910669,329746058
231910669,75974281
231910669,770034972
231910669,242346557
231910669,384951307
231910669,134196350
231910669,17781165
231910669,138725262
231910669,18135386
231910669,14091091
231910669,1451773004
231910669,80210608
231910669,42519612
231910669,71303860
231910669,93230391
231910669,2152685876
231910669,166280349
231910669,3006067103
231910669,1917838016
231910669,2335560870
231910669,56361385
231910669,362557435
231910669,1650006991
231910669,116184861
231910669,2304502004
231910669,2230150382
231910669,269057994
231910669,16303450
231910669,185107461
231910669,62157088
231910669,2279528208
231910669,54341363
231910669,36626148
231910669,19394887
231910669,87460291
231910669,14594813
231910669,19903099
231910669,85603854
231910669,120350597
231910669,466200116
231910669,100220864
231910669,1344095479
231910669,1019644808
231910669,79293791
231910669,115485051
231910669,586458652
231910669,240714255
231910669,444838837
231910669,2927291565
231910669,27508916
231910669,20809515
231910669,3226009023
231910669,3437238328
231910669,3254491827
231910669,20712514
231910669,20781929
231910669,15005991
231910669,50741466
231910669,126084292
231910669,26787673
231910669,71026122
231910669,783214
231910669,13058772
231910669,256675420
231910669,3195739577
231910669,15391813
231910669,17595890
231910669,5402612
231910669,111428431
231910669,447008186
231910669,16144151
231910669,386420143
231910669,14082692
231910669,2695873710
231910669,145427893
231910669,16683014
231910669,57295940
231910669,197172711
231910669,135116718
231910669,16513281
231910669,16513161
231910669,928419246
231910669,380050934
231910669,3319722917
231910669,116757352
231910669,213969309
231910669,423384542
231910669,16191793
231910669,21343176
231910669,117662694
231910669,34305774
231910669,727305176
231910669,165160853
231910669,344801362
231910669,505605766
231910669,300114634
231910669,8159472
231910669,219683269
231910669,259925559
231910669,2711035300
231910669,115316607
231910669,1150722620
231910669,3037117710
231910669,3040151394
231910669,7996522
231910669,15095537
231910669,1272263407
231910669,575318678
231910669,74426840
231910669,424632808
231910669,455117080
231910669,106306522
231910669,419220040
231910669,138751214
231910669,56699256
231910669,40019154
231910669,569858803
231910669,50300579
231910669,703581570
231910669,601774069
231910669,559654312
231910669,153000691
231910669,2306281370
231910669,112785317
231910669,485801262
231910669,796527128
231910669,953896208
231910669,26589987
231910669,62290422
231910669,577466504
231910669,219294551
231910669,132130882
231910669,1663661520
231910669,2528068106
231910669,274640845
231910669,69008563
231910669,603589897
231910669,3066070240
231910669,2811941773
231910669,467634392
231910669,3010384528
231910669,14679798
231910669,36628385
231910669,107146095
231910669,835290290
231910669,221280813
231910669,23560015
231910669,295325513
231910669,20106852
231910669,163138175
231910669,3251974856
231910669,18244358
231910669,22692199
231910669,11348282
231910669,17471979
231910669,39776107
231910669,52782073
231910669,14293310
231910669,114009802
231910669,25535042
231910669,124139163
231910669,807095
231910669,277495114
231910669,395388847
231910669,21783395
231910669,1139847499
231910669,279452961
231910669,23186079
231910669,886565108
231910669,16632149
231910669,14746456
231910669,8665852
231910669,15488353
231910669,10842792
231910669,28273230
231910669,111419514
231910669,111372861
231910669,108409606
231910669,35863132
231910669,2372379259
231910669,56377143
231910669,106062176
231910669,821045162
231910669,124476322
231910669,186941132
231910669,199632928
231910669,14932455
231910669,85626417
231910669,427885919
231910669,122211977
231910669,27986223
231910669,18936161
231910669,220998706
231910669,3302925454
231910669,3302882392
231910669,392583495
231910669,3302900980
231910669,19921389
231910669,487118986
231910669,10228272
231910669,15392221
231910669,230845588
231910669,329789735
231910669,22827600
231910669,70186440
231910669,251716551
231910669,155659213
231910669,49781518
231910669,19564523
231910669,6902902
231910669,5988062
231910669,14842285
231910669,7996082
231910669,1690412382
231910669,16632219
231910669,8665572
231910669,94081671
231910669,813286
231910669,534118621
231910669,351870247
231910669,2411221668
231910669,199354750
231910669,61433111
231910669,136237700
231910669,45122598
231910669,773069256
231910669,20769446
231910669,23263743
231910669,461922813
231910669,1432977446
231910669,19583545
231910669,350828320
231910669,526384201
231910669,380570951
231910669,2326857668
231910669,16808626
231910669,1412063088
231910669,2561091
231910669,343627165
231910669,789605024
231910669,627673190
231910669,278008658
231910669,40448264
231910669,422868223
231910669,412237956
231910669,378197959
231910669,38840059
231910669,153067700
231910669,596940844
231910669,21390437
231910669,28544536
231910669,16451028
231910669,22905057
231910669,14758257
231910669,20265254
231910669,31273337
231910669,24042063
231910669,84987868
231910669,3373791
231910669,8699742
231910669,19110632
231910669,17311493
231910669,19264748
231910669,31500444
231910669,16589206
231910669,92795518
231910669,8728392
231910669,223979578
231910669,228489400
231910669,26276346
231910669,28312880
231910669,16631331
231910669,9459622
231910669,16951979
231910669,15754281
231910669,2884771
231910669,18228898
231910669,18022904
231910669,35094637
231910669,15155074
231910669,19404587
231910669,3004231
231910669,17696167
231910669,20460235
231910669,23006794
231910669,169686021
231910669,21254264
231910669,59889953
231910669,15764001
231910669,49117970
231910669,19529871
231910669,14270254
231910669,16631693
231910669,17084160
231910669,23585685
231910669,742143
231910669,759251
231910669,15066760
231910669,68895422
231910669,17163446
231910669,19889294
231910669,19663485
231910669,21856114
231910669,55035643
231910669,3550091
231910669,19923144
231910669,2557521
231910669,19426551
