23210852,4838278354
23210852,281209503
23210852,627673190
23210852,8159472
23210852,140070953
23210852,2743753215
23210852,2387817418
23210852,14354385
23210852,2396914627
23210852,2594867005
23210852,2337949228
23210852,21784258
23210852,19980148
23210852,20164477
23210852,21817509
23210852,4290045567
23210852,2886990801
23210852,2825993232
23210852,2645325126
23210852,2205681944
23210852,137339884
23210852,34908602
23210852,53095311
23210852,21054053
23210852,156721917
23210852,15951863
23210852,4426780583
23210852,23584173
23210852,26518048
23210852,2835594983
23210852,167399649
23210852,4322978477
23210852,1701621434
23210852,68740712
23210852,19650966
23210852,492288571
23210852,277495114
23210852,80075642
23210852,1690412382
23210852,34352191
23210852,19288826
23210852,4063444289
23210852,45798009
23210852,942209900
23210852,4218594640
23210852,23701048
23210852,360569242
23210852,16664803
23210852,2812267745
23210852,19391470
23210852,321334870
23210852,19199211
23210852,51725794
23210852,51714305
23210852,20809515
23210852,20712514
23210852,15005991
23210852,31237480
23210852,63136550
23210852,60916506
23210852,21648020
23210852,17169390
23210852,3087068219
23210852,20618678
23210852,572470115
23210852,3422617395
23210852,2994469282
23210852,1382404544
23210852,948552829
23210852,22007357
23210852,1615685677
23210852,1662057727
23210852,3483917657
23210852,2902138622
23210852,3044738957
23210852,771383605
23210852,1968654061
23210852,36392123
23210852,332454890
23210852,34699677
23210852,481522295
23210852,1154473890
23210852,3447150809
23210852,73521576
23210852,1711207987
23210852,1135386066
23210852,1059935778
23210852,607246269
23210852,2888010557
23210852,3566131101
23210852,3122365336
23210852,3554660537
23210852,3547316015
23210852,19472578
23210852,2966972235
23210852,3539295137
23210852,3536349675
23210852,3512086949
23210852,3470943417
23210852,1536780608
23210852,3437211700
23210852,3381815621
23210852,3423819869
23210852,3376281958
23210852,3388556283
23210852,3388192954
23210852,3422605047
23210852,3424947478
23210852,1585476722
23210852,911127720
23210852,3374780423
23210852,40907853
23210852,2790802182
23210852,18909186
23210852,3352034801
23210852,30945830
23210852,2693952936
23210852,3323184879
23210852,3315447406
23210852,3303340829
23210852,956257758
23210852,2778616824
23210852,125674052
23210852,33989476
23210852,2997983362
23210852,19867777
23210852,19903099
23210852,21182676
23210852,25319819
23210852,35718347
23210852,97488105
23210852,20856282
23210852,85908999
23210852,19490380
23210852,15683146
23210852,19394887
23210852,140091998
23210852,19663485
23210852,14842285
23210852,1023096199
23210852,2939797252
23210852,1531839127
23210852,2860483497
23210852,2856697306
23210852,2589600068
23210852,2541112976
23210852,623465568
23210852,2669062508
23210852,324424572
23210852,2466555584
23210852,14856333
23210852,2447528461
23210852,19594446
23210852,2396877774
23210852,1023139638
23210852,25535042
23210852,279246333
23210852,31140554
23210852,1108577335
23210852,986878273
23210852,596940844
23210852,153067700
23210852,454843106
23210852,182721799
23210852,21390437
23210852,70235774
23210852,48557313
23210852,19392223
23210852,16838962
23210852,23585685
23210852,351145887
23210852,19033555
23210852,19405367
23210852,19722435
23210852,573031959
23210852,15615035
23210852,49781518
23210852,14903044
23210852,94081671
23210852,16854780
23210852,21138477
23210852,24241544
23210852,121828424
23210852,40252296
23210852,17884125
23210852,16632149
23210852,150677740
23210852,19686295
23210852,14333754
23210852,16631693
23210852,26276346
23210852,20560841
23210852,8665572
23210852,18075140
23210852,22384691
23210852,14362622
23210852,19334929
23210852,155659213
23210852,14215647
23210852,955063303
23210852,2197487762
23210852,43713226
23210852,43088771
23210852,46444887
23210852,41014792
23210852,53774707
23210852,72590658
23210852,1400533166
23210852,394073804
23210852,1055524484
23210852,1499080250
23210852,18798877
23210852,16171953
23210852,19265059
23210852,14746456
23210852,335299650
23210852,24620533
23210852,19246359
23210852,30984457
23210852,21856254
23210852,36654027
23210852,20250010
23210852,24259328
23210852,27741994
23210852,1149064129
23210852,19186180
23210852,22017504
23210852,741036666
23210852,16451028
23210852,1129363376
23210852,268208070
23210852,23263743
23210852,965741665
23210852,827472116
23210852,55988797
23210852,856682431
23210852,856697244
23210852,856693596
23210852,856684082
23210852,555416759
23210852,856684668
23210852,16833503
23210852,926372396
23210852,17623816
23210852,22423776
23210852,19247625
23210852,18727451
23210852,629500175
23210852,18814998
23210852,19900973
23210852,304287573
23210852,61781260
23210852,14291684
23210852,26458162
23210852,59915378
23210852,15667802
23210852,813286
23210852,93033748
23210852,128637475
23210852,102094084
23210852,50982086
23210852,54616795
23210852,19564284
23210852,123754656
23210852,18803751
23210852,81813264
23210852,144625904
23210852,20625823
23210852,177736182
23210852,21287509
23210852,15392221
23210852,214125777
23210852,329070531
23210852,485975606
23210852,27935844
23210852,22518726
23210852,51810847
23210852,43910366
23210852,44338894
23210852,36826491
23210852,21005575
23210852,68799516
23210852,67487637
23210852,101623976
23210852,106001143
23210852,48780657
23210852,117701079
23210852,55548407
23210852,165730725
23210852,61566707
23210852,291619743
23210852,19165467
23210852,49195175
23210852,21476125
23210852,441731506
23210852,38180321
23210852,70349639
23210852,515402463
23210852,559063888
23210852,113983233
23210852,97865950
23210852,46612634
23210852,46416092
23210852,20766350
23210852,41578092
23210852,395388847
23210852,126118232
23210852,245848288
23210852,478983186
23210852,17624959
23210852,19713622
23210852,124139163
23210852,377008435
23210852,1455261
23210852,45693876
23210852,18717426
23210852,34423857
23210852,17624543
23210852,47463910
23210852,108616557
23210852,33463342
23210852,38690632
23210852,121176422
23210852,56231063
23210852,59288204
23210852,31759310
23210852,16632219
23210852,14758257
23210852,21315224
23210852,24595372
23210852,43370689
23210852,43872470
23210852,3373791
23210852,42984257
23210852,41618610
23210852,19081531
23210852,19264748
23210852,23057491
23210852,21112266
23210852,19534955
23210852,20667204
23210852,18783599
23210852,21417835
23210852,20884910
23210852,20825141
23210852,2561091
23210852,1798411
23210852,19526463
23210852,19019970
23210852,15391813
23210852,21050953
23210852,17084160
23210852,21066857
23210852,17311493
23210852,19284122
23210852,17163446
23210852,21642787
23210852,20740074
23210852,19689047
23210852,20794341
23210852,8665852
23210852,19921389
23210852,7587032
23210852,14099695
23210852,21783395
23210852,19910996
23210852,20843014
23210852,20686851
23210852,22167237
23210852,20671468
23210852,19287037
23210852,20426722
23210852,18979674
23210852,21342208
23210852,19863224
23210852,18764854
23210852,19889294
23210852,26221210
23210852,25982907
23210852,24871986
23210852,25657017
23210852,19568854
23210852,21707734
23210852,22394759
23210852,1652541
23210852,15126570
23210852,34680236
23210852,25503709
23210852,22904901
23210852,29449261
23210852,40871073
23210852,24909001
23210852,38929194
23210852,16914160
23210852,39245841
23210852,19983681
23210852,37958399
23210852,20260296
23210852,20007975
23210852,20627896
23210852,21391918
23210852,22249286
23210852,24906032
23210852,22758236
23210852,16248386
23210852,19312966
23210852,19900523
23210852,21258827
23210852,22874178
23210852,21624322
23210852,21324208
23210852,19764674
23210852,4838278354
23210852,281209503
23210852,627673190
23210852,8159472
23210852,140070953
23210852,2743753215
23210852,2387817418
23210852,14354385
23210852,2396914627
23210852,2594867005
23210852,2337949228
23210852,21784258
23210852,19980148
23210852,20164477
23210852,21817509
23210852,4290045567
23210852,2886990801
23210852,2825993232
23210852,2645325126
23210852,2205681944
23210852,137339884
23210852,34908602
23210852,53095311
23210852,21054053
23210852,156721917
23210852,15951863
23210852,4426780583
23210852,23584173
23210852,26518048
23210852,2835594983
23210852,167399649
23210852,4322978477
23210852,1701621434
23210852,68740712
23210852,19650966
23210852,492288571
23210852,277495114
23210852,80075642
23210852,1690412382
23210852,34352191
23210852,19288826
23210852,4063444289
23210852,45798009
23210852,942209900
23210852,4218594640
23210852,23701048
23210852,360569242
23210852,16664803
23210852,2812267745
23210852,19391470
23210852,321334870
23210852,19199211
23210852,51725794
23210852,51714305
23210852,20809515
23210852,20712514
23210852,15005991
23210852,31237480
23210852,63136550
23210852,60916506
23210852,21648020
23210852,17169390
23210852,3087068219
23210852,20618678
23210852,572470115
23210852,3422617395
23210852,2994469282
23210852,1382404544
23210852,948552829
23210852,22007357
23210852,1615685677
23210852,1662057727
23210852,3483917657
23210852,2902138622
23210852,3044738957
23210852,771383605
23210852,1968654061
23210852,36392123
23210852,332454890
23210852,34699677
23210852,481522295
23210852,1154473890
23210852,3447150809
23210852,73521576
23210852,1711207987
23210852,1135386066
23210852,1059935778
23210852,607246269
23210852,2888010557
23210852,3566131101
23210852,3122365336
23210852,3554660537
23210852,3547316015
23210852,19472578
23210852,2966972235
23210852,3539295137
23210852,3536349675
23210852,3512086949
23210852,3470943417
23210852,1536780608
23210852,3437211700
23210852,3381815621
23210852,3423819869
23210852,3376281958
23210852,3388556283
23210852,3388192954
23210852,3422605047
23210852,3424947478
23210852,1585476722
23210852,911127720
23210852,3374780423
23210852,40907853
23210852,2790802182
23210852,18909186
23210852,3352034801
23210852,30945830
23210852,2693952936
23210852,3323184879
23210852,3315447406
23210852,3303340829
23210852,956257758
23210852,2778616824
23210852,125674052
23210852,33989476
23210852,2997983362
23210852,19867777
23210852,19903099
23210852,21182676
23210852,25319819
23210852,35718347
23210852,97488105
23210852,20856282
23210852,85908999
23210852,19490380
23210852,15683146
23210852,19394887
23210852,140091998
23210852,19663485
23210852,14842285
23210852,1023096199
23210852,2939797252
23210852,1531839127
23210852,2860483497
23210852,2856697306
23210852,2589600068
23210852,2541112976
23210852,623465568
23210852,2669062508
23210852,324424572
23210852,2466555584
23210852,14856333
23210852,2447528461
23210852,19594446
23210852,2396877774
23210852,1023139638
23210852,25535042
23210852,279246333
23210852,31140554
23210852,1108577335
23210852,986878273
23210852,596940844
23210852,153067700
23210852,454843106
23210852,182721799
23210852,21390437
23210852,70235774
23210852,48557313
23210852,19392223
23210852,16838962
23210852,23585685
23210852,351145887
23210852,19033555
23210852,19405367
23210852,19722435
23210852,573031959
23210852,15615035
23210852,49781518
23210852,14903044
23210852,94081671
23210852,16854780
23210852,21138477
23210852,24241544
23210852,121828424
23210852,40252296
23210852,17884125
23210852,16632149
23210852,150677740
23210852,19686295
23210852,14333754
23210852,16631693
23210852,26276346
23210852,20560841
23210852,8665572
23210852,18075140
23210852,22384691
23210852,14362622
23210852,19334929
23210852,155659213
23210852,14215647
23210852,955063303
23210852,2197487762
23210852,43713226
23210852,43088771
23210852,46444887
23210852,41014792
23210852,53774707
23210852,72590658
23210852,1400533166
23210852,394073804
23210852,1055524484
23210852,1499080250
23210852,18798877
23210852,16171953
23210852,19265059
23210852,14746456
23210852,335299650
23210852,24620533
23210852,19246359
23210852,30984457
23210852,21856254
23210852,36654027
23210852,20250010
23210852,24259328
23210852,27741994
23210852,1149064129
23210852,19186180
23210852,22017504
23210852,741036666
23210852,16451028
23210852,1129363376
23210852,268208070
23210852,23263743
23210852,965741665
23210852,827472116
23210852,55988797
23210852,856682431
23210852,856697244
23210852,856693596
23210852,856684082
23210852,555416759
23210852,856684668
23210852,16833503
23210852,926372396
23210852,17623816
23210852,22423776
23210852,19247625
23210852,18727451
23210852,629500175
23210852,18814998
23210852,19900973
23210852,304287573
23210852,61781260
23210852,14291684
23210852,26458162
23210852,59915378
23210852,15667802
23210852,813286
23210852,93033748
23210852,128637475
23210852,102094084
23210852,50982086
23210852,54616795
23210852,19564284
23210852,123754656
23210852,18803751
23210852,81813264
23210852,144625904
23210852,20625823
23210852,177736182
23210852,21287509
23210852,15392221
23210852,214125777
23210852,329070531
23210852,485975606
23210852,27935844
23210852,22518726
23210852,51810847
23210852,43910366
23210852,44338894
23210852,36826491
23210852,21005575
23210852,68799516
23210852,67487637
23210852,101623976
23210852,106001143
23210852,48780657
23210852,117701079
23210852,55548407
23210852,165730725
23210852,61566707
23210852,291619743
23210852,19165467
23210852,49195175
23210852,21476125
23210852,441731506
23210852,38180321
23210852,70349639
23210852,515402463
23210852,559063888
23210852,113983233
23210852,97865950
23210852,46612634
23210852,46416092
23210852,20766350
23210852,41578092
23210852,395388847
23210852,126118232
23210852,245848288
23210852,478983186
23210852,17624959
23210852,19713622
23210852,124139163
23210852,377008435
23210852,1455261
23210852,45693876
23210852,18717426
23210852,34423857
23210852,17624543
23210852,47463910
23210852,108616557
23210852,33463342
23210852,38690632
23210852,121176422
23210852,56231063
23210852,59288204
23210852,31759310
23210852,16632219
23210852,14758257
23210852,21315224
23210852,24595372
23210852,43370689
23210852,43872470
23210852,3373791
23210852,42984257
23210852,41618610
23210852,19081531
23210852,19264748
23210852,23057491
23210852,21112266
23210852,19534955
23210852,20667204
23210852,18783599
23210852,21417835
23210852,20884910
23210852,20825141
23210852,2561091
23210852,1798411
23210852,19526463
23210852,19019970
23210852,15391813
23210852,21050953
23210852,17084160
23210852,21066857
23210852,17311493
23210852,19284122
23210852,17163446
23210852,21642787
23210852,20740074
23210852,19689047
23210852,20794341
23210852,8665852
23210852,19921389
23210852,7587032
23210852,14099695
23210852,21783395
23210852,19910996
23210852,20843014
23210852,20686851
23210852,22167237
23210852,20671468
23210852,19287037
23210852,20426722
23210852,18979674
23210852,21342208
23210852,19863224
23210852,18764854
23210852,19889294
23210852,26221210
23210852,25982907
23210852,24871986
23210852,25657017
23210852,19568854
23210852,21707734
23210852,22394759
23210852,1652541
23210852,15126570
23210852,34680236
23210852,25503709
23210852,22904901
23210852,29449261
23210852,40871073
23210852,24909001
23210852,38929194
23210852,16914160
23210852,39245841
23210852,19983681
23210852,37958399
23210852,20260296
23210852,20007975
23210852,20627896
23210852,21391918
23210852,22249286
23210852,24906032
23210852,22758236
23210852,16248386
23210852,19312966
23210852,19900523
23210852,21258827
23210852,22874178
23210852,21624322
23210852,21324208
23210852,19764674
