2322571642,65647594
2322571642,30317113
2322571642,33645132
2322571642,14341663
2322571642,1489703012
2322571642,2835594983
2322571642,76966092
2322571642,4299127816
2322571642,1933042237
2322571642,8662472
2322571642,274184658
2322571642,51241574
2322571642,1652541
2322571642,273181052
2322571642,292743269
2322571642,348224496
2322571642,164596794
2322571642,40342628
2322571642,14497940
2322571642,19292033
2322571642,492288571
2322571642,15951863
2322571642,37599351
2322571642,20646711
2322571642,14361155
2322571642,75069067
2322571642,17899109
2322571642,27830610
2322571642,14700316
2322571642,14499829
2322571642,33933259
2322571642,105231326
2322571642,20596281
2322571642,69231187
2322571642,17137628
2322571642,1581289837
2322571642,75524372
2322571642,74991835
2322571642,2916305152
2322571642,96109537
2322571642,8531792
2322571642,3582714317
2322571642,131127073
2322571642,37025150
2322571642,3496641
2322571642,12273252
2322571642,6439702
2322571642,1142859176
2322571642,3310241819
2322571642,435776333
2322571642,16655768
2322571642,2731150020
2322571642,567059880
2322571642,123754656
2322571642,24241544
2322571642,23694165
2322571642,259348780
2322571642,21436960
2322571642,86977818
2322571642,25657017
2322571642,651433
2322571642,1117046706
2322571642,15903390
2322571642,14441858
2322571642,55362811
2322571642,231703688
2322571642,2624299231
2322571642,17440412
2322571642,89543225
2322571642,3029945825
2322571642,18940743
2322571642,812913541
2322571642,565919881
2322571642,2731641615
2322571642,2284042892
2322571642,29938901
2322571642,15738703
2322571642,807184478
2322571642,1656413288
2322571642,73068962
2322571642,2906071884
2322571642,29417823
2322571642,27308964
2322571642,16827760
2322571642,459209611
2322571642,10696392
2322571642,104467735
2322571642,35012599
2322571642,47507484
2322571642,13019862
2322571642,2994201421
2322571642,18876842
2322571642,961974776
2322571642,1042307696
2322571642,913284758
2322571642,844062990
2322571642,2791082494
2322571642,189617895
2322571642,299364430
2322571642,83022693
2322571642,14357338
2322571642,2206993352
2322571642,314291438
2322571642,104969057
2322571642,75974281
2322571642,3151805206
2322571642,574168493
2322571642,43982239
2322571642,487525592
2322571642,794535782
2322571642,256093789
2322571642,1663641961
2322571642,14792516
2322571642,538146217
2322571642,5746452
2322571642,5763262
2322571642,14700874
2322571642,106682853
2322571642,14504859
2322571642,1638925069
2322571642,63873759
2322571642,46088486
2322571642,1579981566
2322571642,12473952
2322571642,12963432
2322571642,3729891
2322571642,191225303
2322571642,14835908
2322571642,41003633
2322571642,81947660
2322571642,1536791610
2322571642,167969112
2322571642,25989479
2322571642,20586517
2322571642,14230524
2322571642,40107147
2322571642,376283958
2322571642,19925326
2322571642,166739404
2322571642,62513246
2322571642,23455730
2322571642,3221102998
2322571642,16425197
2322571642,108743439
2322571642,19693602
2322571642,16547598
2322571642,707893
2322571642,165159585
2322571642,148261310
2322571642,50478950
2322571642,31346031
2322571642,155705264
2322571642,15446552
2322571642,2835981959
2322571642,32443401
2322571642,175378976
2322571642,18625669
2322571642,27647174
2322571642,189180669
2322571642,17105422
2322571642,2961953411
2322571642,2244340904
2322571642,14746456
2322571642,70235774
2322571642,14946308
2322571642,948552829
2322571642,113419064
2322571642,1198537832
2322571642,20511502
2322571642,1662057727
2322571642,1138959692
2322571642,9551792
2322571642,84620099
2322571642,110249178
2322571642,2459716249
2322571642,229809583
2322571642,1727323538
2322571642,45079107
2322571642,2498212244
2322571642,163046484
2322571642,221595094
2322571642,378036533
2322571642,27800962
2322571642,22784551
2322571642,1520228526
2322571642,268943063
2322571642,1205106554
2322571642,357996985
2322571642,306496969
2322571642,19335591
2322571642,15699001
2322571642,587811802
2322571642,22898904
2322571642,2792688922
2322571642,38267947
2322571642,48903
2322571642,2865449236
2322571642,605804404
2322571642,22274653
2322571642,849101
2322571642,17929644
2322571642,30495974
2322571642,515034648
2322571642,3008349646
2322571642,39993480
2322571642,5443622
2322571642,386425982
2322571642,24148738
2322571642,517813298
2322571642,20392581
2322571642,3108351
2322571642,14159148
2322571642,2467791
2322571642,742143
2322571642,30313925
2322571642,807095
2322571642,1093090866
2322571642,239577612
2322571642,807184921
2322571642,169364387
2322571642,6385432
2322571642,2929712764
2322571642,586
2322571642,7017692
2322571642,111701670
2322571642,257188439
2322571642,13319642
2322571642,53829677
2322571642,255469042
2322571642,124827833
2322571642,112924655
2322571642,30170185
2322571642,817268
2322571642,67665536
2322571642,2893076684
2322571642,14750348
2322571642,15823784
2322571642,13348
2322571642,15904195
2322571642,13041
2322571642,7380362
2322571642,5841
2322571642,22105825
2322571642,16652600
2322571642,258005232
2322571642,257677255
2322571642,765670346
2322571642,32040814
2322571642,50294938
2322571642,53689588
2322571642,2598162997
2322571642,142396796
2322571642,145600904
2322571642,148442725
2322571642,168756220
2322571642,273239400
2322571642,104149214
2322571642,328794540
2322571642,6954
2322571642,23131363
2322571642,396560365
2322571642,1677509964
2322571642,2336152964
2322571642,1122906733
2322571642,130668248
2322571642,2332107884
2322571642,1463365748
2322571642,6331462
2322571642,795649
2322571642,1965011929
2322571642,165899886
2322571642,1256890382
2322571642,1090141
2322571642,15006743
2322571642,5768872
2322571642,26504666
2322571642,56194292
2322571642,75246510
2322571642,1228243574
2322571642,14490962
2322571642,22022795
2322571642,1586501
2322571642,2589646069
2322571642,17293364
2322571642,16740348
2322571642,2371121161
2322571642,18369254
2322571642,60453038
2322571642,14335498
2322571642,5548212
2322571642,611071034
2322571642,275247396
2322571642,388958428
2322571642,38658962
2322571642,72145170
2322571642,2771384960
2322571642,22143372
2322571642,200925291
2322571642,2227466077
2322571642,6462722
2322571642,15906646
2322571642,55928594
2322571642,23922220
2322571642,37032646
2322571642,972299742
2322571642,2248660566
2322571642,15056788
2322571642,28897263
2322571642,2791107922
2322571642,792533347
2322571642,2850028300
2322571642,2836528966
2322571642,15736190
2322571642,70096167
2322571642,867503322
2322571642,546170165
2322571642,312468366
2322571642,913114592
2322571642,65464561
2322571642,431983412
2322571642,15678167
2322571642,2836453703
2322571642,5797422
2322571642,43976252
2322571642,61072541
2322571642,5252591
2322571642,5968272
2322571642,37570179
2322571642,20263710
2322571642,20167623
2322571642,119802433
2322571642,38670441
2322571642,1629244514
2322571642,2164557895
2322571642,1335002192
2322571642,15377115
2322571642,889099657
2322571642,2318606822
2322571642,17503180
2322571642,446506935
2322571642,10078
2322571642,1137701
2322571642,1262776610
2322571642,24123011
2322571642,20892857
2322571642,235120460
2322571642,40551290
2322571642,1078398283
2322571642,21991908
2322571642,2893511188
2322571642,230180013
2322571642,33602654
2322571642,16599332
2322571642,12512
2322571642,80843262
2322571642,1186
2322571642,14805097
2322571642,6154602
2322571642,14467231
2322571642,14214338
2322571642,53504913
2322571642,14378113
2322571642,2279431994
2322571642,2262411428
2322571642,37228372
2322571642,1953575317
2322571642,991079294
2322571642,31078267
2322571642,1111545264
2322571642,12528
2322571642,6160742
2322571642,6145622
2322571642,819999
2322571642,499993648
2322571642,96997907
2322571642,104286459
2322571642,8095292
2322571642,22887743
2322571642,16002665
2322571642,1390635710
2322571642,20088765
2322571642,19920360
2322571642,15177871
2322571642,29837407
2322571642,179229483
2322571642,69681766
2322571642,15882393
2322571642,2491563799
2322571642,40848717
2322571642,2268465488
2322571642,1542371244
2322571642,18936284
2322571642,14524485
2322571642,1565724332
2322571642,851316548
2322571642,238966988
2322571642,337716648
2322571642,305277457
2322571642,38804737
2322571642,1922163835
2322571642,5520332
2322571642,14541402
2322571642,18025985
2322571642,173074162
2322571642,32187100
2322571642,2665593223
2322571642,2329112467
2322571642,5699
2322571642,82303907
2322571642,23008116
2322571642,304858360
2322571642,487586274
2322571642,2290609433
2322571642,22384691
2322571642,1449000090
2322571642,36397770
2322571642,2794442741
2322571642,18327902
2322571642,14056454
2322571642,260447793
2322571642,17536486
2322571642,18867844
2322571642,247561030
2322571642,1976507426
2322571642,462574248
2322571642,91942071
2322571642,102800191
2322571642,32896052
2322571642,12601142
2322571642,368458178
2322571642,101756062
2322571642,1632220008
2322571642,473137983
2322571642,1414195674
2322571642,41915225
2322571642,19407053
2322571642,2660252064
2322571642,14116887
2322571642,2647235648
2322571642,17943171
2322571642,33284128
2322571642,16248319
2322571642,19478383
2322571642,489129741
2322571642,2719932962
2322571642,196405628
2322571642,17634969
2322571642,2897774300
2322571642,253950864
2322571642,701825647
2322571642,104763522
2322571642,171284237
2322571642,75424021
2322571642,144350248
2322571642,438541459
2322571642,2715586658
2322571642,19192737
2322571642,2246032237
2322571642,16814500
2322571642,602190876
2322571642,36711363
2322571642,49870351
2322571642,17986973
2322571642,24636191
2322571642,325358826
2322571642,235062161
2322571642,17003765
2322571642,76404659
2322571642,16894059
2322571642,212066025
2322571642,1045541
2322571642,253263664
2322571642,2362238210
2322571642,599762946
2322571642,2893971
2322571642,10876852
2322571642,1885474430
2322571642,2306228096
2322571642,278691695
2322571642,330740614
2322571642,315002750
2322571642,32164801
2322571642,448977819
2322571642,1597582880
2322571642,2333714622
2322571642,14737888
2322571642,899902687
2322571642,1617314359
2322571642,16896485
2322571642,14800270
2322571642,60642052
2322571642,335358150
2322571642,33806469
2322571642,193978434
2322571642,18539631
2322571642,2590462560
2322571642,240663757
2322571642,33345091
2322571642,15199103
2322571642,437044208
2322571642,353701419
2322571642,158865339
2322571642,280716675
2322571642,717313
2322571642,2890961
2322571642,91478624
2322571642,594887216
2322571642,16273972
2322571642,526747419
2322571642,18206161
2322571642,100641747
2322571642,438671717
2322571642,391086047
2322571642,573338047
2322571642,1958766265
2322571642,296562837
2322571642,2735591
2322571642,1344951
2322571642,15492359
2322571642,14761795
2322571642,2420931980
2322571642,30973
2322571642,7040932
2322571642,32638493
2322571642,21904217
2322571642,20727819
2322571642,20255162
2322571642,26250338
2322571642,15869368
2322571642,151079975
2322571642,223454816
2322571642,341315254
2322571642,325633686
2322571642,139669269
2322571642,16141659
2322571642,26387006
2322571642,2555678414
2322571642,2807319442
2322571642,17761963
2322571642,2723527158
2322571642,17019188
2322571642,22166120
2322571642,488014046
2322571642,409518033
2322571642,13066682
2322571642,17266725
2322571642,15134782
2322571642,10202
2322571642,18776131
2322571642,1209558716
2322571642,132021364
2322571642,14372143
2322571642,331908924
2322571642,348664405
2322571642,14426771
2322571642,814090
2322571642,13737
2322571642,1705885393
2322571642,2549727098
2322571642,2471147682
2322571642,6253282
2322571642,372475592
2322571642,376825877
2322571642,2244994945
2322571642,14126982
2322571642,117759812
2322571642,261431332
2322571642,13806712
2322571642,325681401
2322571642,436266454
2322571642,373471064
2322571642,130649891
2322571642,460544490
2322571642,352053266
2322571642,240254617
2322571642,17348224
2322571642,24019308
2322571642,82652901
2322571642,28201743
2322571642,66515223
2322571642,69426451
2322571642,13205612
2322571642,850107536
2322571642,16689804
2322571642,354847710
2322571642,239591418
2322571642,109677490
2322571642,80331801
2322571642,1434251
2322571642,11178902
2322571642,427475002
2322571642,318571154
2322571642,32166535
2322571642,74580436
2322571642,15898172
2322571642,14172201
2322571642,84249568
2322571642,74594552
2322571642,2459371
2322571642,240676055
2322571642,14120151
2322571642,15500649
2322571642,20793816
2322571642,4939401
2322571642,30018058
2322571642,93017945
2322571642,19789439
2322571642,830052528
2322571642,22802797
2322571642,9291212
2322571642,180200031
2322571642,15165502
2322571642,15165493
2322571642,128393253
2322571642,102812444
2322571642,1969374338
2322571642,8295072
2322571642,744118286
2322571642,45415746
2322571642,342328462
2322571642,8910992
2322571642,15813140
2322571642,17530370
2322571642,28830707
2322571642,802939002
2322571642,2784820064
2322571642,30315557
2322571642,5660312
2322571642,37060788
2322571642,2282671736
2322571642,45571759
2322571642,17781165
2322571642,34743251
2322571642,50115087
2322571642,19802879
2322571642,17825445
2322571642,10373972
2322571642,9313022
2322571642,17636894
2322571642,221230182
2322571642,31031011
2322571642,456910776
2322571642,15859268
2322571642,61306578
2322571642,38679388
2322571642,22209176
2322571642,32468665
2322571642,2434001850
2322571642,244998644
2322571642,42070873
2322571642,2142731
2322571642,31311757
2322571642,16548435
2322571642,56505125
2322571642,382267114
2322571642,972651
2322571642,243381107
2322571642,33838201
2322571642,93711247
2322571642,10228272
2322571642,50090898
2322571642,2516072779
2322571642,17093617
2322571642,51263711
2322571642,20536157
2322571642,685513
2322571642,15785876
2322571642,14377870
2322571642,2580994608
2322571642,43346844
2322571642,45036289
2322571642,17794923
2322571642,2529971
2322571642,60404290
2322571642,22193381
2322571642,1093694846
2322571642,46063
2322571642,18337283
2322571642,19556080
2322571642,238664986
2322571642,2361516942
2322571642,35348026
2322571642,225539878
2322571642,18193572
2322571642,2395941
2322571642,211089576
2322571642,248815441
2322571642,19046820
2322571642,262749118
2322571642,8248482
2322571642,96446746
2322571642,211148970
2322571642,123559513
2322571642,13837292
2322571642,517883555
2322571642,9729502
2322571642,11417802
2322571642,16037008
2322571642,101107997
2322571642,13058772
2322571642,106837463
2322571642,16585414
2322571642,26276396
2322571642,17416571
2322571642,12901712
2322571642,397673792
2322571642,3475
2322571642,89517005
2322571642,14225267
2322571642,20348377
2322571642,914061
2322571642,48443
2322571642,16334724
2322571642,19315174
2322571642,19312845
2322571642,32661253
2322571642,617133
2322571642,113963
2322571642,169015850
2322571642,46377455
2322571642,167234557
2322571642,57043857
2322571642,18854457
2322571642,243360038
2322571642,745273
2322571642,168857946
2322571642,14952023
2322571642,1081
2322571642,16242081
2322571642,26157564
2322571642,16913772
2322571642,17000457
2322571642,91985735
2322571642,10257182
2322571642,14178648
2322571642,8695992
2322571642,457033547
2322571642,430804225
2322571642,817209
2322571642,15307727
2322571642,66780587
2322571642,26191233
2322571642,162887009
2322571642,168826960
2322571642,6635012
2322571642,2377628948
2322571642,2670092449
2322571642,2806819202
2322571642,20692512
2322571642,1161916705
2322571642,16033908
2322571642,29046331
2322571642,338184479
2322571642,2451691087
2322571642,8858812
2322571642,20058825
2322571642,149038850
2322571642,568735137
2322571642,16008484
2322571642,15846407
2322571642,21057743
2322571642,31641658
2322571642,364224436
2322571642,196569237
2322571642,346836110
2322571642,39422143
2322571642,402944504
2322571642,1449744306
2322571642,436805696
2322571642,22981545
2322571642,325271502
2322571642,126198709
2322571642,49110693
2322571642,44215023
2322571642,816653
2322571642,202886242
2322571642,1598997302
2322571642,32985158
2322571642,50515656
2322571642,159311024
2322571642,114035804
2322571642,160941691
2322571642,48946932
2322571642,150546196
2322571642,349300271
2322571642,71232272
2322571642,320657874
2322571642,8161232
2322571642,956338801
2322571642,126592212
2322571642,19017772
2322571642,624287446
2322571642,11740902
2322571642,575295817
2322571642,381976112
2322571642,2167834916
2322571642,8287602
2322571642,102713637
2322571642,37999722
2322571642,32929008
2322571642,90014982
2322571642,94682674
2322571642,325722993
2322571642,27814665
2322571642,1671811
2322571642,13889622
2322571642,793830
2322571642,4833
2322571642,44116506
2322571642,24775410
2322571642,1305940272
2322571642,1416339126
2322571642,48785884
2322571642,61083773
2322571642,2348575994
2322571642,15801295
2322571642,26177586
2322571642,47786101
2322571642,580097412
2322571642,102773210
2322571642,15485441
2322571642,241382835
2322571642,53149244
2322571642,90098789
2322571642,6427882
2322571642,90420314
2322571642,813286
2322571642,21526685
2322571642,17430844
2322571642,199095171
2322571642,151543746
2322571642,44196397
2322571642,24297980
2322571642,14964767
2322571642,49465463
2322571642,19712523
2322571642,2561091
2322571642,26276346
2322571642,23263743
2322571642,14269090
2322571642,784912
2322571642,16930986
2322571642,61037301
2322571642,22411342
2322571642,15047564
2322571642,14231571
2322571642,2239814233
2322571642,2472936925
2322571642,357210897
2322571642,34549808
2322571642,70186440
2322571642,2572138960
2322571642,86479914
2322571642,424666734
2322571642,420513203
2322571642,88662572
2322571642,646533
2322571642,757303975
2322571642,1330457336
2322571642,755859
2322571642,1339835893
2322571642,167399649
2322571642,19713622
2322571642,328980753
2322571642,15683146
2322571642,21309551
2322571642,19186180
2322571642,454843106
2322571642,1690412382
2322571642,27042513
2322571642,133880286
2322571642,58961325
2322571642,767545134
2322571642,22521179
2322571642,20843014
2322571642,103630490
2322571642,329746058
2322571642,150522650
2322571642,17768307
2322571642,1439881266
2322571642,15451302
2322571642,626803
2322571642,657863
2322571642,28418772
2322571642,62466096
2322571642,12
2322571642,85880990
2322571642,44224256
2322571642,184997446
2322571642,14278978
2322571642,624947324
2322571642,16004473
2322571642,19029591
2322571642,20571756
2322571642,43359019
2322571642,20690398
2322571642,21358493
2322571642,5676102
2322571642,369261529
2322571642,41754227
2322571642,17602896
2322571642,14485018
2322571642,27530178
2322571642,75079616
2322571642,2401814592
2322571642,2339397540
2322571642,353195232
2322571642,17
2322571642,13027572
2322571642,2499341
2322571642,3382
2322571642,4215921
2322571642,902473765
2322571642,1615685677
2322571642,17624959
2322571642,8207832
2322571642,23735316
2322571642,2350667635
2322571642,171792810
2322571642,1141081634
2322571642,50393960
2322571642,16173592
2322571642,15134408
2322571642,12579252
2322571642,192303150
2322571642,216324164
2322571642,27715293
2322571642,58601997
2322571642,14749606
2322571642,13334762
2322571642,360831528
2322571642,6844292
2322571642,1526228120
2322571642,11348282
2322571642,1027705099
2322571642,776098190
2322571642,1561036112
2322571642,1689053928
2322571642,17624543
2322571642,1636590253
2322571642,1582853809
2322571642,1152279248
2322571642,114870386
2322571642,110558385
2322571642,9027932
2322571642,14861285
2322571642,19780113
2322571642,5828262
2322571642,18775095
2322571642,11418222
2322571642,17163446
2322571642,986878273
2322571642,20431922
2322571642,2176790760
2322571642,14561327
2322571642,25426820
2322571642,1407892861
2322571642,88264375
2322571642,2332220911
2322571642,38767223
2322571642,11666142
2322571642,14856333
2322571642,22024604
2322571642,465068802
2322571642,27699670
2322571642,48448474
2322571642,197962366
2322571642,2290847432
2322571642,15473958
2322571642,17444309
2322571642,110821538
2322571642,33696409
2322571642,79547589
2322571642,252249091
2322571642,17258481
2322571642,27171880
2322571642,494518813
2322571642,52484614
2322571642,20
2322571642,184910040
2322571642,5511
2322571642,8665852
2322571642,28706024
2322571642,605805760
2322571642,297174372
2322571642,20781929
2322571642,74286565
2322571642,19921389
2322571642,18679659
2322571642,15670515
2322571642,14372486
2322571642,275686563
2322571642,744891289
2322571642,14313123
2322571642,2394421
2322571642,1209608880
2322571642,226620139
2322571642,20297283
2322571642,308763735
2322571642,381048540
2322571642,61033129
2322571642,807599210
2322571642,405142873
2322571642,491052772
2322571642,998006845
2322571642,571202103
2322571642,7144422
2322571642,16365636
2322571642,19904728
2322571642,17711659
2322571642,783214
2322571642,14842285
2322571642,15066760
