2327847552,19472578
2327847552,985305234
2327847552,1536780608
2327847552,2693952936
2327847552,3308456165
2327847552,341753022
2327847552,1611159331
2327847552,2907870629
2327847552,2260453567
2327847552,20426781
2327847552,3376281958
2327847552,25535042
2327847552,14842285
2327847552,19903099
2327847552,31237480
2327847552,1662057727
2327847552,2815297348
2327847552,3044738957
2327847552,3165024621
2327847552,1968654061
2327847552,3375477736
2327847552,3155884846
2327847552,2519770058
2327847552,3191002317
2327847552,180505807
2327847552,3073891516
2327847552,513652820
2327847552,2717392303
2327847552,2744908688
2327847552,2669062508
2327847552,78150883
2327847552,80592974
2327847552,19271557
2327847552,19564523
2327847552,454395581
2327847552,16631331
2327847552,21309551
2327847552,15683146
2327847552,593790781
2327847552,386103493
2327847552,21577628
2327847552,2550479695
2327847552,2608911172
2327847552,17087162
2327847552,16951979
2327847552,40019154
2327847552,21390437
2327847552,138388408
2327847552,90891909
2327847552,86233091
2327847552,73249951
2327847552,142262635
2327847552,17595890
2327847552,21389998
2327847552,21204154
2327847552,21856114
2327847552,19921394
2327847552,61457123
2327847552,66834664
2327847552,20448566
2327847552,115316607
2327847552,19663485
2327847552,38977171
2327847552,151412125
2327847552,142261464
2327847552,2306281370
2327847552,872185597
2327847552,1192744812
2327847552,240456162
2327847552,333534411
2327847552,1548317628
2327847552,329789735
2327847552,252753618
2327847552,1205123202
2327847552,155659213
2327847552,1035148302
2327847552,2550023839
2327847552,1651824314
2327847552,1178944580
2327847552,2485157162
2327847552,256675420
2327847552,478671055
2327847552,466444412
2327847552,237241020
2327847552,1895388408
2327847552,2526916549
2327847552,2293258699
2327847552,184910040
2327847552,24696669
2327847552,18221807
2327847552,181637383
2327847552,414736352
2327847552,122507583
2327847552,600179495
2327847552,2474185923
2327847552,1914999589
2327847552,1042809156
2327847552,27508916
2327847552,21905142
2327847552,379622645
2327847552,1352724775
2327847552,313160143
2327847552,249045619
2327847552,755623854
2327847552,2387002907
2327847552,256713580
2327847552,2365519388
2327847552,1531803858
2327847552,1613351138
2327847552,1950171307
2327847552,427319868
2327847552,1704913992
2327847552,286347223
2327847552,965741665
2327847552,343650518
2327847552,633903033
2327847552,177736182
2327847552,70349639
2327847552,1890111997
2327847552,1415403024
2327847552,363062979
2327847552,943363038
2327847552,92041001
2327847552,580862355
2327847552,970748737
2327847552,1187168468
2327847552,954314023
2327847552,1042552502
2327847552,554341456
2327847552,709540332
2327847552,2459371
2327847552,335299650
2327847552,15670515
2327847552,74286565
2327847552,17471979
2327847552,28706024
2327847552,50393960
2327847552,21783395
2327847552,19397785
2327847552,15846407
2327847552,23959135
2327847552,2330495611
2327847552,759251
2327847552,20843014
2327847552,480602330
2327847552,252669378
2327847552,1685879659
2327847552,18075140
2327847552,19910996
2327847552,505089852
2327847552,151903565
2327847552,232207273
2327847552,79822854
2327847552,400022367
2327847552,1912297292
2327847552,454843106
2327847552,1004820848
2327847552,19394887
2327847552,50602093
2327847552,2300392950
2327847552,1941870788
2327847552,251716551
2327847552,10228272
2327847552,50751556
2327847552,49781518
2327847552,19186180
2327847552,62537853
2327847552,331273562
2327847552,476012860
2327847552,586815858
2327847552,629567170
2327847552,352264832
2327847552,19889294
2327847552,21066857
2327847552,124139163
2327847552,8665852
2327847552,2561091
2327847552,21390674
2327847552,16632149
2327847552,16632219
2327847552,813286
2327847552,8665572
2327847552,15392221
2327847552,16451028
2327847552,23421880
2327847552,14758257
2327847552,15391813
2327847552,70186440
2327847552,17311493
2327847552,26276346
