2370988118,3023451626
2370988118,147896957
2370988118,2591990748
2370988118,2581894927
2370988118,2570957376
2370988118,2498877367
2370988118,2478441505
2370988118,66315602
2370988118,20650501
2370988118,137703008
2370988118,20170668
2370988118,2379096936
2370988118,77806493
2370988118,245986760
2370988118,1368217838
2370988118,408737634
2370988118,1910886037
2370988118,1201960405
2370988118,46678624
2370988118,2378562157
2370988118,2378443268
2370988118,148718749
2370988118,14310751
2370988118,17835245
2370988118,815680
2370988118,88509405
2370988118,248670810
2370988118,2292938051
2370988118,101385021
2370988118,1531652898
2370988118,2373735570
2370988118,34002725
2370988118,181233011
2370988118,234914560
2370988118,265418806
2370988118,253035662
2370988118,763868708
2370988118,2302012962
2370988118,932991799
2370988118,2272146534
2370988118,2380566441
2370988118,2371131978
2370988118,16799023
2370988118,515165786
2370988118,220429245
2370988118,1140676482
2370988118,342703765
2370988118,49200287
2370988118,160864723
2370988118,503700397
2370988118,360075058
2370988118,2192034145
2370988118,946445946
2370988118,480763928
2370988118,2348250738
2370988118,628747273
2370988118,581495348
2370988118,250640484
2370988118,515264007
2370988118,1930953414
2370988118,948552829
2370988118,14352178
2370988118,22430936
2370988118,26800466
2370988118,174961335
2370988118,15296312
2370988118,18576537
2370988118,30878232
2370988118,6721522
2370988118,24506246
2370988118,80322452
2370988118,125568794
2370988118,353334272
2370988118,83311506
2370988118,553978347
