238049572,525264466
238049572,21135496
238049572,15588657
238049572,5520952
238049572,278691695
238049572,19154824
238049572,13201312
238049572,16029780
238049572,13058772
238049572,19407053
238049572,19029306
238049572,42229452
238049572,105305259
238049572,18028509
238049572,14378113
238049572,201998022
238049572,28381563
238049572,21510894
238049572,19337148
238049572,2533651
238049572,2494020072
238049572,16248319
238049572,23790393
238049572,21861110
238049572,23594377
238049572,8665852
238049572,622208821
238049572,1945057818
238049572,290151587
238049572,28758915
238049572,1159669916
238049572,241100784
238049572,312110438
238049572,533130353
238049572,230097090
238049572,380837490
238049572,948552829
238049572,454395581
238049572,498086098
238049572,78293371
238049572,3153936532
238049572,3104576194
238049572,3095026210
238049572,20350081
238049572,283038024
238049572,78150883
238049572,19409223
238049572,2394605680
238049572,3094469806
238049572,326436574
238049572,1190458070
238049572,2233453459
238049572,1415403024
238049572,884742217
238049572,2484638833
238049572,1950188826
238049572,25190574
238049572,18336706
238049572,23640660
238049572,492288571
238049572,77740842
238049572,12804422
238049572,15057943
238049572,239313282
238049572,202886242
238049572,3059826993
238049572,2914541789
238049572,1914619908
238049572,90379242
238049572,17850785
238049572,85586351
238049572,108097934
238049572,237314419
238049572,91702071
238049572,24590293
238049572,89986710
238049572,225370230
238049572,17993489
238049572,51338539
238049572,19612753
238049572,360230512
238049572,89273104
238049572,15410226
238049572,499170272
238049572,19682451
238049572,20164477
238049572,22384691
238049572,18758902
238049572,21324165
238049572,17063215
238049572,17169390
238049572,115485051
238049572,18600155
238049572,22904901
238049572,59780436
238049572,459649375
238049572,169584722
238049572,18743550
238049572,23462787
238049572,130650358
238049572,14112296
238049572,15133557
238049572,61448886
238049572,50330259
238049572,1691862805
238049572,191579092
238049572,206688360
238049572,25372760
238049572,17652928
238049572,14574094
238049572,22531295
238049572,218653131
238049572,21648020
238049572,82602399
238049572,19564523
238049572,117662694
238049572,17471979
238049572,17842366
238049572,22692199
238049572,19033555
238049572,454843106
238049572,18075140
238049572,14879591
238049572,370870091
238049572,378197959
238049572,2156137833
238049572,2166785864
238049572,2269719856
238049572,126965935
238049572,2391237093
238049572,2569151810
238049572,2604044642
238049572,20716997
238049572,25482586
238049572,2814319539
238049572,3078497108
238049572,2968498294
238049572,3172930337
238049572,3167850869
238049572,425389334
238049572,214791922
238049572,16193578
238049572,251716551
238049572,18819329
238049572,382708423
238049572,2706826918
238049572,210850210
238049572,2540299386
238049572,91478624
238049572,17715048
238049572,8802752
238049572,14800270
238049572,87818409
238049572,22037917
238049572,14594813
238049572,20583613
238049572,16171953
238049572,19709089
238049572,21309551
238049572,19405367
238049572,7109022
238049572,3310571
238049572,1690412382
238049572,21905142
238049572,14746456
238049572,19472578
238049572,144916441
238049572,18080969
238049572,36843988
238049572,813286
238049572,47100247
238049572,87460291
238049572,49781518
238049572,277495114
238049572,35054910
238049572,76508249
238049572,130556561
238049572,19394887
238049572,21182676
238049572,15492359
238049572,1344951
238049572,807095
238049572,14293310
238049572,50393960
238049572,1615685677
238049572,22491905
238049572,19264748
238049572,20809515
238049572,85908999
238049572,18679659
238049572,34352191
238049572,61291604
238049572,33584400
238049572,124139163
238049572,72852799
238049572,16631331
238049572,14758257
238049572,21783395
238049572,16632149
238049572,8665572
238049572,17163446
238049572,16451028
238049572,15391813
238049572,395388847
238049572,17693232
238049572,25535042
238049572,23694165
238049572,20740074
238049572,2359416968
238049572,24678870
238049572,14584765
238049572,22787889
238049572,23654729
238049572,246394527
238049572,14116807
238049572,30971581
238049572,19741546
238049572,6797782
238049572,21943447
238049572,25891069
238049572,24913288
238049572,223411301
238049572,22017142
238049572,186127644
238049572,18938394
238049572,51101701
238049572,17618540
238049572,59793082
238049572,17624543
238049572,123754656
238049572,21138477
238049572,24241544
238049572,2561091
238049572,19921389
238049572,84936481
238049572,23263743
238049572,20781929
238049572,550086552
238049572,19889294
238049572,15392221
238049572,57800541
238049572,23585685
238049572,16632219
238049572,56386563
238049572,20856282
238049572,20448566
238049572,885180672
238049572,18944007
238049572,16854780
238049572,18354740
238049572,396590059
238049572,8161232
238049572,115669046
238049572,67388752
238049572,30870542
238049572,233384112
238049572,14995420
238049572,20843014
238049572,486622987
238049572,19186180
238049572,19247625
238049572,149277269
238049572,113616536
238049572,24001491
238049572,27346116
238049572,347133
238049572,391398803
238049572,27231457
238049572,87251988
238049572,266677514
238049572,14062433
238049572,81872213
238049572,754037528
238049572,27635249
238049572,76989835
238049572,304972712
238049572,96177232
238049572,26771422
238049572,525521688
238049572,28070330
238049572,17240425
238049572,65889844
238049572,26639326
238049572,395925333
238049572,19780520
238049572,55596526
238049572,106838734
238049572,112264745
238049572,58832411
238049572,85302575
238049572,74196213
238049572,7386552
238049572,27093654
238049572,399982778
238049572,12828322
238049572,240873173
238049572,18995665
238049572,17084160
238049572,15005991
238049572,34423857
238049572,287224207
238049572,106077134
238049572,142274331
238049572,248673028
238049572,56383783
238049572,61594353
238049572,321544031
238049572,74606307
238049572,371823481
238049572,22134758
238049572,94081671
238049572,272063822
238049572,65086165
238049572,248698442
238049572,266869594
238049572,243194872
238049572,314297511
238049572,24042063
238049572,18135386
238049572,26276346
238049572,173276484
238049572,28439673
238049572,113028108
238049572,249595316
238049572,148854179
238049572,69759655
238049572,20450814
238049572,7996082
238049572,25283065
238049572,56469213
238049572,89460134
238049572,89210395
238049572,155587605
238049572,2735591
238049572,271890201
238049572,19372541
238049572,8655852
238049572,14518090
238049572,15896379
238049572,14270254
238049572,89240720
238049572,3373791
238049572,36367127
238049572,25682284
238049572,114758897
238049572,25461672
238049572,173177914
238049572,109027300
238049572,44948491
238049572,15468940
238049572,133289395
238049572,21207962
238049572,14979640
238049572,16555348
238049572,20591430
238049572,71797993
238049572,16249165
238049572,136287648
238049572,65691442
238049572,25635799
238049572,66740930
238049572,19903099
238049572,82404348
