23924970,21856254
23924970,948552829
23924970,163853523
23924970,19939920
23924970,4039351239
23924970,4011003262
23924970,3955176555
23924970,17624543
23924970,19247625
23924970,454395581
23924970,11348282
23924970,19725644
23924970,3309770109
23924970,3373604542
23924970,3345244887
23924970,124690469
23924970,334602996
23924970,3335094471
23924970,259348780
23924970,3320707949
23924970,21066857
23924970,274027851
23924970,2987482707
23924970,63796828
23924970,3242187995
23924970,40872043
23924970,1339835893
23924970,2903715045
23924970,428140124
23924970,2835594983
23924970,2976585995
23924970,1443770790
23924970,1582853809
23924970,62442994
23924970,20226248
23924970,2566535282
23924970,157981564
23924970,83795099
23924970,2453527320
23924970,19288908
23924970,58601997
23924970,14462333
23924970,360569242
23924970,514854920
23924970,2403311258
23924970,17806553
23924970,19915645
23924970,2829607211
23924970,2228393197
23924970,50400579
23924970,39931528
23924970,15828014
23924970,1117046706
23924970,2328735464
23924970,319677725
23924970,2701663362
23924970,19729478
23924970,2613815726
23924970,93687642
23924970,21713520
23924970,791548038
23924970,965741665
23924970,1690412382
23924970,2458375514
23924970,40485677
23924970,190470663
23924970,256147156
23924970,24150634
23924970,198618575
23924970,17675072
23924970,376819013
23924970,53347647
23924970,169426475
23924970,517472338
23924970,1368333523
23924970,1927595762
23924970,1725566420
23924970,16071123
23924970,1880468317
23924970,60872595
23924970,2320592290
23924970,2325312510
23924970,1354697893
23924970,2312582568
23924970,22478960
23924970,1304232722
23924970,626612446
23924970,1585476722
23924970,18335620
23924970,19814281
23924970,85286794
23924970,501861132
23924970,33933259
23924970,20646711
23924970,14159148
23924970,27830610
23924970,52456973
23924970,19402238
23924970,19712523
23924970,50313070
23924970,38177845
23924970,202211958
23924970,483701852
23924970,2202937986
23924970,208610451
23924970,23263743
23924970,54189849
23924970,1615917344
23924970,995092362
23924970,1061338303
23924970,14946308
23924970,182721799
23924970,20625823
23924970,471854934
23924970,43767463
23924970,852750138
23924970,110475681
23924970,247326264
23924970,395388847
23924970,835979047
23924970,413304704
23924970,741350540
23924970,798166592
23924970,376440673
23924970,239860130
23924970,66705846
23924970,37958399
23924970,11066762
23924970,39387711
23924970,19252555
23924970,211744377
23924970,19921389
23924970,521633448
23924970,93283608
23924970,265558863
23924970,14207824
23924970,19875072
23924970,174150689
23924970,21149421
23924970,158414847
23924970,16303106
23924970,1028352404
23924970,19288826
23924970,304329674
23924970,377008435
23924970,254318923
23924970,935649630
23924970,881969502
23924970,16171953
23924970,365209317
23924970,555881792
23924970,47903269
23924970,20674120
23924970,18382771
23924970,19674652
23924970,23469895
23924970,94081671
23924970,485821004
23924970,23683605
23924970,396590059
23924970,549723477
23924970,34423857
23924970,467318965
23924970,852940200
23924970,16664803
23924970,14746456
23924970,271028583
23924970,177736182
23924970,14426349
23924970,816113108
23924970,19674853
23924970,24042063
23924970,329412544
23924970,2561091
23924970,15391813
23924970,17163446
23924970,21783395
23924970,428333
23924970,8665852
23924970,19889294
23924970,4898091
23924970,26276346
23924970,16451028
23924970,23585685
23924970,124139163
23924970,19967082
23924970,786813644
23924970,87460291
23924970,19910996
23924970,612473
23924970,30948118
23924970,194344422
23924970,23260990
23924970,19854184
23924970,119821033
23924970,45544649
23924970,125086175
23924970,19588991
23924970,210638344
23924970,318989659
23924970,17176925
23924970,407679593
23924970,407674191
23924970,450841569
23924970,458837256
23924970,107461331
23924970,60687559
23924970,18268835
23924970,71560422
23924970,19666681
23924970,317826159
23924970,309098730
23924970,70429646
23924970,21221015
23924970,256083311
23924970,11862072
23924970,20404273
23924970,300794297
23924970,47324421
23924970,368266215
23924970,21905142
23924970,26726645
23924970,82381798
23924970,16459040
23924970,19187013
23924970,19264748
23924970,1652541
23924970,64167996
23924970,17220934
23924970,15100565
23924970,19106722
23924970,34076997
23924970,20860888
23924970,6865052
23924970,21492030
23924970,14519038
23924970,35449426
23924970,19451823
23924970,21648020
23924970,29267341
23924970,28671523
23924970,55643408
23924970,20448566
23924970,42241421
23924970,22900663
23924970,24673608
23924970,25166723
23924970,17704727
23924970,10464872
23924970,20013973
23924970,33028099
23924970,24443968
23924970,41223366
23924970,15291030
23924970,8087132
23924970,38465896
23924970,25007580
23924970,48776239
23924970,14361633
23924970,62895002
23924970,65351433
23924970,68857938
23924970,60916506
23924970,22525187
23924970,19165467
23924970,93862250
23924970,71242899
23924970,75655208
23924970,22545503
23924970,253955201
23924970,68362728
23924970,14868650
23924970,276099167
23924970,299509707
23924970,257992237
23924970,18980525
23924970,92655778
23924970,3373791
23924970,34240152
23924970,31248489
23924970,108649085
23924970,19863224
23924970,21510894
23924970,51540549
23924970,25586045
23924970,36124647
23924970,65008177
23924970,117537666
23924970,145392476
23924970,100348546
23924970,43893353
23924970,23415190
23924970,25988556
23924970,14037882
23924970,108913500
23924970,49278257
23924970,218059297
23924970,20239848
23924970,25305476
23924970,15736121
23924970,24154123
23924970,49947785
23924970,40977821
23924970,19129483
23924970,149499701
23924970,139374612
23924970,53005071
23924970,358092218
23924970,173473837
23924970,135877035
23924970,30963710
23924970,24175193
23924970,14562960
23924970,19662084
23924970,4604091
23924970,16736293
23924970,214972304
23924970,286851562
23924970,132302254
23924970,166113927
23924970,300732450
23924970,311515666
23924970,124839432
23924970,147516206
23924970,164727937
23924970,116422814
23924970,127404018
23924970,95215678
23924970,55264099
23924970,254233109
23924970,154264091
23924970,115955415
23924970,64702232
23924970,58638038
23924970,128492270
23924970,238652882
23924970,230020358
23924970,141078042
23924970,113641050
23924970,136365687
23924970,167919811
23924970,267850431
23924970,322632341
23924970,166744942
23924970,121328411
23924970,167540096
23924970,304765178
23924970,119004795
23924970,200945341
23924970,313821220
23924970,132218641
23924970,147709592
23924970,149567489
23924970,165843055
23924970,136606984
23924970,290667281
23924970,198124202
23924970,166136422
23924970,327566243
23924970,67457451
23924970,145459353
23924970,337434989
23924970,139140530
23924970,115432582
23924970,242810163
23924970,121774846
23924970,15480686
23924970,18135386
23924970,19349699
23924970,22384691
23924970,222225064
23924970,14676620
23924970,21016479
23924970,26916939
23924970,21009460
23924970,19830134
23924970,71903005
23924970,17087856
23924970,222431488
23924970,17234586
23924970,17155194
23924970,15005991
23924970,22425307
23924970,3310571
23924970,20017437
23924970,24516161
23924970,19378466
23924970,21155472
23924970,19568167
23924970,19678998
23924970,23646776
23924970,19742414
23924970,18954703
23924970,21324165
23924970,23694165
23924970,19292033
23924970,19356276
23924970,17063215
23924970,15095086
23924970,22874178
23924970,17693232
23924970,20256976
23924970,20583613
23924970,63746832
23924970,15662464
23924970,131574396
23924970,24610823
23924970,23780232
23924970,5988062
23924970,69712872
23924970,35779304
23924970,20781929
23924970,31237480
23924970,13820922
23924970,50763838
23924970,48863200
23924970,20533765
23924970,17624959
23924970,20115463
23924970,84128595
23924970,53997992
23924970,22820759
23924970,7789612
23924970,18045913
23924970,62615041
23924970,187723641
23924970,280552265
23924970,14270254
23924970,53402668
23924970,70235774
23924970,35793285
23924970,36122527
23924970,18899958
23924970,14208199
23924970,34352191
23924970,24241544
23924970,33080394
23924970,18247680
23924970,24509989
23924970,38221730
23924970,22849001
23924970,21194960
23924970,39230578
23924970,19528381
23924970,25809438
23924970,128168963
23924970,107270907
23924970,31186289
23924970,19122426
23924970,45495140
23924970,17327101
23924970,19884819
23924970,57466173
23924970,57051349
23924970,51073990
23924970,38280509
23924970,25552575
23924970,37981531
23924970,28029492
23924970,53471674
23924970,64768711
23924970,64994096
23924970,68527975
23924970,71089474
23924970,37479208
23924970,73296386
23924970,63724790
23924970,61653990
23924970,77115786
23924970,86638095
23924970,95529565
23924970,73890137
23924970,17024864
23924970,15556450
23924970,12497362
23924970,10158592
23924970,93010573
23924970,37301057
23924970,64473945
23924970,79172026
23924970,22633202
23924970,20560841
23924970,62960607
23924970,78562834
23924970,77229379
23924970,25662725
23924970,74971201
23924970,23011527
23924970,21306892
23924970,54712846
23924970,19688174
23924970,22915843
23924970,70654073
23924970,43208374
23924970,38482835
23924970,21655583
23924970,34238446
23924970,36325037
23924970,58921049
23924970,20446719
23924970,57871263
23924970,60948088
23924970,24929321
23924970,29739066
23924970,54393525
23924970,34979154
23924970,26807846
23924970,25487243
23924970,19720089
23924970,71044137
23924970,61865657
23924970,64023982
23924970,53552287
23924970,63111053
23924970,69437455
23924970,55279138
23924970,70926098
23924970,30732913
23924970,57074992
23924970,22621930
23924970,42874577
23924970,63674395
23924970,33777855
23924970,68447059
23924970,28598921
23924970,34696596
23924970,26981118
23924970,28391041
23924970,38462956
23924970,52187186
23924970,39782710
23924970,59750772
23924970,47747527
23924970,46371540
23924970,65612896
23924970,62793450
23924970,65530102
23924970,30635706
23924970,65333804
23924970,31187434
23924970,40702055
23924970,63779430
23924970,43072552
23924970,26963818
23924970,72415834
23924970,33267406
23924970,35203857
23924970,71296283
23924970,65600114
23924970,29567769
23924970,59431025
23924970,49606700
23924970,60874048
23924970,65361574
23924970,65595157
23924970,44322654
23924970,27438339
23924970,59284029
23924970,43080984
23924970,28900485
23924970,26743391
23924970,45912958
23924970,48082021
23924970,22616246
23924970,64182005
23924970,37350839
23924970,44414201
23924970,30839131
23924970,35946531
23924970,39042648
23924970,34576000
23924970,14975487
23924970,57951016
23924970,56720735
23924970,56566395
23924970,56464580
23924970,55823192
23924970,55359374
23924970,55296492
23924970,54946772
23924970,54712414
23924970,54177921
23924970,53907986
23924970,53772897
23924970,53477874
23924970,53438351
23924970,52704782
23924970,34346576
23924970,52001563
23924970,51591214
23924970,51306562
23924970,51232846
23924970,50994362
23924970,50845734
23924970,50753642
23924970,50591880
23924970,50497481
23924970,50457652
23924970,50340659
23924970,50268847
23924970,49925830
23924970,49852930
23924970,49829236
23924970,49813158
23924970,49738502
23924970,49715028
23924970,49707739
23924970,49696312
23924970,49678007
23924970,49671512
23924970,49652894
23924970,49652782
23924970,49644804
23924970,49639824
23924970,49630833
23924970,49630356
23924970,49630034
23924970,49626596
23924970,49621725
23924970,48835999
23924970,30198501
23924970,26780535
23924970,41111909
23924970,23425882
23924970,43888897
23924970,25351438
23924970,31085746
23924970,38258208
23924970,28636183
23924970,36521175
23924970,30436738
23924970,42404221
23924970,40732863
23924970,21595032
23924970,38397099
23924970,14304345
23924970,18783599
23924970,27690343
23924970,18737332
23924970,33567755
23924970,19285307
23924970,20644988
23924970,28112535
23924970,19690874
23924970,33611297
23924970,17477169
23924970,16781406
23924970,20483406
23924970,29075993
23924970,18764854
23924970,19689047
23924970,19265059
23924970,21112266
23924970,16854780
23924970,24458803
23924970,25657017
23924970,19167355
23924970,19871824
23924970,22543231
23924970,10138512
23924970,19965362
23924970,14048938
23924970,19681672
23924970,20013760
23924970,19252633
23924970,17707362
23924970,14558551
23924970,20919225
23924970,21421678
23924970,20427253
23924970,21129798
23924970,19003246
23924970,22288141
23924970,21043967
23924970,22002367
23924970,21076057
23924970,19900749
23924970,17865352
23924970,24804550
23924970,21099735
23924970,23618280
23924970,14334945
23924970,19880356
23924970,20528268
23924970,10491062
23924970,23188091
23924970,25296680
23924970,19111618
23924970,19024850
23924970,19019970
23924970,22167237
23924970,20780116
23924970,9995532
23924970,21957795
23924970,22282596
23924970,683293
23924970,21817509
23924970,21318946
23924970,16648052
23924970,20139503
23924970,813286
23924970,19488569
23924970,22419201
23924970,20763839
23924970,19655210
23924970,14359666
23924970,22387860
23924970,21287509
23924970,21821458
23924970,19649877
23924970,19973332
23924970,19393139
23924970,21093365
23924970,23942379
23924970,19965913
23924970,23940625
23924970,17311493
23924970,19391470
23924970,19722435
23924970,17989888
23924970,22478563
23924970,22267906
23924970,19658548
23924970,21195865
