23932437,25354040
23932437,58530166
23932437,79825754
23932437,54837399
23932437,14763734
23932437,1963541582
23932437,3124430309
23932437,1648629770
23932437,543907005
23932437,26992649
23932437,2903837358
23932437,546170165
23932437,74428159
23932437,1657444321
23932437,2832071580
23932437,73439482
23932437,1157784678
23932437,14648998
23932437,3301835714
23932437,54094766
23932437,238099363
23932437,19312845
23932437,137365854
23932437,19601111
23932437,19315174
23932437,3257701717
23932437,2384029748
23932437,24741685
23932437,75691804
23932437,2916305152
23932437,193456251
23932437,14330824
23932437,125273363
23932437,366131628
23932437,11071292
23932437,2445418099
23932437,1600626631
23932437,2493580472
23932437,15347506
23932437,1019032993
23932437,27847673
23932437,485797194
23932437,2987006919
23932437,3288271294
23932437,341346597
23932437,799100228
23932437,2287527962
23932437,3006676329
23932437,3122986631
23932437,3199175583
23932437,3018847436
23932437,2202928291
23932437,1244011158
23932437,2830371145
23932437,2872079614
23932437,2212298090
23932437,36221607
23932437,23557976
23932437,73951647
23932437,23014254
23932437,28366310
23932437,110793585
23932437,23074277
23932437,36309263
23932437,20243744
23932437,16831557
23932437,19399038
23932437,24891799
23932437,37606449
23932437,218410284
23932437,2509002055
23932437,15003446
23932437,1655842032
23932437,348353369
23932437,3044738957
23932437,273409131
23932437,17893558
23932437,1942796262
23932437,97487983
23932437,356922534
23932437,28565356
23932437,53347647
23932437,93687642
23932437,36048614
23932437,707273575
23932437,3208392886
23932437,347802273
23932437,1638173287
23932437,561246886
23932437,3238976441
23932437,2683814060
23932437,2482824535
23932437,3138155305
23932437,186931935
23932437,471875378
23932437,790380559
23932437,2538316141
23932437,152831766
23932437,1370961769
23932437,2770535861
23932437,3164591107
23932437,3105079378
23932437,582677444
23932437,15108702
23932437,335455570
23932437,487843424
23932437,305832508
23932437,740118727
23932437,41431123
23932437,770471635
23932437,39056314
23932437,236953420
23932437,274033120
23932437,3138029248
23932437,854512956
23932437,87284779
23932437,479809444
23932437,3115431161
23932437,181913019
23932437,3298030630
23932437,2203746187
23932437,2203782554
23932437,218939578
23932437,519877815
23932437,1911141452
23932437,2902167817
23932437,22092119
23932437,35359528
23932437,3245602815
23932437,548024965
23932437,44196397
23932437,972611528
23932437,92495510
23932437,19903099
23932437,107472906
23932437,1415201226
23932437,17093617
23932437,2540997517
23932437,3105811353
23932437,3060238729
23932437,304876789
23932437,208442112
23932437,3290643760
23932437,56405441
23932437,125403342
23932437,198618575
23932437,206717989
23932437,36329597
23932437,157981564
23932437,606325697
23932437,39516018
23932437,95084967
23932437,27968588
23932437,3000794218
23932437,96146652
23932437,175001271
23932437,17711659
23932437,19904728
23932437,3033215569
23932437,1536791610
23932437,2609096249
23932437,29899032
23932437,473359335
23932437,2932881542
23932437,25739434
23932437,900306781
23932437,2439609638
23932437,592276241
23932437,2493329258
23932437,460163041
23932437,581378577
23932437,201152959
23932437,1262776610
23932437,14401607
23932437,73986605
23932437,268368996
23932437,1935592992
23932437,16548435
23932437,2607123872
23932437,46783856
23932437,162611402
23932437,2895312995
23932437,2601539556
23932437,83879550
23932437,15199103
23932437,2808725912
23932437,2963984033
23932437,558856151
23932437,2528619619
23932437,16194080
23932437,94439285
23932437,2444328980
23932437,19735987
23932437,2975724958
23932437,2834061269
23932437,400962072
23932437,2843168429
23932437,1279618789
23932437,3568411
23932437,333672211
23932437,3010445164
23932437,3819701
23932437,2916106794
23932437,1023139638
23932437,14856333
23932437,51100181
23932437,42208855
23932437,42091611
23932437,1960789190
23932437,566638297
23932437,211344774
23932437,452624265
23932437,1343302134
23932437,38804737
23932437,17877864
23932437,172635054
23932437,12589422
23932437,2899875403
23932437,2715586658
23932437,1489703012
23932437,2902106028
23932437,167760471
23932437,154765200
23932437,2742252242
23932437,81126713
23932437,14448173
23932437,256628776
23932437,124827833
23932437,33495086
23932437,62039424
23932437,35099519
23932437,1003249579
23932437,2541906488
23932437,92638580
23932437,446506935
23932437,184477052
23932437,2665593223
23932437,169634370
23932437,427958206
23932437,2249656021
23932437,2902162645
23932437,226662318
23932437,461403889
23932437,1456140842
23932437,1702148870
23932437,2916148626
23932437,137455381
23932437,26113992
23932437,226506471
23932437,45931083
23932437,2902030526
23932437,2431583503
23932437,2902062601
23932437,14990011
23932437,15492359
23932437,7144422
23932437,2902123382
23932437,2916156230
23932437,245520753
23932437,2516029806
23932437,419873044
23932437,2902168621
23932437,2918353892
23932437,2378973386
23932437,1874057480
23932437,427173154
23932437,1635828884
23932437,219807531
23932437,1918697988
23932437,1418473062
23932437,136874249
23932437,42703075
23932437,73147282
23932437,28172926
23932437,95458088
23932437,172698760
23932437,64923550
23932437,20765559
23932437,29994840
23932437,1468696195
23932437,32135630
23932437,994293373
23932437,209699042
23932437,2960294147
23932437,2972204321
23932437,36766720
23932437,162455418
23932437,2902373248
23932437,19661363
23932437,972651
23932437,2890961
23932437,7905122
23932437,621583
23932437,1344951
23932437,816653
23932437,19109172
23932437,32355144
23932437,14885549
23932437,32361431
23932437,32359545
23932437,32356101
23932437,44615672
23932437,908817920
23932437,20319462
23932437,21324165
23932437,124690469
23932437,574460431
23932437,2292454922
23932437,1660468830
23932437,965704518
23932437,250880109
23932437,34971242
23932437,69681766
23932437,25537232
23932437,40580641
23932437,30249176
23932437,2203775502
23932437,500711588
23932437,2546845204
23932437,1086485478
23932437,500704345
23932437,2359926157
23932437,1690412382
23932437,966019369
23932437,1206042180
23932437,291792721
23932437,228179736
23932437,29422232
23932437,161896622
23932437,2507152446
23932437,180463340
23932437,21648020
23932437,21707734
23932437,836337432
23932437,1259888714
23932437,36392123
23932437,70349639
23932437,20560841
23932437,1966253173
23932437,18721034
23932437,21195865
23932437,948552829
23932437,232242473
23932437,2413938919
23932437,377976301
23932437,513708554
23932437,771383605
23932437,20058825
23932437,19650966
23932437,26281917
23932437,517392967
23932437,2394624246
23932437,20676778
23932437,2804440756
23932437,19600252
23932437,499170272
23932437,19682451
23932437,22362992
23932437,20583613
23932437,16569045
23932437,126118232
23932437,19686295
23932437,20164477
23932437,492288571
23932437,16171953
23932437,17993489
23932437,50300579
23932437,19612753
23932437,20511502
23932437,182721799
23932437,18758902
23932437,21138477
23932437,21492030
23932437,20809515
23932437,14746456
23932437,2043041
23932437,283038024
23932437,23694165
23932437,15005991
23932437,70235774
23932437,154094062
23932437,21579466
23932437,20781929
23932437,34423857
23932437,22904901
23932437,196418938
23932437,974011206
23932437,132175413
23932437,296252870
23932437,405123394
23932437,15951863
23932437,17624543
23932437,140200890
23932437,50055701
23932437,17220934
23932437,65493023
23932437,7713202
23932437,19394188
23932437,939091
23932437,15007149
23932437,609841269
23932437,1093090866
23932437,258345629
23932437,70385068
23932437,69032746
23932437,2548701679
23932437,1339835893
23932437,490126636
23932437,32357365
23932437,18814998
23932437,1252764865
23932437,83795099
23932437,15828014
23932437,105155795
23932437,525264466
23932437,138814032
23932437,131574396
23932437,205622130
23932437,1225696320
23932437,153810519
23932437,932196612
23932437,19712523
23932437,617760963
23932437,1705766478
23932437,2203726446
23932437,103065157
23932437,22938914
23932437,1636590253
23932437,40872043
23932437,588312136
23932437,21269694
23932437,1375860338
23932437,267939430
23932437,131849629
23932437,94672253
23932437,293458690
23932437,16686144
23932437,13131362
23932437,874438663
23932437,2172423304
23932437,468583731
23932437,15327565
23932437,16228398
23932437,16225240
23932437,32002507
23932437,39275966
23932437,36728196
23932437,31869934
23932437,2385217021
23932437,2147697984
23932437,1418425322
23932437,84344194
23932437,23125257
23932437,1071419095
23932437,21350068
23932437,2497428001
23932437,2203716673
23932437,43086666
23932437,527526077
23932437,138749160
23932437,565533876
23932437,2663408679
23932437,2663780206
23932437,241789496
23932437,2542280466
23932437,101280467
23932437,21323268
23932437,30364057
23932437,209202416
23932437,16930986
23932437,14327726
23932437,92507082
23932437,266134103
23932437,80380326
23932437,14281819
23932437,16457400
23932437,1469603575
23932437,16409781
23932437,203687945
23932437,1611543626
23932437,376367767
23932437,16129800
23932437,167324989
23932437,605805760
23932437,22209176
23932437,297174372
23932437,15670515
23932437,24727891
23932437,74286565
23932437,16425197
23932437,16334724
23932437,21328656
23932437,2288308578
23932437,24150634
23932437,376819013
23932437,85286794
23932437,196994616
23932437,17675072
23932437,25390350
23932437,83864876
23932437,169426475
23932437,102707504
23932437,156651229
23932437,91895951
23932437,304909941
23932437,8699742
23932437,16451028
23932437,21066857
23932437,8665852
23932437,310216379
23932437,257860373
23932437,154346268
23932437,302310286
23932437,155039718
23932437,18225787
23932437,577176707
23932437,88255956
23932437,135645105
23932437,121158213
23932437,1534167900
23932437,1395076646
23932437,14861876
23932437,61661638
23932437,129909623
23932437,17549691
23932437,46417793
23932437,184703533
23932437,373457750
23932437,2202442830
23932437,2199899143
23932437,1673630041
23932437,230930518
23932437,1901718704
23932437,73238146
23932437,43963249
23932437,14625398
23932437,39384517
23932437,14676022
23932437,14377605
23932437,278776049
23932437,517764409
23932437,135073772
23932437,6467332
23932437,16613128
23932437,369505837
23932437,14677919
23932437,14224719
23932437,115749048
23932437,1246668452
23932437,17629860
23932437,113420831
23932437,306189055
23932437,8775672
23932437,24752484
23932437,15647676
23932437,66369181
23932437,30313925
23932437,14074515
23932437,110541296
23932437,321536046
23932437,23092890
23932437,20179628
23932437,104410765
23932437,222805689
23932437,612896910
23932437,158289900
23932437,119130219
23932437,18297088
23932437,14128609
23932437,284260249
23932437,540219772
23932437,2272999133
23932437,14317501
23932437,33804533
23932437,69473292
23932437,188649305
23932437,67677254
23932437,66371301
23932437,436263179
23932437,191121318
23932437,28618757
23932437,173203697
23932437,17239967
23932437,16532451
23932437,18906069
23932437,1543665930
23932437,1919132659
23932437,180505807
23932437,2209629770
23932437,1133179008
23932437,11023052
23932437,20268270
23932437,14980721
23932437,71567590
23932437,30857540
23932437,46393249
23932437,46804450
23932437,28145010
23932437,902534600
23932437,143477156
23932437,20078032
23932437,327484803
23932437,117237387
23932437,48001143
23932437,20253024
23932437,373909564
23932437,337180581
23932437,1155522630
23932437,192993192
23932437,41331822
23932437,1754641
23932437,19898168
23932437,326873879
23932437,19606528
23932437,37941633
23932437,17813899
23932437,16887175
23932437,16955517
23932437,18481050
23932437,31714599
23932437,16359602
23932437,15633653
23932437,14165212
23932437,38053161
23932437,14270254
23932437,136348383
23932437,222189465
23932437,18560146
23932437,8524892
23932437,10017542
23932437,34655603
23932437,8806412
23932437,25487201
23932437,87701473
23932437,61193820
23932437,617792318
23932437,42712551
23932437,87777436
23932437,80374332
23932437,79320096
23932437,207507805
23932437,204881628
23932437,1178011
23932437,7557352
23932437,84281104
23932437,15861355
23932437,84402174
23932437,38237581
23932437,360685668
23932437,23756134
23932437,426159377
23932437,160798206
23932437,192589455
23932437,15072071
23932437,253167239
23932437,18938646
23932437,26538229
23932437,16581604
23932437,25073877
23932437,1330457336
23932437,1364930179
23932437,83466368
23932437,15246621
23932437,19739279
23932437,178030568
23932437,54619128
23932437,389551062
23932437,1000858711
23932437,478764692
23932437,192533447
23932437,79713282
23932437,374100286
23932437,95362046
23932437,325067718
23932437,236428904
23932437,28072028
23932437,215412415
23932437,273294289
23932437,93694952
23932437,315002750
23932437,18498217
23932437,15723281
23932437,104222894
23932437,2836421
23932437,19394887
23932437,155659213
23932437,8665572
23932437,49781518
23932437,28706024
23932437,21447363
23932437,133808487
23932437,19706851
23932437,367721245
23932437,41484177
23932437,1118521
23932437,103349310
23932437,59736898
23932437,303332432
23932437,15281391
23932437,69620713
23932437,22948591
23932437,87460291
23932437,16732770
23932437,35002876
23932437,59486068
23932437,217636406
23932437,278489242
23932437,278485885
23932437,278486349
23932437,278487148
23932437,17469289
23932437,27707080
23932437,18676177
23932437,14569869
23932437,11620792
23932437,15935591
23932437,94682674
23932437,168857946
23932437,278691695
23932437,56413858
23932437,19407053
23932437,17622474
23932437,36990709
23932437,214620546
23932437,96206175
23932437,11856142
23932437,28337697
23932437,56810507
23932437,18639734
23932437,42889650
23932437,15112249
23932437,51241574
23932437,16334857
23932437,277495114
23932437,17006157
23932437,18949452
23932437,20562637
23932437,16343974
23932437,205789121
23932437,67358777
23932437,15438913
23932437,16184358
23932437,14138785
23932437,6107422
23932437,15764136
23932437,788524
23932437,1877831
23932437,612473
23932437,90889951
23932437,113308086
23932437,16589206
23932437,14499829
23932437,33933259
23932437,14293310
23932437,20609518
23932437,1017248904
23932437,14159148
23932437,2097571
23932437,2467791
23932437,32353291
23932437,65390209
23932437,51394998
23932437,32359921
23932437,19910996
23932437,395388847
23932437,61127928
23932437,31565129
23932437,17693232
23932437,14995420
23932437,7587032
23932437,19709089
23932437,182593710
23932437,215291813
23932437,16001494
23932437,595184823
23932437,37564410
23932437,18994600
23932437,18211502
23932437,27761886
23932437,15897179
23932437,131995760
23932437,99412732
23932437,517669608
23932437,589464808
23932437,30818980
23932437,243318995
23932437,16632149
23932437,21783395
23932437,2561091
23932437,103822964
23932437,621523
23932437,14208474
23932437,94081671
23932437,998006845
23932437,742143
23932437,27860681
23932437,168536998
23932437,25535042
23932437,91478624
23932437,16631693
23932437,124139163
23932437,15392221
23932437,19921389
23932437,20448566
23932437,20856282
23932437,25053299
23932437,10810102
23932437,15110357
23932437,19889294
23932437,26276346
23932437,14758257
23932437,23585685
23932437,155520880
23932437,43869790
23932437,282066539
23932437,300324966
23932437,263678339
23932437,428333
23932437,5402612
23932437,813286
23932437,19281286
23932437,29214466
23932437,111751532
23932437,15391813
23932437,410359766
23932437,388275454
23932437,545127556
23932437,526835661
23932437,859367556
23932437,538828241
23932437,769636392
23932437,227755413
23932437,5988062
23932437,3108351
23932437,17163446
23932437,19247625
23932437,10202342
23932437,14886375
23932437,17784293
23932437,14216123
23932437,8161232
23932437,19789294
23932437,624413
23932437,24241544
23932437,121773752
23932437,612643025
23932437,683293
23932437,19186180
23932437,15683146
23932437,807095
23932437,493024884
23932437,19224439
23932437,28445389
23932437,17825445
23932437,78323166
23932437,213073821
23932437,393543120
23932437,28785486
23932437,1367531
23932437,759251
23932437,69709217
23932437,288980311
23932437,157771747
23932437,325109244
23932437,31237480
23932437,17311493
23932437,148710424
23932437,29733243
23932437,201205372
23932437,722863
23932437,185914495
23932437,48063477
23932437,1652541
23932437,16854780
23932437,59516424
23932437,19033555
23932437,82340067
23932437,46002311
23932437,19766386
23932437,50393960
23932437,18075140
23932437,17884125
23932437,19836823
23932437,9640682
23932437,19350014
23932437,19394367
23932437,12039522
23932437,24892754
23932437,23697798
23932437,25354040
23932437,58530166
23932437,79825754
23932437,54837399
23932437,14763734
23932437,1963541582
23932437,3124430309
23932437,1648629770
23932437,543907005
23932437,26992649
23932437,2903837358
23932437,546170165
23932437,74428159
23932437,1657444321
23932437,2832071580
23932437,73439482
23932437,1157784678
23932437,14648998
23932437,3301835714
23932437,54094766
23932437,238099363
23932437,19312845
23932437,137365854
23932437,19601111
23932437,19315174
23932437,3257701717
23932437,2384029748
23932437,24741685
23932437,75691804
23932437,2916305152
23932437,193456251
23932437,14330824
23932437,125273363
23932437,366131628
23932437,11071292
23932437,2445418099
23932437,1600626631
23932437,2493580472
23932437,15347506
23932437,1019032993
23932437,27847673
23932437,485797194
23932437,2987006919
23932437,3288271294
23932437,341346597
23932437,799100228
23932437,2287527962
23932437,3006676329
23932437,3122986631
23932437,3199175583
23932437,3018847436
23932437,2202928291
23932437,1244011158
23932437,2830371145
23932437,2872079614
23932437,2212298090
23932437,36221607
23932437,23557976
23932437,73951647
23932437,23014254
23932437,28366310
23932437,110793585
23932437,23074277
23932437,36309263
23932437,20243744
23932437,16831557
23932437,19399038
23932437,24891799
23932437,37606449
23932437,218410284
23932437,2509002055
23932437,15003446
23932437,1655842032
23932437,348353369
23932437,3044738957
23932437,273409131
23932437,17893558
23932437,1942796262
23932437,97487983
23932437,356922534
23932437,28565356
23932437,53347647
23932437,93687642
23932437,36048614
23932437,707273575
23932437,3208392886
23932437,347802273
23932437,1638173287
23932437,561246886
23932437,3238976441
23932437,2683814060
23932437,2482824535
23932437,3138155305
23932437,186931935
23932437,471875378
23932437,790380559
23932437,2538316141
23932437,152831766
23932437,1370961769
23932437,2770535861
23932437,3164591107
23932437,3105079378
23932437,582677444
23932437,15108702
23932437,335455570
23932437,487843424
23932437,305832508
23932437,740118727
23932437,41431123
23932437,770471635
23932437,39056314
23932437,236953420
23932437,274033120
23932437,3138029248
23932437,854512956
23932437,87284779
23932437,479809444
23932437,3115431161
23932437,181913019
23932437,3298030630
23932437,2203746187
23932437,2203782554
23932437,218939578
23932437,519877815
23932437,1911141452
23932437,2902167817
23932437,22092119
23932437,35359528
23932437,3245602815
23932437,548024965
23932437,44196397
23932437,972611528
23932437,92495510
23932437,19903099
23932437,107472906
23932437,1415201226
23932437,17093617
23932437,2540997517
23932437,3105811353
23932437,3060238729
23932437,304876789
23932437,208442112
23932437,3290643760
23932437,56405441
23932437,125403342
23932437,198618575
23932437,206717989
23932437,36329597
23932437,157981564
23932437,606325697
23932437,39516018
23932437,95084967
23932437,27968588
23932437,3000794218
23932437,96146652
23932437,175001271
23932437,17711659
23932437,19904728
23932437,3033215569
23932437,1536791610
23932437,2609096249
23932437,29899032
23932437,473359335
23932437,2932881542
23932437,25739434
23932437,900306781
23932437,2439609638
23932437,592276241
23932437,2493329258
23932437,460163041
23932437,581378577
23932437,201152959
23932437,1262776610
23932437,14401607
23932437,73986605
23932437,268368996
23932437,1935592992
23932437,16548435
23932437,2607123872
23932437,46783856
23932437,162611402
23932437,2895312995
23932437,2601539556
23932437,83879550
23932437,15199103
23932437,2808725912
23932437,2963984033
23932437,558856151
23932437,2528619619
23932437,16194080
23932437,94439285
23932437,2444328980
23932437,19735987
23932437,2975724958
23932437,2834061269
23932437,400962072
23932437,2843168429
23932437,1279618789
23932437,3568411
23932437,333672211
23932437,3010445164
23932437,3819701
23932437,2916106794
23932437,1023139638
23932437,14856333
23932437,51100181
23932437,42208855
23932437,42091611
23932437,1960789190
23932437,566638297
23932437,211344774
23932437,452624265
23932437,1343302134
23932437,38804737
23932437,17877864
23932437,172635054
23932437,12589422
23932437,2899875403
23932437,2715586658
23932437,1489703012
23932437,2902106028
23932437,167760471
23932437,154765200
23932437,2742252242
23932437,81126713
23932437,14448173
23932437,256628776
23932437,124827833
23932437,33495086
23932437,62039424
23932437,35099519
23932437,1003249579
23932437,2541906488
23932437,92638580
23932437,446506935
23932437,184477052
23932437,2665593223
23932437,169634370
23932437,427958206
23932437,2249656021
23932437,2902162645
23932437,226662318
23932437,461403889
23932437,1456140842
23932437,1702148870
23932437,2916148626
23932437,137455381
23932437,26113992
23932437,226506471
23932437,45931083
23932437,2902030526
23932437,2431583503
23932437,2902062601
23932437,14990011
23932437,15492359
23932437,7144422
23932437,2902123382
23932437,2916156230
23932437,245520753
23932437,2516029806
23932437,419873044
23932437,2902168621
23932437,2918353892
23932437,2378973386
23932437,1874057480
23932437,427173154
23932437,1635828884
23932437,219807531
23932437,1918697988
23932437,1418473062
23932437,136874249
23932437,42703075
23932437,73147282
23932437,28172926
23932437,95458088
23932437,172698760
23932437,64923550
23932437,20765559
23932437,29994840
23932437,1468696195
23932437,32135630
23932437,994293373
23932437,209699042
23932437,2960294147
23932437,2972204321
23932437,36766720
23932437,162455418
23932437,2902373248
23932437,19661363
23932437,972651
23932437,2890961
23932437,7905122
23932437,621583
23932437,1344951
23932437,816653
23932437,19109172
23932437,32355144
23932437,14885549
23932437,32361431
23932437,32359545
23932437,32356101
23932437,44615672
23932437,908817920
23932437,20319462
23932437,21324165
23932437,124690469
23932437,574460431
23932437,2292454922
23932437,1660468830
23932437,965704518
23932437,250880109
23932437,34971242
23932437,69681766
23932437,25537232
23932437,40580641
23932437,30249176
23932437,2203775502
23932437,500711588
23932437,2546845204
23932437,1086485478
23932437,500704345
23932437,2359926157
23932437,1690412382
23932437,966019369
23932437,1206042180
23932437,291792721
23932437,228179736
23932437,29422232
23932437,161896622
23932437,2507152446
23932437,180463340
23932437,21648020
23932437,21707734
23932437,836337432
23932437,1259888714
23932437,36392123
23932437,70349639
23932437,20560841
23932437,1966253173
23932437,18721034
23932437,21195865
23932437,948552829
23932437,232242473
23932437,2413938919
23932437,377976301
23932437,513708554
23932437,771383605
23932437,20058825
23932437,19650966
23932437,26281917
23932437,517392967
23932437,2394624246
23932437,20676778
23932437,2804440756
23932437,19600252
23932437,499170272
23932437,19682451
23932437,22362992
23932437,20583613
23932437,16569045
23932437,126118232
23932437,19686295
23932437,20164477
23932437,492288571
23932437,16171953
23932437,17993489
23932437,50300579
23932437,19612753
23932437,20511502
23932437,182721799
23932437,18758902
23932437,21138477
23932437,21492030
23932437,20809515
23932437,14746456
23932437,2043041
23932437,283038024
23932437,23694165
23932437,15005991
23932437,70235774
23932437,154094062
23932437,21579466
23932437,20781929
23932437,34423857
23932437,22904901
23932437,196418938
23932437,974011206
23932437,132175413
23932437,296252870
23932437,405123394
23932437,15951863
23932437,17624543
23932437,140200890
23932437,50055701
23932437,17220934
23932437,65493023
23932437,7713202
23932437,19394188
23932437,939091
23932437,15007149
23932437,609841269
23932437,1093090866
23932437,258345629
23932437,70385068
23932437,69032746
23932437,2548701679
23932437,1339835893
23932437,490126636
23932437,32357365
23932437,18814998
23932437,1252764865
23932437,83795099
23932437,15828014
23932437,105155795
23932437,525264466
23932437,138814032
23932437,131574396
23932437,205622130
23932437,1225696320
23932437,153810519
23932437,932196612
23932437,19712523
23932437,617760963
23932437,1705766478
23932437,2203726446
23932437,103065157
23932437,22938914
23932437,1636590253
23932437,40872043
23932437,588312136
23932437,21269694
23932437,1375860338
23932437,267939430
23932437,131849629
23932437,94672253
23932437,293458690
23932437,16686144
23932437,13131362
23932437,874438663
23932437,2172423304
23932437,468583731
23932437,15327565
23932437,16228398
23932437,16225240
23932437,32002507
23932437,39275966
23932437,36728196
23932437,31869934
23932437,2385217021
23932437,2147697984
23932437,1418425322
23932437,84344194
23932437,23125257
23932437,1071419095
23932437,21350068
23932437,2497428001
23932437,2203716673
23932437,43086666
23932437,527526077
23932437,138749160
23932437,565533876
23932437,2663408679
23932437,2663780206
23932437,241789496
23932437,2542280466
23932437,101280467
23932437,21323268
23932437,30364057
23932437,209202416
23932437,16930986
23932437,14327726
23932437,92507082
23932437,266134103
23932437,80380326
23932437,14281819
23932437,16457400
23932437,1469603575
23932437,16409781
23932437,203687945
23932437,1611543626
23932437,376367767
23932437,16129800
23932437,167324989
23932437,605805760
23932437,22209176
23932437,297174372
23932437,15670515
23932437,24727891
23932437,74286565
23932437,16425197
23932437,16334724
23932437,21328656
23932437,2288308578
23932437,24150634
23932437,376819013
23932437,85286794
23932437,196994616
23932437,17675072
23932437,25390350
23932437,83864876
23932437,169426475
23932437,102707504
23932437,156651229
23932437,91895951
23932437,304909941
23932437,8699742
23932437,16451028
23932437,21066857
23932437,8665852
23932437,310216379
23932437,257860373
23932437,154346268
23932437,302310286
23932437,155039718
23932437,18225787
23932437,577176707
23932437,88255956
23932437,135645105
23932437,121158213
23932437,1534167900
23932437,1395076646
23932437,14861876
23932437,61661638
23932437,129909623
23932437,17549691
23932437,46417793
23932437,184703533
23932437,373457750
23932437,2202442830
23932437,2199899143
23932437,1673630041
23932437,230930518
23932437,1901718704
23932437,73238146
23932437,43963249
23932437,14625398
23932437,39384517
23932437,14676022
23932437,14377605
23932437,278776049
23932437,517764409
23932437,135073772
23932437,6467332
23932437,16613128
23932437,369505837
23932437,14677919
23932437,14224719
23932437,115749048
23932437,1246668452
23932437,17629860
23932437,113420831
23932437,306189055
23932437,8775672
23932437,24752484
23932437,15647676
23932437,66369181
23932437,30313925
23932437,14074515
23932437,110541296
23932437,321536046
23932437,23092890
23932437,20179628
23932437,104410765
23932437,222805689
23932437,612896910
23932437,158289900
23932437,119130219
23932437,18297088
23932437,14128609
23932437,284260249
23932437,540219772
23932437,2272999133
23932437,14317501
23932437,33804533
23932437,69473292
23932437,188649305
23932437,67677254
23932437,66371301
23932437,436263179
23932437,191121318
23932437,28618757
23932437,173203697
23932437,17239967
23932437,16532451
23932437,18906069
23932437,1543665930
23932437,1919132659
23932437,180505807
23932437,2209629770
23932437,1133179008
23932437,11023052
23932437,20268270
23932437,14980721
23932437,71567590
23932437,30857540
23932437,46393249
23932437,46804450
23932437,28145010
23932437,902534600
23932437,143477156
23932437,20078032
23932437,327484803
23932437,117237387
23932437,48001143
23932437,20253024
23932437,373909564
23932437,337180581
23932437,1155522630
23932437,192993192
23932437,41331822
23932437,1754641
23932437,19898168
23932437,326873879
23932437,19606528
23932437,37941633
23932437,17813899
23932437,16887175
23932437,16955517
23932437,18481050
23932437,31714599
23932437,16359602
23932437,15633653
23932437,14165212
23932437,38053161
23932437,14270254
23932437,136348383
23932437,222189465
23932437,18560146
23932437,8524892
23932437,10017542
23932437,34655603
23932437,8806412
23932437,25487201
23932437,87701473
23932437,61193820
23932437,617792318
23932437,42712551
23932437,87777436
23932437,80374332
23932437,79320096
23932437,207507805
23932437,204881628
23932437,1178011
23932437,7557352
23932437,84281104
23932437,15861355
23932437,84402174
23932437,38237581
23932437,360685668
23932437,23756134
23932437,426159377
23932437,160798206
23932437,192589455
23932437,15072071
23932437,253167239
23932437,18938646
23932437,26538229
23932437,16581604
23932437,25073877
23932437,1330457336
23932437,1364930179
23932437,83466368
23932437,15246621
23932437,19739279
23932437,178030568
23932437,54619128
23932437,389551062
23932437,1000858711
23932437,478764692
23932437,192533447
23932437,79713282
23932437,374100286
23932437,95362046
23932437,325067718
23932437,236428904
23932437,28072028
23932437,215412415
23932437,273294289
23932437,93694952
23932437,315002750
23932437,18498217
23932437,15723281
23932437,104222894
23932437,2836421
23932437,19394887
23932437,155659213
23932437,8665572
23932437,49781518
23932437,28706024
23932437,21447363
23932437,133808487
23932437,19706851
23932437,367721245
23932437,41484177
23932437,1118521
23932437,103349310
23932437,59736898
23932437,303332432
23932437,15281391
23932437,69620713
23932437,22948591
23932437,87460291
23932437,16732770
23932437,35002876
23932437,59486068
23932437,217636406
23932437,278489242
23932437,278485885
23932437,278486349
23932437,278487148
23932437,17469289
23932437,27707080
23932437,18676177
23932437,14569869
23932437,11620792
23932437,15935591
23932437,94682674
23932437,168857946
23932437,278691695
23932437,56413858
23932437,19407053
23932437,17622474
23932437,36990709
23932437,214620546
23932437,96206175
23932437,11856142
23932437,28337697
23932437,56810507
23932437,18639734
23932437,42889650
23932437,15112249
23932437,51241574
23932437,16334857
23932437,277495114
23932437,17006157
23932437,18949452
23932437,20562637
23932437,16343974
23932437,205789121
23932437,67358777
23932437,15438913
23932437,16184358
23932437,14138785
23932437,6107422
23932437,15764136
23932437,788524
23932437,1877831
23932437,612473
23932437,90889951
23932437,113308086
23932437,16589206
23932437,14499829
23932437,33933259
23932437,14293310
23932437,20609518
23932437,1017248904
23932437,14159148
23932437,2097571
23932437,2467791
23932437,32353291
23932437,65390209
23932437,51394998
23932437,32359921
23932437,19910996
23932437,395388847
23932437,61127928
23932437,31565129
23932437,17693232
23932437,14995420
23932437,7587032
23932437,19709089
23932437,182593710
23932437,215291813
23932437,16001494
23932437,595184823
23932437,37564410
23932437,18994600
23932437,18211502
23932437,27761886
23932437,15897179
23932437,131995760
23932437,99412732
23932437,517669608
23932437,589464808
23932437,30818980
23932437,243318995
23932437,16632149
23932437,21783395
23932437,2561091
23932437,103822964
23932437,621523
23932437,14208474
23932437,94081671
23932437,998006845
23932437,742143
23932437,27860681
23932437,168536998
23932437,25535042
23932437,91478624
23932437,16631693
23932437,124139163
23932437,15392221
23932437,19921389
23932437,20448566
23932437,20856282
23932437,25053299
23932437,10810102
23932437,15110357
23932437,19889294
23932437,26276346
23932437,14758257
23932437,23585685
23932437,155520880
23932437,43869790
23932437,282066539
23932437,300324966
23932437,263678339
23932437,428333
23932437,5402612
23932437,813286
23932437,19281286
23932437,29214466
23932437,111751532
23932437,15391813
23932437,410359766
23932437,388275454
23932437,545127556
23932437,526835661
23932437,859367556
23932437,538828241
23932437,769636392
23932437,227755413
23932437,5988062
23932437,3108351
23932437,17163446
23932437,19247625
23932437,10202342
23932437,14886375
23932437,17784293
23932437,14216123
23932437,8161232
23932437,19789294
23932437,624413
23932437,24241544
23932437,121773752
23932437,612643025
23932437,683293
23932437,19186180
23932437,15683146
23932437,807095
23932437,493024884
23932437,19224439
23932437,28445389
23932437,17825445
23932437,78323166
23932437,213073821
23932437,393543120
23932437,28785486
23932437,1367531
23932437,759251
23932437,69709217
23932437,288980311
23932437,157771747
23932437,325109244
23932437,31237480
23932437,17311493
23932437,148710424
23932437,29733243
23932437,201205372
23932437,722863
23932437,185914495
23932437,48063477
23932437,1652541
23932437,16854780
23932437,59516424
23932437,19033555
23932437,82340067
23932437,46002311
23932437,19766386
23932437,50393960
23932437,18075140
23932437,17884125
23932437,19836823
23932437,9640682
23932437,19350014
23932437,19394367
23932437,12039522
23932437,24892754
23932437,23697798
