2412153603,43549515
2412153603,3052569629
2412153603,18135386
2412153603,2469393976
2412153603,979255208
2412153603,899106398
2412153603,906621218
2412153603,1109986592
2412153603,3152410256
2412153603,3304051540
2412153603,2734095318
2412153603,213748513
2412153603,234047731
2412153603,262700822
2412153603,455304067
2412153603,2433341305
2412153603,2432739211
2412153603,224359740
2412153603,355666958
2412153603,59338142
2412153603,2983476002
2412153603,75094638
2412153603,18737480
2412153603,2835594983
2412153603,250349686
2412153603,78322121
2412153603,3889816312
2412153603,20380673
2412153603,271658840
2412153603,304411861
2412153603,287906361
2412153603,2445809510
2412153603,78323166
2412153603,2409586687
2412153603,368711188
2412153603,14333754
2412153603,1968654061
2412153603,190638448
2412153603,163036123
2412153603,54502344
2412153603,29679737
2412153603,2893429761
2412153603,156201765
2412153603,100339264
2412153603,26533167
2412153603,101085539
2412153603,481358781
2412153603,20137281
2412153603,347308543
2412153603,761139074
2412153603,2831859546
2412153603,2214829056
2412153603,29777162
2412153603,3376281958
2412153603,171137221
2412153603,2530077528
2412153603,489676860
2412153603,3397209695
2412153603,3163375553
2412153603,1258919365
2412153603,423384542
2412153603,710782219
2412153603,896048634
2412153603,543128024
2412153603,963558768
2412153603,856540429
2412153603,180463340
2412153603,172761257
2412153603,15683146
2412153603,15714836
2412153603,3435554571
2412153603,3398559935
2412153603,948552829
2412153603,17006157
2412153603,491221839
2412153603,1192644307
2412153603,2273283384
2412153603,140896647
2412153603,492332909
2412153603,8665852
2412153603,3022068155
2412153603,157981564
2412153603,169426475
2412153603,124690469
2412153603,2292454922
2412153603,35756077
2412153603,26570717
2412153603,1470196976
2412153603,17467699
2412153603,15728184
2412153603,224382700
2412153603,2785796079
2412153603,442960512
2412153603,2786952624
2412153603,203032652
2412153603,1558141890
2412153603,26775098
2412153603,97013989
2412153603,716118847
2412153603,2422263048
2412153603,2596266973
2412153603,897624570
2412153603,2609981514
2412153603,280523651
2412153603,428952434
2412153603,82868244
2412153603,19712523
2412153603,19862721
2412153603,2325702414
2412153603,368214297
2412153603,1851818209
2412153603,2783759483
2412153603,960385916
2412153603,119678702
2412153603,1735563668
2412153603,304967668
2412153603,233501335
2412153603,2977901645
2412153603,14857290
2412153603,259925559
2412153603,26589987
2412153603,94166168
2412153603,180733809
2412153603,47156870
2412153603,33288061
2412153603,17494015
2412153603,18049879
2412153603,166137905
2412153603,226531436
2412153603,326436574
2412153603,124987510
2412153603,2253618582
2412153603,22751979
2412153603,218148412
2412153603,2434287798
2412153603,40872043
2412153603,2361060620
2412153603,2470176061
2412153603,33933259
2412153603,20646711
2412153603,92367751
2412153603,1332347491
2412153603,2218698223
2412153603,69292432
2412153603,172118221
2412153603,21182676
2412153603,31237480
2412153603,47617770
2412153603,1229589805
2412153603,290242177
2412153603,633110904
2412153603,257448144
2412153603,973384460
2412153603,22903765
2412153603,288333760
2412153603,14836197
2412153603,42220353
2412153603,17329538
2412153603,105587576
2412153603,1273844659
2412153603,19133738
2412153603,16664803
2412153603,26266891
2412153603,61457123
2412153603,1339835893
2412153603,1662057727
2412153603,1062774396
2412153603,557379987
2412153603,1623999062
2412153603,51866082
2412153603,92651498
2412153603,175083215
2412153603,820521182
2412153603,22518487
2412153603,197172711
2412153603,19186180
2412153603,505089852
2412153603,85908999
2412153603,19394887
2412153603,151412125
2412153603,452155423
2412153603,15095537
2412153603,5162861
2412153603,30863156
2412153603,1690412382
2412153603,524582962
2412153603,2412217840
2412153603,138749160
2412153603,14138785
2412153603,34713362
2412153603,18949452
2412153603,67358777
2412153603,91478624
2412153603,5988062
2412153603,3108351
2412153603,2467791
2412153603,612473
2412153603,788524
2412153603,6107422
2412153603,16343974
2412153603,53493502
2412153603,87818409
2412153603,2097571
2412153603,380648579
2412153603,492288571
2412153603,19686295
2412153603,63136550
2412153603,17693232
2412153603,2435310141
2412153603,70349639
2412153603,19713622
2412153603,2198245614
2412153603,2471104392
2412153603,17465506
2412153603,106749350
2412153603,83960701
2412153603,19902133
2412153603,110701138
2412153603,39968879
2412153603,33570331
2412153603,103012258
2412153603,87287360
2412153603,312867516
2412153603,246394527
2412153603,17087193
2412153603,22037917
2412153603,130556561
2412153603,23317513
2412153603,16008305
2412153603,20450814
2412153603,8536272
2412153603,115669046
2412153603,253596470
2412153603,22787889
2412153603,391953402
2412153603,24663531
2412153603,87259922
2412153603,47319664
2412153603,22906929
2412153603,31892440
2412153603,14594813
2412153603,58269515
2412153603,67659557
2412153603,1361619691
2412153603,2957127076
2412153603,1358283624
2412153603,16193578
2412153603,126084292
2412153603,15085196
2412153603,24775410
2412153603,14557257
2412153603,153750117
2412153603,7831092
2412153603,71350774
2412153603,1389624392
2412153603,1603111440
2412153603,19867777
2412153603,22780877
2412153603,24915307
2412153603,2622856560
2412153603,87460291
2412153603,19019970
2412153603,277495114
2412153603,17884125
2412153603,16631693
2412153603,1803591
2412153603,5731642
2412153603,130837695
2412153603,2802047535
2412153603,2675224170
2412153603,15662133
2412153603,26208862
2412153603,2198501063
2412153603,194209753
2412153603,132887265
2412153603,1620369409
2412153603,1401822553
2412153603,92355918
2412153603,203041769
2412153603,527089292
2412153603,470683929
2412153603,323319539
2412153603,26235265
2412153603,27650674
2412153603,21764143
2412153603,821045162
2412153603,14918367
2412153603,159062306
2412153603,124476322
2412153603,19106719
2412153603,18909186
2412153603,45621423
2412153603,72484859
2412153603,202254708
2412153603,8806412
2412153603,117738258
2412153603,60912221
2412153603,1456769450
2412153603,967033915
2412153603,25103967
2412153603,7212562
2412153603,28535982
2412153603,6449282
2412153603,260907612
2412153603,78084813
2412153603,5920532
2412153603,22536055
2412153603,14589119
2412153603,56377143
2412153603,16517711
2412153603,40019154
2412153603,17595890
2412153603,19264748
2412153603,16631801
2412153603,16631331
2412153603,16632149
2412153603,8081882
2412153603,15391813
2412153603,16632219
2412153603,395388847
2412153603,23585685
2412153603,19889294
2412153603,94081671
2412153603,15392221
2412153603,21783395
2412153603,16451028
2412153603,8665572
2412153603,94123869
2412153603,36184220
2412153603,82588298
2412153603,274274222
2412153603,53628898
2412153603,93150443
2412153603,101743223
2412153603,18332190
2412153603,106062176
2412153603,8279892
2412153603,36054262
2412153603,19199075
2412153603,8728392
2412153603,40938530
2412153603,18615027
2412153603,1542862735
2412153603,7849082
2412153603,16629918
2412153603,38676903
2412153603,22904901
2412153603,14363353
2412153603,19110632
2412153603,15932734
2412153603,19663485
2412153603,28966604
2412153603,290762891
2412153603,25535042
2412153603,127680499
2412153603,48332360
2412153603,44886859
2412153603,11856482
2412153603,9676212
2412153603,16211434
2412153603,16365636
2412153603,1774391
2412153603,15066760
2412153603,174377718
2412153603,173992307
2412153603,5402612
2412153603,7587032
2412153603,42900697
2412153603,16576447
2412153603,100214189
2412153603,1278731
2412153603,51004460
2412153603,464960186
2412153603,412237956
2412153603,251716551
2412153603,43869790
2412153603,21856114
2412153603,253508662
2412153603,242346557
2412153603,23046336
2412153603,21447363
2412153603,1704998570
2412153603,142204481
2412153603,19814175
2412153603,19397785
2412153603,76169169
2412153603,96287167
2412153603,551497465
2412153603,500711588
2412153603,46012855
2412153603,1287886188
2412153603,1114607678
2412153603,109347321
2412153603,47475621
2412153603,184910040
2412153603,268439864
2412153603,106854950
2412153603,19248106
2412153603,35094637
2412153603,73576985
2412153603,620884480
2412153603,19921389
2412153603,807095
2412153603,14293310
2412153603,20609518
2412153603,965741665
2412153603,1361619708
2412153603,36710301
2412153603,74780985
2412153603,26276346
2412153603,127928977
2412153603,17311493
2412153603,41878061
2412153603,124139163
2412153603,10228272
2412153603,21390674
2412153603,50393960
2412153603,205915163
2412153603,23263743
2412153603,2561091
2412153603,551177934
2412153603,17163446
2412153603,21389998
2412153603,21288364
2412153603,205221227
2412153603,114458997
2412153603,65331253
2412153603,813286
2412153603,80655102
2412153603,114990575
2412153603,136493320
2412153603,177736182
2412153603,257666657
2412153603,14502789
2412153603,214791922
2412153603,365836076
2412153603,21811849
2412153603,167116627
2412153603,128551843
2412153603,14758257
2412153603,344801362
2412153603,22910295
2412153603,14872237
2412153603,153067700
2412153603,1155233203
2412153603,596940844
2412153603,21390437
2412153603,23480698
2412153603,120420865
2412153603,280582344
2412153603,141052723
2412153603,240456162
2412153603,155659213
2412153603,92064857
2412153603,22957651
2412153603,97019983
2412153603,19903099
2412153603,22608463
2412153603,107472906
2412153603,151516135
2412153603,25063768
2412153603,23007825
2412153603,9459622
2412153603,120139249
2412153603,911098490
2412153603,547533275
2412153603,574864793
2412153603,139358414
2412153603,1335291374
2412153603,1940440321
2412153603,277986320
2412153603,26732418
2412153603,771383605
