242015547,3313457320
242015547,1221138128
242015547,1615685677
242015547,219672520
242015547,10361342
242015547,2455459969
242015547,91405111
242015547,715579207
242015547,186186969
242015547,237633842
242015547,605744328
242015547,526742987
242015547,76889928
242015547,28785486
242015547,37281164
242015547,98639150
242015547,222547337
242015547,289276886
242015547,7682502
242015547,14180021
242015547,20043573
242015547,77006492
242015547,408877299
242015547,21112266
242015547,948552829
242015547,14333754
242015547,22511452
242015547,2782330551
242015547,135579914
242015547,396771828
242015547,123826346
242015547,757075250
242015547,4053972436
242015547,1291576537
242015547,3750066742
242015547,47936941
242015547,432402655
242015547,1674277502
242015547,362557435
242015547,2823683446
242015547,29422232
242015547,4898091
242015547,2205681944
242015547,454395581
242015547,272102924
242015547,50589015
242015547,3422617395
242015547,368196789
242015547,20794341
242015547,3044738957
242015547,2994469282
242015547,17654763
242015547,766051548
242015547,17672825
242015547,47624589
242015547,498086098
242015547,3545633535
242015547,1662057727
242015547,14946308
242015547,19713622
242015547,19472578
242015547,3309770109
242015547,3336721763
242015547,3376281958
242015547,22384691
242015547,16569045
242015547,1567041686
242015547,70349639
242015547,19488569
242015547,17169390
242015547,277495114
242015547,17063215
242015547,87460291
242015547,19334929
242015547,25535042
242015547,23585685
242015547,12497362
242015547,19650966
242015547,17884125
242015547,1142859176
242015547,23640660
242015547,26276346
242015547,16451028
242015547,15392221
242015547,19921389
242015547,21783395
242015547,16632149
242015547,8665572
242015547,15005991
242015547,24241544
242015547,19019970
242015547,20560841
242015547,78323166
242015547,1968654061
242015547,836337432
242015547,31237480
242015547,17311493
242015547,19689047
242015547,3248006224
242015547,16973333
242015547,377271982
242015547,113047940
242015547,128216887
242015547,1536791610
242015547,1088748559
242015547,2188819951
242015547,65045121
242015547,1598007750
242015547,25983275
242015547,3016185331
242015547,53832621
242015547,2969760609
242015547,86129724
242015547,1369316678
242015547,395218906
242015547,19075873
242015547,20809515
242015547,42137252
242015547,492288571
242015547,492332909
242015547,2905232597
242015547,18135386
242015547,1690412382
242015547,147277903
242015547,15935242
242015547,35865555
242015547,85908999
242015547,23011527
242015547,69988809
242015547,14293310
242015547,110213431
242015547,257332880
242015547,1856512344
242015547,427288938
242015547,109919466
242015547,39889387
242015547,43913423
242015547,2654842206
242015547,17624543
242015547,14746456
242015547,302152200
242015547,29097819
242015547,934175066
242015547,129863001
242015547,273614001
242015547,1644228493
242015547,19889294
242015547,94081671
242015547,395388847
242015547,2561091
242015547,2846613939
242015547,1541554483
242015547,183622298
242015547,19287037
242015547,53347647
242015547,200267797
242015547,36329597
242015547,245074453
242015547,109601997
242015547,138212728
242015547,128262354
242015547,261756434
242015547,14119371
242015547,77103484
242015547,54973156
242015547,53778621
242015547,52491475
242015547,157684872
242015547,47491330
242015547,62917505
242015547,2752037400
242015547,18164632
242015547,1070877486
242015547,88708920
242015547,23424509
242015547,428140124
242015547,25048816
242015547,2975678883
242015547,2292454922
242015547,15329104
242015547,2566535282
242015547,124690469
242015547,242836537
242015547,97190495
242015547,13353862
242015547,122133343
242015547,8460572
242015547,8350912
242015547,68440549
242015547,31444568
242015547,103821088
242015547,38142665
242015547,38395124
242015547,51755694
242015547,17872077
242015547,28565356
242015547,17629860
242015547,203688369
242015547,2359926157
242015547,453030125
242015547,15745368
242015547,460163041
242015547,102934369
242015547,47746395
242015547,274724598
242015547,14499829
242015547,343063239
242015547,96117283
242015547,19993635
242015547,215707523
242015547,131216225
242015547,50364803
242015547,14938508
242015547,2804343782
242015547,1292151469
242015547,2817008947
242015547,1406343474
242015547,793424089
242015547,300845635
242015547,2790518743
242015547,61780365
242015547,831466231
242015547,93687642
242015547,939709500
242015547,36670025
242015547,339904916
242015547,380648579
242015547,19528036
242015547,17007639
242015547,452797535
242015547,42604302
242015547,251795911
242015547,14589119
242015547,2447034603
242015547,586727262
242015547,18814998
242015547,48457183
242015547,29701712
242015547,38021678
242015547,2280470022
242015547,16717501
242015547,1427532553
242015547,626685799
242015547,19106719
242015547,90275200
242015547,794511932
242015547,1557315432
242015547,220696831
242015547,934027824
242015547,624031250
242015547,17776811
242015547,18576537
242015547,2671771529
242015547,354976932
242015547,133629419
242015547,2583793904
242015547,238185915
242015547,2513303377
242015547,2174027330
242015547,2385561290
242015547,2497155462
242015547,1400804851
242015547,1630896181
242015547,2226076303
242015547,102482331
242015547,258269139
242015547,199196447
242015547,80803819
242015547,158342368
242015547,42434332
242015547,2483969935
242015547,17346552
242015547,131574396
242015547,23965121
242015547,471043792
242015547,75995328
242015547,2237735060
242015547,83795099
242015547,169426475
242015547,62442994
242015547,11702292
242015547,17675072
242015547,24150634
242015547,157981564
242015547,376819013
242015547,198618575
242015547,151129739
242015547,44091448
242015547,92993433
242015547,122685408
242015547,2207788292
242015547,633794939
242015547,153810519
242015547,8775672
242015547,15647676
242015547,66369181
242015547,30313925
242015547,205622130
242015547,120233868
242015547,15007149
242015547,9624742
242015547,255471924
242015547,957306920
242015547,187480779
242015547,1330457336
242015547,1339835893
242015547,85590185
242015547,66492948
242015547,2216124726
242015547,19500405
242015547,101996227
242015547,349816997
242015547,127814172
242015547,408621848
242015547,62558322
242015547,133945128
242015547,109966402
242015547,745120236
242015547,16153562
242015547,14159148
242015547,69231187
242015547,14700316
242015547,420882631
242015547,3423961
242015547,253004443
242015547,15944663
242015547,18650093
242015547,130596773
242015547,15173859
242015547,17808151
242015547,190773853
242015547,19234681
242015547,80617430
242015547,205887871
242015547,133929829
242015547,131935861
242015547,249013720
242015547,481907279
242015547,1252764865
242015547,1371618385
242015547,1634854514
242015547,47813521
242015547,1196841164
242015547,378273223
242015547,27966935
242015547,701022607
242015547,177335434
242015547,18549724
242015547,122994639
242015547,15010349
242015547,14291684
242015547,61781260
242015547,14700117
242015547,103065157
242015547,6467332
242015547,88618641
242015547,424127411
242015547,14224719
242015547,39114551
242015547,5695032
242015547,300454479
242015547,297356383
242015547,2152281685
242015547,269976910
242015547,1142925870
242015547,375694319
242015547,308365572
242015547,248567459
242015547,10194682
242015547,21671498
242015547,1344951
242015547,972651
242015547,14068364
242015547,16664681
242015547,126681958
242015547,59159771
242015547,4207961
242015547,15978412
242015547,23839835
242015547,16076032
242015547,20182089
242015547,15469170
242015547,18449418
242015547,83815526
242015547,549275299
242015547,273507620
242015547,1853896891
242015547,187042474
242015547,198829810
242015547,1244357988
242015547,10012122
242015547,43151372
242015547,801488568
242015547,414861636
242015547,229129507
242015547,87818409
242015547,1994321
242015547,347995523
242015547,22240612
242015547,1641954204
242015547,418582335
242015547,95023423
242015547,299214120
242015547,320268953
242015547,594165221
242015547,38640768
242015547,305616818
242015547,211918976
242015547,119844526
242015547,14236823
242015547,434952781
242015547,239908313
242015547,124125624
242015547,514728636
242015547,104628223
242015547,107716721
242015547,15078495
242015547,295567425
242015547,20155417
242015547,17815546
242015547,181328558
242015547,240731237
242015547,78285530
242015547,244185782
242015547,584752731
242015547,567389065
242015547,140118545
242015547,166241249
242015547,70911174
242015547,262643542
242015547,942203834
242015547,130185762
242015547,402898437
242015547,33544352
242015547,80024060
242015547,14940354
242015547,17839398
242015547,51791266
242015547,621695114
242015547,83337141
242015547,95431448
242015547,58491989
242015547,214038312
242015547,51806144
242015547,284413920
242015547,1257234590
242015547,211795932
242015547,17965523
242015547,122717010
242015547,325025077
242015547,10274252
242015547,11904592
242015547,368305315
242015547,246341341
242015547,252500135
242015547,346867615
242015547,301989880
242015547,393012194
242015547,74208695
242015547,460386348
242015547,740841738
242015547,83591549
242015547,1254385076
242015547,74694540
242015547,158201610
242015547,15438079
242015547,18856867
242015547,113420831
242015547,278521747
242015547,59699395
242015547,43294406
242015547,257843985
242015547,500600786
242015547,262704326
242015547,242388012
242015547,9300262
242015547,17198327
242015547,242755940
242015547,518440115
242015547,636945261
242015547,595728565
242015547,535153760
242015547,276397899
242015547,18372871
242015547,595384734
242015547,22896107
242015547,245080299
242015547,82358231
242015547,266641960
242015547,102753674
242015547,17805472
242015547,525416576
242015547,36020111
242015547,351439314
242015547,272932653
242015547,59396498
242015547,731573
242015547,13668082
242015547,24744541
242015547,157972761
242015547,319285743
242015547,868301383
242015547,70757523
242015547,460005853
242015547,249364151
242015547,294756138
242015547,312919152
242015547,194934827
242015547,16777682
242015547,379084818
242015547,367081714
242015547,243331911
242015547,110419154
242015547,78864249
242015547,312562703
242015547,37883400
242015547,198847178
242015547,17006157
242015547,186457433
242015547,78863928
242015547,268470229
242015547,16435631
242015547,248317578
242015547,248104475
242015547,14436317
242015547,14371600
242015547,19292516
242015547,22366636
242015547,16276054
242015547,15565721
242015547,65384380
242015547,189376144
242015547,403731744
242015547,324060368
242015547,256172497
242015547,368889720
242015547,460517052
242015547,330660169
242015547,771678673
242015547,789758492
242015547,254177137
242015547,378035342
242015547,157265223
242015547,50908485
242015547,184865048
242015547,80899853
242015547,603172200
242015547,832928402
242015547,570674414
242015547,501093281
242015547,796684728
242015547,222779646
242015547,475585621
242015547,595548192
242015547,265288576
242015547,208158262
242015547,9379912
242015547,169874262
242015547,65369125
242015547,65385285
242015547,259203746
242015547,254095456
242015547,69060709
242015547,872056664
242015547,111068632
242015547,367579541
242015547,102095809
242015547,381583235
242015547,253017888
242015547,38643752
242015547,30904954
242015547,241147024
242015547,36378198
242015547,278977246
242015547,266601231
242015547,38966126
242015547,380808030
242015547,39900534
242015547,117341231
242015547,16935292
242015547,742143
242015547,14436030
242015547,26792275
242015547,428333
242015547,305514503
242015547,11162772
242015547,74453123
242015547,249738912
242015547,27854312
242015547,25122127
242015547,208061846
242015547,293594507
242015547,13347852
242015547,26729931
242015547,258996973
242015547,21667065
242015547,19923515
242015547,111933542
242015547,18770969
242015547,148748195
242015547,18986463
242015547,262872637
242015547,386078487
242015547,76914701
242015547,16084460
242015547,144547999
242015547,131659930
242015547,94026873
242015547,89148725
242015547,245792560
242015547,229078716
242015547,234278716
242015547,306414975
242015547,28877035
242015547,51152908
242015547,69181624
242015547,4186931
242015547,5988062
242015547,90991130
242015547,485096299
242015547,430885803
242015547,94361315
242015547,105082141
242015547,779977
242015547,1614411
242015547,11419202
242015547,90725961
242015547,8077952
242015547,17185251
242015547,94287024
242015547,42702612
242015547,27819458
242015547,19226763
242015547,160708074
242015547,21982720
242015547,111691454
242015547,271067527
242015547,86098770
242015547,187102833
242015547,237785501
242015547,113654639
242015547,22811495
242015547,210766314
242015547,15973392
242015547,317817664
242015547,310402731
242015547,479485776
242015547,93840217
242015547,282118003
242015547,535252504
242015547,503606585
242015547,305706437
242015547,15399503
242015547,201486450
242015547,52823380
242015547,29691642
242015547,436016566
242015547,248799617
242015547,307891015
242015547,306062737
242015547,248447552
242015547,39219494
242015547,1652541
242015547,5402612
242015547,4970411
242015547,14075928
242015547,5392522
242015547,14606079
242015547,14511951
242015547,244490169
242015547,64019370
242015547,276536888
242015547,275092488
242015547,229056495
242015547,138814032
242015547,128637475
242015547,100731315
242015547,130475953
242015547,302065755
242015547,186169576
242015547,292930091
242015547,807095
242015547,552999106
242015547,215830623
242015547,482086200
242015547,16589206
242015547,1877831
242015547,399528481
242015547,255988123
242015547,6017542
242015547,364528766
242015547,190340069
242015547,14412844
242015547,8936082
242015547,16326868
242015547,161629977
242015547,276075104
242015547,2330551
242015547,14396748
242015547,404353275
242015547,210878771
242015547,255128543
242015547,138504565
242015547,250620677
242015547,57986415
242015547,27658009
242015547,279649054
242015547,244480058
242015547,551970102
242015547,243608028
242015547,34688282
242015547,15889916
242015547,15110431
242015547,23791197
242015547,31090827
242015547,251290516
242015547,6293912
242015547,94315263
242015547,254446382
242015547,301388743
242015547,14677919
242015547,19534873
242015547,399453864
242015547,259713560
242015547,239733754
242015547,345831392
242015547,121859642
242015547,136211988
242015547,56331789
242015547,304910514
242015547,39318039
242015547,20577000
242015547,255979892
242015547,24870470
242015547,382675361
242015547,301928168
242015547,269300427
242015547,17004618
242015547,788524
242015547,33525434
242015547,196994616
242015547,3108351
242015547,17676713
242015547,30697822
242015547,38381308
242015547,17229160
242015547,230538685
242015547,94334247
242015547,493212551
242015547,51241574
242015547,294289246
242015547,18717943
242015547,535707261
242015547,17804824
242015547,11113302
242015547,273295844
242015547,245450398
242015547,104695425
242015547,16012783
242015547,778057
242015547,136419914
242015547,19552576
242015547,41716273
242015547,58417540
242015547,7996082
