2429013351,18221807
2429013351,73938281
2429013351,410309718
2429013351,181637383
2429013351,3020789686
2429013351,2966661843
2429013351,3352447852
2429013351,22827600
2429013351,26276346
2429013351,1689502711
2429013351,281531804
2429013351,17464466
2429013351,3290045254
2429013351,2722220963
2429013351,2446454486
2429013351,348678767
2429013351,2317021826
2429013351,2697807948
2429013351,2528068106
2429013351,2503675961
2429013351,3292930541
2429013351,3978991894
2429013351,2494778947
2429013351,4404463643
2429013351,355539247
2429013351,2445473329
2429013351,65647594
2429013351,854746633
2429013351,1296272568
2429013351,3492986428
2429013351,3378982359
2429013351,2973397204
2429013351,174759528
2429013351,2862927471
2429013351,2286938682
2429013351,1411044745
2429013351,3291283404
2429013351,385993035
2429013351,2364779919
2429013351,2778800147
2429013351,3101856809
2429013351,2578943545
2429013351,3888280996
2429013351,2934925383
2429013351,2223284395
2429013351,3324994546
2429013351,526515434
2429013351,3094137928
2429013351,3603891976
2429013351,1149067712
2429013351,547755052
2429013351,2909779361
2429013351,1226036042
2429013351,4022734221
2429013351,2792230810
2429013351,1620593089
2429013351,1715144462
2429013351,2186004770
2429013351,1342442160
2429013351,3696839477
2429013351,3298300288
2429013351,3480658883
2429013351,2314223534
2429013351,2523005519
2429013351,2606883968
2429013351,434239431
2429013351,2916746943
2429013351,2324102898
2429013351,2829410025
2429013351,522527774
2429013351,3387825999
2429013351,2874155200
2429013351,2446810377
2429013351,2190417656
2429013351,3310935250
2429013351,2901046192
2429013351,2347417663
2429013351,2305166340
2429013351,2312066768
2429013351,2512328173
2429013351,3121971443
2429013351,2893370525
2429013351,713318528
2429013351,3491542035
2429013351,536243718
2429013351,3111607433
2429013351,3763646956
2429013351,2872898626
2429013351,3729222933
2429013351,402819011
2429013351,2844065519
2429013351,2718722369
2429013351,255123051
2429013351,22988576
2429013351,328324556
2429013351,2831674984
2429013351,885539280
2429013351,40705534
2429013351,1643009497
2429013351,2654547738
2429013351,1739460145
2429013351,3011153413
2429013351,2803046669
2429013351,3295751990
2429013351,1615981292
2429013351,3383182816
2429013351,1830525626
2429013351,3090601422
2429013351,2259537936
2429013351,611635133
2429013351,3362339902
2429013351,2885843620
2429013351,2835513527
2429013351,1640169925
2429013351,216524394
2429013351,2857270821
2429013351,2415019964
2429013351,1086618649
2429013351,2918476342
2429013351,424579579
2429013351,2492679267
2429013351,2165576985
2429013351,31702589
2429013351,3337961734
2429013351,3332558709
2429013351,2410323981
2429013351,2369308675
2429013351,2174683830
2429013351,475196581
2429013351,1581599424
2429013351,1886185832
2429013351,2354136670
2429013351,2968404286
2429013351,1465157352
2429013351,2892368495
2429013351,1119041263
2429013351,3056637015
2429013351,1707855049
2429013351,2979781091
2429013351,121167080
2429013351,41475613
2429013351,3128393984
2429013351,2785372887
2429013351,2921477950
2429013351,3159100239
2429013351,29833593
2429013351,3065040861
2429013351,2521079039
2429013351,2717147645
2429013351,3084904960
2429013351,2893939156
2429013351,2371273645
2429013351,2572633798
2429013351,2407547790
2429013351,3040161302
2429013351,2252486828
2429013351,1678269348
2429013351,1705792238
2429013351,2807746384
2429013351,2943080740
2429013351,2378808824
2429013351,1393084334
2429013351,471436748
2429013351,2839955889
2429013351,2981591783
2429013351,2923180944
2429013351,2671256941
2429013351,2908377789
2429013351,2918454047
2429013351,1420429424
2429013351,74426840
2429013351,2215648223
2429013351,1301035782
2429013351,2179645757
2429013351,2558696777
2429013351,575595296
2429013351,19923144
2429013351,1962361700
2429013351,2310591838
2429013351,379879833
2429013351,1219289690
2429013351,143257853
2429013351,1289561905
2429013351,1436135148
2429013351,2519904598
2429013351,1596451483
2429013351,2862684865
2429013351,707253140
2429013351,2852575601
2429013351,2312688462
2429013351,2275770826
2429013351,2834539449
2429013351,616656015
2429013351,332216503
2429013351,493297421
2429013351,1914375602
2429013351,2696105329
2429013351,2326082742
2429013351,2763210760
2429013351,509272646
2429013351,322623231
2429013351,2506148278
2429013351,2391463027
2429013351,417416922
2429013351,2235115284
2429013351,2465208704
2429013351,635523304
2429013351,2216001578
2429013351,1858564782
2429013351,1652773874
2429013351,461554847
2429013351,1947917382
2429013351,140070953
2429013351,627673190
2429013351,2389507585
2429013351,1932487076
2429013351,1458178333
2429013351,1531724503
2429013351,546938873
2429013351,513540825
2429013351,2217205031
2429013351,571964518
2429013351,1707716779
2429013351,1613767478
2429013351,1625549636
2429013351,2450418950
2429013351,799248193
2429013351,16548023
2429013351,1941802146
2429013351,21390674
2429013351,1380395870
2429013351,2187701339
2429013351,434111153
2429013351,2380620020
2429013351,2431910317
2429013351,449816746
2429013351,1633963363
2429013351,61457123
2429013351,1864027603
2429013351,2419238334
2429013351,2405214733
2429013351,569212404
2429013351,1725933391
2429013351,2350785614
2429013351,359276111
2429013351,1477349712
2429013351,2277415955
2429013351,2180411690
2429013351,20322929
2429013351,336774172
2429013351,1726687520
2429013351,1628868990
2429013351,937523796
2429013351,1355469192
