2432238138,18761347
2432238138,7109022
2432238138,33611395
2432238138,14341277
2432238138,2388477227
2432238138,104205059
2432238138,405123394
2432238138,18730195
2432238138,17308753
2432238138,3375539026
2432238138,4644839074
2432238138,3102292899
2432238138,4203391948
2432238138,22425307
2432238138,965741665
2432238138,6692952
2432238138,25190574
2432238138,65466158
2432238138,1097836022
2432238138,214125777
2432238138,220995331
2432238138,1950188826
2432238138,19600252
2432238138,242000903
2432238138,82381798
2432238138,21195865
2432238138,365088244
2432238138,12543242
2432238138,14598850
2432238138,19451823
2432238138,14426349
2432238138,16490124
2432238138,394600810
2432238138,66834664
2432238138,19265059
2432238138,21707734
2432238138,948552829
2432238138,572470115
2432238138,63136550
2432238138,19620708
2432238138,150677740
2432238138,22007357
2432238138,25268679
2432238138,20058825
2432238138,1311558655
2432238138,230250992
2432238138,64243525
2432238138,46805224
2432238138,95103940
2432238138,19973332
2432238138,128636885
2432238138,42626527
2432238138,20794341
2432238138,291792721
2432238138,955063303
2432238138,18774020
2432238138,26281917
2432238138,71903005
2432238138,1142859176
2432238138,117110737
2432238138,608167078
2432238138,19291928
2432238138,22941152
2432238138,17213053
2432238138,257082921
2432238138,71843505
2432238138,50287595
2432238138,1013400612
2432238138,1480749782
2432238138,34352191
2432238138,2903715045
2432238138,19910996
2432238138,3138341447
2432238138,597531176
2432238138,14599507
2432238138,1029218840
2432238138,2835594983
2432238138,23640660
2432238138,18227783
2432238138,20380673
2432238138,19650966
2432238138,18075140
2432238138,2994469282
2432238138,8665852
2432238138,268208070
2432238138,3728671401
2432238138,21407241
2432238138,272358339
2432238138,3483917657
2432238138,71530380
2432238138,25155186
2432238138,2262898614
2432238138,2285292157
2432238138,20301010
2432238138,700528695
2432238138,1450870195
2432238138,43346844
2432238138,19391470
2432238138,18920461
2432238138,16664803
2432238138,2902138622
2432238138,3044738957
2432238138,16349463
2432238138,238327175
2432238138,2341855290
2432238138,312341849
2432238138,74473873
2432238138,813909716
2432238138,2236607947
2432238138,369002891
2432238138,794110602
2432238138,783204546
2432238138,1773321
2432238138,204422438
2432238138,20255778
2432238138,254235974
2432238138,32420106
2432238138,30362529
2432238138,1255030290
2432238138,11862072
2432238138,60916506
2432238138,43625680
2432238138,10799642
2432238138,357588709
2432238138,47903269
2432238138,1020848227
2432238138,18966867
2432238138,1462190917
2432238138,2196073756
2432238138,49938269
2432238138,103018864
2432238138,2200784754
2432238138,82054005
2432238138,396894374
2432238138,651433
2432238138,21769623
2432238138,1007432648
2432238138,17745219
2432238138,24566469
2432238138,25150711
2432238138,106830010
2432238138,52185601
2432238138,19674338
2432238138,23837271
2432238138,19405367
2432238138,54078222
2432238138,121167080
2432238138,1367489305
2432238138,19964864
2432238138,391306391
2432238138,19051022
2432238138,8662472
2432238138,19490380
2432238138,19591633
2432238138,836214343
2432238138,19709089
2432238138,14995420
2432238138,11399812
2432238138,461393205
2432238138,19393233
2432238138,1889832038
2432238138,24688868
2432238138,19405396
2432238138,162089811
2432238138,19611483
2432238138,1213751708
2432238138,17637572
2432238138,3187213815
2432238138,15647676
2432238138,27830610
2432238138,8775672
2432238138,32572068
2432238138,66369181
2432238138,16153562
2432238138,18213483
2432238138,33933259
2432238138,3329528134
2432238138,14700316
2432238138,9624742
2432238138,69231187
2432238138,24787524
2432238138,30313925
2432238138,17626165
2432238138,14159148
2432238138,2539906562
2432238138,20717438
2432238138,813286
2432238138,19722435
2432238138,428333
2432238138,14511951
2432238138,48750532
2432238138,19083439
2432238138,21214421
2432238138,2097571
2432238138,2467791
2432238138,197927483
2432238138,14293310
2432238138,759251
2432238138,5402612
2432238138,86141342
2432238138,1652541
2432238138,51241574
2432238138,28785486
2432238138,1367531
2432238138,15012486
2432238138,457501640
2432238138,14173315
2432238138,6017542
2432238138,191995162
2432238138,19179687
2432238138,633237284
2432238138,39056314
2432238138,288420164
2432238138,51566870
2432238138,3040424454
2432238138,2260244496
2432238138,2435310141
2432238138,548482109
2432238138,305192408
2432238138,313809703
2432238138,2251800770
2432238138,280689114
2432238138,1339585813
2432238138,1382582869
2432238138,485667658
2432238138,998293152
2432238138,1118076962
2432238138,611227644
2432238138,480537028
2432238138,930669439
2432238138,574977622
2432238138,439481875
2432238138,362725644
2432238138,737350147
2432238138,551275401
2432238138,232997874
2432238138,457175975
2432238138,1512207979
2432238138,330952612
2432238138,563093420
2432238138,387637479
2432238138,346139706
2432238138,380523283
2432238138,262519794
2432238138,1485392689
2432238138,1922812615
2432238138,206181302
2432238138,19136302
2432238138,19450907
2432238138,382613598
2432238138,17595890
2432238138,1407892861
2432238138,2306281370
2432238138,40019154
2432238138,63452015
2432238138,73249951
2432238138,19663485
2432238138,237241020
2432238138,38977171
2432238138,86233091
2432238138,16951979
2432238138,21204154
2432238138,90891909
2432238138,23585685
2432238138,22695694
2432238138,231703688
2432238138,61457123
2432238138,1252917283
2432238138,17884125
2432238138,93847902
2432238138,21495291
2432238138,19626386
2432238138,29087407
2432238138,277495114
2432238138,23132159
2432238138,20717237
2432238138,20740074
2432238138,3252462299
2432238138,41601050
2432238138,20044737
2432238138,59102196
2432238138,24784028
2432238138,256577881
2432238138,19784606
2432238138,21768569
2432238138,27486706
2432238138,3376281958
2432238138,24914644
2432238138,17062937
2432238138,22362992
2432238138,222225064
2432238138,17306424
2432238138,17087110
2432238138,17214382
2432238138,17260980
2432238138,25657017
2432238138,101664884
2432238138,1210300506
2432238138,17540625
2432238138,352686923
2432238138,249869615
2432238138,1483024080
2432238138,8976052
2432238138,19356276
2432238138,21817509
2432238138,40705534
2432238138,113714309
2432238138,20511502
2432238138,17159484
2432238138,17776525
2432238138,404590040
2432238138,1600989234
2432238138,35779304
2432238138,18758902
2432238138,19024453
2432238138,24246633
2432238138,2310116088
2432238138,271028583
2432238138,154023356
2432238138,1385049799
2432238138,301697842
2432238138,542923119
2432238138,2249951831
2432238138,19349699
2432238138,19075873
2432238138,19248800
2432238138,22473054
2432238138,361376201
2432238138,109459067
2432238138,1005158101
2432238138,449857467
2432238138,19019970
2432238138,438296720
2432238138,65356757
2432238138,188242820
2432238138,239093860
2432238138,21324165
2432238138,20676778
2432238138,204428144
2432238138,388925556
2432238138,37636997
2432238138,14993191
2432238138,334602996
2432238138,15688023
2432238138,124690469
2432238138,1662057727
2432238138,19292033
2432238138,20712514
2432238138,25535042
2432238138,124139163
2432238138,20885390
2432238138,18729562
2432238138,96109537
2432238138,395388847
2432238138,17163446
2432238138,53149244
2432238138,304329674
2432238138,16631693
2432238138,20164477
2432238138,21783395
2432238138,85908999
2432238138,283038024
2432238138,1690412382
2432238138,22384691
2432238138,72838766
2432238138,14166909
2432238138,742143
2432238138,34713362
2432238138,5988062
2432238138,91478624
2432238138,807095
2432238138,19534202
2432238138,360230512
2432238138,98165330
2432238138,17311493
2432238138,20402945
2432238138,3108351
2432238138,19246359
2432238138,16854780
2432238138,296511906
2432238138,111949306
2432238138,986878273
2432238138,20766350
2432238138,21323268
2432238138,1023139638
2432238138,56093343
2432238138,976185420
2432238138,20627896
2432238138,21417835
2432238138,89273104
2432238138,8665572
2432238138,995854741
2432238138,18847920
2432238138,60633332
2432238138,227802983
2432238138,18135386
2432238138,14691720
2432238138,21510894
2432238138,22176845
2432238138,67412485
2432238138,29267341
2432238138,19458129
2432238138,19033555
2432238138,18679659
2432238138,19184818
2432238138,20597486
2432238138,23694165
2432238138,15683146
2432238138,20884910
2432238138,18944007
2432238138,17980026
2432238138,38400294
2432238138,26266891
2432238138,339064364
2432238138,14562960
2432238138,94081671
2432238138,34076997
2432238138,48302014
2432238138,92088399
2432238138,51167726
2432238138,21527369
2432238138,22321740
2432238138,17487884
2432238138,107562560
2432238138,218653131
2432238138,23263743
2432238138,21309551
2432238138,25573099
2432238138,22900663
2432238138,47930935
2432238138,40319865
2432238138,205974045
2432238138,2043041
2432238138,555416759
2432238138,21112266
2432238138,290263087
2432238138,492288571
2432238138,14856333
2432238138,39349216
2432238138,105898722
2432238138,2197487762
2432238138,20448566
2432238138,54015652
2432238138,18600155
2432238138,17693232
2432238138,21648020
2432238138,761801714
2432238138,97488105
2432238138,19564523
2432238138,182721799
2432238138,328980753
2432238138,12497362
2432238138,1663338932
2432238138,1117046706
2432238138,49781518
2432238138,771383605
2432238138,454843106
2432238138,15005991
2432238138,17087162
2432238138,824153233
2432238138,9896072
2432238138,19186180
2432238138,50257616
2432238138,17063215
2432238138,14270254
2432238138,17169390
2432238138,232855418
2432238138,19415798
2432238138,19472578
2432238138,19566242
2432238138,20583613
2432238138,3310571
2432238138,1615685677
2432238138,14208199
2432238138,2561091
2432238138,19460159
2432238138,19653661
2432238138,26276346
2432238138,517700642
2432238138,167399649
2432238138,15615035
2432238138,16171953
2432238138,1638830521
2432238138,19148184
2432238138,16569045
2432238138,19889294
2432238138,3373791
2432238138,19247625
2432238138,15392221
2432238138,21492030
2432238138,316076492
2432238138,50300579
2432238138,19921389
2432238138,19932481
2432238138,153763519
2432238138,223140937
2432238138,49195175
2432238138,14746456
2432238138,21905142
2432238138,14903044
2432238138,19612753
2432238138,19287037
2432238138,43675318
2432238138,377008435
2432238138,17173144
2432238138,20809515
2432238138,21138477
2432238138,266712846
2432238138,53347647
2432238138,23011527
2432238138,126118232
2432238138,123754656
2432238138,17624959
2432238138,19713622
2432238138,17624543
2432238138,21856254
2432238138,19686295
2432238138,22904901
2432238138,34423857
2432238138,24241544
2432238138,169426475
2432238138,20781929
2432238138,19264748
2432238138,21094455
2432238138,20843014
2432238138,12619832
2432238138,87146945
2432238138,44609080
2432238138,14946308
2432238138,16515391
2432238138,25306095
2432238138,21047949
2432238138,27612821
2432238138,226119902
2432238138,24359721
2432238138,1177791656
2432238138,44199803
2432238138,715211300
2432238138,22361996
2432238138,43943619
2432238138,61243654
2432238138,574914205
2432238138,97255485
2432238138,18166038
2432238138,20521915
2432238138,2172617037
2432238138,64230553
2432238138,20814587
2432238138,2299367423
2432238138,311606579
2432238138,63961281
2432238138,14183379
2432238138,208610451
2432238138,142792796
2432238138,1093449728
2432238138,47622979
2432238138,8884772
2432238138,47476545
2432238138,85421539
2432238138,53176453
2432238138,15951863
2432238138,14607522
2432238138,301631989
2432238138,15935242
2432238138,25086986
2432238138,73530234
2432238138,16995115
2432238138,16632149
2432238138,16632219
2432238138,16451028
2432238138,14758257
2432238138,11819792
2432238138,19712523
2432238138,16631801
2432238138,16631331
2432238138,15391813
2432238138,18761347
2432238138,7109022
2432238138,33611395
2432238138,14341277
2432238138,2388477227
2432238138,104205059
2432238138,405123394
2432238138,18730195
2432238138,17308753
2432238138,3375539026
2432238138,4644839074
2432238138,3102292899
2432238138,4203391948
2432238138,22425307
2432238138,965741665
2432238138,6692952
2432238138,25190574
2432238138,65466158
2432238138,1097836022
2432238138,214125777
2432238138,220995331
2432238138,1950188826
2432238138,19600252
2432238138,242000903
2432238138,82381798
2432238138,21195865
2432238138,365088244
2432238138,12543242
2432238138,14598850
2432238138,19451823
2432238138,14426349
2432238138,16490124
2432238138,394600810
2432238138,66834664
2432238138,19265059
2432238138,21707734
2432238138,948552829
2432238138,572470115
2432238138,63136550
2432238138,19620708
2432238138,150677740
2432238138,22007357
2432238138,25268679
2432238138,20058825
2432238138,1311558655
2432238138,230250992
2432238138,64243525
2432238138,46805224
2432238138,95103940
2432238138,19973332
2432238138,128636885
2432238138,42626527
2432238138,20794341
2432238138,291792721
2432238138,955063303
2432238138,18774020
2432238138,26281917
2432238138,71903005
2432238138,1142859176
2432238138,117110737
2432238138,608167078
2432238138,19291928
2432238138,22941152
2432238138,17213053
2432238138,257082921
2432238138,71843505
2432238138,50287595
2432238138,1013400612
2432238138,1480749782
2432238138,34352191
2432238138,2903715045
2432238138,19910996
2432238138,3138341447
2432238138,597531176
2432238138,14599507
2432238138,1029218840
2432238138,2835594983
2432238138,23640660
2432238138,18227783
2432238138,20380673
2432238138,19650966
2432238138,18075140
2432238138,2994469282
2432238138,8665852
2432238138,268208070
2432238138,3728671401
2432238138,21407241
2432238138,272358339
2432238138,3483917657
2432238138,71530380
2432238138,25155186
2432238138,2262898614
2432238138,2285292157
2432238138,20301010
2432238138,700528695
2432238138,43346844
2432238138,19391470
2432238138,18920461
2432238138,16664803
2432238138,2902138622
2432238138,3044738957
2432238138,16349463
2432238138,238327175
2432238138,2341855290
2432238138,312341849
2432238138,74473873
2432238138,813909716
2432238138,2236607947
2432238138,369002891
2432238138,794110602
2432238138,783204546
2432238138,1773321
2432238138,204422438
2432238138,20255778
2432238138,254235974
2432238138,32420106
2432238138,30362529
2432238138,1255030290
2432238138,11862072
2432238138,60916506
2432238138,43625680
2432238138,10799642
2432238138,357588709
2432238138,47903269
2432238138,1020848227
2432238138,18966867
2432238138,1462190917
2432238138,2196073756
2432238138,49938269
2432238138,103018864
2432238138,2200784754
2432238138,82054005
2432238138,396894374
2432238138,651433
2432238138,21769623
2432238138,1007432648
2432238138,17745219
2432238138,24566469
2432238138,25150711
2432238138,106830010
2432238138,52185601
2432238138,19674338
2432238138,23837271
2432238138,19405367
2432238138,54078222
2432238138,121167080
2432238138,1367489305
2432238138,19964864
2432238138,391306391
2432238138,19051022
2432238138,8662472
2432238138,19490380
2432238138,19591633
2432238138,836214343
2432238138,19709089
2432238138,14995420
2432238138,11399812
2432238138,461393205
2432238138,19393233
2432238138,1889832038
2432238138,24688868
2432238138,19405396
2432238138,162089811
2432238138,19611483
2432238138,1213751708
2432238138,17637572
2432238138,3187213815
2432238138,15647676
2432238138,27830610
2432238138,8775672
2432238138,32572068
2432238138,66369181
2432238138,16153562
2432238138,18213483
2432238138,33933259
2432238138,3329528134
2432238138,14700316
2432238138,9624742
2432238138,69231187
2432238138,24787524
2432238138,30313925
2432238138,17626165
2432238138,14159148
2432238138,2539906562
2432238138,20717438
2432238138,813286
2432238138,19722435
2432238138,428333
2432238138,14511951
2432238138,48750532
2432238138,19083439
2432238138,21214421
2432238138,2097571
2432238138,2467791
2432238138,197927483
2432238138,14293310
2432238138,759251
2432238138,5402612
2432238138,86141342
2432238138,1652541
2432238138,51241574
2432238138,28785486
2432238138,1367531
2432238138,15012486
2432238138,457501640
2432238138,14173315
2432238138,6017542
2432238138,191995162
2432238138,19179687
2432238138,633237284
2432238138,39056314
2432238138,288420164
2432238138,51566870
2432238138,3040424454
2432238138,2260244496
2432238138,2435310141
2432238138,548482109
2432238138,305192408
2432238138,313809703
2432238138,2251800770
2432238138,280689114
2432238138,1339585813
2432238138,1382582869
2432238138,485667658
2432238138,998293152
2432238138,1118076962
2432238138,611227644
2432238138,480537028
2432238138,930669439
2432238138,574977622
2432238138,439481875
2432238138,362725644
2432238138,737350147
2432238138,551275401
2432238138,232997874
2432238138,457175975
2432238138,1512207979
2432238138,330952612
2432238138,563093420
2432238138,387637479
2432238138,346139706
2432238138,380523283
2432238138,262519794
2432238138,1485392689
2432238138,1922812615
2432238138,206181302
2432238138,19136302
2432238138,19450907
2432238138,382613598
2432238138,17595890
2432238138,1407892861
2432238138,2306281370
2432238138,40019154
2432238138,63452015
2432238138,73249951
2432238138,19663485
2432238138,237241020
2432238138,38977171
2432238138,86233091
2432238138,16951979
2432238138,21204154
2432238138,90891909
2432238138,23585685
2432238138,22695694
2432238138,231703688
2432238138,61457123
2432238138,1252917283
2432238138,17884125
2432238138,93847902
2432238138,21495291
2432238138,19626386
2432238138,29087407
2432238138,277495114
2432238138,23132159
2432238138,20717237
2432238138,20740074
2432238138,3252462299
2432238138,41601050
2432238138,20044737
2432238138,59102196
2432238138,24784028
2432238138,256577881
2432238138,19784606
2432238138,21768569
2432238138,27486706
2432238138,3376281958
2432238138,24914644
2432238138,17062937
2432238138,22362992
2432238138,222225064
2432238138,17306424
2432238138,17087110
2432238138,17214382
2432238138,17260980
2432238138,25657017
2432238138,101664884
2432238138,1210300506
2432238138,17540625
2432238138,352686923
2432238138,249869615
2432238138,1483024080
2432238138,8976052
2432238138,19356276
2432238138,21817509
2432238138,40705534
2432238138,113714309
2432238138,20511502
2432238138,17159484
2432238138,17776525
2432238138,404590040
2432238138,1600989234
2432238138,35779304
2432238138,18758902
2432238138,19024453
2432238138,24246633
2432238138,2310116088
2432238138,271028583
2432238138,154023356
2432238138,1385049799
2432238138,301697842
2432238138,542923119
2432238138,2249951831
2432238138,19349699
2432238138,19075873
2432238138,19248800
2432238138,22473054
2432238138,361376201
2432238138,109459067
2432238138,1005158101
2432238138,449857467
2432238138,19019970
2432238138,438296720
2432238138,65356757
2432238138,188242820
2432238138,239093860
2432238138,21324165
2432238138,20676778
2432238138,204428144
2432238138,388925556
2432238138,37636997
2432238138,14993191
2432238138,334602996
2432238138,15688023
2432238138,124690469
2432238138,1662057727
2432238138,19292033
2432238138,20712514
2432238138,25535042
2432238138,124139163
2432238138,20885390
2432238138,18729562
2432238138,96109537
2432238138,395388847
2432238138,17163446
2432238138,53149244
2432238138,304329674
2432238138,16631693
2432238138,20164477
2432238138,21783395
2432238138,85908999
2432238138,283038024
2432238138,1690412382
2432238138,22384691
2432238138,72838766
2432238138,14166909
2432238138,742143
2432238138,34713362
2432238138,5988062
2432238138,91478624
2432238138,807095
2432238138,19534202
2432238138,360230512
2432238138,98165330
2432238138,17311493
2432238138,20402945
2432238138,3108351
2432238138,19246359
2432238138,16854780
2432238138,296511906
2432238138,111949306
2432238138,986878273
2432238138,20766350
2432238138,21323268
2432238138,1023139638
2432238138,56093343
2432238138,976185420
2432238138,20627896
2432238138,21417835
2432238138,89273104
2432238138,8665572
2432238138,995854741
2432238138,18847920
2432238138,60633332
2432238138,227802983
2432238138,18135386
2432238138,14691720
2432238138,21510894
2432238138,22176845
2432238138,67412485
2432238138,29267341
2432238138,19458129
2432238138,19033555
2432238138,18679659
2432238138,19184818
2432238138,20597486
2432238138,23694165
2432238138,15683146
2432238138,20884910
2432238138,18944007
2432238138,17980026
2432238138,38400294
2432238138,26266891
2432238138,339064364
2432238138,14562960
2432238138,94081671
2432238138,34076997
2432238138,48302014
2432238138,92088399
2432238138,51167726
2432238138,21527369
2432238138,22321740
2432238138,17487884
2432238138,107562560
2432238138,218653131
2432238138,23263743
2432238138,21309551
2432238138,25573099
2432238138,22900663
2432238138,47930935
2432238138,40319865
2432238138,205974045
2432238138,2043041
2432238138,555416759
2432238138,21112266
2432238138,290263087
2432238138,492288571
2432238138,14856333
2432238138,39349216
2432238138,105898722
2432238138,2197487762
2432238138,20448566
2432238138,54015652
2432238138,18600155
2432238138,17693232
2432238138,21648020
2432238138,761801714
2432238138,97488105
2432238138,19564523
2432238138,182721799
2432238138,328980753
2432238138,12497362
2432238138,1663338932
2432238138,1117046706
2432238138,49781518
2432238138,771383605
2432238138,454843106
2432238138,15005991
2432238138,17087162
2432238138,824153233
2432238138,9896072
2432238138,19186180
2432238138,50257616
2432238138,17063215
2432238138,14270254
2432238138,17169390
2432238138,232855418
2432238138,19415798
2432238138,19472578
2432238138,19566242
2432238138,20583613
2432238138,3310571
2432238138,1615685677
2432238138,14208199
2432238138,2561091
2432238138,19460159
2432238138,19653661
2432238138,26276346
2432238138,517700642
2432238138,167399649
2432238138,15615035
2432238138,16171953
2432238138,1638830521
2432238138,19148184
2432238138,16569045
2432238138,19889294
2432238138,3373791
2432238138,19247625
2432238138,15392221
2432238138,21492030
2432238138,316076492
2432238138,50300579
2432238138,19921389
2432238138,19932481
2432238138,153763519
2432238138,223140937
2432238138,49195175
2432238138,14746456
2432238138,21905142
2432238138,14903044
2432238138,19612753
2432238138,19287037
2432238138,43675318
2432238138,377008435
2432238138,17173144
2432238138,20809515
2432238138,21138477
2432238138,266712846
2432238138,53347647
2432238138,23011527
2432238138,126118232
2432238138,123754656
2432238138,17624959
2432238138,19713622
2432238138,17624543
2432238138,21856254
2432238138,19686295
2432238138,22904901
2432238138,34423857
2432238138,24241544
2432238138,169426475
2432238138,20781929
2432238138,19264748
2432238138,21094455
2432238138,20843014
2432238138,12619832
2432238138,87146945
2432238138,44609080
2432238138,14946308
2432238138,16515391
2432238138,25306095
2432238138,21047949
2432238138,27612821
2432238138,226119902
2432238138,24359721
2432238138,1177791656
2432238138,44199803
2432238138,715211300
2432238138,22361996
2432238138,43943619
2432238138,61243654
2432238138,574914205
2432238138,97255485
2432238138,18166038
2432238138,20521915
2432238138,2172617037
2432238138,64230553
2432238138,20814587
2432238138,2299367423
2432238138,311606579
2432238138,63961281
2432238138,14183379
2432238138,208610451
2432238138,142792796
2432238138,1093449728
2432238138,47622979
2432238138,8884772
2432238138,47476545
2432238138,85421539
2432238138,53176453
2432238138,15951863
2432238138,14607522
2432238138,301631989
2432238138,15935242
2432238138,25086986
2432238138,73530234
2432238138,16995115
2432238138,16632149
2432238138,16632219
2432238138,16451028
2432238138,14758257
2432238138,11819792
2432238138,19712523
2432238138,16631801
2432238138,16631331
2432238138,15391813
2432238138,18761347
2432238138,7109022
2432238138,33611395
2432238138,14341277
2432238138,2388477227
2432238138,104205059
2432238138,405123394
2432238138,18730195
2432238138,17308753
2432238138,3375539026
2432238138,4644839074
2432238138,3102292899
2432238138,4203391948
2432238138,22425307
2432238138,965741665
2432238138,6692952
2432238138,25190574
2432238138,65466158
2432238138,1097836022
2432238138,214125777
2432238138,220995331
2432238138,1950188826
2432238138,19600252
2432238138,242000903
2432238138,82381798
2432238138,21195865
2432238138,365088244
2432238138,12543242
2432238138,14598850
2432238138,19451823
2432238138,14426349
2432238138,16490124
2432238138,394600810
2432238138,66834664
2432238138,19265059
2432238138,21707734
2432238138,948552829
2432238138,572470115
2432238138,63136550
2432238138,19620708
2432238138,150677740
2432238138,22007357
2432238138,25268679
2432238138,20058825
2432238138,1311558655
2432238138,230250992
2432238138,64243525
2432238138,46805224
2432238138,95103940
2432238138,19973332
2432238138,128636885
2432238138,42626527
2432238138,20794341
2432238138,291792721
2432238138,955063303
2432238138,18774020
2432238138,26281917
2432238138,71903005
2432238138,1142859176
2432238138,117110737
2432238138,608167078
2432238138,19291928
2432238138,22941152
2432238138,17213053
2432238138,257082921
2432238138,71843505
2432238138,50287595
2432238138,1013400612
2432238138,1480749782
2432238138,34352191
2432238138,2903715045
2432238138,19910996
2432238138,3138341447
2432238138,597531176
2432238138,14599507
2432238138,1029218840
2432238138,2835594983
2432238138,23640660
2432238138,18227783
2432238138,20380673
2432238138,19650966
2432238138,18075140
2432238138,2994469282
2432238138,8665852
2432238138,268208070
2432238138,3728671401
2432238138,21407241
2432238138,272358339
2432238138,3483917657
2432238138,71530380
2432238138,25155186
2432238138,2262898614
2432238138,2285292157
2432238138,20301010
2432238138,700528695
2432238138,43346844
2432238138,19391470
2432238138,18920461
2432238138,16664803
2432238138,2902138622
2432238138,3044738957
2432238138,16349463
2432238138,238327175
2432238138,2341855290
2432238138,312341849
2432238138,74473873
2432238138,813909716
2432238138,2236607947
2432238138,369002891
2432238138,794110602
2432238138,783204546
2432238138,1773321
2432238138,204422438
2432238138,20255778
2432238138,254235974
2432238138,32420106
2432238138,30362529
2432238138,1255030290
2432238138,11862072
2432238138,60916506
2432238138,43625680
2432238138,10799642
2432238138,357588709
2432238138,47903269
2432238138,1020848227
2432238138,18966867
2432238138,1462190917
2432238138,2196073756
2432238138,49938269
2432238138,103018864
2432238138,2200784754
2432238138,82054005
2432238138,396894374
2432238138,651433
2432238138,21769623
2432238138,1007432648
2432238138,17745219
2432238138,24566469
2432238138,25150711
2432238138,106830010
2432238138,52185601
2432238138,19674338
2432238138,23837271
2432238138,19405367
2432238138,54078222
2432238138,121167080
2432238138,1367489305
2432238138,19964864
2432238138,391306391
2432238138,19051022
2432238138,8662472
2432238138,19490380
2432238138,19591633
2432238138,836214343
2432238138,19709089
2432238138,14995420
2432238138,11399812
2432238138,461393205
2432238138,19393233
2432238138,1889832038
2432238138,24688868
2432238138,19405396
2432238138,162089811
2432238138,19611483
2432238138,1213751708
2432238138,17637572
2432238138,3187213815
2432238138,15647676
2432238138,27830610
2432238138,8775672
2432238138,32572068
2432238138,66369181
2432238138,16153562
2432238138,18213483
2432238138,33933259
2432238138,3329528134
2432238138,14700316
2432238138,9624742
2432238138,69231187
2432238138,24787524
2432238138,30313925
2432238138,17626165
2432238138,14159148
2432238138,2539906562
2432238138,20717438
2432238138,813286
2432238138,19722435
2432238138,428333
2432238138,14511951
2432238138,48750532
2432238138,19083439
2432238138,21214421
2432238138,2097571
2432238138,2467791
2432238138,197927483
2432238138,14293310
2432238138,759251
2432238138,5402612
2432238138,86141342
2432238138,1652541
2432238138,51241574
2432238138,28785486
2432238138,1367531
2432238138,15012486
2432238138,457501640
2432238138,14173315
2432238138,6017542
2432238138,191995162
2432238138,19179687
2432238138,633237284
2432238138,39056314
2432238138,288420164
2432238138,51566870
2432238138,3040424454
2432238138,2260244496
2432238138,2435310141
2432238138,548482109
2432238138,305192408
2432238138,313809703
2432238138,2251800770
2432238138,280689114
2432238138,1339585813
2432238138,1382582869
2432238138,485667658
2432238138,998293152
2432238138,1118076962
2432238138,611227644
2432238138,480537028
2432238138,930669439
2432238138,574977622
2432238138,439481875
2432238138,362725644
2432238138,737350147
2432238138,551275401
2432238138,232997874
2432238138,457175975
2432238138,1512207979
2432238138,330952612
2432238138,563093420
2432238138,387637479
2432238138,346139706
2432238138,380523283
2432238138,262519794
2432238138,1485392689
2432238138,1922812615
2432238138,206181302
2432238138,19136302
2432238138,19450907
2432238138,382613598
2432238138,17595890
2432238138,1407892861
2432238138,2306281370
2432238138,40019154
2432238138,63452015
2432238138,73249951
2432238138,19663485
2432238138,237241020
2432238138,38977171
2432238138,86233091
2432238138,16951979
2432238138,21204154
2432238138,90891909
2432238138,23585685
2432238138,22695694
2432238138,231703688
2432238138,61457123
2432238138,1252917283
2432238138,17884125
2432238138,93847902
2432238138,21495291
2432238138,19626386
2432238138,29087407
2432238138,277495114
2432238138,23132159
2432238138,20717237
2432238138,20740074
2432238138,3252462299
2432238138,41601050
2432238138,20044737
2432238138,59102196
2432238138,24784028
2432238138,256577881
2432238138,19784606
2432238138,21768569
2432238138,27486706
2432238138,3376281958
2432238138,24914644
2432238138,17062937
2432238138,22362992
2432238138,222225064
2432238138,17306424
2432238138,17087110
2432238138,17214382
2432238138,17260980
2432238138,25657017
2432238138,101664884
2432238138,1210300506
2432238138,17540625
2432238138,352686923
2432238138,249869615
2432238138,1483024080
2432238138,8976052
2432238138,19356276
2432238138,21817509
2432238138,40705534
2432238138,113714309
2432238138,20511502
2432238138,17159484
2432238138,17776525
2432238138,404590040
2432238138,1600989234
2432238138,35779304
2432238138,18758902
2432238138,19024453
2432238138,24246633
2432238138,2310116088
2432238138,271028583
2432238138,154023356
2432238138,1385049799
2432238138,301697842
2432238138,542923119
2432238138,2249951831
2432238138,19349699
2432238138,19075873
2432238138,19248800
2432238138,22473054
2432238138,361376201
2432238138,109459067
2432238138,1005158101
2432238138,449857467
2432238138,19019970
2432238138,438296720
2432238138,65356757
2432238138,188242820
2432238138,239093860
2432238138,21324165
2432238138,20676778
2432238138,204428144
2432238138,388925556
2432238138,37636997
2432238138,14993191
2432238138,334602996
2432238138,15688023
2432238138,124690469
2432238138,1662057727
2432238138,19292033
2432238138,20712514
2432238138,25535042
2432238138,124139163
2432238138,20885390
2432238138,18729562
2432238138,96109537
2432238138,395388847
2432238138,17163446
2432238138,53149244
2432238138,304329674
2432238138,16631693
2432238138,20164477
2432238138,21783395
2432238138,85908999
2432238138,283038024
2432238138,1690412382
2432238138,22384691
2432238138,72838766
2432238138,14166909
2432238138,742143
2432238138,34713362
2432238138,5988062
2432238138,91478624
2432238138,807095
2432238138,19534202
2432238138,360230512
2432238138,98165330
2432238138,17311493
2432238138,20402945
2432238138,3108351
2432238138,19246359
2432238138,16854780
2432238138,296511906
2432238138,111949306
2432238138,986878273
2432238138,20766350
2432238138,21323268
2432238138,1023139638
2432238138,56093343
2432238138,976185420
2432238138,20627896
2432238138,21417835
2432238138,89273104
2432238138,8665572
2432238138,995854741
2432238138,18847920
2432238138,60633332
2432238138,227802983
2432238138,18135386
2432238138,14691720
2432238138,21510894
2432238138,22176845
2432238138,67412485
2432238138,29267341
2432238138,19458129
2432238138,19033555
2432238138,18679659
2432238138,19184818
2432238138,20597486
2432238138,23694165
2432238138,15683146
2432238138,20884910
2432238138,18944007
2432238138,17980026
2432238138,38400294
2432238138,26266891
2432238138,339064364
2432238138,14562960
2432238138,94081671
2432238138,34076997
2432238138,48302014
2432238138,92088399
2432238138,51167726
2432238138,21527369
2432238138,22321740
2432238138,17487884
2432238138,107562560
2432238138,218653131
2432238138,23263743
2432238138,21309551
2432238138,25573099
2432238138,22900663
2432238138,47930935
2432238138,40319865
2432238138,205974045
2432238138,2043041
2432238138,555416759
2432238138,21112266
2432238138,290263087
2432238138,492288571
2432238138,14856333
2432238138,39349216
2432238138,105898722
2432238138,2197487762
2432238138,20448566
2432238138,54015652
2432238138,18600155
2432238138,17693232
2432238138,21648020
2432238138,761801714
2432238138,97488105
2432238138,19564523
2432238138,182721799
2432238138,328980753
2432238138,12497362
2432238138,1663338932
2432238138,1117046706
2432238138,49781518
2432238138,771383605
2432238138,454843106
2432238138,15005991
2432238138,17087162
2432238138,824153233
2432238138,9896072
2432238138,19186180
2432238138,50257616
2432238138,17063215
2432238138,14270254
2432238138,17169390
2432238138,232855418
2432238138,19415798
2432238138,19472578
2432238138,19566242
2432238138,20583613
2432238138,3310571
2432238138,1615685677
2432238138,14208199
2432238138,2561091
2432238138,19460159
2432238138,19653661
2432238138,26276346
2432238138,517700642
2432238138,167399649
2432238138,15615035
2432238138,16171953
2432238138,1638830521
2432238138,19148184
2432238138,16569045
2432238138,19889294
2432238138,3373791
2432238138,19247625
2432238138,15392221
2432238138,21492030
2432238138,316076492
2432238138,50300579
2432238138,19921389
2432238138,19932481
2432238138,153763519
2432238138,223140937
2432238138,49195175
2432238138,14746456
2432238138,21905142
2432238138,14903044
2432238138,19612753
2432238138,19287037
2432238138,43675318
2432238138,377008435
2432238138,17173144
2432238138,20809515
2432238138,21138477
2432238138,266712846
2432238138,53347647
2432238138,23011527
2432238138,126118232
2432238138,123754656
2432238138,17624959
2432238138,19713622
2432238138,17624543
2432238138,21856254
2432238138,19686295
2432238138,22904901
2432238138,34423857
2432238138,24241544
2432238138,169426475
2432238138,20781929
2432238138,19264748
2432238138,21094455
2432238138,20843014
2432238138,12619832
2432238138,87146945
2432238138,44609080
2432238138,14946308
2432238138,16515391
2432238138,25306095
2432238138,21047949
2432238138,27612821
2432238138,226119902
2432238138,24359721
2432238138,1177791656
2432238138,44199803
2432238138,715211300
2432238138,22361996
2432238138,43943619
2432238138,61243654
2432238138,574914205
2432238138,97255485
2432238138,18166038
2432238138,20521915
2432238138,2172617037
2432238138,64230553
2432238138,20814587
2432238138,2299367423
2432238138,311606579
2432238138,63961281
2432238138,14183379
2432238138,208610451
2432238138,142792796
2432238138,1093449728
2432238138,47622979
2432238138,8884772
2432238138,47476545
2432238138,85421539
2432238138,53176453
2432238138,15951863
2432238138,14607522
2432238138,301631989
2432238138,15935242
2432238138,25086986
2432238138,73530234
2432238138,16995115
2432238138,16632149
2432238138,16632219
2432238138,16451028
2432238138,14758257
2432238138,19903099
2432238138,233600977
2432238138,26775098
2432238138,39776107
2432238138,11994692
2432238138,226503934
2432238138,11819792
2432238138,19712523
2432238138,16631801
2432238138,16631331
2432238138,15391813
2432238138,18761347
2432238138,7109022
2432238138,33611395
2432238138,14341277
2432238138,2388477227
2432238138,104205059
2432238138,405123394
2432238138,18730195
2432238138,17308753
2432238138,3375539026
2432238138,4644839074
2432238138,3102292899
2432238138,4203391948
2432238138,22425307
2432238138,965741665
2432238138,6692952
2432238138,25190574
2432238138,65466158
2432238138,1097836022
2432238138,214125777
2432238138,220995331
2432238138,1950188826
2432238138,19600252
2432238138,242000903
2432238138,82381798
2432238138,21195865
2432238138,365088244
2432238138,12543242
2432238138,14598850
2432238138,19451823
2432238138,14426349
2432238138,16490124
2432238138,394600810
2432238138,66834664
2432238138,19265059
2432238138,21707734
2432238138,948552829
2432238138,572470115
2432238138,63136550
2432238138,19620708
2432238138,150677740
2432238138,22007357
2432238138,25268679
2432238138,20058825
2432238138,1311558655
2432238138,230250992
2432238138,64243525
2432238138,46805224
2432238138,95103940
2432238138,19973332
2432238138,128636885
2432238138,42626527
2432238138,20794341
2432238138,291792721
2432238138,955063303
2432238138,18774020
2432238138,26281917
2432238138,71903005
2432238138,1142859176
2432238138,117110737
2432238138,608167078
2432238138,19291928
2432238138,22941152
2432238138,17213053
2432238138,257082921
2432238138,71843505
2432238138,50287595
2432238138,1013400612
2432238138,1480749782
2432238138,34352191
2432238138,2903715045
2432238138,19910996
2432238138,3138341447
2432238138,597531176
2432238138,1029218840
2432238138,2835594983
2432238138,23640660
2432238138,18227783
2432238138,20380673
2432238138,19650966
2432238138,18075140
2432238138,2994469282
2432238138,8665852
2432238138,268208070
2432238138,3728671401
2432238138,21407241
2432238138,272358339
2432238138,3483917657
2432238138,71530380
2432238138,25155186
2432238138,2262898614
2432238138,2285292157
2432238138,20301010
2432238138,700528695
2432238138,43346844
2432238138,19391470
2432238138,18920461
2432238138,16664803
2432238138,2902138622
2432238138,3044738957
2432238138,16349463
2432238138,238327175
2432238138,2341855290
2432238138,312341849
2432238138,74473873
2432238138,813909716
2432238138,2236607947
2432238138,369002891
2432238138,794110602
2432238138,783204546
2432238138,1773321
2432238138,204422438
2432238138,20255778
2432238138,254235974
2432238138,32420106
2432238138,30362529
2432238138,1255030290
2432238138,11862072
2432238138,60916506
2432238138,43625680
2432238138,10799642
2432238138,357588709
2432238138,47903269
2432238138,1020848227
2432238138,18966867
2432238138,1462190917
2432238138,2196073756
2432238138,49938269
2432238138,103018864
2432238138,2200784754
2432238138,82054005
2432238138,396894374
2432238138,651433
2432238138,21769623
2432238138,1007432648
2432238138,17745219
2432238138,24566469
2432238138,25150711
2432238138,106830010
2432238138,52185601
2432238138,19674338
2432238138,23837271
2432238138,19405367
2432238138,54078222
2432238138,121167080
2432238138,1367489305
2432238138,19964864
2432238138,391306391
2432238138,19051022
2432238138,8662472
2432238138,19490380
2432238138,19591633
2432238138,836214343
2432238138,19709089
2432238138,14995420
2432238138,11399812
2432238138,461393205
2432238138,19393233
2432238138,1889832038
2432238138,24688868
2432238138,19405396
2432238138,162089811
2432238138,19611483
2432238138,1213751708
2432238138,17637572
2432238138,3187213815
2432238138,15647676
2432238138,27830610
2432238138,8775672
2432238138,32572068
2432238138,66369181
2432238138,16153562
2432238138,18213483
2432238138,33933259
2432238138,3329528134
2432238138,14700316
2432238138,9624742
2432238138,69231187
2432238138,24787524
2432238138,30313925
2432238138,17626165
2432238138,14159148
2432238138,2539906562
2432238138,20717438
2432238138,813286
2432238138,19722435
2432238138,428333
2432238138,14511951
2432238138,48750532
2432238138,19083439
2432238138,21214421
2432238138,2097571
2432238138,2467791
2432238138,197927483
2432238138,14293310
2432238138,759251
2432238138,5402612
2432238138,86141342
2432238138,1652541
2432238138,51241574
2432238138,28785486
2432238138,1367531
2432238138,15012486
2432238138,457501640
2432238138,14173315
2432238138,6017542
2432238138,191995162
2432238138,19179687
2432238138,633237284
2432238138,39056314
2432238138,288420164
2432238138,51566870
2432238138,3040424454
2432238138,2260244496
2432238138,2435310141
2432238138,548482109
2432238138,305192408
2432238138,313809703
2432238138,2251800770
2432238138,280689114
2432238138,1339585813
2432238138,1382582869
2432238138,485667658
2432238138,998293152
2432238138,1118076962
2432238138,611227644
2432238138,480537028
2432238138,930669439
2432238138,574977622
2432238138,439481875
2432238138,362725644
2432238138,737350147
2432238138,551275401
2432238138,232997874
2432238138,457175975
2432238138,1512207979
2432238138,330952612
2432238138,563093420
2432238138,387637479
2432238138,346139706
2432238138,380523283
2432238138,262519794
2432238138,1485392689
2432238138,1922812615
2432238138,206181302
2432238138,19136302
2432238138,19450907
2432238138,382613598
2432238138,17595890
2432238138,1407892861
2432238138,2306281370
2432238138,40019154
2432238138,63452015
2432238138,73249951
2432238138,19663485
2432238138,237241020
2432238138,38977171
2432238138,86233091
2432238138,16951979
2432238138,21204154
2432238138,90891909
2432238138,23585685
2432238138,22695694
2432238138,231703688
2432238138,61457123
2432238138,1252917283
2432238138,17884125
2432238138,93847902
2432238138,21495291
2432238138,19626386
2432238138,29087407
2432238138,277495114
2432238138,23132159
2432238138,20717237
2432238138,20740074
2432238138,3252462299
2432238138,41601050
2432238138,20044737
2432238138,59102196
2432238138,24784028
2432238138,256577881
2432238138,19784606
2432238138,21768569
2432238138,27486706
2432238138,3376281958
2432238138,24914644
2432238138,17062937
2432238138,22362992
2432238138,222225064
2432238138,17306424
2432238138,17087110
2432238138,17214382
2432238138,17260980
2432238138,25657017
2432238138,101664884
2432238138,1210300506
2432238138,17540625
2432238138,352686923
2432238138,249869615
2432238138,1483024080
2432238138,8976052
2432238138,19356276
2432238138,21817509
2432238138,40705534
2432238138,113714309
2432238138,20511502
2432238138,17159484
2432238138,17776525
2432238138,404590040
2432238138,1600989234
2432238138,35779304
2432238138,18758902
2432238138,19024453
2432238138,24246633
2432238138,2310116088
2432238138,271028583
2432238138,154023356
2432238138,1385049799
2432238138,301697842
2432238138,542923119
2432238138,2249951831
2432238138,19349699
2432238138,19075873
2432238138,19248800
2432238138,22473054
2432238138,361376201
2432238138,109459067
2432238138,1005158101
2432238138,449857467
2432238138,19019970
2432238138,438296720
2432238138,65356757
2432238138,188242820
2432238138,239093860
2432238138,21324165
2432238138,20676778
2432238138,204428144
2432238138,388925556
2432238138,37636997
2432238138,14993191
2432238138,334602996
2432238138,15688023
2432238138,124690469
2432238138,1662057727
2432238138,19292033
2432238138,20712514
2432238138,25535042
2432238138,124139163
2432238138,20885390
2432238138,18729562
2432238138,96109537
2432238138,395388847
2432238138,17163446
2432238138,53149244
2432238138,304329674
2432238138,16631693
2432238138,20164477
2432238138,21783395
2432238138,85908999
2432238138,283038024
2432238138,1690412382
2432238138,22384691
2432238138,72838766
2432238138,14166909
2432238138,742143
2432238138,34713362
2432238138,5988062
2432238138,91478624
2432238138,807095
2432238138,19534202
2432238138,360230512
2432238138,98165330
2432238138,17311493
2432238138,20402945
2432238138,3108351
2432238138,19246359
2432238138,16854780
2432238138,296511906
2432238138,111949306
2432238138,986878273
2432238138,20766350
2432238138,21323268
2432238138,1023139638
2432238138,56093343
2432238138,976185420
2432238138,20627896
2432238138,21417835
2432238138,89273104
2432238138,8665572
2432238138,995854741
2432238138,18847920
2432238138,60633332
2432238138,227802983
2432238138,18135386
2432238138,14691720
2432238138,21510894
2432238138,22176845
2432238138,67412485
2432238138,29267341
2432238138,19458129
2432238138,19033555
2432238138,18679659
2432238138,19184818
2432238138,20597486
2432238138,23694165
2432238138,15683146
2432238138,20884910
2432238138,18944007
2432238138,17980026
2432238138,38400294
2432238138,26266891
2432238138,339064364
2432238138,14562960
2432238138,94081671
2432238138,34076997
2432238138,48302014
2432238138,92088399
2432238138,51167726
2432238138,21527369
2432238138,22321740
2432238138,17487884
2432238138,107562560
2432238138,218653131
2432238138,23263743
2432238138,21309551
2432238138,25573099
2432238138,22900663
2432238138,47930935
2432238138,40319865
2432238138,205974045
2432238138,2043041
2432238138,555416759
2432238138,21112266
2432238138,290263087
2432238138,492288571
2432238138,14856333
2432238138,39349216
2432238138,105898722
2432238138,2197487762
2432238138,20448566
2432238138,54015652
2432238138,18600155
2432238138,17693232
2432238138,21648020
2432238138,761801714
2432238138,97488105
2432238138,19564523
2432238138,182721799
2432238138,328980753
2432238138,12497362
2432238138,1663338932
2432238138,1117046706
2432238138,49781518
2432238138,771383605
2432238138,454843106
2432238138,15005991
2432238138,17087162
2432238138,824153233
2432238138,9896072
2432238138,19186180
2432238138,50257616
2432238138,17063215
2432238138,14270254
2432238138,17169390
2432238138,232855418
2432238138,19415798
2432238138,19472578
2432238138,19566242
2432238138,20583613
2432238138,3310571
2432238138,1615685677
2432238138,14208199
2432238138,2561091
2432238138,19460159
2432238138,19653661
2432238138,26276346
2432238138,517700642
2432238138,167399649
2432238138,15615035
2432238138,16171953
2432238138,1638830521
2432238138,19148184
2432238138,16569045
2432238138,19889294
2432238138,3373791
2432238138,19247625
2432238138,15392221
2432238138,21492030
2432238138,316076492
2432238138,50300579
2432238138,19921389
2432238138,19932481
2432238138,153763519
2432238138,223140937
2432238138,49195175
2432238138,14746456
2432238138,21905142
2432238138,14903044
2432238138,19612753
2432238138,19287037
2432238138,43675318
2432238138,377008435
2432238138,17173144
2432238138,20809515
2432238138,21138477
2432238138,266712846
2432238138,53347647
2432238138,23011527
2432238138,126118232
2432238138,123754656
2432238138,17624959
2432238138,19713622
2432238138,17624543
2432238138,21856254
2432238138,19686295
2432238138,22904901
2432238138,34423857
2432238138,24241544
2432238138,169426475
2432238138,20781929
2432238138,19264748
2432238138,21094455
2432238138,20843014
2432238138,12619832
2432238138,87146945
2432238138,44609080
2432238138,14946308
2432238138,16515391
2432238138,25306095
2432238138,21047949
2432238138,27612821
2432238138,226119902
2432238138,24359721
2432238138,1177791656
2432238138,44199803
2432238138,715211300
2432238138,22361996
2432238138,43943619
2432238138,61243654
2432238138,574914205
2432238138,97255485
2432238138,18166038
2432238138,20521915
2432238138,2172617037
2432238138,64230553
2432238138,20814587
2432238138,2299367423
2432238138,311606579
2432238138,63961281
2432238138,14183379
2432238138,208610451
2432238138,142792796
2432238138,1093449728
2432238138,47622979
2432238138,8884772
2432238138,47476545
2432238138,85421539
2432238138,53176453
2432238138,15951863
2432238138,14607522
2432238138,301631989
2432238138,15935242
2432238138,25086986
2432238138,73530234
2432238138,16995115
2432238138,16632149
2432238138,16632219
2432238138,16451028
2432238138,14758257
