2447250902,15615035
2447250902,2197487762
2447250902,15392221
2447250902,395388847
2447250902,26276346
2447250902,17163446
2447250902,24241544
2447250902,23263743
2447250902,16451028
2447250902,18135386
2447250902,214791922
2447250902,34423857
2447250902,405123394
2447250902,948552829
2447250902,16171953
2447250902,1690412382
2447250902,17624543
2447250902,277495114
2447250902,20809515
2447250902,19472578
2447250902,1662057727
2447250902,31237480
2447250902,771383605
2447250902,1615685677
2447250902,14903044
2447250902,54015652
2447250902,19713622
2447250902,14746456
2447250902,25535042
2447250902,23694165
2447250902,123754656
2447250902,21138477
2447250902,17884125
2447250902,23585685
2447250902,15391813
2447250902,94081671
2447250902,19889294
2447250902,19663485
2447250902,124139163
2447250902,8665852
2447250902,21390437
2447250902,197172711
2447250902,376495795
2447250902,398440169
2447250902,251716551
