2452870074,2699519000
2452870074,3319750293
2452870074,3986413397
2452870074,753880862
2452870074,1855318723
2452870074,939853778
2452870074,374842626
2452870074,3303584573
2452870074,20374554
2452870074,16199871
2452870074,282123042
2452870074,4118076615
2452870074,991281469
2452870074,76640424
2452870074,4054802650
2452870074,266712846
2452870074,3438253665
2452870074,3916413621
2452870074,61320117
2452870074,40872043
2452870074,798889434
2452870074,3434034827
2452870074,158597935
2452870074,69008563
2452870074,562698388
2452870074,22903765
2452870074,627673190
2452870074,19910429
2452870074,19814175
2452870074,1895388408
2452870074,14758257
2452870074,73249951
2452870074,61457123
2452870074,1702400424
2452870074,29690355
2452870074,53082082
2452870074,2811941773
2452870074,393948633
2452870074,89210395
2452870074,393723853
2452870074,2723450400
2452870074,2550023839
2452870074,19033555
2452870074,1558141890
2452870074,16451028
2452870074,111252305
2452870074,21098134
2452870074,21783395
2452870074,26276346
2452870074,25891069
2452870074,15392221
2452870074,16631331
2452870074,23585685
2452870074,94081671
2452870074,16631693
2452870074,86233091
2452870074,21287076
2452870074,16632149
2452870074,25535042
2452870074,2561091
2452870074,23263743
2452870074,19663485
2452870074,153403071
2452870074,134554923
2452870074,126978294
2452870074,17169390
2452870074,333534411
2452870074,8159472
2452870074,505605766
2452870074,19490380
2452870074,31237480
2452870074,8728392
2452870074,764932046
2452870074,577466504
2452870074,727305176
2452870074,22134758
2452870074,20163851
2452870074,23746926
2452870074,288785053
2452870074,17595890
2452870074,60555515
2452870074,17163446
2452870074,53132331
2452870074,454395581
2452870074,186127644
2452870074,18995665
2452870074,412237956
2452870074,835290290
2452870074,948552829
2452870074,787317506
2452870074,493469191
2452870074,28966604
2452870074,38977171
2452870074,22017142
2452870074,17311493
2452870074,813286
2452870074,49781518
2452870074,19394887
2452870074,2291648287
2452870074,2315756742
2452870074,105906171
2452870074,312151207
2452870074,103550271
2452870074,155659213
2452870074,47617770
2452870074,23945784
2452870074,256675420
2452870074,240872962
2452870074,1019799660
2452870074,153067700
2452870074,596940844
2452870074,21390437
2452870074,55526072
2452870074,417860500
2452870074,875329452
2452870074,1193547722
2452870074,124139163
2452870074,14842285
2452870074,8665572
2452870074,23421880
2452870074,15846407
2452870074,15391813
