245385673,419879646
245385673,3405658186
245385673,204832963
245385673,4755103937
245385673,3375539026
245385673,17986973
245385673,1413670405
245385673,19247625
245385673,4104208857
245385673,18382771
245385673,15392221
245385673,184910040
245385673,39056314
245385673,372704637
245385673,21309551
245385673,347578593
245385673,492288571
245385673,3728671401
245385673,288951233
245385673,203704032
245385673,2388477227
245385673,3082475648
245385673,19292033
245385673,2905232597
245385673,263780425
245385673,3856443622
245385673,471287735
245385673,22660370
245385673,171863961
245385673,55459700
245385673,281531804
245385673,3377990879
245385673,186941132
245385673,23946350
245385673,2458489949
245385673,2254860780
245385673,1707855049
245385673,8665852
245385673,3143365889
245385673,96951800
245385673,341561830
245385673,3138341447
245385673,3333685378
245385673,19650966
245385673,14946308
245385673,219294551
245385673,1640169925
245385673,20794341
245385673,1916673642
245385673,3337185868
245385673,14857290
245385673,329074432
245385673,3015271772
245385673,2445809510
245385673,420477934
245385673,1536791610
245385673,1662057727
245385673,453168719
245385673,3148108377
245385673,2679055230
245385673,2410488539
245385673,586671909
245385673,3107493797
245385673,48177728
245385673,3153636358
245385673,3135522284
245385673,493306747
245385673,2375566652
245385673,2835594983
245385673,17346119
245385673,321299775
245385673,569358733
245385673,971834293
245385673,30180137
245385673,1270793143
245385673,23640660
245385673,20826460
245385673,180505807
245385673,373471064
245385673,2785934683
245385673,172118221
245385673,58639094
245385673,300392950
245385673,1963312058
245385673,2521734336
245385673,2480956364
245385673,74426840
245385673,70807231
245385673,181280529
245385673,2340762288
245385673,524332413
245385673,278508885
245385673,26744199
245385673,2903715045
245385673,2480429762
245385673,1452519043
245385673,2469919447
245385673,2770000652
245385673,15683146
245385673,523760980
245385673,257074363
245385673,935369274
245385673,1446861006
245385673,17087162
245385673,86233091
245385673,21204154
245385673,16951979
245385673,138388408
245385673,19921394
245385673,142261464
245385673,90891909
245385673,20448566
245385673,14758257
245385673,38977171
245385673,66834664
245385673,73249951
245385673,333534411
245385673,252753618
245385673,1651824314
245385673,1178944580
245385673,2550023839
245385673,256675420
245385673,155659213
245385673,1192744812
245385673,240456162
245385673,1548317628
245385673,237241020
245385673,2306281370
245385673,2485157162
245385673,722620117
245385673,2359926157
245385673,22384691
245385673,2495921431
245385673,2471684071
245385673,40872043
245385673,1344951
245385673,1603499642
245385673,386144968
245385673,1690412382
245385673,1682344532
245385673,972889200
245385673,22903765
245385673,94193914
245385673,884140664
245385673,1966991618
245385673,16569045
245385673,87460291
245385673,1101315984
245385673,180556368
245385673,43869790
245385673,19405174
245385673,627673190
245385673,21287076
245385673,360074959
245385673,1913108138
245385673,1665579786
245385673,1435440998
245385673,19490380
245385673,1442292720
245385673,1338615104
245385673,1304751678
245385673,1303971444
245385673,1301607295
245385673,136065839
245385673,1301303412
245385673,1301117370
245385673,454843106
245385673,271028583
245385673,248201406
245385673,150677740
245385673,17169390
245385673,586096836
245385673,188499541
245385673,301664817
245385673,154945020
245385673,129856984
245385673,137713668
245385673,578262732
245385673,1000410342
245385673,122178197
245385673,23421880
245385673,41171144
245385673,50329936
245385673,1007457727
245385673,299645908
245385673,1151404118
245385673,313908617
245385673,312605623
245385673,293771241
245385673,965741665
245385673,1176203245
245385673,19965362
245385673,415558547
245385673,25982907
245385673,121567623
245385673,18135386
245385673,243827971
245385673,162737757
245385673,124040984
245385673,427471285
245385673,467490909
245385673,701751740
245385673,17006157
245385673,813286
245385673,8161232
245385673,19921389
245385673,53082082
245385673,20781929
245385673,707391242
245385673,119715650
245385673,297169759
245385673,143185653
245385673,182721799
245385673,24042063
245385673,24241544
245385673,783214
245385673,251716551
245385673,15095537
245385673,92410517
245385673,98517511
245385673,102732089
245385673,75511224
245385673,207635232
245385673,8728392
245385673,14270254
245385673,78072749
245385673,3373791
245385673,104205059
245385673,19663485
245385673,16171953
245385673,588632822
245385673,18863815
245385673,140433518
245385673,17595890
245385673,40019154
245385673,10842792
245385673,12652472
245385673,21138477
245385673,31698220
245385673,21390674
245385673,15391813
245385673,280701704
245385673,20348431
245385673,181123681
245385673,58531272
