2456076580,4817905235
2456076580,3311997479
2456076580,4260178414
2456076580,3306104649
2456076580,2973217077
2456076580,603018371
2456076580,440009815
2456076580,4644839074
2456076580,864742484
2456076580,442204983
2456076580,846002653
2456076580,3329947809
2456076580,58569513
2456076580,19405367
2456076580,3323680559
2456076580,4412912249
2456076580,4699194032
2456076580,2889607299
2456076580,4527796348
2456076580,593370001
2456076580,587036901
2456076580,3335021769
2456076580,4345379543
2456076580,3910757122
2456076580,1128229411
2456076580,4076478154
2456076580,2893939156
2456076580,3087219392
2456076580,2359717144
2456076580,3094086690
2456076580,2461854445
2456076580,292555960
2456076580,122392884
2456076580,296825065
2456076580,313160143
2456076580,3357503057
2456076580,1125808057
2456076580,771943484
2456076580,4054026675
2456076580,2597160128
2456076580,2870367112
2456076580,2665116845
2456076580,591239964
2456076580,4053553827
2456076580,313717335
2456076580,341097671
2456076580,29833593
2456076580,1895388408
2456076580,589510071
2456076580,3864299189
2456076580,3950022345
2456076580,2391819427
2456076580,2550023839
2456076580,3002257852
2456076580,3922362047
2456076580,3864373037
2456076580,1098810938
2456076580,2601825487
2456076580,2241448616
2456076580,2777412744
2456076580,3449616376
2456076580,435225922
2456076580,538031518
2456076580,2326202773
2456076580,2882913395
2456076580,2964202629
2456076580,2575762196
2456076580,19674338
2456076580,1172315018
2456076580,370536393
2456076580,1334166890
2456076580,387568171
2456076580,19186180
2456076580,3109148643
2456076580,3486142456
2456076580,3504424823
2456076580,558797310
2456076580,259758878
2456076580,1469402426
2456076580,1620851192
2456076580,558572709
2456076580,2987975049
2456076580,2310552825
2456076580,2285292157
2456076580,37136484
2456076580,2268716400
2456076580,56699256
2456076580,3000237544
2456076580,427885919
2456076580,3411682612
2456076580,124658538
2456076580,32128600
2456076580,15475088
2456076580,1011063608
2456076580,288205018
2456076580,954150547
2456076580,3374924368
2456076580,1581599424
2456076580,2306997990
2456076580,170685079
2456076580,234878051
2456076580,17450410
2456076580,121167080
2456076580,2971611544
2456076580,461554847
2456076580,3350145622
2456076580,124690469
2456076580,19571360
2456076580,149760844
2456076580,789579798
2456076580,1958241086
2456076580,588730194
2456076580,733196418
2456076580,3209757658
2456076580,2792653285
2456076580,2318223224
2456076580,43969388
2456076580,118483749
2456076580,3233712284
2456076580,3146413624
2456076580,2310928296
2456076580,99664549
2456076580,2316066219
2456076580,303451439
2456076580,99806132
2456076580,381479395
2456076580,2218068298
2456076580,839600838
2456076580,892245979
2456076580,1963183200
2456076580,253023653
2456076580,46143892
2456076580,100180681
2456076580,2978875059
2456076580,2586977817
2456076580,397347661
2456076580,231579149
2456076580,288785053
2456076580,586843284
2456076580,17306424
2456076580,531585656
2456076580,2893263659
2456076580,2893877795
2456076580,2998851748
2456076580,2745196755
2456076580,1099302192
2456076580,3010777852
2456076580,619222298
2456076580,2157064588
2456076580,2777243881
2456076580,20106852
2456076580,125122481
2456076580,883197072
2456076580,867850490
2456076580,1285197914
2456076580,1950083636
2456076580,185347378
2456076580,20000222
2456076580,981057535
2456076580,2493597278
2456076580,148832411
2456076580,17230018
2456076580,3004237911
2456076580,2965854729
2456076580,50602093
2456076580,1141388072
2456076580,342415420
2456076580,16808626
2456076580,8159472
2456076580,96951800
2456076580,789605024
2456076580,1171336484
2456076580,627673190
2456076580,1150599984
2456076580,2976406371
2456076580,38164846
2456076580,2838301607
2456076580,172044722
2456076580,340308437
2456076580,229144847
2456076580,2790318871
2456076580,2955147305
2456076580,47914498
2456076580,2265933839
2456076580,1267866660
2456076580,2784478834
2456076580,1688870094
2456076580,2864188204
2456076580,2971505758
2456076580,96873439
2456076580,3048176001
2456076580,3057171573
2456076580,2827019305
2456076580,1441400827
2456076580,2889095921
2456076580,2515650846
2456076580,2201611669
2456076580,1432977446
2456076580,2887516397
2456076580,2761227592
2456076580,2955700953
2456076580,1676667829
2456076580,1971519390
2456076580,295979795
2456076580,14872237
2456076580,1633167242
2456076580,2964510981
2456076580,86155974
2456076580,2819416432
2456076580,2405549474
2456076580,53093801
2456076580,16460916
2456076580,31269003
2456076580,343490114
2456076580,48434848
2456076580,895173150
2456076580,790601352
2456076580,466102375
2456076580,351580147
2456076580,1312126310
2456076580,130613344
2456076580,2991446729
2456076580,37322760
2456076580,2350785614
2456076580,21023970
2456076580,1273236014
2456076580,2614596584
2456076580,2972329499
2456076580,498292566
2456076580,19889294
2456076580,19335309
2456076580,1161453360
2456076580,2482346287
2456076580,1361619691
2456076580,1938297438
2456076580,108382988
2456076580,730400376
2456076580,2787411634
2456076580,551275401
2456076580,2942187411
2456076580,2437522316
2456076580,2844622904
2456076580,1942049240
2456076580,50427231
2456076580,18491161
2456076580,1918477849
2456076580,567420770
2456076580,10842792
2456076580,2959325703
2456076580,630526680
2456076580,1069448462
2456076580,2352068126
2456076580,2788703665
2456076580,1216258832
2456076580,383472626
2456076580,2874557309
2456076580,2860789095
2456076580,414736352
2456076580,2932911644
2456076580,2730333620
2456076580,376413216
2456076580,1558141890
2456076580,54224671
2456076580,155659213
2456076580,2446454486
2456076580,56295940
2456076580,937778569
2456076580,2273575112
2456076580,709095240
2456076580,2224324995
2456076580,2364554580
2456076580,2245426177
2456076580,2875526715
2456076580,1382792750
2456076580,2273539880
2456076580,252753618
2456076580,1884066913
2456076580,141333617
2456076580,839543732
2456076580,163903965
2456076580,369645502
2456076580,2231949996
2456076580,2666282810
2456076580,967928971
2456076580,54341363
2456076580,57022252
2456076580,28206360
2456076580,59265808
2456076580,297047872
2456076580,19721402
2456076580,6207392
2456076580,110783489
2456076580,848906654
2456076580,133860889
2456076580,95687734
2456076580,44984488
2456076580,598653042
2456076580,2451378422
2456076580,2692414682
2456076580,1949626249
2456076580,2286635623
2456076580,1321799126
2456076580,1063270550
2456076580,1364657862
2456076580,1617968617
2456076580,486840552
2456076580,1585588166
2456076580,218653131
2456076580,587625753
2456076580,16951979
2456076580,611613139
2456076580,17595890
2456076580,1599426487
2456076580,19663485
2456076580,596903657
2456076580,466444412
2456076580,27073252
2456076580,39867990
2456076580,342227411
2456076580,2758920217
2456076580,1960325822
2456076580,241747585
2456076580,22549812
2456076580,27150723
2456076580,39887890
2456076580,24963961
2456076580,45707366
2456076580,236956880
2456076580,22482043
2456076580,21163600
2456076580,19114743
2456076580,59253387
2456076580,24878768
2456076580,19773713
2456076580,33689455
2456076580,52046703
2456076580,19705747
2456076580,108939919
2456076580,21257782
2456076580,507281593
2456076580,603488041
2456076580,21389998
2456076580,21390437
2456076580,620343106
2456076580,21390674
2456076580,1084371264
2456076580,1588576801
2456076580,1969587404
2456076580,1018012339
2456076580,2439135668
2456076580,2540390546
2456076580,1963319070
2456076580,1045521571
2456076580,1722289220
2456076580,221045059
2456076580,1436374706
2456076580,1207946540
2456076580,774092804
2456076580,19564523
2456076580,2185014153
2456076580,2170036395
2456076580,2402998894
2456076580,2210965675
2456076580,1481818178
2456076580,718698660
2456076580,2575064269
2456076580,1635647478
2456076580,1693933368
2456076580,2579068567
2456076580,443139576
2456076580,815495364
2456076580,1612798916
