248793067,518028385
248793067,561965364
248793067,251754571
248793067,4417136157
248793067,4745533877
248793067,189597601
248793067,322467496
248793067,1071767384
248793067,57417404
248793067,2648743524
248793067,298960046
248793067,2737153883
248793067,295817930
248793067,2938080525
248793067,280127498
248793067,522530914
248793067,492301798
248793067,12629032
248793067,160075845
248793067,2984239580
248793067,4624133423
248793067,430720373
248793067,3315126638
248793067,3270212306
248793067,359922159
248793067,3033068469
248793067,3144020331
248793067,51727137
248793067,229094302
248793067,538360525
248793067,351206805
248793067,3022797608
248793067,1510239456
248793067,2378420911
248793067,258875575
248793067,3273987193
248793067,23965121
248793067,24901256
248793067,118608630
248793067,3164139428
248793067,37025554
248793067,173431938
248793067,4578412882
248793067,186142606
248793067,370043904
248793067,224781446
248793067,245326375
248793067,103919945
248793067,2210288791
248793067,1526242466
248793067,446445470
248793067,3436279845
248793067,2707085628
248793067,50696947
248793067,231099644
248793067,254672485
248793067,1573846466
248793067,2356566228
248793067,356184553
248793067,3401849351
248793067,227294692
248793067,31957479
248793067,17714273
248793067,22262821
248793067,16087428
248793067,20759034
248793067,357091540
248793067,4105359040
248793067,196957742
248793067,126580691
248793067,2941376819
248793067,4470355523
248793067,3972079623
248793067,280288703
248793067,3299212327
248793067,608152400
248793067,198604237
248793067,1249745414
248793067,137317316
248793067,300492970
248793067,3320493455
248793067,569340007
248793067,3342427421
248793067,280071866
248793067,57013466
248793067,3084100564
248793067,141739745
248793067,3360813977
248793067,513720352
248793067,2217599444
248793067,2349370768
248793067,598377855
248793067,14691203
248793067,115321435
248793067,275046515
248793067,14948124
248793067,458008892
248793067,3092771277
248793067,95452594
248793067,150550246
248793067,431706680
248793067,3302829718
248793067,19066345
248793067,172633728
248793067,2887770181
248793067,1086657638
248793067,2180032971
248793067,401410383
248793067,185184529
248793067,1882365300
248793067,2782610215
248793067,16546354
248793067,553080109
248793067,247211662
248793067,259230483
248793067,18944473
248793067,214544700
248793067,1243231387
248793067,91099960
248793067,286592950
248793067,968776626
248793067,181673632
248793067,320644276
248793067,79917172
248793067,41192995
248793067,56891751
248793067,18017198
248793067,34006192
248793067,116799581
248793067,123279052
248793067,1134465295
248793067,494855838
248793067,4173555814
248793067,178628978
248793067,89583059
248793067,2231905548
248793067,2650464768
248793067,18213483
248793067,370051250
248793067,80230154
248793067,234538119
248793067,594802193
248793067,46479088
248793067,3836376616
248793067,3230956910
248793067,4201782351
248793067,280386209
248793067,226071629
248793067,382654881
248793067,1053548473
248793067,2897147317
248793067,272019676
248793067,41317988
248793067,240156082
248793067,3215984931
248793067,1144810866
248793067,45771352
248793067,1964335494
248793067,504400053
248793067,45538639
248793067,21278191
248793067,1481829344
248793067,113364071
248793067,53350569
248793067,398721950
248793067,296005306
248793067,402194180
248793067,1417732896
248793067,171283600
248793067,2555458705
248793067,16037051
248793067,2775893226
248793067,220347418
248793067,39316885
248793067,3386463460
248793067,605571254
248793067,27364502
248793067,29173966
248793067,1349172595
248793067,177100939
248793067,203913302
248793067,18415241
248793067,181934088
248793067,3367491543
248793067,32418351
248793067,40827315
248793067,2997680039
248793067,17061821
248793067,3146431094
248793067,160556436
248793067,1080886146
248793067,2804232282
248793067,19271592
248793067,34560400
248793067,2831715600
248793067,62868069
248793067,142699672
248793067,23441725
248793067,19349484
248793067,3170408384
248793067,2195671183
248793067,2990863064
248793067,299260722
248793067,309223981
248793067,3812143395
248793067,44327645
248793067,2245737116
248793067,263650169
248793067,368584748
248793067,136595565
248793067,1960288632
248793067,21093785
248793067,3767654057
248793067,3010216420
248793067,3017693998
248793067,20068679
248793067,271395754
248793067,763585021
248793067,1087146798
248793067,95425707
248793067,2859954021
248793067,3305061147
248793067,201599746
248793067,82857212
248793067,61741801
248793067,542650029
248793067,1675842368
248793067,174646175
248793067,278909963
248793067,257529281
248793067,235199409
248793067,242325490
248793067,476685191
248793067,495918624
248793067,3608429775
248793067,3437948387
248793067,258032678
248793067,47550771
248793067,14253192
248793067,3335481377
248793067,963430316
248793067,2739360708
248793067,771531072
248793067,236757391
248793067,311950974
248793067,34635844
248793067,2785591840
248793067,53405738
248793067,271880259
248793067,304499835
248793067,194877044
248793067,116866350
248793067,46076562
248793067,81197522
248793067,385908543
248793067,153121634
248793067,414697937
248793067,134584377
248793067,882433320
248793067,734211721
248793067,1557304370
248793067,105058974
248793067,792728574
248793067,2341640184
248793067,41373223
248793067,2242882424
248793067,3107808916
248793067,15453063
248793067,16246539
248793067,17231205
248793067,370011247
248793067,45920781
248793067,297443088
248793067,279495000
248793067,2380259108
248793067,93824989
248793067,43082050
248793067,3064677243
248793067,513597168
248793067,237345202
248793067,378566529
248793067,402294733
248793067,2893427357
248793067,1952219390
248793067,50295896
248793067,115043998
248793067,3040930172
248793067,38855595
248793067,3430143046
248793067,195581353
248793067,303284227
248793067,540713650
248793067,415877223
248793067,627352029
248793067,159462150
248793067,49529442
248793067,3104464336
248793067,1675457017
248793067,187487989
248793067,68522205
248793067,2219661384
248793067,195127710
248793067,1039201933
248793067,97979268
248793067,1081
248793067,856534464
248793067,91147768
248793067,273116920
248793067,900358272
248793067,912026432
248793067,20543416
248793067,297515020
248793067,2558158284
248793067,257367223
248793067,1561448815
248793067,16777564
248793067,50297939
248793067,23739394
248793067,477264899
248793067,732811645
248793067,390790443
248793067,114784491
248793067,2442680765
248793067,522643858
248793067,329567714
248793067,15486163
248793067,158678840
248793067,1327071756
248793067,3077811999
248793067,247155377
248793067,1729142658
248793067,24870771
248793067,2386948118
248793067,17559002
248793067,16308922
248793067,1444388689
248793067,279631954
248793067,114283963
248793067,37916418
248793067,735487279
248793067,540680024
248793067,2329066872
248793067,16922291
248793067,40222213
248793067,126638546
248793067,1084304287
248793067,584781353
248793067,51379246
248793067,2318998358
248793067,15806059
248793067,103825614
248793067,226070734
248793067,2640352499
248793067,44107025
248793067,33236871
248793067,298235383
248793067,17965523
248793067,10343662
248793067,3301508964
248793067,105158777
248793067,3147847285
248793067,349118553
248793067,127456984
248793067,1434363277
248793067,336345968
248793067,460164882
248793067,3187947692
248793067,802496832
248793067,1255374812
248793067,20422173
248793067,1592032974
248793067,21881398
248793067,1197330415
248793067,395537025
248793067,87671139
248793067,269329996
248793067,39716309
248793067,124164776
248793067,27609381
248793067,17571745
248793067,3298173254
248793067,3401096068
248793067,37468203
248793067,1715210150
248793067,579232016
248793067,410157395
248793067,2721102921
248793067,367044433
248793067,103656525
248793067,1735633818
248793067,72745782
248793067,788982234
248793067,18469492
248793067,344107558
248793067,1147992830
248793067,174780562
248793067,25508510
248793067,199181741
248793067,151383374
248793067,323297440
248793067,354226224
248793067,514648138
248793067,613935555
248793067,934602547
248793067,55810776
248793067,2290827133
248793067,3056783424
248793067,2998813421
248793067,134111548
248793067,2463508172
248793067,14584903
248793067,746438149
248793067,2477365616
248793067,36999211
248793067,246661281
248793067,1273284896
248793067,3372006334
248793067,3367295165
248793067,337325417
248793067,449622631
248793067,299346402
248793067,518615888
248793067,2919078763
248793067,344738486
248793067,249830418
248793067,2566535282
248793067,333967079
248793067,806035362
248793067,869860015
248793067,2789380538
248793067,2717897532
248793067,543877697
248793067,1521985440
248793067,550939178
248793067,234914560
248793067,3168065509
248793067,460005853
248793067,229155529
248793067,1299657865
248793067,2192278262
248793067,17890544
248793067,350248695
248793067,191762413
248793067,474264945
248793067,612068880
248793067,910795298
248793067,2330761729
248793067,23311675
248793067,2858104049
248793067,14755379
248793067,456111746
248793067,202695783
248793067,509274498
248793067,587255938
248793067,129167449
248793067,3028015979
248793067,11695472
248793067,15821039
248793067,529247724
248793067,2729245194
248793067,238185915
248793067,100193598
248793067,80895231
248793067,67080108
248793067,18681875
248793067,466578596
248793067,1583214799
248793067,99815144
248793067,31138458
248793067,299674521
248793067,70784306
248793067,2489508619
248793067,3119357656
248793067,37870910
248793067,556201985
248793067,3368217039
248793067,613633144
248793067,28279637
248793067,461898591
248793067,2436749443
248793067,3075074736
248793067,309935603
248793067,255527829
248793067,115315460
248793067,128216887
248793067,591578907
248793067,323494714
248793067,113184599
248793067,2189170238
248793067,607290453
248793067,216810337
248793067,71208292
248793067,18726763
248793067,330670995
248793067,260172055
248793067,84050651
248793067,11392672
248793067,1457897995
248793067,1348466204
248793067,1552369441
248793067,1686603277
248793067,1604257004
248793067,544447931
248793067,18457859
248793067,3040337349
248793067,41140728
248793067,66385332
248793067,340885733
248793067,33960482
248793067,609062370
248793067,2515659031
248793067,237305715
248793067,280416455
248793067,33519870
248793067,1424145636
248793067,2448365587
248793067,422744534
248793067,256151514
248793067,2415941165
248793067,34174153
248793067,77147856
248793067,10774652
248793067,1548489476
248793067,2270816227
248793067,1362949182
248793067,9687742
248793067,27213810
248793067,115425249
248793067,239747826
248793067,2954590109
248793067,274669412
248793067,3289826356
248793067,25067168
248793067,2718121228
248793067,837858259
248793067,796047728
248793067,2951467150
248793067,2902546372
248793067,49342143
248793067,29890575
248793067,3009185459
248793067,3175720572
248793067,36463978
248793067,57593976
248793067,2506896715
248793067,246529611
248793067,1213888158
248793067,22758798
248793067,29268365
248793067,478789439
248793067,139736489
248793067,2942978628
248793067,905786221
248793067,1717058660
248793067,2850290531
248793067,483248432
248793067,2875734893
248793067,362635603
248793067,1328957346
248793067,172680768
248793067,190280139
248793067,185602034
248793067,250616509
248793067,287701157
248793067,622551913
248793067,321369676
248793067,21479865
248793067,223387668
248793067,45786278
248793067,1456545516
248793067,2194277368
248793067,38402031
248793067,189519656
248793067,209514961
248793067,3115125171
248793067,586588011
248793067,260132962
248793067,31424712
248793067,25487026
248793067,15289325
248793067,764386674
248793067,165587758
248793067,244635069
248793067,235126656
248793067,265916324
248793067,2603023009
248793067,25387183
248793067,2884481958
248793067,16811829
248793067,2934434576
248793067,2557096170
248793067,21708005
248793067,41636475
248793067,2701608870
248793067,636702287
248793067,137369940
248793067,3013773901
248793067,1033261796
248793067,331535097
248793067,3264163048
248793067,865005462
248793067,164597331
248793067,3243776577
248793067,2900284959
248793067,1731401322
248793067,2434191967
248793067,26223622
248793067,226211833
248793067,3116151969
248793067,268977526
248793067,325609507
248793067,399326402
248793067,585291224
248793067,3023764651
248793067,2923556650
248793067,48602764
248793067,34218764
248793067,237044540
248793067,884285995
248793067,456361002
248793067,109518864
248793067,56923139
248793067,3055774775
248793067,15644999
248793067,54301047
248793067,148991994
248793067,2679963583
248793067,390276671
248793067,3084360180
248793067,355559742
248793067,1668690674
248793067,235893581
248793067,171437861
248793067,23923809
248793067,2217364006
248793067,197279836
248793067,24692987
248793067,39007862
248793067,603085604
248793067,2861589251
248793067,3246577588
248793067,2329347384
248793067,17469492
248793067,98081788
248793067,2731442958
248793067,190176826
248793067,1595466294
248793067,54642582
248793067,3229300888
248793067,2183893346
248793067,138369105
248793067,1179521676
248793067,606350126
248793067,3059365235
248793067,2800209213
248793067,229786929
248793067,737572579
248793067,210829635
248793067,1522605313
248793067,1075602031
248793067,487600344
248793067,195801490
248793067,2326746493
248793067,24709718
248793067,237175325
248793067,3018609753
248793067,32358296
248793067,160044700
248793067,14970845
248793067,31372956
248793067,1117257942
248793067,749846156
248793067,2389752781
248793067,2974991919
248793067,26978843
248793067,69971894
248793067,236739612
248793067,131190787
248793067,56311965
248793067,339938207
248793067,194387417
248793067,220810760
248793067,1345845283
248793067,2647091335
248793067,127359822
248793067,15111876
248793067,23330998
248793067,152696946
248793067,832981536
248793067,301941865
248793067,351880510
248793067,235233351
248793067,374712154
248793067,1706476531
248793067,65882237
248793067,340412491
248793067,520275350
248793067,79687711
248793067,286018054
248793067,351120282
248793067,817515950
248793067,210443348
248793067,340110831
248793067,1246342765
248793067,36670025
248793067,575127104
248793067,449794719
248793067,19181030
248793067,116711573
248793067,1926397148
248793067,25822251
248793067,2359204686
248793067,308637189
248793067,3170614096
248793067,1090166624
248793067,932678442
248793067,239074541
248793067,2383420375
248793067,394411751
248793067,2221129579
248793067,571956281
248793067,16681163
248793067,3153646432
248793067,1955695957
248793067,294013468
248793067,2348028631
248793067,130500665
248793067,1646242405
248793067,18393773
248793067,26849084
248793067,16955991
248793067,3041123805
248793067,240290761
248793067,251018073
248793067,3019406603
248793067,285078796
248793067,999952879
248793067,19282488
248793067,16753540
248793067,28565521
248793067,2387955846
248793067,280906316
248793067,45866701
248793067,285752286
248793067,382517106
248793067,3135785230
248793067,292464507
248793067,1630896181
248793067,176693618
248793067,504242053
248793067,1585058264
248793067,31382253
248793067,185129349
248793067,1633259659
248793067,22537286
248793067,2692256514
248793067,25493009
248793067,20227046
248793067,215211778
248793067,2658049301
248793067,133423347
248793067,3049232118
248793067,50925601
248793067,304296756
248793067,164690263
248793067,19079619
248793067,962498438
248793067,94348872
248793067,2307072186
248793067,91580209
248793067,3087494285
248793067,3016571481
248793067,67595445
248793067,2420752340
248793067,46375354
248793067,143848769
248793067,61731614
248793067,64473644
248793067,35993261
248793067,17386064
248793067,1174010647
248793067,268166018
248793067,309752916
248793067,304865310
248793067,2364625144
248793067,175771510
248793067,303489132
248793067,161245214
248793067,36492221
248793067,141127236
248793067,45073291
248793067,323092158
248793067,134115719
248793067,3107316165
248793067,762385783
248793067,740509130
248793067,47046609
248793067,156080170
248793067,244148917
248793067,3117795101
248793067,92723683
248793067,1212153494
248793067,88943997
248793067,66625686
248793067,15362789
248793067,532155107
248793067,33187802
248793067,46494369
248793067,1617240368
248793067,3104200743
248793067,153746909
248793067,2407381993
248793067,2521219134
248793067,968084252
248793067,3030532401
248793067,511562382
248793067,574015131
248793067,353886137
248793067,27637361
248793067,134511973
248793067,956004318
248793067,183177809
248793067,3086512355
248793067,131470442
248793067,3092110959
248793067,89820928
248793067,16188864
248793067,60869542
248793067,2655956864
248793067,221277900
248793067,2662911069
248793067,811674072
248793067,5988062
248793067,382841442
248793067,2688374192
248793067,60293310
248793067,2422122016
248793067,374774206
248793067,367844507
248793067,2786497803
248793067,69573718
248793067,569190875
248793067,1008345426
248793067,126291328
248793067,2860775778
248793067,1725478952
248793067,1600937988
248793067,3057638828
248793067,3081417705
248793067,204701254
248793067,3090977337
248793067,2729245691
248793067,919276506
248793067,1614694951
248793067,18874964
248793067,3078990137
248793067,364285659
248793067,115710058
248793067,611792417
248793067,245354385
248793067,2744949803
248793067,2866066501
248793067,48439918
248793067,539189807
248793067,1519320440
248793067,312130930
248793067,420732483
248793067,247299639
248793067,44848423
248793067,173205985
248793067,160241261
248793067,2815897607
248793067,1605359424
248793067,37223174
248793067,332970238
248793067,52730608
248793067,2189632409
248793067,237157288
248793067,837293101
248793067,1828963890
248793067,2685670291
248793067,490606276
248793067,2719903755
248793067,2900562393
248793067,53745963
248793067,41586154
248793067,183958189
248793067,192999669
248793067,30658485
248793067,236815037
248793067,2484529759
248793067,259737141
248793067,2951073839
248793067,1842204552
248793067,3068105734
248793067,124216048
248793067,116147381
248793067,3068242793
248793067,180767853
248793067,240164049
248793067,2274581806
248793067,171043841
248793067,46645449
248793067,1234580503
248793067,142223543
248793067,517717290
248793067,391966753
248793067,1668698526
248793067,18763909
248793067,1065974623
248793067,626028495
248793067,847073700
248793067,339227287
248793067,240419556
248793067,276220270
248793067,108041936
248793067,271902015
248793067,1657262455
248793067,1962785280
248793067,1740360907
248793067,2451336283
248793067,2233354056
248793067,553524545
248793067,2149465998
248793067,1645775539
248793067,2371016409
248793067,716323117
248793067,280143611
248793067,110390786
248793067,290177199
248793067,2558597661
248793067,152181166
248793067,59114022
248793067,2873853741
248793067,230507933
248793067,954011509
248793067,40831808
248793067,625794557
248793067,962144575
248793067,40252886
248793067,356964669
248793067,1706368915
248793067,58821256
248793067,3041292538
248793067,19487436
248793067,993516954
248793067,204763616
248793067,2307125475
248793067,84352985
248793067,115175357
248793067,137346000
248793067,44083404
248793067,269366848
248793067,224946590
248793067,282447100
248793067,188034813
248793067,185767679
248793067,69021545
248793067,176437536
248793067,57329234
248793067,335952689
248793067,37463771
248793067,328933166
248793067,20982496
248793067,455745570
248793067,1595703631
248793067,41688694
248793067,36705330
248793067,85653221
248793067,16079452
248793067,11756582
248793067,256538298
248793067,522078843
248793067,261607755
248793067,713831598
248793067,278216044
248793067,2600848425
248793067,69264323
248793067,51135903
248793067,17735852
248793067,237234753
248793067,534028255
248793067,34687594
248793067,1387957459
248793067,166637655
248793067,14799724
248793067,2739871486
248793067,58474954
248793067,187474306
248793067,148528989
248793067,596004875
248793067,15781769
248793067,180441567
248793067,63105266
248793067,188806611
248793067,30478133
248793067,2251930987
248793067,3022418084
248793067,106530410
248793067,2720922499
248793067,506033683
248793067,1568013698
248793067,2545459274
248793067,191198615
248793067,206621763
248793067,44688778
248793067,193452618
248793067,246082900
248793067,214872113
248793067,131250494
248793067,865355808
248793067,42467881
248793067,246679035
248793067,2986927299
248793067,1659667746
248793067,283232478
248793067,46781113
248793067,190685193
248793067,334477019
248793067,183711743
248793067,312264800
248793067,462825645
248793067,15277878
248793067,47584946
248793067,2700126842
248793067,41087923
248793067,67423382
248793067,304882108
248793067,2502325402
248793067,44395630
248793067,59159771
248793067,276984417
248793067,2881445031
248793067,839702281
248793067,275719378
248793067,430614703
248793067,1402608769
248793067,999008647
248793067,153029181
248793067,85311066
248793067,253534466
248793067,1112425916
248793067,19066038
248793067,2934280978
248793067,2809012895
248793067,3021031755
248793067,2718002409
248793067,740560051
248793067,25343700
248793067,17679507
248793067,2655086401
248793067,2728359627
248793067,909990571
248793067,36096153
248793067,129455716
248793067,331234961
248793067,39815355
248793067,3017931041
248793067,1005568640
248793067,2802332414
248793067,2802375733
248793067,2827517760
248793067,1102537447
248793067,923344914
248793067,335924557
248793067,355783360
248793067,1705572541
248793067,1028058067
248793067,2387787425
248793067,117706087
248793067,17370665
248793067,372257495
248793067,2313077616
248793067,249218075
248793067,324573203
248793067,248580189
248793067,91087822
248793067,2504057275
248793067,72013267
248793067,404993420
248793067,705813950
248793067,2385880134
248793067,2714031800
248793067,541382654
248793067,2388986549
248793067,394808071
248793067,1079840100
248793067,53972672
248793067,23431675
248793067,2927147279
248793067,353767344
248793067,309561098
248793067,200189316
248793067,16018377
248793067,146801826
248793067,182006648
248793067,366485665
248793067,23930518
248793067,2463057252
248793067,1151360736
248793067,2269619268
248793067,999379388
248793067,362401354
248793067,187186084
248793067,2232869868
248793067,706594458
248793067,51585480
248793067,328478019
248793067,46645126
248793067,2440607525
248793067,220981466
248793067,2997777791
248793067,284732065
248793067,2942570415
248793067,1130896976
248793067,44848528
248793067,2412958178
248793067,2990826676
248793067,18021621
248793067,1137986071
248793067,1196208139
248793067,9300262
248793067,939499698
248793067,178312206
248793067,9730592
248793067,247226741
248793067,473638817
248793067,621884443
248793067,2848025991
248793067,2378713202
248793067,2893470106
248793067,345829327
248793067,2529827125
248793067,156783075
248793067,131014169
248793067,234664856
248793067,200785205
248793067,2941242075
248793067,19058447
248793067,472812457
248793067,196733625
248793067,371609087
248793067,2597871235
248793067,1864042958
248793067,2348493854
248793067,235177715
248793067,39889387
248793067,423262886
248793067,36320046
248793067,193683500
248793067,211762885
248793067,14770814
248793067,142375993
248793067,438443784
248793067,455840563
248793067,17742739
248793067,287471448
248793067,1206507968
248793067,49180207
248793067,252613727
248793067,21212176
248793067,2909527215
248793067,47448886
248793067,55553371
248793067,309278028
248793067,15300487
248793067,177829660
248793067,35172466
248793067,243210848
248793067,534675241
248793067,2611052335
248793067,13493302
248793067,160304538
248793067,23040346
248793067,540903074
248793067,1289529698
248793067,2891921879
248793067,1620593341
248793067,539357972
248793067,25885764
248793067,112628982
248793067,822078666
248793067,230058785
248793067,286917087
248793067,33957999
248793067,254373781
248793067,370071920
248793067,487586254
248793067,139647882
248793067,25645943
248793067,587791197
248793067,308620696
248793067,63093785
248793067,16665986
248793067,214022498
248793067,138326506
248793067,450076611
248793067,544224348
248793067,326686881
248793067,114423945
248793067,26697097
248793067,19489239
248793067,34355563
248793067,36178553
248793067,465980006
248793067,2506038393
248793067,180401327
248793067,292817723
248793067,251052323
248793067,289333783
248793067,379783406
248793067,57750701
248793067,755340697
248793067,608958077
248793067,116727324
248793067,62346482
248793067,130569700
248793067,195329977
248793067,33203801
248793067,206346745
248793067,21184116
248793067,368711188
248793067,14587342
248793067,35774129
248793067,358040036
248793067,80849199
248793067,220911060
248793067,37171496
248793067,274448305
248793067,18650093
248793067,125306967
248793067,459407909
248793067,86050046
248793067,163780931
248793067,746980435
248793067,2762340050
248793067,905944896
248793067,230267094
248793067,106360047
248793067,975983857
248793067,206594379
248793067,41147020
248793067,452137334
248793067,2173535357
248793067,192558193
248793067,359897465
248793067,352149941
248793067,18851248
248793067,414970507
248793067,2962668105
248793067,46906698
248793067,27710100
248793067,708496376
248793067,300967766
248793067,2264191053
248793067,472499685
248793067,156311967
248793067,361925737
248793067,276944655
248793067,150151712
248793067,305318105
248793067,92221107
248793067,269423111
248793067,26448121
248793067,258867868
248793067,407920960
248793067,184672468
248793067,886377312
248793067,1319453274
248793067,18938660
248793067,27068295
248793067,2330867215
248793067,2950951570
248793067,147548482
248793067,62007976
248793067,236737997
248793067,76372965
248793067,2210884433
248793067,40213786
248793067,33459132
248793067,68402920
248793067,735450505
248793067,2493538830
248793067,2622553496
248793067,122127254
248793067,83638901
248793067,623128268
248793067,106312482
248793067,2719644255
248793067,16041234
248793067,1151827393
248793067,273542042
248793067,2920510471
248793067,1075971498
248793067,2732467426
248793067,337261405
248793067,302621381
248793067,48994792
248793067,87909658
248793067,325480259
248793067,38393426
248793067,525249347
248793067,2283668238
248793067,49675523
248793067,408258376
248793067,32994142
248793067,2267856554
248793067,273061905
248793067,1648669560
248793067,1190017988
248793067,2615725926
248793067,271884899
248793067,19613267
248793067,610834920
248793067,1903478581
248793067,22469071
248793067,56798872
248793067,35252548
248793067,192878384
248793067,247020614
248793067,2575015032
248793067,245741457
248793067,15666389
248793067,377300922
248793067,338955038
248793067,581026899
248793067,16538546
248793067,16684243
248793067,48446760
248793067,2858714759
248793067,2282370224
248793067,2761055584
248793067,321191032
248793067,2873771974
248793067,355148873
248793067,70739723
248793067,17753297
248793067,1256949764
248793067,266420236
248793067,949981322
248793067,464457430
248793067,201133879
248793067,15969329
248793067,255804172
248793067,10653602
248793067,855262092
248793067,2473809562
248793067,174168573
248793067,170507712
248793067,2889520524
248793067,20993636
248793067,28623650
248793067,2614040508
248793067,18474156
248793067,517623823
248793067,39250989
248793067,257612058
248793067,284984098
248793067,160545847
248793067,270800943
248793067,435132435
248793067,956171191
248793067,2811807426
248793067,355735280
248793067,357583469
248793067,37303498
248793067,131538331
248793067,25692368
248793067,299148448
248793067,2784820064
248793067,280830358
248793067,39991946
248793067,332718371
248793067,1329601190
248793067,2886120104
248793067,50028211
248793067,1970917519
248793067,609153722
248793067,62789211
248793067,2299376446
248793067,264218154
248793067,402733885
248793067,57878631
248793067,71966085
248793067,420948297
248793067,185133010
248793067,476051770
248793067,31731226
248793067,43361837
248793067,37633909
248793067,176095572
248793067,500643414
248793067,429296687
248793067,2551422646
248793067,84231517
248793067,33805522
248793067,2638968030
248793067,50689310
248793067,1589434802
248793067,25254139
248793067,14258257
248793067,418347726
248793067,552706437
248793067,200844632
248793067,182317718
248793067,1332018242
248793067,633853174
248793067,37621880
248793067,2565336552
248793067,338347408
248793067,28077596
248793067,315155251
248793067,1477025977
248793067,22493750
248793067,886392170
248793067,2687686944
248793067,296841287
248793067,2197469200
248793067,968596218
248793067,1591400384
248793067,2441414068
248793067,628626119
248793067,2147503868
248793067,2650300602
248793067,2483269484
248793067,306212854
248793067,2739507050
248793067,848165774
248793067,457367449
248793067,532487149
248793067,994437048
248793067,2765879792
248793067,898014272
248793067,2732602029
248793067,2212815573
248793067,2742817595
248793067,1130838469
248793067,540011996
248793067,136655495
248793067,1257640777
248793067,2601555003
248793067,2697938980
248793067,11512282
248793067,117372205
248793067,31373553
248793067,2369517465
248793067,354786257
248793067,2754251267
248793067,179560492
248793067,892207280
248793067,2746246913
248793067,2753812287
248793067,1170073502
248793067,517936945
248793067,2715776607
248793067,2322202515
248793067,44325764
248793067,237649482
248793067,364092664
248793067,178465493
248793067,371438076
248793067,18175161
248793067,896253223
248793067,199477496
248793067,2536650040
248793067,326734907
248793067,2706348782
248793067,22021978
248793067,18136711
248793067,20245208
248793067,1008218232
248793067,121473211
248793067,36367971
248793067,2284965018
248793067,14585384
248793067,49050806
248793067,183594399
248793067,375738344
248793067,392978235
248793067,1949828624
248793067,110671135
248793067,245896098
248793067,328174590
248793067,425796139
248793067,404141726
248793067,861645830
248793067,2718753917
248793067,90374596
248793067,171431056
248793067,2746156054
248793067,30682788
248793067,47149825
248793067,1393003146
248793067,45807830
248793067,46869333
248793067,2889764448
248793067,2494227662
248793067,189308849
248793067,489757350
248793067,82354194
248793067,2685674269
248793067,96706657
248793067,192401734
248793067,408770774
248793067,483913008
248793067,19332592
248793067,2872996029
248793067,2418050948
248793067,2351426401
248793067,238565618
248793067,365499953
248793067,2441537827
248793067,143391019
248793067,31098240
248793067,2596116211
248793067,1516789639
248793067,193249409
248793067,26718364
248793067,1197343716
248793067,605347826
248793067,2486588344
248793067,143195507
248793067,30165521
248793067,163427483
248793067,239532961
248793067,296875575
248793067,285166171
248793067,2715303215
248793067,96922628
248793067,722405810
248793067,2559111135
248793067,2569525282
248793067,143535701
248793067,985206434
248793067,400722904
248793067,292952708
248793067,2530450641
248793067,2449978999
248793067,46104294
248793067,2793965841
248793067,462058008
248793067,169489267
248793067,313182394
248793067,2814582590
248793067,268979586
248793067,21439144
248793067,75341781
248793067,15995155
248793067,2194449788
248793067,21747630
248793067,2751681746
248793067,15634156
248793067,1150990790
248793067,2543246692
248793067,71150575
248793067,250580585
248793067,1027220612
248793067,171421559
248793067,136266226
248793067,2885472728
248793067,231653036
248793067,2292804986
248793067,364810202
248793067,299416026
248793067,125908664
248793067,1070740064
248793067,145935897
248793067,2878590938
248793067,291921653
248793067,67598517
248793067,86772747
248793067,2202624301
248793067,2404753744
248793067,22608046
248793067,18428221
248793067,125977232
248793067,160972520
248793067,1451122832
248793067,189609407
248793067,2860591031
248793067,19146492
248793067,142774067
248793067,111542924
248793067,171916222
248793067,2195417621
248793067,2722922915
248793067,2856788910
248793067,2789021662
248793067,26336247
248793067,209719356
248793067,1238706048
248793067,2202849835
248793067,897830540
248793067,23745766
248793067,404365807
248793067,2809261274
248793067,108581222
248793067,379354501
248793067,1052458200
248793067,26971430
248793067,21321710
248793067,58736592
248793067,60559297
248793067,459569112
248793067,42176166
248793067,248642170
248793067,2816986446
248793067,52730927
248793067,1167301902
248793067,125961638
248793067,376078349
248793067,413157362
248793067,377282642
248793067,571945892
248793067,2194321901
248793067,32802376
248793067,104184930
248793067,31709771
248793067,143465942
248793067,177464808
248793067,956048851
248793067,2660795916
248793067,328391395
248793067,402604176
248793067,340418291
248793067,139804876
248793067,2835432830
248793067,106141784
248793067,59476984
248793067,920411
248793067,315880587
248793067,608295650
248793067,497869895
248793067,927268915
248793067,248088859
248793067,35007645
248793067,184968529
248793067,18783220
248793067,304035527
248793067,2542462607
248793067,312573855
248793067,26224533
248793067,138193142
248793067,1396251403
248793067,227875495
248793067,150281740
248793067,738110630
248793067,766369117
248793067,282937649
248793067,27844178
248793067,740738202
248793067,15929767
248793067,22746278
248793067,312617795
248793067,258249164
248793067,361144058
248793067,45311246
248793067,163090217
248793067,2714315647
248793067,249011520
248793067,182019035
248793067,55671296
248793067,162825036
248793067,487702256
248793067,1230214866
248793067,43736591
248793067,320627442
248793067,39989251
248793067,72010154
248793067,113650078
248793067,287611868
248793067,2393937049
248793067,2218735230
248793067,2813345641
248793067,344680667
248793067,560890012
248793067,2179754385
248793067,19858882
248793067,2652133650
248793067,2833756738
248793067,1229250871
248793067,706825897
248793067,22851915
248793067,311002833
248793067,47352477
248793067,543278469
248793067,394161589
248793067,1361304228
248793067,29316539
248793067,2548573109
248793067,435297255
248793067,327836741
248793067,48681938
248793067,1223755831
248793067,248154986
248793067,398566385
248793067,2382245432
248793067,1466528401
248793067,201387940
248793067,28988215
248793067,379609476
248793067,33487423
248793067,24702342
248793067,339717958
248793067,880576028
248793067,311934224
248793067,57937871
248793067,2835632948
248793067,546083631
248793067,1091913560
248793067,18671295
248793067,623071121
248793067,92479205
248793067,398137405
248793067,602302616
248793067,763202869
248793067,55662608
248793067,1367393971
248793067,403634021
248793067,238039547
248793067,186350139
248793067,277003700
248793067,2306514367
248793067,545928294
248793067,60134018
248793067,159046752
248793067,16783815
248793067,412284367
248793067,250044582
248793067,605451356
248793067,21950262
248793067,431900013
248793067,20979283
248793067,33892790
248793067,2386586221
248793067,19996360
248793067,198972619
248793067,2241269889
248793067,2363177430
248793067,14233575
248793067,275534348
248793067,1113739346
248793067,147071542
248793067,254094349
248793067,317661871
248793067,287905052
248793067,1243511413
248793067,69537520
248793067,95476226
248793067,179552986
248793067,62828176
248793067,14087968
248793067,44693356
248793067,57893293
248793067,252055833
248793067,80427563
248793067,114735604
248793067,2724689183
248793067,182100727
248793067,2380061500
248793067,486399045
248793067,2763988567
248793067,1126211065
248793067,103560569
248793067,2362173923
248793067,2294210518
248793067,33303006
248793067,243584827
248793067,83876032
248793067,14891492
248793067,1933886630
248793067,769121412
248793067,328929249
248793067,196961148
248793067,150995011
248793067,172684008
248793067,145614204
248793067,146028214
248793067,129442256
248793067,117338386
248793067,72844642
248793067,31101792
248793067,23570899
248793067,1872600270
248793067,1691491704
248793067,285856563
248793067,33472102
248793067,69281778
248793067,2808807809
248793067,17533253
248793067,193711250
248793067,29461744
248793067,344557379
248793067,557666127
248793067,1233453679
248793067,43922300
248793067,40768369
248793067,27006435
248793067,557226455
248793067,1225840764
248793067,32354064
248793067,875774065
248793067,2556966295
248793067,23745634
248793067,209785885
248793067,171630329
248793067,263195267
248793067,324955366
248793067,75246720
248793067,281075112
248793067,182616633
248793067,16735060
248793067,2318459040
248793067,1618081807
248793067,192318065
248793067,88728383
248793067,717954919
248793067,1678508449
248793067,2785717076
248793067,2835276183
248793067,961501879
248793067,208966865
248793067,314298808
248793067,949356638
248793067,553371286
248793067,247229109
248793067,240151352
248793067,707234953
248793067,256385012
248793067,1203599484
248793067,23423971
248793067,12431822
248793067,393277474
248793067,615111017
248793067,17774242
248793067,616234079
248793067,132290670
248793067,2433652956
248793067,201437697
248793067,324400969
248793067,22797665
248793067,372372537
248793067,292897097
248793067,36327484
248793067,1286638218
248793067,201676118
248793067,576631835
248793067,496859333
248793067,46148592
248793067,446270783
248793067,360150406
248793067,1264911775
248793067,560385437
248793067,120219534
248793067,377997943
248793067,132453727
248793067,247920949
248793067,28416657
248793067,192881130
248793067,609377203
248793067,28874769
248793067,218392706
248793067,237660615
248793067,211108868
248793067,333497790
248793067,211608075
248793067,304305384
248793067,163856570
248793067,19662296
248793067,2665335354
248793067,586842065
248793067,417945493
248793067,245373982
248793067,2253361608
248793067,726555727
248793067,236839350
248793067,36368367
248793067,742971404
248793067,379850624
248793067,548488673
248793067,316751557
248793067,223804917
248793067,2434071977
248793067,2804965486
248793067,1897409030
248793067,39210898
248793067,1226849118
248793067,43303692
248793067,2742840765
248793067,16401093
248793067,54885011
248793067,551200816
248793067,249047723
248793067,124727478
248793067,1310356296
248793067,41160276
248793067,100971064
248793067,2388967331
248793067,383907808
248793067,27823477
248793067,2738582177
248793067,582216847
248793067,221329378
248793067,429676852
248793067,171141398
248793067,39091176
248793067,132444418
248793067,32403707
248793067,216279069
248793067,140109312
248793067,139766045
248793067,615941943
248793067,273361361
248793067,1543919317
248793067,2400004619
248793067,284604445
248793067,338633155
248793067,89919436
248793067,219502391
248793067,821855442
248793067,260662353
248793067,20449042
248793067,2600958656
248793067,266079300
248793067,462647349
248793067,891195404
248793067,377508260
248793067,96442308
248793067,957296576
248793067,116412542
248793067,238486456
248793067,238176696
248793067,104152200
248793067,179146620
248793067,394893454
248793067,34585791
248793067,377538348
248793067,2261722829
248793067,181897052
248793067,1116247932
248793067,29228042
248793067,793460834
248793067,229981026
248793067,356402854
248793067,289014134
248793067,25292021
248793067,359861176
248793067,1228078490
248793067,994487460
248793067,2788695945
248793067,2356024437
248793067,517555061
248793067,498649328
248793067,283001885
248793067,20992595
248793067,2375157024
248793067,2284967558
248793067,1712140915
248793067,159383579
248793067,177314668
248793067,271931493
248793067,115602453
248793067,2737959525
248793067,29662823
248793067,138751024
248793067,2326561024
248793067,536405613
248793067,1496578562
248793067,48058397
248793067,920500903
248793067,121688472
248793067,53473048
248793067,99251562
248793067,564571490
248793067,1411054454
248793067,1528748730
248793067,850011385
248793067,171400366
248793067,166529970
248793067,140491079
248793067,187912062
248793067,55368770
248793067,150185147
248793067,13770242
248793067,156919789
248793067,508700683
248793067,224495471
248793067,252294949
248793067,1647484416
248793067,1411598672
248793067,37874163
248793067,17657880
248793067,18706257
248793067,210183323
248793067,575543082
248793067,51020195
248793067,2229991950
248793067,306989200
248793067,116009193
248793067,114894966
248793067,60527154
248793067,1870491
248793067,369989352
248793067,1321390387
248793067,132195390
248793067,21454129
248793067,495245391
248793067,711255057
248793067,137005823
248793067,1883480959
248793067,490550312
248793067,7962802
248793067,229195516
248793067,325600993
248793067,1269794113
248793067,52509637
248793067,932801438
248793067,208522294
248793067,874455589
248793067,202297498
248793067,2483294934
248793067,83258843
248793067,951865232
248793067,14344784
248793067,1611486986
248793067,222018080
248793067,104482992
248793067,154041220
248793067,2838408420
248793067,134716143
248793067,16057997
248793067,33230618
248793067,48425734
248793067,1260888554
248793067,102033342
248793067,1626294277
248793067,1070283834
248793067,356070548
248793067,173824266
248793067,1480692415
248793067,895834561
248793067,431029718
248793067,179449138
248793067,959018846
248793067,2317467702
248793067,45611724
248793067,2433279698
248793067,16090877
248793067,348620338
248793067,933698718
248793067,304222665
248793067,1699160509
248793067,32392926
248793067,33191006
248793067,2157475393
248793067,1199671034
248793067,2363562906
248793067,52449782
248793067,455836497
248793067,2609096257
248793067,216194834
248793067,27401862
248793067,74816002
248793067,210468022
248793067,1055048204
248793067,2313744587
248793067,2163869886
248793067,374039595
248793067,82326941
248793067,973087261
248793067,1115874631
248793067,955265046
248793067,47975126
248793067,480837171
248793067,211466673
248793067,2782521004
248793067,2791827304
248793067,798655747
248793067,109041137
248793067,14162029
248793067,1261848762
248793067,481487451
248793067,393248515
248793067,2535376805
248793067,874033429
248793067,987322752
248793067,36879994
248793067,560590272
248793067,53388061
248793067,426616565
248793067,330906573
248793067,783585740
248793067,418722070
248793067,948552829
248793067,121840630
248793067,235616583
248793067,869825995
248793067,934012891
248793067,263475932
248793067,80811754
248793067,1924844162
248793067,33286822
248793067,16528901
248793067,493580262
248793067,277940669
248793067,453124527
248793067,359816764
248793067,472598445
248793067,57270266
248793067,348992599
248793067,147490864
248793067,519569012
248793067,271216908
248793067,712360566
248793067,433124172
248793067,594020252
248793067,318651164
248793067,1013883115
248793067,1077334016
248793067,958982450
248793067,337262059
248793067,1147027518
248793067,789878538
248793067,336673162
248793067,1321051818
248793067,958728270
248793067,311662313
248793067,110644270
248793067,114480155
248793067,39682124
248793067,289809062
248793067,369641980
248793067,740380951
248793067,1585493839
248793067,485530764
248793067,729185516
248793067,40839292
248793067,397836878
248793067,98724107
248793067,154392557
248793067,193319846
248793067,741461586
248793067,153369381
248793067,1565053250
248793067,339566605
248793067,569064013
248793067,1585052984
248793067,566243048
248793067,124136234
248793067,217582256
248793067,634658299
248793067,718227059
248793067,2192970565
248793067,156881548
248793067,2253697622
248793067,338580501
248793067,154011677
248793067,38717819
248793067,2355789391
248793067,2386320861
248793067,1863592681
248793067,218060559
248793067,505516379
248793067,301907856
248793067,397104390
248793067,819093181
248793067,1598804455
248793067,19826122
248793067,41141597
248793067,2465831696
248793067,327248952
248793067,19562228
248793067,607838233
248793067,1340752010
248793067,18511475
248793067,344695537
248793067,77890394
248793067,440770692
248793067,94295202
248793067,186148006
248793067,2611810699
248793067,312183355
248793067,949004857
248793067,35788051
248793067,360529923
248793067,2191638456
248793067,1892631146
248793067,1222754234
248793067,63196865
248793067,284596018
248793067,22613350
248793067,370409211
248793067,2759822508
248793067,420623693
248793067,296182578
248793067,2397564810
248793067,538395121
248793067,104231030
248793067,56169454
248793067,29976609
248793067,285087768
248793067,77229964
248793067,37241502
248793067,2668008887
248793067,198764078
248793067,467265615
248793067,793998048
248793067,254163945
248793067,2739085923
248793067,2712844740
248793067,567012650
248793067,406964453
248793067,22574178
248793067,1169615444
248793067,40855525
248793067,732689233
248793067,20439615
248793067,126273232
248793067,33449298
248793067,32947008
248793067,91966716
248793067,299611333
248793067,1564343899
248793067,55787818
248793067,1080981283
248793067,615141677
248793067,110406285
248793067,131433103
248793067,376387753
248793067,57326701
248793067,8719302
248793067,8240912
248793067,343520975
248793067,17865618
248793067,205879134
248793067,74087757
248793067,311598545
248793067,41320272
248793067,372226447
248793067,15948668
248793067,253703535
248793067,8568192
248793067,1374214273
248793067,1104150176
248793067,15766082
248793067,416883390
248793067,264879105
248793067,251063595
248793067,33473850
248793067,184712738
248793067,47181372
248793067,244693119
248793067,2207155742
248793067,17143501
248793067,39457377
248793067,418205622
248793067,862213987
248793067,187203578
248793067,47420137
248793067,25660510
248793067,515562132
248793067,19027427
248793067,75028838
248793067,248730516
248793067,28117421
248793067,249013720
248793067,222479984
248793067,247264129
248793067,361051175
248793067,104257139
248793067,119080510
248793067,101385021
248793067,496868186
248793067,23308701
248793067,30803691
248793067,130936280
248793067,1660783502
248793067,286788691
248793067,547114168
248793067,2228583050
248793067,18939226
248793067,377837520
248793067,74847001
248793067,37932644
248793067,42581273
248793067,634588255
248793067,107736005
248793067,48667503
248793067,90197807
248793067,2526965371
248793067,1241724194
248793067,100291679
248793067,284485110
248793067,2563084929
248793067,93637779
248793067,2743864498
248793067,19484766
248793067,105636140
248793067,282418733
248793067,588405170
248793067,17309168
248793067,606289818
248793067,16822002
248793067,350198332
248793067,91316106
248793067,1385335813
248793067,66462693
248793067,131581280
248793067,316517173
248793067,1648628006
248793067,247173775
248793067,1148121019
248793067,545245615
248793067,248545302
248793067,19028716
248793067,2726243089
248793067,2693047184
248793067,166524060
248793067,148369114
248793067,520690173
248793067,311460897
248793067,2603422681
248793067,833360629
248793067,2705308747
248793067,349217357
248793067,37033123
248793067,360165904
248793067,591876169
248793067,313455402
248793067,144140816
248793067,376920145
248793067,2365455722
248793067,607946179
248793067,227802303
248793067,516570220
248793067,383734017
248793067,158496230
248793067,162901927
248793067,193656885
248793067,2193723422
248793067,329866683
248793067,268212191
248793067,227682918
248793067,700629535
248793067,2528033721
248793067,474359398
248793067,54471312
248793067,196976814
248793067,1287164395
248793067,2596347446
248793067,2223554250
248793067,390721852
248793067,160473213
248793067,473743414
248793067,815828540
248793067,28375828
248793067,338574743
248793067,123041366
248793067,174661909
248793067,518543865
248793067,2490394105
248793067,20663135
248793067,64223612
248793067,190909155
248793067,367750490
248793067,2225011040
248793067,245320407
248793067,1628635260
248793067,150246405
248793067,135071981
248793067,29349761
248793067,1072977690
248793067,1143175406
248793067,1380269084
248793067,1059735080
248793067,73367971
248793067,2299432887
248793067,568387136
248793067,223385801
248793067,734043
248793067,378228984
248793067,327429737
248793067,263917449
248793067,326212290
248793067,335885581
248793067,57404038
248793067,14151704
248793067,95705035
248793067,214832424
248793067,2376908305
248793067,362967323
248793067,126404738
248793067,190255219
248793067,2270107843
248793067,1534382918
248793067,574399309
248793067,18472837
248793067,186006820
248793067,844384926
248793067,155495827
248793067,589864230
248793067,608163906
248793067,1001400486
248793067,205757141
248793067,15576406
248793067,458372446
248793067,1643182177
248793067,1490069852
248793067,560410123
248793067,269876736
248793067,1076026596
248793067,300950144
248793067,425691118
248793067,21581749
248793067,140426927
248793067,289286291
248793067,481826429
248793067,35733977
248793067,1533276936
248793067,20902970
248793067,188042419
248793067,2358342914
248793067,164412024
248793067,375735030
248793067,50980914
248793067,307838395
248793067,67596660
248793067,360155120
248793067,716183752
248793067,24400754
248793067,359880934
248793067,256402372
248793067,2591062760
248793067,2479382681
248793067,274147632
248793067,393684997
248793067,406325707
248793067,1382247612
248793067,102368104
248793067,111592569
248793067,304316064
248793067,255473382
248793067,282052097
248793067,2740404690
248793067,23976668
248793067,2762456732
248793067,1455949746
248793067,123491369
248793067,286855203
248793067,107210124
248793067,36452050
248793067,168178669
248793067,223898027
248793067,484490200
248793067,101323124
248793067,33435034
248793067,367253793
248793067,1092960174
248793067,24144207
248793067,227838882
248793067,1055887388
248793067,33840696
248793067,998541294
248793067,764967930
248793067,319717821
248793067,702703686
248793067,2651078329
248793067,394685261
248793067,2577602433
248793067,270856294
248793067,17485911
248793067,2586058800
248793067,554475869
248793067,24177126
248793067,172858904
248793067,2731590383
248793067,150185868
248793067,24409260
248793067,5943952
248793067,808263168
248793067,523410922
248793067,611482753
248793067,2196795291
248793067,18440122
248793067,177550138
248793067,170085737
248793067,306335025
248793067,111352166
248793067,1372091431
248793067,269778195
248793067,555977337
248793067,299610680
248793067,1459980050
248793067,92297729
248793067,417716663
248793067,66971880
248793067,327814903
248793067,562214857
248793067,28287581
248793067,2304362059
248793067,87818409
248793067,259223286
248793067,106975317
248793067,2611453946
248793067,1283681796
248793067,150214308
248793067,252376499
248793067,226180440
248793067,108916575
248793067,765874404
248793067,404061692
248793067,486466516
248793067,162139926
248793067,408303946
248793067,214368353
248793067,270819500
248793067,304321780
248793067,304320315
248793067,270827963
248793067,407713083
248793067,273525510
248793067,270792379
248793067,417838686
248793067,74413016
248793067,14424544
248793067,87587158
248793067,59244737
248793067,214807527
248793067,117168892
248793067,20159596
248793067,13209572
248793067,751949970
248793067,386213011
248793067,1026240632
248793067,175183717
248793067,749181330
248793067,66473677
248793067,209093451
248793067,279230693
248793067,274136643
248793067,2684075792
248793067,275458071
248793067,337669150
248793067,137430889
248793067,2682516001
248793067,108014220
248793067,212568225
248793067,41787843
248793067,37956022
248793067,1858711466
248793067,57426888
248793067,14868073
248793067,116703739
248793067,22545954
248793067,2393844125
248793067,120563730
248793067,974735124
248793067,223190845
248793067,309914464
248793067,35389151
248793067,71464898
248793067,42665626
248793067,2659085491
248793067,134721599
248793067,584656117
248793067,28175792
248793067,972226801
248793067,2556551630
248793067,41964836
248793067,533503439
248793067,400663033
248793067,277406258
248793067,369743409
248793067,15442441
248793067,115657494
248793067,2549540024
248793067,2478979537
248793067,75630518
248793067,244452760
248793067,2325650756
248793067,489493098
248793067,385034885
248793067,37612289
248793067,301285218
248793067,64976493
248793067,19962578
248793067,260154400
248793067,625012150
248793067,180435545
248793067,348304116
248793067,139659725
248793067,291340680
248793067,2217459984
248793067,348387090
248793067,332648512
248793067,579227969
248793067,346582615
248793067,48654316
248793067,2677389380
248793067,2645428922
248793067,510011520
248793067,2498016836
248793067,450043257
248793067,28086296
248793067,268662889
248793067,99365420
248793067,2703286302
248793067,130770658
248793067,372993024
248793067,104932975
248793067,282436645
248793067,578493309
248793067,1052614712
248793067,92239311
248793067,2691787179
248793067,194998851
248793067,2361040551
248793067,1633574912
248793067,60783724
248793067,413283067
248793067,372171163
248793067,50288937
248793067,614977165
248793067,45166464
248793067,34905798
248793067,28674722
248793067,164212127
248793067,2373978144
248793067,52743641
248793067,1652643842
248793067,112443787
248793067,714458838
248793067,45221196
248793067,1008392934
248793067,34227918
248793067,37937839
248793067,1634248890
248793067,1704392682
248793067,153775384
248793067,533549125
248793067,1546896846
248793067,368055961
248793067,256419080
248793067,166478326
248793067,301720142
248793067,343588058
248793067,430272786
248793067,15634728
248793067,264915690
248793067,65841393
248793067,2668798410
248793067,2698225129
248793067,168410432
248793067,250371623
248793067,144334878
248793067,303389155
248793067,524416403
248793067,16952174
248793067,90699142
248793067,165738588
248793067,403236144
248793067,45144706
248793067,747189216
248793067,123879401
248793067,82689705
248793067,1415695681
248793067,6531902
248793067,19811190
248793067,33933259
248793067,271441733
248793067,60514498
248793067,329142212
248793067,2674458072
248793067,47543455
248793067,2657952055
248793067,2665316959
248793067,2679535350
248793067,40667130
248793067,291267654
248793067,256442158
248793067,412550715
248793067,2669243822
248793067,1435157612
248793067,2556608078
248793067,548504658
248793067,140731977
248793067,1222697556
248793067,54547350
248793067,314067900
248793067,36303246
248793067,636003224
248793067,74702868
248793067,40482441
248793067,92985243
248793067,174968342
248793067,166767883
248793067,2665309068
248793067,793879086
248793067,2670494234
248793067,96824697
248793067,19346439
248793067,362354764
248793067,233435567
248793067,492929975
248793067,357430585
248793067,281450987
248793067,313526232
248793067,2306884707
248793067,45822736
248793067,178265479
248793067,970875331
248793067,18730634
248793067,1242501248
248793067,1705297002
248793067,263981499
248793067,1567786782
248793067,27829864
248793067,17060020
248793067,2193689095
248793067,397599104
248793067,306248648
248793067,43312931
248793067,130474486
248793067,381469633
248793067,177135860
248793067,570880630
248793067,375085830
248793067,191604724
248793067,2526062993
248793067,28767881
248793067,292471466
248793067,887160097
248793067,409771521
248793067,28092167
248793067,322572436
248793067,2592664878
248793067,253552110
248793067,1867868419
248793067,355619822
248793067,20891396
248793067,469490627
248793067,67873753
248793067,1545771996
248793067,1481987202
248793067,876198470
248793067,429728076
248793067,20639175
248793067,2509683318
248793067,367015402
248793067,165383718
248793067,852269288
248793067,771650174
248793067,171463972
248793067,713875903
248793067,2318905501
248793067,2514173658
248793067,1547605418
248793067,2705906579
248793067,138020428
248793067,773758404
248793067,58708507
248793067,631107358
248793067,48670942
248793067,148855650
248793067,290143983
248793067,2696244309
248793067,7331672
248793067,537969338
248793067,932192869
248793067,36313110
248793067,244727836
248793067,113745711
248793067,1691417946
248793067,18759465
248793067,2324981461
248793067,49255285
248793067,2339790649
248793067,1209765114
248793067,2611650650
248793067,2591638987
248793067,262033141
248793067,56064366
248793067,375226804
248793067,2234310580
248793067,2312659651
248793067,68919090
248793067,12612432
248793067,15264641
248793067,65045121
248793067,926290836
248793067,29305289
248793067,398589733
248793067,587315250
248793067,469566839
248793067,545055936
248793067,25430336
248793067,31364918
248793067,733617661
248793067,730895472
248793067,404691582
248793067,1222240146
248793067,401120000
248793067,477670164
248793067,2330661706
248793067,87906328
248793067,436306334
248793067,407779393
248793067,1347648468
248793067,189987164
248793067,25886969
248793067,76004057
248793067,110396781
248793067,284776048
248793067,2371546780
248793067,20052487
248793067,250418819
248793067,98159416
248793067,331451880
248793067,976838341
248793067,432443634
248793067,1228191908
248793067,255646898
248793067,22314440
248793067,24854898
248793067,37748112
248793067,61731433
248793067,18839790
248793067,91434673
248793067,422043918
248793067,2225653322
248793067,333447565
248793067,28457423
248793067,103681269
248793067,34211133
248793067,1860518928
248793067,92730916
248793067,437806296
248793067,278400439
248793067,371309670
248793067,191099605
248793067,15801023
248793067,2256773894
248793067,348304940
248793067,405874268
248793067,1668648710
248793067,269478702
248793067,407802903
248793067,2491798902
248793067,243150516
248793067,121729065
248793067,333922452
248793067,2567402578
248793067,259767191
248793067,277601746
248793067,259722264
248793067,402029700
248793067,110103359
248793067,28990571
248793067,966812737
248793067,24874477
248793067,236335319
248793067,1212382850
248793067,833808607
248793067,22211969
248793067,529104828
248793067,37655154
248793067,2423497083
248793067,47336158
248793067,29309901
248793067,293088356
248793067,979041176
248793067,158800638
248793067,2529405810
248793067,1492929978
248793067,1044780613
248793067,18492527
248793067,2234157997
248793067,14557606
248793067,25058787
248793067,43774369
248793067,339003927
248793067,24441118
248793067,248328851
248793067,1555511995
248793067,50091599
248793067,53304947
248793067,2425456855
248793067,147177929
248793067,2230388154
248793067,38859857
248793067,2282482836
248793067,1905182880
248793067,36360853
248793067,715679539
248793067,1613558646
248793067,42853269
248793067,770352763
248793067,23109598
248793067,349782011
248793067,259673639
248793067,185820755
248793067,95580130
248793067,1189205972
248793067,1867651063
248793067,79441324
248793067,2213627106
248793067,87449109
248793067,2463946540
248793067,1231589906
248793067,2283772662
248793067,485678808
248793067,217736584
248793067,2434963412
248793067,34371118
248793067,1460470789
248793067,1310158016
248793067,2147510053
248793067,191213034
248793067,16122373
248793067,1862151403
248793067,458234232
248793067,2498182802
248793067,83876527
248793067,1495001167
248793067,180294540
248793067,269154124
248793067,57873169
248793067,1965390450
248793067,720943584
248793067,117754884
248793067,46387392
248793067,1648434926
248793067,234635383
248793067,153196261
248793067,15997827
248793067,47355706
248793067,2275300565
248793067,428750698
248793067,50144992
248793067,122928781
248793067,431421505
248793067,295737303
248793067,737556049
248793067,16067268
248793067,504468543
248793067,423631401
248793067,51754005
248793067,207904996
248793067,1849086067
248793067,1113168000
248793067,2387521014
248793067,204844864
248793067,18600980
248793067,18405412
248793067,26834339
248793067,2218609787
248793067,147896957
248793067,51072967
248793067,92242395
248793067,69276033
248793067,635258821
248793067,37295619
248793067,15671144
248793067,137620679
248793067,179256025
248793067,305876980
248793067,24671422
248793067,280552762
248793067,615427844
248793067,247661128
248793067,191545620
248793067,2326951053
248793067,2482786560
248793067,1141412443
248793067,428441121
248793067,2480398998
248793067,124048120
248793067,25386123
248793067,285139441
248793067,61180019
248793067,482030891
248793067,277747585
248793067,2373735295
248793067,2276290781
248793067,102935774
248793067,2208998934
248793067,147962810
248793067,92578999
248793067,32344619
248793067,1444166276
248793067,847263877
248793067,754146396
248793067,547116712
248793067,65057049
248793067,350647665
248793067,424569947
248793067,321683632
248793067,1398095065
248793067,112440440
248793067,591603988
248793067,1589372462
248793067,26587452
248793067,1948089362
248793067,1039302176
248793067,505741151
248793067,539810130
248793067,2340589279
248793067,297316579
248793067,88455824
248793067,185887904
248793067,158138831
248793067,268196480
248793067,407982556
248793067,54311364
248793067,151106990
248793067,490119285
248793067,1059931280
248793067,109554031
248793067,1220821482
248793067,369416474
248793067,1699981794
248793067,2366821910
248793067,67490839
248793067,176652702
248793067,1714904610
248793067,2257320285
248793067,1178700896
248793067,19717082
248793067,215932449
248793067,498665982
248793067,1516926420
248793067,1225665668
248793067,603311675
248793067,1437795638
248793067,150157383
248793067,943233589
248793067,452736228
248793067,149894554
248793067,191633906
248793067,97714480
248793067,74111791
248793067,19487451
248793067,357349881
248793067,2393164477
248793067,14857525
248793067,320524842
248793067,55954443
248793067,194600529
248793067,63203769
248793067,82567380
248793067,37852648
248793067,365101425
248793067,1159654592
248793067,978030188
248793067,73614493
248793067,16695420
248793067,23136963
248793067,2281232686
248793067,320615023
248793067,577006454
248793067,1115376342
248793067,36352075
248793067,1967216306
248793067,744601892
248793067,1252137746
248793067,42773716
248793067,16192197
248793067,2435596224
248793067,236842863
248793067,551906479
248793067,22800231
248793067,579582188
248793067,575539143
248793067,135532444
248793067,58197456
248793067,47814419
248793067,145969561
248793067,3108351
248793067,283871018
248793067,164929952
248793067,2459644405
248793067,173044070
248793067,497251270
248793067,46683818
248793067,249277955
248793067,307963570
248793067,73088555
248793067,132912041
248793067,1444029422
248793067,847440457
248793067,26212884
248793067,2318763096
248793067,42604302
248793067,443500471
248793067,2355279847
248793067,2343266731
248793067,115754870
248793067,119519642
248793067,1359226843
248793067,161967179
248793067,1257890653
248793067,1213897934
248793067,32824308
248793067,886210303
248793067,555069083
248793067,87175641
248793067,418974849
248793067,20936212
248793067,428161641
248793067,2382052512
248793067,34928719
248793067,67964859
248793067,17919212
248793067,358806224
248793067,2358647346
248793067,61244597
248793067,107816328
248793067,271461410
248793067,1148305634
248793067,1126293876
248793067,1538460756
248793067,32487808
248793067,888355178
248793067,319073080
248793067,1949491524
248793067,43662736
248793067,58184247
248793067,114541972
248793067,477678127
248793067,75287313
248793067,43455121
248793067,23818581
248793067,92578044
248793067,1189099057
248793067,895185536
248793067,282556111
248793067,21303235
248793067,61781260
248793067,31405614
248793067,104569036
248793067,44618585
248793067,754820179
248793067,70567706
248793067,1720604923
248793067,61149956
248793067,147901281
248793067,849542665
248793067,2389191159
248793067,160337418
248793067,932163222
248793067,786932450
248793067,1657293098
248793067,2382598152
248793067,216256233
248793067,1280318305
248793067,44653060
248793067,312057560
248793067,2352937040
248793067,76067316
248793067,1638465306
248793067,111081525
248793067,297548464
248793067,1600266878
248793067,19364487
248793067,621100139
248793067,138631332
248793067,1114237771
248793067,280634716
248793067,35759043
248793067,16483891
248793067,1530686580
248793067,296253556
248793067,331671262
248793067,179524967
248793067,6314042
248793067,17063147
248793067,43592187
248793067,2419207357
248793067,26609148
248793067,9964202
248793067,2447608312
248793067,1686776978
248793067,250296999
248793067,314190694
248793067,626697673
248793067,16389881
248793067,2149973089
248793067,850611973
248793067,1536223580
248793067,61267452
248793067,83435676
248793067,2373174403
248793067,28095603
248793067,608033488
248793067,47783286
248793067,60569727
248793067,986474754
248793067,101816572
248793067,438222255
248793067,236328898
248793067,552180085
248793067,19346615
248793067,252531143
248793067,1396685078
248793067,326385918
248793067,571093973
248793067,256645250
248793067,1349392423
248793067,25587142
248793067,2336661851
248793067,614491568
248793067,93176002
248793067,24993788
248793067,221432987
248793067,98729468
248793067,954295794
248793067,144091041
248793067,246157956
248793067,1362368612
248793067,1005120595
248793067,204695538
248793067,1392603529
248793067,628740104
248793067,17243582
248793067,1431335875
248793067,35722250
248793067,67436402
248793067,219420950
248793067,552251514
248793067,704759622
248793067,11345012
248793067,67116122
248793067,293642513
248793067,1234693873
248793067,356454736
248793067,1019829726
248793067,307482701
248793067,22098093
248793067,494029723
248793067,58058688
248793067,1849667018
248793067,228022619
248793067,48978251
248793067,71283375
248793067,36125094
248793067,289270280
248793067,78577432
248793067,2212926198
248793067,47595325
248793067,1467142237
248793067,199581832
248793067,742681004
248793067,15292694
248793067,278949162
248793067,52859504
248793067,291018698
248793067,1010456371
248793067,219370341
248793067,17990267
248793067,189217871
248793067,840736406
248793067,47077035
248793067,2382347023
248793067,2273916254
248793067,157273341
248793067,24537270
248793067,184738996
248793067,2363892907
248793067,14062180
248793067,2382362052
248793067,104771512
248793067,149180925
248793067,98576087
248793067,33048470
248793067,23050150
248793067,1344216686
248793067,301957179
248793067,2160161428
248793067,54668300
248793067,466949288
248793067,195492671
248793067,1073589445
248793067,748975560
248793067,264497556
248793067,223780801
248793067,74481496
248793067,1204684800
248793067,25622171
248793067,347173038
248793067,49399416
248793067,1874505344
248793067,17687125
248793067,292423018
248793067,2359701415
248793067,2157121885
248793067,1622467327
248793067,315932718
248793067,18686907
248793067,77052514
248793067,47813521
248793067,30083241
248793067,239857777
248793067,204944626
248793067,431344226
248793067,32994600
248793067,379847028
248793067,440496477
248793067,29050324
248793067,2382346073
248793067,2276411323
248793067,274926634
248793067,1114829635
248793067,13214462
248793067,19871636
248793067,1303898383
248793067,371885932
248793067,412789478
248793067,1082538780
248793067,948524389
248793067,222051892
248793067,343228591
248793067,1856353051
248793067,2328521869
248793067,110746577
248793067,1870523768
248793067,1884284869
248793067,364648401
248793067,1120515805
248793067,168248272
248793067,17226853
248793067,388700778
248793067,40129434
248793067,125054097
248793067,701513250
248793067,266414333
248793067,103947189
248793067,40883497
248793067,343122214
248793067,21190026
248793067,155903049
248793067,32933328
248793067,457984599
248793067,1114509985
248793067,131651871
248793067,17995040
248793067,546333103
248793067,98310762
248793067,22657914
248793067,384519722
248793067,29465516
248793067,1202438672
248793067,186870153
248793067,138997922
248793067,117763834
248793067,238524793
248793067,606643322
248793067,2253514663
248793067,430135494
248793067,23594747
248793067,17650854
248793067,265353419
248793067,389972662
248793067,1229643698
248793067,282307872
248793067,440004773
248793067,236541060
248793067,287859136
248793067,145646405
248793067,213722336
248793067,870797526
248793067,72928651
248793067,15811717
248793067,15716004
248793067,358182742
248793067,265273166
248793067,45807070
248793067,1482520662
248793067,283400214
248793067,15101281
248793067,198995412
248793067,2349142970
248793067,42566076
248793067,280526913
248793067,204260052
248793067,1367565018
248793067,89409437
248793067,1539022536
248793067,106356474
248793067,18587272
248793067,115437486
248793067,516303049
248793067,631408001
248793067,88874357
248793067,21852403
248793067,1149095036
248793067,210751000
248793067,71731465
248793067,28293476
248793067,1499542922
248793067,52710136
248793067,337959850
248793067,58781542
248793067,227379649
248793067,435287678
248793067,174323486
248793067,41810002
248793067,114342695
248793067,381341405
248793067,21541548
248793067,472745516
248793067,964735801
248793067,1562225918
248793067,211407324
248793067,591230931
248793067,1589392723
248793067,303116225
248793067,246599348
248793067,916288279
248793067,2325440780
248793067,374710738
248793067,2307512165
248793067,54480908
248793067,13197402
248793067,949502250
248793067,164769561
248793067,17675072
248793067,347123241
248793067,2292003774
248793067,88183759
248793067,403277573
248793067,2342402628
248793067,299029471
248793067,734970164
248793067,2152622551
248793067,325085328
248793067,113061485
248793067,38413836
248793067,163602838
248793067,2188931167
248793067,66979226
248793067,9609632
248793067,14584437
248793067,40697459
248793067,488517173
248793067,348306688
248793067,351466568
248793067,237711495
248793067,790039358
248793067,155392216
248793067,301072888
248793067,441745842
248793067,351560368
248793067,24882415
248793067,81323233
248793067,245715841
248793067,29697325
248793067,206171262
248793067,96830554
248793067,18735837
248793067,132306381
248793067,31085881
248793067,213568120
248793067,1511183035
248793067,51020459
248793067,45612569
248793067,476833227
248793067,2264905372
248793067,103561639
248793067,16212771
248793067,430408627
248793067,252992766
248793067,183764874
248793067,18200615
248793067,1652279503
248793067,141929534
248793067,78346308
248793067,140631752
248793067,949110745
248793067,837704712
248793067,609945113
248793067,380275228
248793067,325659603
248793067,588338634
248793067,300164820
248793067,294106974
248793067,1688955506
248793067,417655025
248793067,516255641
248793067,313865063
248793067,317944896
248793067,54827242
248793067,145830347
248793067,337554845
248793067,48402857
248793067,251999429
248793067,77207713
248793067,1448180900
248793067,919263290
248793067,71534367
248793067,2302147814
248793067,125132038
248793067,76858507
248793067,207950470
248793067,57560855
248793067,111093517
248793067,341089157
248793067,219292071
248793067,2299289193
248793067,44550433
248793067,177807180
248793067,54797642
248793067,323267943
248793067,28383835
248793067,2209850116
248793067,76379893
248793067,253774532
248793067,41789292
248793067,53017384
248793067,775923464
248793067,842073654
248793067,1452747482
248793067,3715051
248793067,198945680
248793067,18489939
248793067,519999619
248793067,15810778
248793067,1237247035
248793067,594759414
248793067,39341123
248793067,149200804
248793067,396736055
248793067,22846853
248793067,50343149
248793067,601566121
248793067,14700316
248793067,46090688
248793067,761831000
248793067,103938046
248793067,415304375
248793067,951069578
248793067,60885999
248793067,595779264
248793067,24929873
248793067,174369784
248793067,487427093
248793067,1650737594
248793067,139348778
248793067,306281771
248793067,166845078
248793067,218948555
248793067,9397732
248793067,30823468
248793067,1603094082
248793067,608065225
248793067,894545575
248793067,258931104
248793067,565676354
248793067,542495065
248793067,873519902
248793067,215496884
248793067,54557379
248793067,24809044
248793067,262856460
248793067,549790362
248793067,175144158
248793067,246839759
248793067,135195122
248793067,1897038091
248793067,1189691598
248793067,525654962
248793067,490354246
248793067,18690717
248793067,18342450
248793067,30539818
248793067,1348812668
248793067,336049237
248793067,147229007
248793067,389281501
248793067,713178997
248793067,1058059022
248793067,289827244
248793067,449759006
248793067,1218086059
248793067,385382287
248793067,121211932
248793067,601039751
248793067,398650167
248793067,38120764
248793067,413494997
248793067,334465394
248793067,1361548236
248793067,306067552
248793067,1638216756
248793067,634771255
248793067,44840411
248793067,147799780
248793067,872016284
248793067,52048638
248793067,1609234855
248793067,2198432228
248793067,1079450924
248793067,719189105
248793067,703715301
248793067,57783490
248793067,1953711960
248793067,56443856
248793067,1241744953
248793067,39027845
248793067,128308837
248793067,1444779536
248793067,1962557574
248793067,449768520
248793067,42718156
248793067,250493846
248793067,884063996
248793067,120126944
248793067,577936327
248793067,489208905
248793067,306661939
248793067,19341389
248793067,14392636
248793067,18610959
248793067,375116614
248793067,33874302
248793067,2201997453
248793067,839721253
248793067,403443268
248793067,297494187
248793067,562781948
248793067,17257327
248793067,350871892
248793067,14286928
248793067,408936124
248793067,1687159063
248793067,2292938051
248793067,121138755
248793067,21287168
248793067,833345563
248793067,521296721
248793067,2180834202
248793067,383165652
248793067,62062844
248793067,469509129
248793067,219383811
248793067,29425733
248793067,619948906
248793067,190365292
248793067,1478015827
248793067,19826330
248793067,429747849
248793067,199201124
248793067,2273715428
248793067,245431520
248793067,103912534
248793067,44578328
248793067,226672378
248793067,20970341
248793067,2274866202
248793067,1200646176
248793067,1391847530
248793067,1421048274
248793067,128006439
248793067,106612244
248793067,602499614
248793067,50612572
248793067,528199822
248793067,538401540
248793067,15669672
248793067,14676905
248793067,14542434
248793067,992839088
248793067,732402528
248793067,18585340
248793067,74323323
248793067,514082785
248793067,380648579
248793067,55218051
248793067,865179162
248793067,154485832
248793067,476654184
248793067,75013037
248793067,492594528
248793067,984509070
248793067,1411612927
248793067,1882003194
248793067,40200634
248793067,24343809
248793067,34230439
248793067,23588075
248793067,423787236
248793067,54022705
248793067,17672825
248793067,873274760
248793067,18083464
248793067,49563434
248793067,1872348624
248793067,187796215
248793067,270865647
248793067,22526082
248793067,1577262577
248793067,371944004
248793067,209484168
248793067,1184229336
248793067,848785760
248793067,254005513
248793067,1361588850
248793067,1688629494
248793067,492918887
248793067,611775197
248793067,460252310
248793067,156005263
248793067,254529620
248793067,375407802
248793067,18480751
248793067,1683417482
248793067,78098130
248793067,471306884
248793067,210946194
248793067,2276000076
248793067,17740367
248793067,963769050
248793067,110396260
248793067,55186360
248793067,561845963
248793067,879022850
248793067,144658062
248793067,107391936
248793067,14490758
248793067,20665221
248793067,45585095
248793067,304450131
248793067,38536833
248793067,171676052
248793067,435006405
248793067,1230083454
248793067,951996013
248793067,176797932
248793067,1643005712
248793067,488208737
248793067,1633889258
248793067,68389619
248793067,1373416597
248793067,1272809024
248793067,1051230720
248793067,2252283974
248793067,273356088
248793067,244898823
248793067,389536829
248793067,550478196
248793067,135909586
248793067,271096922
248793067,274558648
248793067,1467771864
248793067,51699254
248793067,810909980
248793067,17776811
248793067,196173213
248793067,1707335065
248793067,940666976
248793067,102938170
248793067,405389260
248793067,24723039
248793067,14353202
248793067,622261606
248793067,131605132
248793067,4816
248793067,326799145
248793067,437749850
248793067,235025509
248793067,325405501
248793067,14048901
248793067,1935629324
248793067,1542684906
248793067,253014675
248793067,626363868
248793067,34126745
248793067,443555754
248793067,16589206
248793067,980735520
248793067,310148084
248793067,300692796
248793067,1285888795
248793067,2238743161
248793067,818336550
248793067,524621806
248793067,86595673
248793067,14438451
248793067,782283246
248793067,1972853712
248793067,92522577
248793067,20252085
248793067,18050303
248793067,1679532098
248793067,490603741
248793067,27668241
248793067,26227812
248793067,1624778515
248793067,615007053
248793067,21087864
248793067,39714103
248793067,39465137
248793067,22742653
248793067,1464919746
248793067,569544773
248793067,16118472
248793067,20731951
248793067,29170792
248793067,87125793
248793067,14575708
248793067,979164318
248793067,139513950
248793067,90908176
248793067,521889265
248793067,475988505
248793067,349047223
248793067,221706364
248793067,1228532196
248793067,181173401
248793067,1042057819
248793067,218289790
248793067,461202814
248793067,80577423
248793067,1213709228
248793067,525676041
248793067,725469518
248793067,66932786
248793067,280608482
248793067,567030801
248793067,19417492
248793067,180905502
248793067,18487710
248793067,442398847
248793067,498962033
248793067,66533920
248793067,116705405
248793067,327091166
248793067,93025935
248793067,270818071
248793067,522452889
248793067,486682078
248793067,1615077217
248793067,493984656
248793067,359059544
248793067,225039585
248793067,329819402
248793067,297301222
248793067,198590729
248793067,1179360846
248793067,18760840
248793067,161431598
248793067,728918606
248793067,258325299
248793067,15441074
248793067,537099235
248793067,2195335994
248793067,228716646
248793067,1402305026
248793067,1571428436
248793067,236423204
248793067,318571154
248793067,267655619
248793067,260756441
248793067,37486158
248793067,328608798
248793067,125466639
248793067,1071045517
248793067,219340310
248793067,346610232
248793067,387377732
248793067,311918266
248793067,745755746
248793067,1196841164
248793067,27966935
248793067,176515196
248793067,39727062
248793067,15762708
248793067,89174115
248793067,333473236
248793067,2173444843
248793067,271101280
248793067,302788499
248793067,18217117
248793067,21714246
248793067,5108161
248793067,25139939
248793067,365515710
248793067,406983125
248793067,324907922
248793067,1037461724
248793067,2187526211
248793067,626729377
248793067,105488146
248793067,366001575
248793067,109542764
248793067,260199293
248793067,23889596
248793067,475978021
248793067,2215369765
248793067,380626573
248793067,1187301110
248793067,90256884
248793067,412294761
248793067,78987055
248793067,1523805224
248793067,266679272
248793067,234456646
248793067,580608797
248793067,1891315687
248793067,117102398
248793067,220931596
248793067,36396846
248793067,370091116
248793067,355380989
248793067,1849005228
248793067,1415838091
248793067,558118066
248793067,244106637
248793067,500241893
248793067,333277490
248793067,365032998
248793067,82959135
248793067,50124098
248793067,131536968
248793067,30958003
248793067,125121072
248793067,592844349
248793067,622762489
248793067,333926358
248793067,37179623
248793067,1112386867
248793067,1669320192
248793067,395172492
248793067,1560230366
248793067,108888965
248793067,7630382
248793067,317632982
248793067,197316305
248793067,45541835
248793067,56132007
248793067,20758263
248793067,1272002118
248793067,89513645
248793067,576194831
248793067,144695732
248793067,2195288496
248793067,22092333
248793067,197465985
248793067,244007936
248793067,22619050
248793067,14157847
248793067,328100658
248793067,25838832
248793067,499841959
248793067,516678209
248793067,16109944
248793067,24960661
248793067,44352334
248793067,83779205
248793067,58518069
248793067,275646017
248793067,608057984
248793067,142710097
248793067,87147656
248793067,45830255
248793067,64779539
248793067,237685708
248793067,320668685
248793067,155016967
248793067,206166773
248793067,238268090
248793067,183992398
248793067,116706176
248793067,156592468
248793067,240757529
248793067,494049057
248793067,179027035
248793067,1563605958
248793067,101284908
248793067,213975102
248793067,340848949
248793067,858769364
248793067,1450085400
248793067,48956231
248793067,21184471
248793067,328652511
248793067,49615331
248793067,114497298
248793067,27049442
248793067,516789555
248793067,629695944
248793067,1608296960
248793067,845091278
248793067,1450791602
248793067,252595901
248793067,216477773
248793067,300173434
248793067,346045959
248793067,35697850
248793067,251518335
248793067,49388980
248793067,517306957
248793067,946176966
248793067,807095
248793067,105501576
248793067,162178862
248793067,1022824596
248793067,10652232
248793067,487797439
248793067,139000702
248793067,1492615416
248793067,33308704
248793067,186920792
248793067,32362297
248793067,49278207
248793067,982567513
248793067,21227248
248793067,21997645
248793067,19826878
248793067,163334928
248793067,47367839
248793067,249898853
248793067,544450788
248793067,322504925
248793067,1258976936
248793067,10292132
248793067,962742938
248793067,51757413
248793067,370564325
248793067,92920942
248793067,337199667
248793067,911817732
248793067,201279013
248793067,405779581
248793067,126673047
248793067,448153596
248793067,22221730
248793067,717983349
248793067,17689864
248793067,296409794
248793067,135153363
248793067,404008840
248793067,433708060
248793067,17962204
248793067,293555103
248793067,18931251
248793067,131750900
248793067,212331406
248793067,527585837
248793067,258845393
248793067,202008995
248793067,378760477
248793067,14201135
248793067,386437541
248793067,243154538
248793067,137866648
248793067,823905
248793067,1681539265
248793067,1336762782
248793067,611636831
248793067,474363360
248793067,42970712
248793067,1269360739
248793067,1270217202
248793067,453244231
248793067,493525747
248793067,2148755450
248793067,1555496156
248793067,169670184
248793067,1316849131
248793067,147727707
248793067,1350200682
248793067,1943687600
248793067,21347530
248793067,132538505
248793067,92922035
248793067,1157437026
248793067,387300356
248793067,746729964
248793067,136657056
248793067,18683801
248793067,134279854
248793067,1960536048
248793067,1883460012
248793067,709053623
248793067,317185789
248793067,84413434
248793067,130134724
248793067,516529542
248793067,1339010798
248793067,234925810
248793067,52499546
248793067,23660042
248793067,209004862
248793067,425859178
248793067,39717644
248793067,24961237
248793067,1143410935
248793067,71787212
248793067,259158556
248793067,598331179
248793067,250594006
248793067,422360342
248793067,241993219
248793067,38481852
248793067,1632958081
248793067,153907325
248793067,141720274
248793067,1853591269
248793067,19975005
248793067,117718525
248793067,46359141
248793067,56967586
248793067,1581515226
248793067,1944092214
248793067,108664025
248793067,30699754
248793067,28388286
248793067,41333631
248793067,417793855
248793067,139073794
248793067,304973593
248793067,248070049
248793067,46900471
248793067,248822826
248793067,16224343
248793067,257989534
248793067,147678891
248793067,23436605
248793067,32852519
248793067,289228131
248793067,826894922
248793067,399636638
248793067,199164928
248793067,949269876
248793067,94188479
248793067,109106424
248793067,223785171
248793067,144264152
248793067,211833250
248793067,499735437
248793067,43738779
248793067,397244958
248793067,331527414
248793067,20791292
248793067,122198864
248793067,249283845
248793067,1900817084
248793067,134554113
248793067,43712048
248793067,728577655
248793067,17705538
248793067,1603724960
248793067,278944305
248793067,102674562
248793067,82839038
248793067,805241702
248793067,1917756824
248793067,1460648234
248793067,620186949
248793067,109262177
248793067,18753787
248793067,205646383
248793067,113008729
248793067,44149098
248793067,360549762
248793067,1116185580
248793067,24882557
248793067,132967909
248793067,27000702
248793067,238864301
248793067,323372166
248793067,780350892
248793067,205797341
248793067,312666381
248793067,157411177
248793067,118067672
248793067,28297204
248793067,117391886
248793067,47869545
248793067,581611939
248793067,581613374
248793067,153872736
248793067,107363635
248793067,1352174731
248793067,292168005
248793067,165141582
248793067,477794196
248793067,175386764
248793067,19402518
248793067,235459266
248793067,394841732
248793067,94305234
248793067,23934706
248793067,14122692
248793067,298133071
248793067,62760441
248793067,144089223
248793067,36960998
248793067,54157385
248793067,14821314
248793067,48433153
248793067,1612526749
248793067,274172200
248793067,563168130
248793067,81305054
248793067,1884332040
248793067,1354977276
248793067,110486147
248793067,226239176
248793067,1847876610
248793067,41314521
248793067,29697613
248793067,250135680
248793067,441257946
248793067,1345065462
248793067,26792275
248793067,138183480
248793067,5953552
248793067,923982780
248793067,980171244
248793067,713947352
248793067,565667631
248793067,140509137
248793067,339639522
248793067,553090451
248793067,266149775
248793067,304240970
248793067,336790852
248793067,352985362
248793067,1011058219
248793067,319056979
248793067,878312784
248793067,65425358
248793067,280903115
248793067,36981442
248793067,388418724
248793067,16491845
248793067,201302928
248793067,182344280
248793067,1198042518
248793067,1538262500
248793067,243257183
248793067,580981592
248793067,1148645395
248793067,123170572
248793067,549958743
248793067,229518167
248793067,181975021
248793067,144430258
248793067,365952026
248793067,43086741
248793067,52395122
248793067,59232856
248793067,113694195
248793067,221362715
248793067,29560262
248793067,243966746
248793067,1375155224
248793067,22762881
248793067,74731579
248793067,1615051909
248793067,33586869
248793067,552586515
248793067,1388631218
248793067,21856182
248793067,1469176375
248793067,291678780
248793067,232239675
248793067,277932021
248793067,630086448
248793067,1404590618
248793067,306145342
248793067,46614793
248793067,288664909
248793067,39221596
248793067,254546393
248793067,328924905
248793067,1670724367
248793067,212916599
248793067,57339160
248793067,287322784
248793067,197569861
248793067,17322697
248793067,137742396
248793067,371732368
248793067,1604363460
248793067,429047408
248793067,203972530
248793067,47980212
248793067,603510500
248793067,21662250
248793067,122672797
248793067,186896076
248793067,1675832450
248793067,16554918
248793067,44447349
248793067,78271843
248793067,63175052
248793067,115620637
248793067,72874574
248793067,1723414208
248793067,188044366
248793067,370857507
248793067,354266766
248793067,943514888
248793067,56397840
248793067,1316582502
248793067,198790634
248793067,1709961985
248793067,102672485
248793067,15876845
248793067,253365192
248793067,197042878
248793067,159808081
248793067,14893071
248793067,448200762
248793067,1164056179
248793067,358332394
248793067,303333423
248793067,18952969
248793067,42412828
248793067,951498386
248793067,21843704
248793067,1320138876
248793067,1026010412
248793067,251150283
248793067,389471519
248793067,269883253
248793067,514578240
248793067,46744791
248793067,1686270312
248793067,1650362954
248793067,183947923
248793067,1009843650
248793067,196580115
248793067,989383615
248793067,1575930703
248793067,573176415
248793067,48455154
248793067,360700120
248793067,1164129446
248793067,248616884
248793067,1449018246
248793067,363216656
248793067,14749971
248793067,1179588734
248793067,344899215
248793067,32975010
248793067,334564380
248793067,51429353
248793067,396810997
248793067,51812528
248793067,265178794
248793067,251182777
248793067,140778194
248793067,115056967
248793067,67372325
248793067,41565136
248793067,101739119
248793067,340485843
248793067,62629830
248793067,221012126
248793067,565491222
248793067,619390105
248793067,102017395
248793067,1260418386
248793067,423451273
248793067,240265305
248793067,382046554
248793067,481090283
248793067,153134508
248793067,1448489431
248793067,23937861
248793067,207009829
248793067,874160341
248793067,15219385
248793067,53123549
248793067,41190036
248793067,359323413
248793067,1665993380
248793067,205887871
248793067,108913225
248793067,79712932
248793067,321148065
248793067,1189083307
248793067,266445231
248793067,329967204
248793067,520864010
248793067,335879339
248793067,93654664
248793067,92950200
248793067,388742252
248793067,179461940
248793067,331163560
248793067,563787159
248793067,35259361
248793067,416378263
248793067,1429596284
248793067,233600745
248793067,37702946
248793067,229665860
248793067,107746326
248793067,112522157
248793067,21746427
248793067,552910720
248793067,49034070
248793067,1309775612
248793067,929818098
248793067,239011652
248793067,232117551
248793067,33189473
248793067,1080991176
248793067,1649995315
248793067,53313796
248793067,1125722767
248793067,351371990
248793067,774465529
248793067,42949209
248793067,19466430
248793067,98912970
248793067,301272534
248793067,36083095
248793067,384522889
248793067,361787749
248793067,1062732294
248793067,972561248
248793067,22208731
248793067,221868464
248793067,90016917
248793067,24581324
248793067,21015130
248793067,1588997730
248793067,293397647
248793067,262133711
248793067,290649563
248793067,205161341
248793067,53898236
248793067,367168584
248793067,125285072
248793067,443516364
248793067,618263529
248793067,431219735
248793067,193611531
248793067,1340824020
248793067,517552626
248793067,116704897
248793067,346490270
248793067,550969754
248793067,42833395
248793067,15659852
248793067,178642593
248793067,1227394884
248793067,284032428
248793067,325119508
248793067,216739635
248793067,529165150
248793067,17703122
248793067,104583524
248793067,244254989
248793067,1617275450
248793067,229053357
248793067,274422583
248793067,87918222
248793067,538525553
248793067,114676086
248793067,166074253
248793067,106732220
248793067,245510648
248793067,20255302
248793067,486897910
248793067,492512534
248793067,48302030
248793067,19868489
248793067,289339021
248793067,117125656
248793067,205257492
248793067,1317338198
248793067,97060981
248793067,1433962850
248793067,1317346422
248793067,49460623
248793067,84255203
248793067,21634418
248793067,856091730
248793067,24518690
248793067,142584253
248793067,152730552
248793067,522106646
248793067,715969604
248793067,164196433
248793067,279951726
248793067,1508511144
248793067,64043937
248793067,1280502186
248793067,96648395
248793067,194076452
248793067,75996999
248793067,627548380
248793067,72995051
248793067,75414115
248793067,41104846
248793067,20793816
248793067,33724338
248793067,616880177
248793067,1556555317
248793067,223586756
248793067,84565196
248793067,116742522
248793067,519569139
248793067,249086911
248793067,34906045
248793067,22236071
248793067,248653960
248793067,1579907966
248793067,20583993
248793067,179566751
248793067,963976891
248793067,62628028
248793067,559380830
248793067,17336372
248793067,360251980
248793067,39004239
248793067,259458649
248793067,105144442
248793067,281609885
248793067,48383145
248793067,426038806
248793067,43693449
248793067,361638801
248793067,97033227
248793067,568119166
248793067,1139192288
248793067,1484715356
248793067,558092069
248793067,204415463
248793067,374468256
248793067,154952245
248793067,188095712
248793067,333478971
248793067,954518936
248793067,42237982
248793067,1042591015
248793067,203028922
248793067,69279871
248793067,29741708
248793067,565046246
248793067,16592690
248793067,43516230
248793067,356727736
248793067,26659076
248793067,485644333
248793067,33317459
248793067,51079299
248793067,17830297
248793067,182255881
248793067,173122339
248793067,13714272
248793067,863014345
248793067,506036355
248793067,634493496
248793067,635912770
248793067,940011824
248793067,424583440
248793067,33509142
248793067,964089757
248793067,387091229
248793067,48692493
248793067,605695935
248793067,304411623
248793067,60241060
248793067,44593489
248793067,47071700
248793067,18865214
248793067,16683014
248793067,16419493
248793067,154648546
248793067,546123051
248793067,608511645
248793067,253320149
248793067,202149002
248793067,196589983
248793067,831683412
248793067,168782722
248793067,15535868
248793067,1282484737
248793067,1339240386
248793067,169637153
248793067,304255036
248793067,17212190
248793067,432183652
248793067,431913673
248793067,35515184
248793067,1482227088
248793067,42953038
248793067,487918606
248793067,303148472
248793067,18950364
248793067,44361097
248793067,432295915
248793067,100360234
248793067,47964081
248793067,309565010
248793067,59082414
248793067,225870844
248793067,261834534
248793067,262002396
248793067,583935727
248793067,324803028
248793067,23985504
248793067,139985825
248793067,14973978
248793067,430369209
248793067,1092322903
248793067,63444135
248793067,309596815
248793067,206978050
248793067,1536041696
248793067,755740434
248793067,277958096
248793067,587420378
248793067,108631068
248793067,414102342
248793067,26809018
248793067,28216411
248793067,412496038
248793067,18762837
248793067,318609517
248793067,1099114441
248793067,576573067
248793067,131467273
248793067,64789340
248793067,291602002
248793067,184338405
248793067,37036390
248793067,449085077
248793067,788537569
248793067,27058591
248793067,313236271
248793067,433666914
248793067,269624086
248793067,848609269
248793067,438187994
248793067,415401869
248793067,1494682963
248793067,1524755959
248793067,961504819
248793067,46909467
248793067,572535935
248793067,626628637
248793067,113265421
248793067,201870522
248793067,392948153
248793067,198003645
248793067,64229522
248793067,343199471
248793067,19232761
248793067,264221086
248793067,376744042
248793067,467306328
248793067,359480407
248793067,216361736
248793067,249575684
248793067,470981223
248793067,388298460
248793067,369129374
248793067,270470351
248793067,47187040
248793067,287644856
248793067,20868135
248793067,91973006
248793067,19567072
248793067,606500743
248793067,43114772
248793067,112184354
248793067,119487928
248793067,41174365
248793067,485324613
248793067,971499085
248793067,71137639
248793067,350775034
248793067,368210559
248793067,50993303
248793067,170254080
248793067,44333533
248793067,1407728670
248793067,1005029058
248793067,18949506
248793067,16671007
248793067,750513752
248793067,46634068
248793067,129182760
248793067,379669304
248793067,201041548
248793067,102005626
248793067,18606327
248793067,33244720
248793067,435668110
248793067,243936327
248793067,102918877
248793067,1490018180
248793067,63976907
248793067,386104689
248793067,80803819
248793067,218597735
248793067,1439338194
248793067,986284088
248793067,47863098
248793067,15898172
248793067,500300162
248793067,363830959
248793067,950303185
248793067,14276734
248793067,130238301
248793067,1468113906
248793067,155870859
248793067,18478514
248793067,38475547
248793067,545230759
248793067,48827911
248793067,964795748
248793067,376086025
248793067,46104109
248793067,169360197
248793067,27290279
248793067,23476838
248793067,500549336
248793067,42587543
248793067,47998164
248793067,37593470
248793067,183767243
248793067,40323391
248793067,37925906
248793067,18589553
248793067,625489039
248793067,27860399
248793067,23620404
248793067,61161977
248793067,21846016
248793067,287326775
248793067,82838097
248793067,63973194
248793067,282738817
248793067,980920922
248793067,1161253392
248793067,32583512
248793067,275197387
248793067,229314884
248793067,19863176
248793067,278234630
248793067,28102612
248793067,200408167
248793067,53688749
248793067,1169458303
248793067,172348485
248793067,47293262
248793067,253685036
248793067,169011963
248793067,365601503
248793067,178256726
248793067,32320985
248793067,805106202
248793067,50942694
248793067,403338386
248793067,42481272
248793067,53394293
248793067,506070350
248793067,69172612
248793067,87746992
248793067,44195184
248793067,273469546
248793067,14569869
248793067,820296079
248793067,42035441
248793067,459922417
248793067,155771363
248793067,365581917
248793067,245369464
248793067,326531520
248793067,43717672
248793067,823848402
248793067,515971114
248793067,1454352427
248793067,158741334
248793067,248885518
248793067,328609209
248793067,20745650
248793067,17654763
248793067,375491161
248793067,225533559
248793067,537923069
248793067,707065836
248793067,48807582
248793067,421830737
248793067,823131852
248793067,1341567133
248793067,888276188
248793067,90874519
248793067,19176828
248793067,68411180
248793067,60028123
248793067,108386310
248793067,95857574
248793067,1389652086
248793067,92019068
248793067,711877639
248793067,77793453
248793067,50345319
248793067,110352731
248793067,128176993
248793067,1384046947
248793067,41467325
248793067,272797964
248793067,187508860
248793067,236122352
248793067,544167780
248793067,522997351
248793067,327801216
248793067,119411854
248793067,759032527
248793067,746704392
248793067,739897266
248793067,356317077
248793067,312358807
248793067,131234268
248793067,35695789
248793067,19225084
248793067,42580249
248793067,28504319
248793067,17988479
248793067,619855057
248793067,352770616
248793067,712181690
248793067,1435060200
248793067,467384052
248793067,254508963
248793067,1096037526
248793067,269436997
248793067,456549940
248793067,703136774
248793067,367709007
248793067,239865886
248793067,1418676422
248793067,83204901
248793067,18507295
248793067,95165282
248793067,222374553
248793067,390053926
248793067,152528607
248793067,550521876
248793067,22404333
248793067,187392371
248793067,749766402
248793067,131657767
248793067,540261724
248793067,306932184
248793067,925031646
248793067,402592986
248793067,337924805
248793067,17132933
248793067,606642966
248793067,83306050
248793067,532258108
248793067,235166355
248793067,50348021
248793067,21098456
248793067,23594033
248793067,182495621
248793067,522886520
248793067,132279814
248793067,128843902
248793067,252109989
248793067,15400294
248793067,1277337464
248793067,350495645
248793067,192831956
248793067,34573999
248793067,897288488
248793067,327286909
248793067,328486482
248793067,16882773
248793067,284967242
248793067,28286210
248793067,80007170
248793067,938670805
248793067,34207730
248793067,18764974
248793067,218817724
248793067,21934626
248793067,80314096
248793067,56326631
248793067,20504787
248793067,1259161105
248793067,526263703
248793067,263774154
248793067,19781646
248793067,190587108
248793067,1361358654
248793067,71303154
248793067,397996290
248793067,339122051
248793067,161204142
248793067,340331441
248793067,347860696
248793067,160639645
248793067,236810139
248793067,53185634
248793067,283317150
248793067,545925673
248793067,167312036
248793067,55997506
248793067,14346260
248793067,116572628
248793067,208133810
248793067,617854798
248793067,14389225
248793067,287610527
248793067,1038972096
248793067,87514138
248793067,230435127
248793067,1239856232
248793067,22526264
248793067,1240740673
248793067,347951637
248793067,164599226
248793067,244964850
248793067,150881077
248793067,242058681
248793067,956452369
248793067,117840470
248793067,392233443
248793067,258281330
248793067,33185847
248793067,1339326043
248793067,959488278
248793067,294472069
248793067,8650162
248793067,38129668
248793067,351401997
248793067,783199393
248793067,218253711
248793067,106250035
248793067,1014807776
248793067,274099075
248793067,438326694
248793067,494755876
248793067,117436372
248793067,95184313
248793067,431415626
248793067,45617221
248793067,179077358
248793067,1434251
248793067,30293480
248793067,211179433
248793067,918681379
248793067,19710838
248793067,357175581
248793067,53430211
248793067,14159148
248793067,121877446
248793067,606029445
248793067,15210800
248793067,30008190
248793067,367589038
248793067,398716865
248793067,38843285
248793067,353334272
248793067,300506526
248793067,196168350
248793067,31397174
248793067,1192461955
248793067,284737750
248793067,524580431
248793067,102172021
248793067,190963348
248793067,192175512
248793067,78464760
248793067,1333134612
248793067,1363823978
248793067,14659522
248793067,79015581
248793067,33639964
248793067,44631613
248793067,41086016
248793067,326136823
248793067,412189253
248793067,155767241
248793067,28842405
248793067,382274967
248793067,508618289
248793067,238599538
248793067,145753414
248793067,144221810
248793067,500181609
248793067,888251497
248793067,124091007
248793067,277332906
248793067,1324169166
248793067,123830575
248793067,30301809
248793067,414987022
