2518267722,1379686730
2518267722,560757770
2518267722,292443858
2518267722,460445800
2518267722,1658382506
2518267722,1265230921
2518267722,1096083973
2518267722,1692013819
2518267722,1100866794
2518267722,143177134
2518267722,60658337
2518267722,2809525721
2518267722,593893700
2518267722,149241840
2518267722,1344495696
2518267722,126329015
2518267722,234001268
2518267722,293648051
2518267722,2949507124
2518267722,179745303
2518267722,118799537
2518267722,116255991
2518267722,211237361
2518267722,2916423088
2518267722,447350800
2518267722,58388736
2518267722,168642278
2518267722,278556180
2518267722,1357147160
2518267722,1089846516
2518267722,108824747
2518267722,385502044
2518267722,177986196
2518267722,231313806
2518267722,375817234
2518267722,2514302580
2518267722,1431096187
2518267722,206757046
2518267722,552154446
2518267722,105848567
2518267722,944945042
2518267722,1350604129
2518267722,1455973525
2518267722,244175447
2518267722,268278291
2518267722,2923445424
2518267722,108792113
2518267722,275654345
2518267722,481067501
2518267722,2193197599
2518267722,159218543
2518267722,3345920416
2518267722,2170181797
2518267722,1596058284
2518267722,214309978
2518267722,115576715
2518267722,310333445
2518267722,114779888
2518267722,751420748
2518267722,583648592
2518267722,538140535
2518267722,2906790717
2518267722,309077853
2518267722,186694653
2518267722,2400623587
2518267722,3107878092
2518267722,3290392096
2518267722,1725919406
2518267722,864716376
2518267722,615623353
2518267722,529409739
2518267722,1062130226
2518267722,1511766601
2518267722,145009074
2518267722,2337043819
2518267722,143520550
2518267722,161405991
2518267722,1551642492
2518267722,456892929
2518267722,542915275
2518267722,2798760577
2518267722,1152299671
2518267722,481321385
2518267722,2400416792
2518267722,1428682610
2518267722,2194929548
2518267722,117303718
2518267722,522402635
2518267722,3104960934
2518267722,3193602619
2518267722,172871879
2518267722,592202860
2518267722,2432599456
2518267722,2409567522
2518267722,1410876992
2518267722,2260017433
2518267722,410187321
2518267722,2896339522
2518267722,2339435659
2518267722,1110271730
2518267722,569207027
2518267722,1117735855
2518267722,109168253
2518267722,2782990470
2518267722,965518118
2518267722,749339173
2518267722,2380642621
2518267722,1711788626
2518267722,3193633297
2518267722,1870686193
2518267722,136811093
2518267722,1024090933
2518267722,3049392965
2518267722,116341535
2518267722,493409157
2518267722,525264466
2518267722,200257253
2518267722,219358055
2518267722,293638563
2518267722,148801498
2518267722,185912979
2518267722,88262000
2518267722,402952054
2518267722,226423413
2518267722,1252741700
2518267722,539981975
2518267722,2949495945
2518267722,174228442
2518267722,248760009
2518267722,1633924274
2518267722,1341696127
2518267722,1700166979
2518267722,393459863
2518267722,932787272
2518267722,132047691
2518267722,16694719
2518267722,412529094
2518267722,428885244
2518267722,473451074
2518267722,1262979763
2518267722,80655095
2518267722,759505398
2518267722,3246171379
2518267722,2859261196
2518267722,409573368
2518267722,223207232
2518267722,335300110
2518267722,2795520751
2518267722,3193709077
2518267722,338577916
2518267722,2788409082
2518267722,3100544718
2518267722,2651749698
2518267722,3379692827
2518267722,3379430489
2518267722,243463260
2518267722,235724358
2518267722,83678658
2518267722,17869774
2518267722,3116049881
2518267722,64416238
2518267722,244738710
2518267722,2930374113
2518267722,224101075
2518267722,2808703445
2518267722,2155707428
2518267722,362124783
2518267722,3020400651
2518267722,310318282
2518267722,719108596
2518267722,2560156869
2518267722,918099036
2518267722,1733394614
2518267722,3333923903
2518267722,2557815295
2518267722,145902678
2518267722,2458567818
2518267722,15973392
2518267722,211350983
2518267722,2872366851
2518267722,3353138554
2518267722,189261873
2518267722,132227301
2518267722,3360776709
2518267722,3358837900
2518267722,2824336951
2518267722,110223983
2518267722,187687461
2518267722,110279272
2518267722,3368502677
2518267722,167268588
2518267722,2266492995
2518267722,152821325
2518267722,1311735576
2518267722,176627597
2518267722,863754505
2518267722,478692307
2518267722,2823096535
2518267722,2824605955
2518267722,127654716
2518267722,2893828089
2518267722,1231024640
2518267722,1374659994
2518267722,456291133
2518267722,1286214408
2518267722,253392641
2518267722,2429210089
2518267722,1636818368
2518267722,1633073144
2518267722,187811168
2518267722,2305136173
2518267722,122209262
2518267722,1101211826
2518267722,1418215327
2518267722,1219308397
2518267722,2305835863
2518267722,2909297079
2518267722,2914971502
2518267722,109485280
2518267722,2788375832
2518267722,603717800
2518267722,1603273698
2518267722,143602881
2518267722,2249280120
2518267722,816043171
2518267722,368600084
2518267722,1851560454
2518267722,3288678591
2518267722,1233773587
2518267722,2720527063
2518267722,48906786
2518267722,2884536993
2518267722,195482826
2518267722,234503279
2518267722,1443995167
2518267722,354065897
2518267722,109032164
2518267722,2874084706
2518267722,93111814
2518267722,77453165
2518267722,1284846210
2518267722,2173998831
2518267722,3041570528
2518267722,714901104
2518267722,2717833904
2518267722,2909267903
2518267722,3039851280
2518267722,3331389615
2518267722,138139112
2518267722,104575967
2518267722,2569135643
2518267722,115835696
2518267722,2819910941
2518267722,137888809
2518267722,487648879
2518267722,446529496
2518267722,1496182453
2518267722,2966806798
2518267722,2226023667
2518267722,137019971
2518267722,2828126911
2518267722,164325147
2518267722,247379224
2518267722,140961817
2518267722,132508193
2518267722,272231800
2518267722,2914460099
2518267722,140293319
2518267722,230692738
2518267722,180191438
2518267722,896409942
2518267722,2175074905
2518267722,1057746337
2518267722,273013005
2518267722,2252551806
2518267722,247259933
2518267722,247256077
2518267722,225195043
2518267722,286722996
2518267722,1056318205
2518267722,2344146037
2518267722,247255399
2518267722,3071578362
2518267722,2832063051
2518267722,2356250329
2518267722,83951218
2518267722,2421319417
2518267722,1553337188
2518267722,92080499
2518267722,185877282
2518267722,152325528
2518267722,195787701
2518267722,136588685
2518267722,1427006508
2518267722,395307143
2518267722,105180935
2518267722,19232096
2518267722,109040582
2518267722,76699270
2518267722,116401494
2518267722,3030219842
2518267722,910899566
2518267722,3288684436
2518267722,3192429467
2518267722,47288005
2518267722,3120975410
2518267722,299984983
2518267722,581951008
2518267722,1225575199
2518267722,2903110576
2518267722,794445584
2518267722,213707831
2518267722,253031005
2518267722,229001251
2518267722,344325986
2518267722,16056561
2518267722,3092356149
2518267722,64899098
2518267722,731527700
2518267722,2694050221
2518267722,64325904
2518267722,1648579362
2518267722,543547080
2518267722,132294357
2518267722,2427417438
2518267722,3145205461
2518267722,199371286
2518267722,121738611
2518267722,116749065
2518267722,1570723766
2518267722,267939039
2518267722,2847039539
2518267722,3198519051
2518267722,2207842380
2518267722,468891495
2518267722,1902817388
2518267722,485010631
2518267722,1329306967
2518267722,367210075
2518267722,1555554349
2518267722,1948321706
2518267722,18079284
2518267722,40533752
2518267722,2291742252
2518267722,25345626
2518267722,19236074
2518267722,9633802
2518267722,3097031525
2518267722,17813487
2518267722,35013719
2518267722,3218916165
2518267722,1935590738
2518267722,3121780744
2518267722,592818207
2518267722,2716346314
2518267722,148076745
2518267722,123602634
2518267722,144502112
2518267722,80888858
2518267722,143615320
2518267722,209013661
2518267722,2789873612
2518267722,2817434388
2518267722,3233104703
2518267722,194607361
2518267722,2340874704
2518267722,2427864037
2518267722,751275806
2518267722,509094333
2518267722,56256356
2518267722,102402465
2518267722,396678006
2518267722,18838159
2518267722,191555310
2518267722,833443766
2518267722,481494968
2518267722,135255664
2518267722,196272490
2518267722,191900894
2518267722,1606650878
2518267722,1482852222
2518267722,226614565
2518267722,122257255
2518267722,34455479
2518267722,583125072
2518267722,35778170
2518267722,1954494554
2518267722,351967663
2518267722,77009449
2518267722,136791367
2518267722,138754847
2518267722,119998164
2518267722,24900072
2518267722,104509652
2518267722,137810514
2518267722,117185027
2518267722,31133330
2518267722,2500068765
2518267722,1577878813
2518267722,2165067685
2518267722,891355074
2518267722,1969386476
2518267722,2778771871
2518267722,80059382
2518267722,133803796
2518267722,3210590200
2518267722,2589808339
2518267722,87457440
2518267722,136392951
2518267722,2399713517
2518267722,2221688544
2518267722,121488887
2518267722,353397108
2518267722,3061604977
2518267722,138225626
2518267722,1307160516
2518267722,2485448881
2518267722,573858417
2518267722,424236054
2518267722,2820614390
2518267722,145821654
2518267722,1413780684
2518267722,611252904
2518267722,301297040
2518267722,3129455181
2518267722,212037498
2518267722,340641863
2518267722,112211447
2518267722,2867690308
2518267722,184018871
2518267722,156932849
2518267722,99792462
2518267722,1378177710
2518267722,166772945
2518267722,403437706
2518267722,164213765
2518267722,2776063797
2518267722,636463028
2518267722,174232250
2518267722,105451020
2518267722,2382304872
2518267722,472946646
2518267722,14306573
2518267722,6809022
2518267722,121228493
2518267722,17191272
2518267722,138042682
2518267722,201859799
2518267722,475585621
2518267722,207549332
2518267722,525416576
2518267722,91381430
2518267722,90725961
2518267722,93034326
2518267722,277069424
2518267722,526885022
2518267722,24870470
2518267722,203262579
2518267722,856923936
2518267722,138046003
2518267722,115476363
2518267722,228924993
2518267722,967859785
2518267722,176354015
2518267722,2389712912
2518267722,121125304
2518267722,1142536213
2518267722,1340499456
2518267722,21361705
2518267722,446510932
2518267722,1157833406
2518267722,144226837
2518267722,1578968329
2518267722,180910449
2518267722,120913690
2518267722,129279994
2518267722,303599615
2518267722,87563789
2518267722,138057241
2518267722,1855353696
2518267722,2231859307
2518267722,174351592
2518267722,256984510
2518267722,2963343670
2518267722,112488762
2518267722,186406983
2518267722,2515215116
2518267722,145334484
2518267722,19170500
2518267722,97727088
2518267722,951015428
2518267722,128606399
2518267722,16221579
2518267722,2949623758
2518267722,143845756
2518267722,327678885
2518267722,1180742233
2518267722,145006935
2518267722,804915200
2518267722,108135745
2518267722,437973370
2518267722,307106191
2518267722,150383840
2518267722,1227618841
2518267722,1206173953
2518267722,14039362
2518267722,50007208
2518267722,67420860
2518267722,196715160
2518267722,622942073
2518267722,1184005140
2518267722,236110646
2518267722,2297624380
2518267722,185457570
2518267722,414663548
2518267722,1133755544
2518267722,278168179
2518267722,155147696
2518267722,616394687
2518267722,396030708
2518267722,288491104
2518267722,244521821
2518267722,2203017982
2518267722,1433345954
2518267722,244618068
2518267722,196053671
2518267722,62601049
2518267722,126013873
2518267722,2584988144
2518267722,282339186
2518267722,1172510708
2518267722,94422249
2518267722,31132412
2518267722,71938819
2518267722,192938017
2518267722,158028837
2518267722,138436606
2518267722,54043630
2518267722,140609205
2518267722,28575707
2518267722,57494392
2518267722,155745396
2518267722,1090280282
2518267722,25382962
2518267722,119573510
2518267722,26297176
2518267722,152142811
2518267722,35785401
2518267722,40924038
2518267722,22952132
2518267722,77010454
2518267722,63263205
2518267722,85980333
2518267722,90065524
2518267722,133086921
2518267722,229228300
2518267722,211860291
2518267722,166399621
2518267722,248704171
2518267722,92670884
2518267722,104320800
2518267722,82675803
2518267722,108341788
2518267722,2906832101
2518267722,133274461
2518267722,138247217
2518267722,251371144
2518267722,2469781862
2518267722,101808166
2518267722,141750606
2518267722,3100000116
2518267722,200747063
2518267722,265757071
2518267722,191457049
2518267722,91948625
2518267722,117570707
2518267722,497436768
2518267722,900432192
2518267722,146685212
2518267722,140566114
2518267722,237401375
2518267722,127434997
2518267722,2805611335
2518267722,291907932
2518267722,130936434
2518267722,747855169
2518267722,474500682
2518267722,1626517182
2518267722,1478443513
2518267722,318632598
2518267722,281144461
2518267722,180803622
2518267722,67547261
2518267722,142433717
2518267722,147359406
2518267722,869947634
2518267722,33652317
2518267722,1681742905
2518267722,1505656004
2518267722,529444326
2518267722,64866109
2518267722,537311158
2518267722,379336842
2518267722,2750294735
2518267722,349924190
2518267722,108302905
2518267722,146461226
2518267722,141493488
2518267722,256822577
2518267722,74243132
2518267722,2549986357
2518267722,112747809
2518267722,104526097
2518267722,140861024
2518267722,208085120
2518267722,465505815
2518267722,88740642
2518267722,19818489
2518267722,3092365581
2518267722,319424375
2518267722,191107805
2518267722,94355688
2518267722,50032218
2518267722,101813998
2518267722,147827330
2518267722,117245281
2518267722,148616161
2518267722,178702401
2518267722,1289408802
2518267722,581920401
2518267722,508097690
2518267722,484523099
2518267722,225475150
2518267722,170849019
2518267722,132208820
2518267722,113035227
2518267722,195101966
2518267722,94186386
2518267722,2733054336
2518267722,2742151454
2518267722,86148798
2518267722,77267308
2518267722,211926266
2518267722,72645922
2518267722,112708024
2518267722,195193784
2518267722,532535158
2518267722,104524715
2518267722,14638581
2518267722,472985900
2518267722,431906551
2518267722,44301564
2518267722,208657870
2518267722,18248645
2518267722,133156723
2518267722,182470663
2518267722,70867837
2518267722,160429168
2518267722,120491814
2518267722,226201894
2518267722,2978359474
2518267722,24700746
2518267722,318684580
2518267722,148801400
2518267722,13611222
2518267722,32754385
2518267722,10689352
2518267722,2460073927
2518267722,132330029
2518267722,152862551
2518267722,532811304
2518267722,41453713
2518267722,2214944785
2518267722,400316778
2518267722,2919928197
2518267722,138113493
2518267722,256143514
2518267722,1578841602
2518267722,1035994254
2518267722,1129827229
2518267722,1551141506
2518267722,413921401
2518267722,1284925152
2518267722,128372408
2518267722,1281270709
2518267722,55312835
2518267722,3012349695
2518267722,746428250
2518267722,762027056
2518267722,2881676543
2518267722,583075603
2518267722,471528996
2518267722,2496971744
2518267722,283028133
2518267722,619393808
2518267722,429096350
2518267722,386097836
2518267722,229647379
2518267722,1442192371
2518267722,79894545
2518267722,602265919
2518267722,265929289
2518267722,1350365371
2518267722,51250299
2518267722,49982456
2518267722,29222150
2518267722,2412614276
2518267722,220964398
2518267722,51597098
2518267722,37966027
2518267722,38002872
2518267722,37977291
2518267722,37849693
2518267722,37965578
2518267722,71947236
2518267722,100252421
2518267722,16602131
2518267722,37978929
2518267722,33881434
2518267722,51200175
2518267722,37701975
2518267722,241621305
2518267722,138146538
2518267722,224815356
2518267722,2917722627
2518267722,2446100868
2518267722,2601054174
2518267722,825333360
2518267722,3033502251
2518267722,109186479
2518267722,2425794523
2518267722,495496978
2518267722,125976954
2518267722,3004202823
2518267722,1187064439
2518267722,145207061
2518267722,153267518
2518267722,336621007
2518267722,3090271998
2518267722,3003877805
2518267722,1676395220
2518267722,145394433
2518267722,2884533753
2518267722,749730476
2518267722,141269789
2518267722,1465282970
2518267722,1852688832
2518267722,147231043
2518267722,51352596
2518267722,154531025
2518267722,2787291077
2518267722,2823811679
2518267722,1362675763
2518267722,213156272
2518267722,256064802
2518267722,138164178
2518267722,2797026908
2518267722,275458733
2518267722,2216508649
2518267722,119881872
2518267722,884979792
2518267722,1321109041
2518267722,185783955
2518267722,1123082209
2518267722,141254689
2518267722,94371793
2518267722,254256596
2518267722,378777482
2518267722,50134116
2518267722,14824411
2518267722,16579721
2518267722,564775911
2518267722,148819696
2518267722,292333734
2518267722,121197496
2518267722,99052611
2518267722,1151633780
2518267722,36455631
2518267722,293772360
2518267722,136034867
2518267722,38550531
2518267722,169979854
2518267722,1248064796
2518267722,147701898
2518267722,437833031
2518267722,474233063
2518267722,59215690
2518267722,2742129354
2518267722,73981088
2518267722,104020962
2518267722,46660801
2518267722,258895053
2518267722,812462023
2518267722,121126959
2518267722,100646761
2518267722,2469505194
2518267722,1241776453
2518267722,1104021420
2518267722,3003695555
2518267722,1337467544
2518267722,332052009
2518267722,2189316553
2518267722,1358459940
2518267722,147209889
2518267722,525462126
2518267722,1529523860
2518267722,1533967950
2518267722,414799596
2518267722,1537408458
2518267722,1558288128
2518267722,461998097
2518267722,297552605
2518267722,338579267
2518267722,2538831330
2518267722,1449840877
2518267722,125723806
2518267722,617177962
2518267722,330036596
2518267722,1444707091
2518267722,372061725
2518267722,339884206
2518267722,309473704
2518267722,2515939609
2518267722,112490645
2518267722,2875670685
2518267722,2600446160
2518267722,1372807622
2518267722,140219579
2518267722,1396013023
2518267722,587848359
2518267722,1324777885
2518267722,612584462
2518267722,2352213678
2518267722,1446381134
2518267722,2851594252
2518267722,488997311
2518267722,108824141
2518267722,249904157
2518267722,499264327
2518267722,126122019
2518267722,143551869
2518267722,2875658333
2518267722,339320276
2518267722,2411914886
2518267722,516848599
2518267722,121273831
2518267722,1607256895
2518267722,1198391827
2518267722,2844942229
2518267722,381773360
2518267722,2485712324
2518267722,2407662661
2518267722,1694496414
2518267722,150053603
2518267722,3069036125
2518267722,3119942679
2518267722,1911949694
2518267722,88447351
2518267722,1157958168
2518267722,2832547150
2518267722,87288289
2518267722,2895059518
2518267722,2437053864
2518267722,2498451130
2518267722,32587074
2518267722,2474466260
2518267722,3238920557
2518267722,2456002163
2518267722,176208877
2518267722,574575442
2518267722,2474443890
2518267722,150050617
2518267722,18730634
2518267722,113723053
2518267722,137760502
2518267722,118148640
2518267722,190358265
2518267722,500159018
2518267722,1511622306
2518267722,84298456
2518267722,2330689688
2518267722,196768495
2518267722,147731123
2518267722,2607784481
2518267722,2594066970
2518267722,881491040
2518267722,187698476
2518267722,256635667
2518267722,931761661
2518267722,1353130928
2518267722,705467031
2518267722,1197659389
2518267722,260040406
2518267722,2384012400
2518267722,148057283
2518267722,869851070
2518267722,2377418264
2518267722,576476178
2518267722,2438809242
2518267722,140054159
2518267722,204474027
2518267722,224797355
2518267722,863677160
2518267722,272378150
2518267722,3067953167
2518267722,2611919760
2518267722,2706879163
2518267722,128350538
2518267722,2382682513
2518267722,348700243
2518267722,3031800039
2518267722,128592997
2518267722,114880579
2518267722,143224033
2518267722,95466164
2518267722,2699121692
2518267722,1920142309
2518267722,1122212635
2518267722,2785262506
2518267722,3015105059
2518267722,1958850986
2518267722,2475765085
2518267722,2695286646
2518267722,2767113061
2518267722,139293211
2518267722,148098956
2518267722,3116105878
2518267722,1447259761
2518267722,2847550421
2518267722,2188782234
2518267722,3222166379
2518267722,1069229527
2518267722,2750780932
2518267722,321420756
2518267722,211272093
2518267722,102094084
2518267722,2848794449
2518267722,2841043114
2518267722,515705091
2518267722,128637475
2518267722,1315917852
2518267722,121537728
2518267722,553680629
2518267722,209174786
2518267722,72906479
2518267722,437083252
2518267722,111765687
2518267722,329746927
2518267722,548852571
2518267722,2751996331
2518267722,333640874
2518267722,887436494
2518267722,3147581689
2518267722,13438282
2518267722,150351553
2518267722,16247271
2518267722,309757362
2518267722,11820812
2518267722,389581715
2518267722,40964764
2518267722,2842326363
2518267722,2765405792
2518267722,2724180164
2518267722,2533033818
2518267722,2827219558
2518267722,1231805820
2518267722,2881210182
2518267722,1967860142
2518267722,2802055972
2518267722,2849656703
2518267722,1934503158
2518267722,2800118854
2518267722,2810521847
2518267722,2821276551
2518267722,2819536563
2518267722,2820083033
2518267722,2801729346
2518267722,121771199
2518267722,2827663282
2518267722,2851380502
2518267722,83383138
2518267722,494106141
2518267722,2846948513
2518267722,863132856
2518267722,2648677201
2518267722,250812655
2518267722,494080713
2518267722,30686300
2518267722,2657092633
2518267722,961216020
2518267722,39321874
2518267722,79939248
2518267722,57981270
2518267722,26729931
2518267722,121615397
2518267722,98881281
2518267722,1911574340
2518267722,2749128576
2518267722,2830180333
2518267722,2781824130
2518267722,1169129994
2518267722,3012581173
2518267722,2820206789
2518267722,3078102746
2518267722,2734332013
2518267722,2778646778
2518267722,2800251603
2518267722,111933542
2518267722,14942445
2518267722,2832890411
2518267722,2847616453
2518267722,2905232597
2518267722,3071834448
2518267722,166507237
2518267722,74453123
2518267722,263780425
2518267722,20013148
2518267722,117345704
2518267722,3110037715
2518267722,728472848
2518267722,2239359145
2518267722,145992645
2518267722,241496045
2518267722,1087435501
2518267722,144889418
2518267722,2340244406
2518267722,332983615
2518267722,1261653931
2518267722,2893323185
2518267722,378253705
2518267722,16080129
2518267722,45190383
2518267722,2625066030
2518267722,435882815
2518267722,928886012
2518267722,16514160
2518267722,22954354
2518267722,266381139
2518267722,58751559
2518267722,1697340228
2518267722,2460921025
2518267722,494386072
2518267722,1689119341
2518267722,17229160
2518267722,82084630
2518267722,338899906
2518267722,359072452
2518267722,2909384189
2518267722,43910684
2518267722,1479928956
2518267722,2465115852
2518267722,250178621
2518267722,772866493
2518267722,535707261
2518267722,65369125
2518267722,13426312
2518267722,1638631634
2518267722,325778264
2518267722,14436317
2518267722,1855467800
2518267722,3135326135
2518267722,17676713
2518267722,397547184
2518267722,2429401062
2518267722,2843566877
2518267722,615821958
2518267722,31090827
2518267722,57986415
2518267722,381583235
2518267722,216194822
2518267722,121183700
2518267722,37283840
2518267722,19390244
2518267722,7996082
2518267722,14436030
2518267722,19923515
2518267722,1148304038
2518267722,149577603
2518267722,595653152
2518267722,2847896095
2518267722,298129388
2518267722,247404473
2518267722,2452023458
2518267722,3031913833
2518267722,151645938
2518267722,3045406875
2518267722,1582385430
2518267722,2997648671
2518267722,3092613761
2518267722,3022796868
2518267722,191070231
2518267722,2927942808
2518267722,1382119188
2518267722,189534066
2518267722,95326483
2518267722,229993663
2518267722,1596144582
2518267722,1278514153
2518267722,612318010
2518267722,2157921052
2518267722,2475707214
2518267722,190706828
2518267722,60954521
2518267722,3150531659
2518267722,306245721
2518267722,408823762
2518267722,2651445751
2518267722,1099546686
2518267722,563440915
2518267722,115195615
2518267722,541081467
2518267722,2518623570
2518267722,2342319420
2518267722,2919284407
2518267722,134266755
2518267722,191949347
2518267722,124053720
2518267722,227233892
2518267722,228494991
2518267722,197517721
2518267722,243711677
2518267722,194327389
2518267722,127873874
2518267722,373539722
2518267722,188103460
2518267722,251922978
2518267722,138269629
2518267722,150052601
2518267722,396243525
2518267722,105082141
2518267722,1288792658
2518267722,95448533
2518267722,882865536
2518267722,1468609272
2518267722,10012122
2518267722,79982342
2518267722,148153955
2518267722,244496359
2518267722,139727749
2518267722,155695975
2518267722,713834114
2518267722,485259990
2518267722,242448965
2518267722,119844526
2518267722,2175213942
2518267722,174361486
2518267722,2730615427
2518267722,106165283
2518267722,144914662
2518267722,1344359197
2518267722,143668417
2518267722,485207048
2518267722,324472635
2518267722,300344469
2518267722,1281466249
2518267722,239471570
2518267722,123270336
2518267722,141667589
2518267722,211243653
2518267722,2815283502
2518267722,2802512025
2518267722,2785839443
2518267722,149095092
2518267722,233221444
2518267722,234827775
2518267722,2906855914
2518267722,1568602860
2518267722,2785778175
2518267722,2912938427
2518267722,322323039
2518267722,61245375
2518267722,200183120
2518267722,1465627538
2518267722,53115693
2518267722,13835492
2518267722,219993062
2518267722,197146331
2518267722,715022420
2518267722,568736693
2518267722,473169091
2518267722,2758645226
2518267722,190186106
2518267722,2837902933
2518267722,2815507772
2518267722,2906797779
2518267722,300613167
2518267722,2866453553
2518267722,118745768
2518267722,855669366
2518267722,121518632
2518267722,196311696
2518267722,444359402
2518267722,1135685706
2518267722,2687599488
2518267722,1945456999
2518267722,1413813602
2518267722,203555695
2518267722,82114479
2518267722,221959284
2518267722,186602988
2518267722,1268240036
2518267722,142040148
2518267722,109049556
2518267722,588212614
2518267722,2265193177
2518267722,427426410
2518267722,2366076948
2518267722,3016609676
2518267722,302026759
2518267722,536823070
2518267722,1269867349
2518267722,1344345601
2518267722,308849553
2518267722,3143300480
2518267722,151012316
2518267722,3144778681
2518267722,2909319813
2518267722,2463644905
2518267722,3146183621
2518267722,138042284
2518267722,17838113
2518267722,130865373
2518267722,70344790
2518267722,196753676
2518267722,1219793582
2518267722,2589604412
2518267722,204594797
2518267722,396544587
2518267722,167014921
2518267722,1400544943
2518267722,118195893
2518267722,235320494
2518267722,93418945
2518267722,151081301
2518267722,18708177
2518267722,46531131
2518267722,1451671098
2518267722,458907491
2518267722,35393868
2518267722,2317333255
2518267722,1601997708
2518267722,526860615
2518267722,1510935931
2518267722,706278680
2518267722,1947599874
2518267722,349175702
2518267722,268034601
2518267722,343789080
2518267722,195145963
2518267722,2869512672
2518267722,256097040
2518267722,87606356
2518267722,2167222774
2518267722,893494470
2518267722,1569572096
2518267722,34140316
2518267722,28058878
2518267722,90558638
2518267722,119758810
2518267722,2596417988
2518267722,3129274407
2518267722,143603735
2518267722,271662855
2518267722,34682955
2518267722,2715231750
2518267722,103356268
2518267722,302700431
2518267722,2409634481
2518267722,1240505046
2518267722,303284946
2518267722,1963700557
2518267722,175888372
2518267722,103003993
2518267722,135769593
2518267722,135184290
2518267722,48503831
2518267722,1102737031
2518267722,948552829
2518267722,32702220
2518267722,255108000
2518267722,79268013
2518267722,41484416
2518267722,148748195
2518267722,2377072500
2518267722,1442923200
2518267722,17703349
2518267722,399714587
2518267722,361281589
2518267722,1069332696
2518267722,887647921
2518267722,2370932580
2518267722,74734891
2518267722,622189450
2518267722,906546486
2518267722,2159548802
2518267722,123531187
2518267722,15118387
2518267722,512587957
2518267722,467805628
2518267722,550495997
2518267722,184772764
2518267722,484439171
2518267722,393563353
2518267722,399738983
2518267722,88534382
2518267722,518471303
2518267722,1243408776
2518267722,366373215
2518267722,246072318
2518267722,178772873
2518267722,1108922330
2518267722,180030902
2518267722,2469824502
2518267722,186503994
2518267722,144926175
2518267722,455761816
2518267722,81887200
2518267722,1125923647
2518267722,485180579
2518267722,748770757
2518267722,7157292
2518267722,80597586
2518267722,83635031
2518267722,136064894
2518267722,616376942
2518267722,210206502
2518267722,292600223
2518267722,119027311
2518267722,950089244
2518267722,57349485
2518267722,524428140
2518267722,465570594
2518267722,476052368
2518267722,512518432
2518267722,589678035
2518267722,1195221150
2518267722,543803256
2518267722,874420934
2518267722,227464382
2518267722,171203873
2518267722,1397260218
2518267722,1656302005
2518267722,1596224322
2518267722,140648703
2518267722,1497434467
2518267722,510334670
2518267722,966013105
2518267722,390892914
2518267722,133058622
2518267722,147193761
2518267722,1952798220
2518267722,1725825366
2518267722,860198030
2518267722,2943257641
2518267722,158848983
2518267722,199928760
2518267722,348657144
2518267722,52146108
2518267722,83916026
2518267722,861590556
2518267722,1684355606
2518267722,241124132
2518267722,59815753
2518267722,1345957183
2518267722,130613344
2518267722,624949694
2518267722,2326709589
2518267722,2506676675
2518267722,2673826854
2518267722,2749252340
2518267722,2398443355
2518267722,202180130
2518267722,356238027
2518267722,597499972
2518267722,71397556
2518267722,17991174
2518267722,571201983
2518267722,140073436
2518267722,183246192
2518267722,211326554
2518267722,1660569852
2518267722,469728170
2518267722,3064101808
2518267722,442360877
2518267722,1873453646
2518267722,721609614
2518267722,3006769521
2518267722,134629415
2518267722,3112425748
2518267722,3089427979
2518267722,16831165
2518267722,2640718048
2518267722,1588613732
2518267722,1556282646
2518267722,457917493
2518267722,149630149
2518267722,376186166
2518267722,3088933367
2518267722,1200877302
2518267722,260852828
2518267722,2691094849
2518267722,1334972460
2518267722,2260534220
2518267722,2978104539
2518267722,2364574584
2518267722,3107723512
2518267722,2889076094
2518267722,2841176237
2518267722,398955060
2518267722,62908889
2518267722,1546135069
2518267722,312674238
2518267722,55369574
2518267722,224390556
2518267722,358561482
2518267722,243970198
2518267722,898323024
2518267722,548683892
2518267722,2228424470
2518267722,268485186
2518267722,424618544
2518267722,240712581
2518267722,309752591
2518267722,583061048
2518267722,415816193
2518267722,1350681296
2518267722,2488902530
2518267722,2654538138
2518267722,1067214996
2518267722,1349687360
2518267722,599565696
2518267722,1571253547
2518267722,1671461414
2518267722,2217944892
2518267722,1716271946
2518267722,937623079
2518267722,293304806
2518267722,199349632
2518267722,1891900508
2518267722,1628834922
2518267722,730086354
2518267722,1443873174
2518267722,736950792
2518267722,2202282438
2518267722,2474515608
2518267722,2337236828
2518267722,232671601
2518267722,21207962
2518267722,3033652181
2518267722,17186899
2518267722,205221227
2518267722,21667065
2518267722,33173981
2518267722,2927086979
2518267722,2978068713
2518267722,15433710
2518267722,2750427007
2518267722,76374822
2518267722,539218044
2518267722,943686379
2518267722,162511693
2518267722,2966674853
2518267722,2981095241
2518267722,1044911210
2518267722,253149698
2518267722,2992213924
2518267722,293461087
2518267722,2686674523
2518267722,2731656859
2518267722,2790740058
2518267722,2375636744
2518267722,1424609744
2518267722,1365506814
2518267722,58510608
2518267722,18510558
2518267722,359381201
2518267722,2360034284
2518267722,197095948
2518267722,506614353
2518267722,237041838
2518267722,1173415129
2518267722,330526765
2518267722,1246776002
2518267722,286966329
2518267722,272459870
2518267722,280081621
2518267722,849627516
2518267722,1414071792
2518267722,2561467640
2518267722,974281429
2518267722,1056565147
2518267722,735321776
2518267722,385763879
2518267722,2916030436
2518267722,3007888857
2518267722,225445834
2518267722,617501092
2518267722,2657188621
2518267722,3001722077
2518267722,3033537376
2518267722,3030308715
2518267722,147682268
2518267722,2805844478
2518267722,39035803
2518267722,78116012
2518267722,109317289
2518267722,408112386
2518267722,430812481
2518267722,413109883
2518267722,606657571
2518267722,375229901
2518267722,305845976
2518267722,3017985736
2518267722,2796516291
2518267722,3079437819
2518267722,3063887931
2518267722,63471470
2518267722,2655312990
2518267722,115148628
2518267722,185736346
2518267722,260420903
2518267722,86761616
2518267722,138118786
2518267722,2786048007
2518267722,144927419
2518267722,2918559682
2518267722,2424197941
2518267722,2979847457
2518267722,2976500986
2518267722,3095707924
2518267722,147770103
2518267722,137921220
2518267722,129863001
2518267722,1629160351
2518267722,3094369770
2518267722,381206498
2518267722,173862310
2518267722,98399700
2518267722,94438031
2518267722,132681657
2518267722,2990565857
2518267722,144678130
2518267722,188870982
2518267722,525394081
2518267722,85446281
2518267722,65444625
2518267722,138853172
2518267722,241371441
2518267722,500850645
2518267722,44489439
2518267722,71876024
2518267722,846257983
2518267722,2883336142
2518267722,3007704850
2518267722,2533731542
2518267722,447667853
2518267722,3061518348
2518267722,2315910570
2518267722,915330494
2518267722,864732247
2518267722,1477911632
2518267722,1400515172
2518267722,210315395
2518267722,460472388
2518267722,929838427
2518267722,138868069
2518267722,235588457
2518267722,801474386
2518267722,143056731
2518267722,1431975529
2518267722,376849537
2518267722,129241179
2518267722,226659914
2518267722,80949005
2518267722,134185596
2518267722,2427637914
2518267722,396782444
2518267722,2387722987
2518267722,1122574537
2518267722,792099997
2518267722,76931020
2518267722,15007299
2518267722,145459615
2518267722,2774798358
2518267722,1887542048
2518267722,2482288267
2518267722,2851558259
2518267722,2782240027
2518267722,2965129432
2518267722,2438974765
2518267722,855520554
2518267722,2906794881
2518267722,3030469440
2518267722,6015212
2518267722,72627916
2518267722,33884545
2518267722,17485551
2518267722,312349755
2518267722,2307027085
2518267722,254088115
2518267722,2461558662
2518267722,2830454272
2518267722,407110569
2518267722,2461863860
2518267722,2817126028
2518267722,132880033
2518267722,203077426
2518267722,932404279
2518267722,482477478
2518267722,217922648
2518267722,408022219
2518267722,129305536
2518267722,3008182678
2518267722,2988517551
2518267722,3011417774
2518267722,168520768
2518267722,135907287
2518267722,155532585
2518267722,758059836
2518267722,510535152
2518267722,87594867
2518267722,17240425
2518267722,15828014
2518267722,3015829566
2518267722,553873038
2518267722,267251660
2518267722,466054991
2518267722,361896775
2518267722,217818241
2518267722,3075409593
2518267722,137429017
2518267722,3056430690
2518267722,151065524
2518267722,2416741274
2518267722,3060318985
2518267722,2979715361
2518267722,108598275
2518267722,1069923181
2518267722,189039244
2518267722,105155795
2518267722,104927840
2518267722,131574396
2518267722,501661337
2518267722,3010525357
2518267722,15675138
2518267722,789317797
2518267722,129827792
2518267722,3030494435
2518267722,3030465016
2518267722,965741665
2518267722,209279715
2518267722,3012706554
2518267722,377758808
2518267722,2995878461
2518267722,49817039
2518267722,99225598
2518267722,178309665
2518267722,216018961
2518267722,67205326
2518267722,4774881
2518267722,1283980478
2518267722,109468833
2518267722,224746737
2518267722,60179570
2518267722,402401216
2518267722,3064227489
2518267722,988732303
2518267722,64052417
2518267722,58693020
2518267722,138425864
2518267722,139191743
2518267722,141658052
2518267722,587060118
2518267722,1563719389
2518267722,163946575
2518267722,373642650
2518267722,1226388188
2518267722,139597099
2518267722,300018915
2518267722,608582260
2518267722,921023953
2518267722,537300529
2518267722,94334486
2518267722,2348986754
2518267722,2584497804
2518267722,102154645
2518267722,456140181
2518267722,12146252
2518267722,2421056659
2518267722,150135944
2518267722,1703601842
2518267722,594140004
2518267722,108196938
2518267722,109338510
2518267722,208413101
2518267722,122498057
2518267722,144913673
2518267722,224850565
2518267722,41363538
2518267722,241098186
2518267722,1655211882
2518267722,623236984
2518267722,143186743
2518267722,548572735
2518267722,479886278
2518267722,102567696
2518267722,149289053
2518267722,49176463
2518267722,1060625786
2518267722,1498584606
2518267722,178086357
2518267722,3013820118
2518267722,2839823585
2518267722,177342424
2518267722,2359639830
2518267722,3017540167
2518267722,1431759750
2518267722,186327054
2518267722,108948405
2518267722,294334147
2518267722,200774115
2518267722,1436727050
2518267722,175276567
2518267722,115660898
2518267722,147616950
2518267722,433656198
2518267722,114350469
2518267722,2204198790
2518267722,193945083
2518267722,2324744616
2518267722,157013229
2518267722,42912960
2518267722,2409014512
2518267722,100731315
2518267722,63527470
2518267722,3015371765
2518267722,3006880282
2518267722,93309036
2518267722,3015191963
2518267722,3015868184
2518267722,871814642
2518267722,216783643
2518267722,97056406
2518267722,285137536
2518267722,1187884339
2518267722,311034577
2518267722,138165650
2518267722,35058064
2518267722,51254405
2518267722,58535652
2518267722,114880615
2518267722,292390067
2518267722,397336042
2518267722,109237071
2518267722,3024196917
2518267722,210407218
2518267722,17951256
2518267722,138277882
2518267722,139260984
2518267722,876330686
2518267722,533257020
2518267722,215996236
2518267722,402792488
2518267722,56502954
2518267722,271975968
2518267722,98708202
2518267722,204406337
2518267722,133184048
2518267722,254275716
2518267722,210148155
2518267722,939367022
2518267722,202792190
2518267722,114807753
2518267722,146167130
2518267722,2343938676
2518267722,205297373
2518267722,1316690251
2518267722,1321556948
2518267722,1328020884
2518267722,2763974105
2518267722,136764060
2518267722,602003377
2518267722,2925005712
2518267722,450787013
2518267722,2719738962
2518267722,142781775
2518267722,139541024
2518267722,158454576
2518267722,108731188
2518267722,145858678
2518267722,110257034
2518267722,65150439
2518267722,146813109
2518267722,262206879
2518267722,141061113
2518267722,135052293
2518267722,1710708032
2518267722,254274083
2518267722,138963249
2518267722,46130880
2518267722,77512825
2518267722,89303321
2518267722,160201625
2518267722,195398293
2518267722,258887048
2518267722,114594119
2518267722,133374040
2518267722,269099419
2518267722,115611795
2518267722,2814666913
2518267722,20929745
2518267722,42702612
2518267722,158201610
2518267722,315451378
2518267722,11904592
2518267722,2419290031
2518267722,2537896518
2518267722,407470494
2518267722,74651054
2518267722,120873942
2518267722,109601997
2518267722,138591691
2518267722,110832518
2518267722,85970661
2518267722,256677228
2518267722,784574954
2518267722,482389606
2518267722,139711624
2518267722,1199008584
2518267722,217055647
2518267722,319928923
2518267722,138018060
2518267722,99596811
2518267722,78077245
2518267722,197274364
2518267722,148154607
2518267722,167499866
2518267722,3011844673
2518267722,72732893
2518267722,88201337
2518267722,117853789
2518267722,139184194
2518267722,1644228493
2518267722,187897893
2518267722,37294647
2518267722,142904992
2518267722,87361629
2518267722,140667640
2518267722,342363193
2518267722,109278681
2518267722,1197438062
2518267722,108505438
2518267722,143959720
2518267722,106891797
2518267722,211543500
2518267722,1967132978
2518267722,2778568820
2518267722,1499135912
2518267722,2399853247
2518267722,1570998487
2518267722,398164104
2518267722,2354971285
2518267722,103057895
2518267722,164559805
2518267722,188006077
2518267722,3015188902
2518267722,3024021414
2518267722,119129106
2518267722,36879145
2518267722,101090241
2518267722,131618749
2518267722,226345306
2518267722,2573505920
2518267722,868431408
2518267722,1096183988
2518267722,3027325231
2518267722,2989949075
2518267722,3028770539
2518267722,2990642927
2518267722,3018472134
2518267722,3010307413
2518267722,3012538292
2518267722,1277631714
2518267722,2382647654
2518267722,989493577
2518267722,87220181
2518267722,73521313
2518267722,64049292
2518267722,162797048
2518267722,116590031
2518267722,55601441
2518267722,291220589
2518267722,3010528747
2518267722,146537206
2518267722,1561642387
2518267722,3030486094
2518267722,2911602519
2518267722,156080447
2518267722,2828409788
2518267722,2178983256
2518267722,22326926
2518267722,119157125
2518267722,204907867
2518267722,66482525
2518267722,35726000
2518267722,138838689
2518267722,2437003111
2518267722,3012468702
2518267722,3015820932
2518267722,2411913686
2518267722,2339141444
2518267722,2458009647
2518267722,2657123035
2518267722,108670198
2518267722,25555639
2518267722,158342368
2518267722,2288138575
2518267722,2218599396
2518267722,113241768
2518267722,1702447519
2518267722,1412902748
2518267722,138814032
2518267722,2357142524
2518267722,227527202
2518267722,1511512483
2518267722,1337186678
2518267722,792120068
2518267722,1511454678
2518267722,2154829630
2518267722,209780362
2518267722,128262354
2518267722,170713179
2518267722,1702484942
2518267722,2862642915
2518267722,1747333177
2518267722,161451061
2518267722,224032716
2518267722,2786087271
2518267722,2830785892
2518267722,1968847910
2518267722,2303308021
2518267722,2832006048
2518267722,2552883529
2518267722,267161725
2518267722,1519886582
2518267722,2802024135
2518267722,2813547768
2518267722,241275050
2518267722,349816850
2518267722,2826359576
2518267722,2296518156
2518267722,1572742621
2518267722,1585955726
2518267722,1599194239
2518267722,1138119090
2518267722,2826445261
2518267722,2815034119
2518267722,2826456961
2518267722,2530784970
2518267722,146076696
2518267722,91137511
2518267722,242466137
2518267722,1531950685
2518267722,33376720
2518267722,1392486936
2518267722,2772178467
2518267722,2826298920
2518267722,778568263
2518267722,2813301426
2518267722,487540404
2518267722,602879083
2518267722,172083010
2518267722,476756749
2518267722,49754792
2518267722,1323204805
2518267722,2433617311
2518267722,89475867
2518267722,2461967552
2518267722,2433550591
2518267722,173244453
2518267722,426609796
2518267722,118837580
2518267722,104171632
2518267722,2667120498
2518267722,45013575
2518267722,118864905
2518267722,614478855
2518267722,507597863
2518267722,151898031
2518267722,138212728
2518267722,145863712
2518267722,624995677
2518267722,573737792
2518267722,138901003
2518267722,1252764865
