2569774307,8976052
2569774307,500704345
2569774307,2916305152
2569774307,3389454124
2569774307,17745219
2569774307,211699719
2569774307,152816930
2569774307,992789466
2569774307,40642369
2569774307,23746926
2569774307,114422199
2569774307,89483276
2569774307,63525135
2569774307,153403071
2569774307,15095537
2569774307,163548769
2569774307,7996082
2569774307,174964320
2569774307,19689047
2569774307,280414653
2569774307,14758257
2569774307,393948633
2569774307,16631331
2569774307,21856114
2569774307,15748165
2569774307,18936161
2569774307,19343904
2569774307,286197712
2569774307,1381769449
2569774307,7996522
2569774307,1272628134
2569774307,265902729
2569774307,52422878
2569774307,16632149
2569774307,369068190
2569774307,19230601
2569774307,267272939
2569774307,288785053
2569774307,1913726850
2569774307,3308456165
2569774307,972651
2569774307,112243365
2569774307,73147282
2569774307,275686563
2569774307,278083839
2569774307,1465502798
2569774307,1348115658
2569774307,279642533
2569774307,21298320
2569774307,15987295
2569774307,16853780
2569774307,18807671
2569774307,204453894
2569774307,3101481833
2569774307,471941392
2569774307,1400217607
2569774307,142696927
2569774307,43081691
2569774307,19813399
2569774307,20826460
2569774307,18920461
2569774307,2192863008
2569774307,281093434
2569774307,241709263
2569774307,97268285
2569774307,934362193
2569774307,36329597
2569774307,157981564
2569774307,65322179
2569774307,1856512344
2569774307,316485110
2569774307,143145579
2569774307,16838962
2569774307,1060578475
2569774307,27966935
2569774307,187965811
2569774307,15007149
2569774307,1404590618
2569774307,193340991
2569774307,408569056
2569774307,393637870
2569774307,622074388
2569774307,22667478
2569774307,2977900810
2569774307,20058825
2569774307,824153233
2569774307,1725985022
2569774307,28565356
2569774307,7847192
2569774307,194597729
2569774307,253031912
2569774307,1075571743
2569774307,16629264
2569774307,42183750
2569774307,58169148
2569774307,266178979
2569774307,182288108
2569774307,282668257
2569774307,1358763308
2569774307,14096763
2569774307,2515558939
2569774307,593370001
2569774307,191956238
2569774307,318321002
2569774307,278479456
2569774307,16182706
2569774307,92654052
2569774307,361911237
2569774307,23605171
2569774307,65336156
2569774307,205752843
2569774307,2958725222
2569774307,21003644
2569774307,132206112
2569774307,21238039
2569774307,20782128
2569774307,24215600
2569774307,28158136
2569774307,18014805
2569774307,214901463
2569774307,69412213
2569774307,22660726
2569774307,314018533
2569774307,22185985
2569774307,32012825
2569774307,14199378
2569774307,20674829
2569774307,308460302
2569774307,123083487
2569774307,18935802
2569774307,56852722
2569774307,51836146
2569774307,17057271
2569774307,16517711
2569774307,300355838
2569774307,16929396
2569774307,67691067
2569774307,16661296
2569774307,91478624
2569774307,5402612
2569774307,113461409
2569774307,567471315
2569774307,18391799
2569774307,59811312
2569774307,24674497
2569774307,26519462
2569774307,357618820
2569774307,31237480
2569774307,26792275
2569774307,410070653
2569774307,804948578
2569774307,17810978
2569774307,69002929
2569774307,304909941
2569774307,612473
2569774307,14138785
2569774307,197927483
2569774307,34713362
2569774307,162089811
2569774307,124139163
2569774307,771383605
2569774307,216881337
2569774307,15391813
2569774307,196994616
2569774307,376819013
2569774307,17675072
2569774307,169426475
2569774307,856010760
2569774307,2607219787
2569774307,65466158
2569774307,492332909
2569774307,2348739600
2569774307,130557513
2569774307,86912694
2569774307,10152982
2569774307,499170272
2569774307,23490139
2569774307,6017542
2569774307,21870570
2569774307,458597583
2569774307,15012486
2569774307,16686144
2569774307,129051309
2569774307,1086485478
2569774307,21387621
2569774307,81783051
2569774307,1598644159
2569774307,21905142
2569774307,121765672
2569774307,563093420
2569774307,16186995
2569774307,151532036
2569774307,51241574
2569774307,788524
2569774307,22574003
2569774307,742143
2569774307,16343974
2569774307,1652541
2569774307,2461887810
2569774307,20540399
2569774307,32612020
2569774307,3373791
2569774307,18765554
2569774307,17735617
2569774307,22637074
2569774307,23769914
2569774307,23780652
2569774307,19627705
2569774307,131232596
2569774307,268208070
2569774307,14511951
2569774307,349061638
2569774307,17577792
2569774307,19712523
2569774307,52782073
2569774307,326093291
2569774307,89010853
2569774307,87726517
2569774307,20580414
2569774307,94081671
2569774307,26012202
2569774307,23585685
2569774307,9595682
2569774307,87818409
2569774307,21145236
2569774307,87460291
2569774307,572470115
2569774307,64268212
2569774307,277954743
2569774307,92116090
2569774307,35718347
2569774307,18556466
2569774307,18910689
2569774307,16275366
2569774307,16589206
2569774307,4898091
2569774307,2209928172
2569774307,83588539
2569774307,477600714
2569774307,1688571061
2569774307,61342045
2569774307,1151029088
2569774307,14955620
2569774307,343288081
2569774307,172793158
2569774307,17578881
2569774307,387797159
2569774307,18928144
2569774307,158145014
2569774307,759687799
2569774307,119049214
2569774307,2308445042
2569774307,2331830774
2569774307,853718994
2569774307,2774271739
2569774307,239789789
2569774307,76900860
2569774307,1310289288
2569774307,419046376
2569774307,90835259
2569774307,19272669
2569774307,19245318
2569774307,14780915
2569774307,825405067
2569774307,7313362
2569774307,16973333
2569774307,26276346
2569774307,1250118132
2569774307,258369344
2569774307,364528766
2569774307,22280318
2569774307,1367770292
2569774307,288909699
2569774307,23263743
2569774307,11862072
2569774307,19904685
2569774307,2977901645
2569774307,74307964
2569774307,454800881
2569774307,43910684
2569774307,1662057727
2569774307,19497698
2569774307,43346844
2569774307,380648579
2569774307,242704372
2569774307,101002059
2569774307,12609292
2569774307,77528520
2569774307,17623957
2569774307,19898829
2569774307,3108351
2569774307,23640660
2569774307,126118232
2569774307,22384691
2569774307,40871073
2569774307,18949452
2569774307,18812572
2569774307,15108702
2569774307,1690412382
2569774307,59486068
2569774307,26281917
2569774307,370808273
2569774307,25390350
2569774307,5120691
2569774307,83466368
2569774307,16076032
2569774307,28566139
2569774307,2858866479
2569774307,1023096199
2569774307,2903715045
2569774307,17002185
2569774307,16672510
2569774307,492288571
2569774307,719461038
2569774307,1557315432
2569774307,82094319
2569774307,2283510812
2569774307,14673707
2569774307,1615511874
2569774307,30834721
2569774307,2388912723
2569774307,187491943
2569774307,1106055703
2569774307,33860739
2569774307,169067581
2569774307,1433550222
2569774307,2383829479
2569774307,45565185
2569774307,19590713
2569774307,17469289
2569774307,171623798
2569774307,29422232
2569774307,1117046706
2569774307,651433
2569774307,550088885
2569774307,15200806
2569774307,168183999
2569774307,208648549
2569774307,508086493
2569774307,2913715169
2569774307,80024060
2569774307,124690469
2569774307,2624299231
2569774307,1383966032
2569774307,39388524
2569774307,20809515
2569774307,85794542
2569774307,1222240146
2569774307,2318374983
2569774307,9047072
2569774307,1723632979
2569774307,1852762357
2569774307,2556683486
2569774307,10630482
2569774307,152310336
2569774307,20250843
2569774307,2809610267
2569774307,2929295003
2569774307,264372267
2569774307,420990774
2569774307,71256932
2569774307,2670414722
2569774307,113681243
2569774307,15714547
2569774307,22176845
2569774307,513708554
2569774307,19650966
2569774307,883084009
2569774307,18726289
2569774307,146105775
2569774307,53466522
2569774307,2882481844
2569774307,253536357
2569774307,208442526
2569774307,239313282
2569774307,208082541
2569774307,187457899
2569774307,1308001550
2569774307,15529447
2569774307,21919812
2569774307,16935292
2569774307,20322459
2569774307,2597498814
2569774307,24241544
2569774307,2561091
2569774307,17884125
2569774307,8665852
2569774307,26053643
2569774307,2244863963
2569774307,94245361
2569774307,50952829
2569774307,1128284276
2569774307,434130489
2569774307,630598940
2569774307,14353466
2569774307,72644483
2569774307,44360973
2569774307,24202701
2569774307,187428929
2569774307,19697415
2569774307,221452291
2569774307,572225652
2569774307,351221537
2569774307,11348282
2569774307,22974854
2569774307,50045965
2569774307,158414847
2569774307,14700316
2569774307,252531143
2569774307,19541556
2569774307,103583841
2569774307,41342428
2569774307,64001425
2569774307,23824064
2569774307,19213332
2569774307,64796545
2569774307,62542922
2569774307,129037641
2569774307,21942676
2569774307,169152646
2569774307,17006157
2569774307,17839398
2569774307,35810531
2569774307,331803536
2569774307,35341530
2569774307,22341950
2569774307,95889167
2569774307,378206995
2569774307,28076924
2569774307,988796694
2569774307,374268208
2569774307,5988062
2569774307,74159604
2569774307,1541790210
2569774307,495046141
2569774307,278617398
2569774307,117030305
2569774307,362405548
2569774307,219256202
2569774307,23643042
2569774307,50458495
2569774307,116384444
2569774307,51139089
2569774307,621202575
2569774307,243343194
2569774307,84944278
2569774307,196694959
2569774307,11178902
2569774307,33980215
2569774307,214222965
2569774307,102829920
2569774307,19066345
2569774307,355032485
2569774307,76230888
2569774307,26203847
2569774307,379910498
2569774307,42596648
2569774307,182984866
2569774307,15962096
2569774307,19964769
2569774307,15377617
2569774307,431137232
2569774307,334344018
2569774307,470423629
2569774307,5225991
2569774307,1630896181
2569774307,56726642
2569774307,36943877
2569774307,20109973
2569774307,1285532900
2569774307,131068978
2569774307,81198123
2569774307,77740842
2569774307,255458210
2569774307,23930303
2569774307,15995155
2569774307,21141600
2569774307,633726625
2569774307,110737185
2569774307,23815359
2569774307,16929600
2569774307,245454550
2569774307,14718073
2569774307,22746327
2569774307,192674305
2569774307,195176644
2569774307,21108916
2569774307,211348443
2569774307,19363512
2569774307,271551404
2569774307,16065736
2569774307,22498170
2569774307,28856675
2569774307,27088323
2569774307,21854549
2569774307,14614213
2569774307,2241921
2569774307,97051070
2569774307,14874619
2569774307,37469279
2569774307,16019597
2569774307,23357735
2569774307,236055466
2569774307,2286056016
2569774307,19725644
2569774307,204832963
2569774307,287413569
2569774307,243798637
2569774307,249013720
2569774307,23946892
2569774307,1877831
2569774307,14289603
2569774307,62816265
2569774307,14362241
2569774307,103630698
2569774307,24706309
2569774307,86275077
2569774307,19692478
2569774307,15898172
2569774307,1434251
2569774307,22001973
2569774307,7348612
2569774307,20774514
2569774307,46400289
2569774307,1344951
2569774307,166367047
2569774307,18637730
2569774307,14792079
2569774307,23311830
2569774307,16010685
2569774307,39508089
2569774307,43306320
2569774307,178288103
2569774307,8963722
2569774307,26508357
2569774307,21661279
2569774307,14761795
2569774307,60747383
2569774307,188004162
2569774307,14785784
2569774307,159462573
2569774307,17518626
2569774307,125735734
2569774307,15748390
2569774307,8101752
2569774307,22913123
2569774307,39503977
2569774307,14650248
2569774307,94121048
2569774307,20973750
2569774307,7614292
2569774307,21909393
2569774307,187869078
2569774307,268376525
2569774307,175419546
2569774307,38674242
2569774307,179987764
2569774307,122728088
2569774307,54972010
2569774307,474998025
2569774307,19881931
2569774307,21201942
2569774307,602885148
2569774307,15492359
2569774307,20332679
2569774307,14800270
2569774307,20608825
2569774307,253981773
2569774307,33644406
2569774307,50614203
2569774307,48771036
2569774307,16313140
2569774307,29964546
2569774307,109515460
2569774307,189488360
2569774307,19702911
2569774307,115485051
2569774307,20015311
2569774307,259723347
2569774307,1480749782
2569774307,2551472479
2569774307,389702353
2569774307,2359926157
2569774307,564686965
2569774307,182268055
2569774307,24139054
2569774307,267177135
2569774307,231703688
2569774307,16336998
2569774307,8223872
2569774307,1962479880
2569774307,2449987734
2569774307,18665800
2569774307,17471979
2569774307,14293310
2569774307,1440641
2569774307,19181276
2569774307,15057943
2569774307,18735898
2569774307,14677919
2569774307,21689138
2569774307,21024997
2569774307,12804422
2569774307,592846743
2569774307,40297195
2569774307,163527638
2569774307,37917369
2569774307,509032366
2569774307,19500665
2569774307,220971483
2569774307,18023887
2569774307,24884768
2569774307,26279863
2569774307,367670429
2569774307,191018230
2569774307,130540077
2569774307,45564482
2569774307,471262906
2569774307,133541056
2569774307,1117502449
2569774307,23596917
2569774307,23818581
2569774307,81847142
2569774307,1582853809
2569774307,429028954
2569774307,82689705
2569774307,24885281
2569774307,105358412
2569774307,819947624
2569774307,72499513
2569774307,443868636
2569774307,15916383
2569774307,2154515484
2569774307,948552829
2569774307,260517120
2569774307,191279678
2569774307,136018565
2569774307,1299883352
2569774307,95431448
2569774307,2173799858
2569774307,16929520
2569774307,17163446
2569774307,180505807
2569774307,20164477
2569774307,30546324
2569774307,247416563
2569774307,395388847
2569774307,18135386
2569774307,19083439
2569774307,19713622
2569774307,14130792
2569774307,60037975
2569774307,173661406
2569774307,462566085
2569774307,45877354
2569774307,86381256
2569774307,18614397
2569774307,19923530
2569774307,16295907
2569774307,63345416
2569774307,90918062
2569774307,24343077
2569774307,36943525
2569774307,9916402
2569774307,44698296
2569774307,48071531
2569774307,15633759
2569774307,241109716
2569774307,43544315
2569774307,19988587
2569774307,21850078
2569774307,23179472
2569774307,22411875
2569774307,16928541
2569774307,17918891
2569774307,190388631
2569774307,8766122
2569774307,41814686
2569774307,117662694
2569774307,191750596
2569774307,18691824
2569774307,20802277
2569774307,19472578
2569774307,986878273
2569774307,807095
2569774307,34423857
2569774307,17624959
2569774307,123754656
2569774307,17624543
2569774307,14746456
2569774307,20781929
2569774307,19921389
