258011633,2364602107
258011633,998430216
258011633,22651994
258011633,4216040895
258011633,18554720
258011633,16795628
258011633,202132303
258011633,218654830
258011633,1364081917
258011633,414850909
258011633,1331729023
258011633,16076032
258011633,50092341
258011633,4538008407
258011633,93484066
258011633,393382369
258011633,111002127
258011633,4038153017
258011633,202173662
258011633,2364262807
258011633,44099451
258011633,84144542
258011633,20681790
258011633,206028618
258011633,626670785
258011633,2782211491
258011633,249124273
258011633,4328275774
258011633,20590740
258011633,388070318
258011633,49673266
258011633,40621144
258011633,36082182
258011633,2231554562
258011633,239508318
258011633,39263766
258011633,309716970
258011633,86055104
258011633,73371587
258011633,970977548
258011633,68981225
258011633,189376144
258011633,85337244
258011633,75314483
258011633,174325287
258011633,17156000
258011633,37595712
258011633,556297194
258011633,1202793056
258011633,56443228
258011633,436114647
258011633,3459051
258011633,3380511664
258011633,47754811
258011633,4792959531
258011633,75287567
258011633,705296870
258011633,3270748802
258011633,1106523636
258011633,1197016788
258011633,485855436
258011633,15962096
258011633,18700629
258011633,16924670
258011633,1631996155
258011633,205437050
258011633,10228272
258011633,1597582880
258011633,1934802841
258011633,4205321260
258011633,3294014542
258011633,809359513
258011633,109346133
258011633,743592696
258011633,22253756
258011633,4818966263
258011633,14500985
258011633,4807266453
258011633,175864903
258011633,4129642701
258011633,4718302943
258011633,17313446
258011633,151129196
258011633,44740790
258011633,98117240
258011633,97691276
258011633,79939248
258011633,333290077
258011633,262568633
258011633,562727809
258011633,4723396222
258011633,4696229792
258011633,3291836068
258011633,12400802
258011633,83438309
258011633,253147651
258011633,6270232
258011633,103550181
258011633,25670820
258011633,17168226
258011633,2303325474
258011633,69954342
258011633,3033192861
258011633,1497528524
258011633,335883652
258011633,25193216
258011633,202662628
258011633,2872727686
258011633,178397085
258011633,171999712
258011633,19441939
258011633,3012148462
258011633,2507720594
258011633,2613639222
258011633,107987513
258011633,4154476582
258011633,127860265
258011633,1658753724
258011633,20455050
258011633,567424047
258011633,584217002
258011633,3299759433
258011633,2470421093
258011633,129650200
258011633,25423312
258011633,219614183
258011633,2525018196
258011633,84859490
258011633,178975033
258011633,29542846
258011633,480520254
258011633,4706771806
258011633,2646526248
258011633,520938512
258011633,326415079
258011633,20972546
258011633,4725331229
258011633,3749067496
258011633,3163608490
258011633,989862606
258011633,1551030048
258011633,882916375
258011633,393280834
258011633,2883359979
258011633,3435357323
258011633,22292996
258011633,288452305
258011633,4532668823
258011633,4523784268
258011633,80709603
258011633,4273006932
258011633,3087110169
258011633,22415002
258011633,3231433391
258011633,4689804786
258011633,4627222575
258011633,2784147115
258011633,75641903
258011633,2761723447
258011633,4631951607
258011633,353640039
258011633,316559142
258011633,4600610115
258011633,871469594
258011633,4173436809
258011633,477789152
258011633,937015850
258011633,1886898266
258011633,229389151
258011633,891794228
258011633,374009555
258011633,3385872465
258011633,631471058
258011633,3457977322
258011633,4394718029
258011633,459269265
258011633,482133423
258011633,179732982
258011633,70661590
258011633,12975572
258011633,2541679898
258011633,265387045
258011633,4343172159
258011633,3525686900
258011633,1050903901
258011633,34407537
258011633,1696804068
258011633,430934081
258011633,1097860584
258011633,169454568
258011633,212973087
258011633,369583954
258011633,211517160
258011633,16157545
258011633,2192030256
258011633,21197025
258011633,161249985
258011633,29309901
258011633,4419870029
258011633,4404459617
258011633,253498594
258011633,119352021
258011633,117905850
258011633,232299035
258011633,255694537
258011633,55355654
258011633,227894751
258011633,97732452
258011633,90637780
258011633,195697781
258011633,1926503172
258011633,1154135743
258011633,902464315
258011633,213042344
258011633,121432902
258011633,116795089
258011633,50308435
258011633,1848648391
258011633,3317024249
258011633,908705640
258011633,619257058
258011633,835427976
258011633,216644075
258011633,23038085
258011633,487951154
258011633,3387123419
258011633,316469086
258011633,291023562
258011633,40854375
258011633,239759584
258011633,60416537
258011633,622235257
258011633,2270794502
258011633,778364263
258011633,44133175
258011633,216320366
258011633,3230847238
258011633,37384635
258011633,171238684
258011633,22493536
258011633,75827471
258011633,316665062
258011633,215160834
258011633,2280826356
258011633,3956778699
258011633,3793097183
258011633,237742285
258011633,257646015
258011633,1189889046
258011633,238180018
258011633,3973464155
258011633,3021835761
258011633,507532024
258011633,19028966
258011633,166712218
258011633,16065140
258011633,34316513
258011633,93990863
258011633,2453944471
258011633,3377450878
258011633,4289565562
258011633,3060105650
258011633,3248019019
258011633,229046403
258011633,500866939
258011633,1565338868
258011633,1223214750
258011633,249719099
258011633,2473713583
258011633,38978404
258011633,17629860
258011633,2359926157
258011633,56981755
258011633,1175288654
258011633,491236060
258011633,2613600829
258011633,307783437
258011633,4321555881
258011633,33502375
258011633,370605404
258011633,48667895
258011633,304321790
258011633,192341330
258011633,456910776
258011633,46092051
258011633,44120439
258011633,2831568579
258011633,783214
258011633,63146749
258011633,201822079
258011633,1691161056
258011633,175118853
258011633,322013936
258011633,116559835
258011633,244026999
258011633,238158030
258011633,519232572
258011633,19714800
258011633,316713456
258011633,108995096
258011633,2357905860
258011633,2789526751
258011633,60575311
258011633,468799538
258011633,2464771328
258011633,845353572
258011633,19964133
258011633,115924018
258011633,168669206
258011633,28598116
258011633,394131947
258011633,3242612863
258011633,2371988234
258011633,1167517075
258011633,3243610691
258011633,189261570
258011633,3970866023
258011633,334602996
258011633,124690469
258011633,3363950643
258011633,2568905265
258011633,3419799880
258011633,225769446
258011633,55699259
258011633,116010325
258011633,86602763
258011633,24521079
258011633,104907767
258011633,240624439
258011633,153563285
258011633,4278057993
258011633,2691100452
258011633,2386040078
258011633,53529040
258011633,81676008
258011633,289487416
258011633,2968541
258011633,2165624114
258011633,2785255618
258011633,2758681690
258011633,388447226
258011633,1905706693
258011633,2181782263
258011633,4210164029
258011633,57113066
258011633,46388145
258011633,3932035759
258011633,259725229
258011633,69838723
258011633,986657353
258011633,1028699294
258011633,17899893
258011633,22624932
258011633,21241631
258011633,1684166576
258011633,3971991623
258011633,322060697
258011633,8622212
258011633,178851214
258011633,20479813
258011633,223841564
258011633,76017793
258011633,56510427
258011633,1454394414
258011633,628323895
258011633,368858840
258011633,1388824927
258011633,2510820704
258011633,372284062
258011633,2804856048
258011633,12345222
258011633,842100810
258011633,95213732
258011633,720963776
258011633,22275717
258011633,380383607
258011633,910889114
258011633,71858239
258011633,3502590143
258011633,2977347004
258011633,21390907
258011633,2273916717
258011633,248190142
258011633,361559966
258011633,1545337436
258011633,624112946
258011633,1197050575
258011633,715893821
258011633,4970411
258011633,18424289
258011633,3393779687
258011633,4136805268
258011633,419645725
258011633,48292668
258011633,187513637
258011633,243671336
258011633,214123460
258011633,201755115
258011633,948552829
258011633,572470115
258011633,52173573
258011633,1662057727
258011633,36212899
258011633,376227045
258011633,42842362
258011633,19656162
258011633,322505481
258011633,2280084609
258011633,3434451977
258011633,19719380
258011633,4238992332
258011633,15824288
258011633,29442313
258011633,216776631
258011633,74394857
258011633,7804612
258011633,2784820064
258011633,6546812
258011633,279523584
258011633,1883341152
258011633,19817778
258011633,248735463
258011633,47285504
258011633,524452728
258011633,2736215883
258011633,121626258
258011633,892219807
258011633,106182754
258011633,123015364
258011633,33235771
258011633,556953298
258011633,295329624
258011633,161258303
258011633,99560321
258011633,20511634
258011633,3276196237
258011633,4141370421
258011633,1242277562
258011633,3151912634
258011633,2818912665
258011633,352328030
258011633,1428675840
258011633,78915794
258011633,3253730971
258011633,4099869256
258011633,3131252671
258011633,118873674
258011633,21896535
258011633,196560992
258011633,1270490280
258011633,1288437786
258011633,4003801882
258011633,3062355627
258011633,556037936
258011633,467643387
258011633,3512291847
258011633,199844545
258011633,339752595
258011633,4111405066
258011633,18355493
258011633,228876176
258011633,2469123312
258011633,904260410
258011633,2491969898
258011633,3562180702
258011633,93631602
258011633,418642004
258011633,1108949209
258011633,14699565
258011633,18837956
258011633,417463024
258011633,305023825
258011633,3417450203
258011633,252591743
258011633,22619288
258011633,78026748
258011633,480697482
258011633,16593464
258011633,2521469035
258011633,2227697225
258011633,402549409
258011633,70368605
258011633,3047786710
258011633,257428678
258011633,947424764
258011633,317055524
258011633,40206633
258011633,3130567797
258011633,22173933
258011633,236528003
258011633,3698063597
258011633,330451458
258011633,3049739359
258011633,3295385555
258011633,2377062811
258011633,3307851135
258011633,407825118
258011633,2996469257
258011633,618300542
258011633,243835805
258011633,2842030067
258011633,336851461
258011633,284602545
258011633,273542042
258011633,24258355
258011633,120153772
258011633,1324219842
258011633,614607873
258011633,1130819815
258011633,2823628127
258011633,3346644244
258011633,3402620861
258011633,3467647583
258011633,2337418549
258011633,3243341193
258011633,945963853
258011633,3519298634
258011633,217075196
258011633,407245875
258011633,376398428
258011633,460249535
258011633,504819461
258011633,2393427631
258011633,3727068976
258011633,41780094
258011633,625562292
258011633,82634970
258011633,3647171834
258011633,3757967956
258011633,2896407763
258011633,19448267
258011633,2729381970
258011633,430868988
258011633,125943024
258011633,3432741875
258011633,2772732066
258011633,1025173820
258011633,2924809397
258011633,3377494852
258011633,3553801216
258011633,2276563854
258011633,57996958
258011633,18216919
258011633,3318767592
258011633,60042783
258011633,319644378
258011633,180821354
258011633,3272237022
258011633,957571244
258011633,32965970
258011633,19840078
258011633,14615094
258011633,40139016
258011633,15935383
258011633,2239005410
258011633,307360118
258011633,3238663841
258011633,453390352
258011633,166148936
258011633,14100619
258011633,600714541
258011633,285916664
258011633,166146588
258011633,1475827646
258011633,19486599
258011633,1242277033
258011633,2393362442
258011633,275754574
258011633,3230762397
258011633,3311857077
258011633,1147795944
258011633,313121798
258011633,3306506027
258011633,3176669254
258011633,3297300085
258011633,25391538
258011633,6477302
258011633,423827456
258011633,877091736
258011633,280227352
258011633,38484574
258011633,481349251
258011633,459557733
258011633,3524270957
258011633,972343256
258011633,157981564
258011633,237281348
258011633,166596752
258011633,37293256
258011633,36329597
258011633,72821842
258011633,214435836
258011633,373974279
258011633,1542533869
258011633,303798194
258011633,2472138696
258011633,114822845
258011633,3457646477
258011633,1341375288
258011633,2994436307
258011633,2775755787
258011633,301523650
258011633,294314714
258011633,3259850790
258011633,3380264848
258011633,17390124
258011633,3429812069
258011633,2464740318
258011633,21336721
258011633,555854913
258011633,47436746
258011633,19707468
258011633,26303602
258011633,15588657
258011633,21522338
258011633,22923149
258011633,234101810
258011633,2311919264
258011633,28389251
258011633,38869114
258011633,379481082
258011633,208058457
258011633,3424226759
258011633,2959952127
258011633,303868848
258011633,3355683796
258011633,393261335
258011633,87852625
258011633,3378699977
258011633,209979353
258011633,24046313
258011633,240896338
258011633,22934558
258011633,551839048
258011633,332962372
258011633,124269402
258011633,516499221
258011633,292351284
258011633,1513799994
258011633,384941477
258011633,2546319421
258011633,240853147
258011633,41786449
258011633,794088000
258011633,426981619
258011633,2281473316
258011633,3111784053
258011633,520402351
258011633,398092540
258011633,125481462
258011633,876045241
258011633,2367425671
258011633,329622415
258011633,2675691876
258011633,80051030
258011633,2548712450
258011633,15349925
258011633,530952579
258011633,3111788088
258011633,28209791
258011633,3297241884
258011633,2731841720
258011633,595593149
258011633,2826159490
258011633,28953166
258011633,20979242
258011633,577047486
258011633,3404021801
258011633,3404107787
258011633,2325529944
258011633,3351263776
258011633,565531388
258011633,420897126
258011633,1418915582
258011633,3389436239
258011633,335538600
258011633,3201706312
258011633,65045121
258011633,117777690
258011633,21397437
258011633,369046986
258011633,1071629592
258011633,2277723721
258011633,3395648609
258011633,929554188
258011633,329746058
258011633,182441611
258011633,3108033410
258011633,3385767197
258011633,229646064
258011633,17781165
258011633,3389454124
258011633,27181156
258011633,3239783555
258011633,16671869
258011633,21650500
258011633,20106852
258011633,67569685
258011633,12804422
258011633,17998609
258011633,14986598
258011633,14207863
258011633,20399735
258011633,3378639537
258011633,1959556592
258011633,625022363
258011633,3096642344
258011633,16537989
258011633,42928766
258011633,38176500
258011633,17022560
258011633,25525033
258011633,63680662
258011633,95884790
258011633,25354479
258011633,38000023
258011633,2835754637
258011633,3379038975
258011633,2867330903
258011633,59481779
258011633,957345043
258011633,402113007
258011633,524423189
258011633,172749267
258011633,503955524
258011633,142640066
258011633,14927297
258011633,330904433
258011633,2575040162
258011633,2407202768
258011633,32922034
258011633,229526424
258011633,35749597
258011633,545985642
258011633,3383381404
258011633,2830452427
258011633,2743314044
258011633,22438665
258011633,913208102
258011633,2510000407
258011633,3109650831
258011633,2507595094
258011633,431118976
258011633,3254212648
258011633,3092798375
258011633,3064759173
258011633,2968140424
258011633,118999126
258011633,764456875
258011633,2768929527
258011633,237796056
258011633,85925627
258011633,97268285
258011633,65647594
258011633,19811190
258011633,19772258
258011633,1244156904
258011633,1895880972
258011633,81918578
258011633,2932287251
258011633,236487406
258011633,248288535
258011633,349183029
258011633,23958608
258011633,295705264
258011633,2153110063
258011633,57843997
258011633,338911190
258011633,2845983983
258011633,318575703
258011633,1376884580
258011633,259885449
258011633,823905
258011633,194521369
258011633,2292454922
258011633,2889205128
258011633,217582256
258011633,2714561137
258011633,1531279854
258011633,3066009639
258011633,33544122
258011633,525428217
258011633,3346431598
258011633,2353144260
258011633,117662694
258011633,36184220
258011633,17842366
258011633,2940151785
258011633,98145485
258011633,15431856
258011633,24919888
258011633,17471979
258011633,11348282
258011633,156651229
258011633,137103331
258011633,221277556
258011633,221080645
258011633,221773982
258011633,222489622
258011633,16589206
258011633,3066935784
258011633,1481977400
258011633,120917246
258011633,95889568
258011633,15492359
258011633,160926944
258011633,818633227
258011633,2337323300
258011633,18540543
258011633,2287267158
258011633,8161232
258011633,25073877
258011633,3331402521
258011633,3033775655
258011633,2899581676
258011633,94935834
258011633,3131313155
258011633,3011277641
258011633,982498538
258011633,237682259
258011633,1943599776
258011633,1387356439
258011633,2362269962
258011633,273062681
258011633,561126730
258011633,430352365
258011633,21754399
258011633,19100811
258011633,27585991
258011633,1942917912
258011633,1857443774
258011633,24976353
258011633,711466992
258011633,2745716762
258011633,339754094
258011633,33323849
258011633,2264785178
258011633,22525976
258011633,2246561438
258011633,2382678331
258011633,301990550
258011633,3239439347
258011633,7893252
258011633,501389799
258011633,1334806249
258011633,14548621
258011633,2467378418
258011633,2663681611
258011633,130954763
258011633,42382542
258011633,119146887
258011633,175018444
258011633,55195530
258011633,109018412
258011633,3302761726
258011633,62513246
258011633,2472473526
258011633,221740711
258011633,344128999
258011633,1945177170
258011633,21070366
258011633,22620330
258011633,2914145754
258011633,120117254
258011633,2545471823
258011633,19125358
258011633,3248089505
258011633,295648970
258011633,203271761
258011633,209232741
258011633,498156048
258011633,627365462
258011633,3043194629
258011633,3213024862
258011633,761419452
258011633,3216911793
258011633,2725688344
258011633,21598949
258011633,22860615
258011633,3233721760
258011633,563642632
258011633,2896631678
258011633,2800392311
258011633,17452136
258011633,2387899400
258011633,46883424
258011633,2853289864
258011633,2324369119
258011633,478698745
258011633,3153639885
258011633,1490683939
258011633,2157417348
258011633,21806069
258011633,2964173339
258011633,2282013614
258011633,2869512549
258011633,107860938
258011633,2249330958
258011633,40279567
258011633,1522148606
258011633,1328949042
258011633,39955144
258011633,431535028
258011633,551784866
258011633,2746001635
258011633,2794894378
258011633,3138251418
258011633,2950717445
258011633,219080465
258011633,20682009
258011633,14409739
258011633,6306972
258011633,2895715781
258011633,242705768
258011633,127566669
258011633,1006911200
258011633,1362671286
258011633,15906034
258011633,36034936
258011633,135274322
258011633,202678255
258011633,236108605
258011633,39019643
258011633,270286972
258011633,360540613
258011633,2535329613
258011633,19777265
258011633,1058894972
258011633,144151701
258011633,202703312
258011633,397980696
258011633,1304566760
258011633,2279610829
258011633,350471684
258011633,250771818
258011633,1858437072
258011633,762230522
258011633,326858048
258011633,92357645
258011633,211306391
258011633,2870613325
258011633,317902593
258011633,2267700079
258011633,497805807
258011633,144888395
258011633,69298376
258011633,186103851
258011633,18435068
258011633,254901189
258011633,3058561157
258011633,2414278483
258011633,429981202
258011633,223080067
258011633,106091076
258011633,2900855145
258011633,255592866
258011633,62768609
258011633,231948251
258011633,275017298
258011633,22644676
258011633,77995220
258011633,61451642
258011633,2976625727
258011633,264983377
258011633,3076115325
258011633,2557082318
258011633,842098326
258011633,255458210
258011633,459648135
258011633,2985881266
258011633,612769385
258011633,245778125
258011633,2576783648
258011633,576273755
258011633,1344143708
258011633,487256024
258011633,629772199
258011633,1918697988
258011633,191439255
258011633,2369653488
258011633,249608982
258011633,2696676098
258011633,2546517182
258011633,178522619
258011633,2266366941
258011633,326366955
258011633,3075982059
258011633,338605184
258011633,2433114481
258011633,2902033922
258011633,2494355792
258011633,460224943
258011633,208967618
258011633,28209292
258011633,22940219
258011633,2830356871
258011633,72560878
258011633,22156865
258011633,191019972
258011633,15947602
258011633,2571453584
258011633,192546860
258011633,90460579
258011633,3004231
258011633,1339835893
258011633,1462798688
258011633,76352785
258011633,127471524
258011633,20589852
258011633,52057738
258011633,256492864
258011633,1726629079
258011633,74709968
258011633,16433805
258011633,242728166
258011633,1617554298
258011633,14511127
258011633,963257414
258011633,917282972
258011633,2409334339
258011633,3033101255
258011633,503183560
258011633,2291417756
258011633,28200484
258011633,2300002310
258011633,35193165
258011633,2385990078
258011633,568624483
258011633,237674906
258011633,271256782
258011633,2292198673
258011633,475677127
258011633,1655429304
258011633,102493081
258011633,2974871290
258011633,44889752
258011633,608312013
258011633,253536357
258011633,1334883757
258011633,3059852398
258011633,2933917781
258011633,21391492
258011633,2647317782
258011633,415453894
258011633,551878113
258011633,238220941
258011633,361211088
258011633,2879393751
258011633,21283508
258011633,1911303422
258011633,2529641024
258011633,270850017
258011633,20907409
258011633,2166897792
258011633,23483073
258011633,51744850
258011633,28277318
258011633,2712338575
258011633,323212141
258011633,2885699833
258011633,163861071
258011633,35069012
258011633,1533840589
258011633,2281333068
258011633,58475096
258011633,515898092
258011633,1171393471
258011633,2467485330
258011633,611820343
258011633,2294723540
258011633,1882003194
258011633,1271426749
258011633,22472454
258011633,17573212
258011633,321912677
258011633,1017219121
258011633,2611450480
258011633,21566829
258011633,2838145091
258011633,38843285
258011633,88907049
258011633,402345032
258011633,302157505
258011633,614165574
258011633,2923253889
258011633,20970170
258011633,80145408
258011633,1532483238
258011633,116382687
258011633,1550374081
258011633,154532994
258011633,2496183216
258011633,2977077899
258011633,2958578362
258011633,606412878
258011633,1372074072
258011633,540038653
258011633,33491075
258011633,71533238
258011633,1175471594
258011633,291250295
258011633,179473529
258011633,99996444
258011633,188112868
258011633,259967285
258011633,25098482
258011633,304909941
258011633,396521441
258011633,260636931
258011633,51275043
258011633,465931245
258011633,28811790
258011633,406172393
258011633,127007644
258011633,115232323
258011633,384201720
258011633,570064933
258011633,378222973
258011633,77250552
258011633,579194149
258011633,117250420
258011633,246225159
258011633,589877348
258011633,583593413
258011633,45554701
258011633,596984380
258011633,604604145
258011633,545079607
258011633,19588403
258011633,342653473
258011633,349591302
258011633,632019397
258011633,634033301
258011633,600979960
258011633,610110214
258011633,15212777
258011633,227465224
258011633,781903062
258011633,545182264
258011633,808824379
258011633,576167612
258011633,473081211
258011633,604647678
258011633,507487221
258011633,22982076
258011633,42061229
258011633,611700685
258011633,120767239
258011633,348623910
258011633,459709662
258011633,191255735
258011633,27337335
258011633,947635968
258011633,594093648
258011633,14707090
258011633,536802522
258011633,42407896
258011633,54516943
258011633,53942044
258011633,17630711
258011633,19818376
258011633,42706312
258011633,555531453
258011633,806795204
258011633,626439493
258011633,144643567
258011633,163987140
258011633,27928140
258011633,26279033
258011633,1050571122
258011633,240381893
258011633,484746221
258011633,574346851
258011633,45624695
258011633,808624681
258011633,1088754032
258011633,14758897
258011633,299196504
258011633,25858800
258011633,529579143
258011633,299314813
258011633,1172942112
258011633,895861148
258011633,416393140
258011633,1189682994
258011633,19784516
258011633,61833808
258011633,1068186506
258011633,157412413
258011633,1180251481
258011633,173837532
258011633,1158388824
258011633,1175376750
258011633,36923555
258011633,618408519
258011633,950461718
258011633,381983530
258011633,97095121
258011633,237295044
258011633,60667116
258011633,1266664398
258011633,223425217
258011633,1280110446
258011633,166068703
258011633,546687911
258011633,905914506
258011633,158387690
258011633,85035223
258011633,22307958
258011633,545884116
258011633,561098378
258011633,1218129710
258011633,564722699
258011633,23918526
258011633,304563554
258011633,157941574
258011633,279498848
258011633,1333638744
258011633,1419957763
258011633,1435588081
258011633,492643463
258011633,1448922548
258011633,104794316
258011633,19664256
258011633,1105002362
258011633,1377970304
258011633,1469685986
258011633,216083109
258011633,1538919932
258011633,1562816916
258011633,74745206
258011633,524322357
258011633,312852227
258011633,1441432608
258011633,199481124
258011633,1636149600
258011633,83360157
258011633,23435278
258011633,1583197735
258011633,89803024
258011633,356233829
258011633,1270627633
258011633,14664476
258011633,292334599
258011633,249690412
258011633,967123002
258011633,1316154710
258011633,1416567330
258011633,196313802
258011633,557858676
258011633,1451470802
258011633,488948009
258011633,14229575
258011633,28350846
258011633,21287578
258011633,2283944478
258011633,332926783
258011633,342365215
258011633,62259472
258011633,32210589
258011633,1042965132
258011633,485572428
258011633,350353496
258011633,2475256244
258011633,223528891
258011633,57599794
258011633,21127110
258011633,59215826
258011633,35070224
258011633,294793711
258011633,149224267
258011633,2170822056
258011633,236374161
258011633,598331179
258011633,2583935005
258011633,2601550788
258011633,2535627421
258011633,2652035292
258011633,2653808809
258011633,2669530458
258011633,2731600890
258011633,70999970
258011633,621983969
258011633,182919096
258011633,1316482903
258011633,399386566
258011633,2849991904
258011633,2650797529
258011633,244697026
258011633,106439085
258011633,1500837644
258011633,2984172178
258011633,2416564207
258011633,414042524
258011633,180106525
258011633,16786833
258011633,2638968030
258011633,476654184
258011633,5694822
258011633,19906615
258011633,342767585
258011633,313411153
258011633,309422231
258011633,98423367
258011633,110166499
258011633,22762418
258011633,2966062181
258011633,1599301136
258011633,133198267
258011633,17994509
258011633,356149090
258011633,21612144
258011633,169666017
258011633,55242528
258011633,348415955
258011633,2905141228
258011633,2355460494
258011633,83099207
258011633,15876713
258011633,103852807
258011633,2281089944
258011633,630936185
258011633,1613083062
258011633,549477573
258011633,21646017
258011633,46509719
258011633,456584207
258011633,703039974
258011633,555231953
258011633,38672326
258011633,44995910
258011633,425227965
258011633,575088744
258011633,2908616320
258011633,2427144403
258011633,953590328
258011633,84279884
258011633,424439262
258011633,311484185
258011633,292859790
258011633,19705915
258011633,262322667
258011633,732512148
258011633,243137763
258011633,2906721455
258011633,427710821
258011633,27830610
258011633,26784273
258011633,16348549
258011633,2810563558
258011633,1918336549
258011633,331243682
258011633,45805840
258011633,551918971
258011633,156967287
258011633,120207925
258011633,168498804
258011633,188066062
258011633,20452127
258011633,20232319
258011633,28369568
258011633,2335560870
258011633,306708620
258011633,231942475
258011633,740954192
258011633,2694904664
258011633,2872136697
258011633,2572844671
258011633,37694171
258011633,868647822
258011633,11587032
258011633,89952215
258011633,229466877
258011633,10814042
258011633,19530527
258011633,6751502
258011633,19594736
258011633,234825661
258011633,77989626
258011633,114007914
258011633,77986665
258011633,150224923
258011633,87471023
258011633,135514272
258011633,574453400
258011633,718146817
258011633,23893906
258011633,47185037
258011633,1900694785
258011633,98420900
258011633,347778813
258011633,18016160
258011633,21518722
258011633,29163101
258011633,190987689
258011633,406900550
258011633,225476386
258011633,84618513
258011633,2559060570
258011633,40844768
258011633,253184868
258011633,127331013
258011633,197897890
258011633,227338733
258011633,94069743
258011633,234077156
258011633,21811630
258011633,135877820
258011633,22983594
258011633,236912210
258011633,228769095
258011633,2826531885
258011633,757572248
258011633,233919401
258011633,15618774
258011633,2814132798
258011633,1357917013
258011633,1464470774
258011633,2503621444
258011633,49019906
258011633,6317802
258011633,15071830
258011633,25551683
258011633,479406686
258011633,2791733978
258011633,34050519
258011633,1178011
258011633,517438523
258011633,80374332
258011633,1155522630
258011633,426159377
258011633,18212543
258011633,253167239
258011633,331877987
258011633,20504614
258011633,110711910
258011633,109986944
258011633,245434042
258011633,228774722
258011633,92521829
258011633,116547221
258011633,36268289
258011633,226631830
258011633,90059455
258011633,75995713
258011633,237376611
258011633,39472243
258011633,19735329
258011633,32845471
258011633,21117425
258011633,300967374
258011633,122713304
258011633,23781227
258011633,84546428
258011633,144942878
258011633,215411682
258011633,182305812
258011633,40838211
258011633,78019662
258011633,191085626
258011633,378035539
258011633,116422140
258011633,2845928429
258011633,21092224
258011633,46090391
258011633,20170792
258011633,201864200
258011633,456160956
258011633,185753642
258011633,974212302
258011633,2849865305
258011633,2860475955
258011633,2862205732
258011633,365145132
258011633,2738520940
258011633,393324829
258011633,801065551
258011633,583790284
258011633,2838030957
258011633,121534460
258011633,19764610
258011633,43332075
258011633,763538052
258011633,1131066726
258011633,1858787989
258011633,2839701713
258011633,39594651
258011633,1451971627
258011633,108012012
258011633,148438596
258011633,432374220
258011633,2819175971
258011633,2307172784
258011633,16929282
258011633,1096875997
258011633,2415563632
258011633,236061121
258011633,178447840
258011633,556116261
258011633,345911419
258011633,20376010
258011633,1396989218
258011633,176721240
258011633,133635102
258011633,186178804
258011633,149180925
258011633,2174153828
258011633,210600626
258011633,2207231340
258011633,62619244
258011633,44009156
258011633,7205912
258011633,9424732
258011633,323998361
258011633,401690210
258011633,84181923
258011633,407882041
258011633,2343597738
258011633,100651372
258011633,426235324
258011633,59813572
258011633,241072145
258011633,300329436
258011633,184554335
258011633,849302892
258011633,2266427010
258011633,2680374773
258011633,2784066337
258011633,41964836
258011633,280541183
258011633,19673700
258011633,46678624
258011633,15769327
258011633,237333107
258011633,7867072
258011633,631108049
258011633,361526463
258011633,958082934
258011633,527361958
258011633,2256940813
258011633,402301580
258011633,19872091
258011633,156658681
258011633,137871053
258011633,299866248
258011633,2453021846
258011633,247324340
258011633,1247001488
258011633,103619034
258011633,404495176
258011633,1200340507
258011633,2149420171
258011633,816305030
258011633,349510814
258011633,140979783
258011633,303345171
258011633,281539684
258011633,2443808149
258011633,385340287
258011633,390758480
258011633,1630014788
258011633,18213483
258011633,69231187
258011633,398647607
258011633,1100677080
258011633,16153562
258011633,14700316
258011633,2553151
258011633,239847915
258011633,121569345
258011633,1063020690
258011633,912003068
258011633,245320407
258011633,125179654
258011633,361335767
258011633,54172831
258011633,236377912
258011633,241223358
258011633,404123500
258011633,10410242
258011633,237487471
258011633,960520399
258011633,2373196337
258011633,2460036606
258011633,2242491981
258011633,198942175
258011633,66096656
258011633,424920000
258011633,2497128378
258011633,715124802
258011633,2459602484
258011633,185571749
258011633,139148922
258011633,355637587
258011633,183363449
258011633,150440978
258011633,470482855
258011633,1877831
258011633,5402612
258011633,742143
258011633,623176151
258011633,7651862
258011633,759251
258011633,605106497
258011633,237845487
258011633,15227791
258011633,15754281
258011633,16664681
258011633,14293310
258011633,602317143
258011633,130491582
258011633,128956175
258011633,339710492
258011633,297946512
258011633,104969057
258011633,570166548
258011633,2282019036
258011633,2439889087
258011633,16958993
258011633,964210020
258011633,1418074614
258011633,55233330
258011633,176940708
258011633,200497731
258011633,592876218
258011633,148000327
258011633,1646312191
258011633,14511951
258011633,2467791
258011633,82884121
258011633,1310401350
258011633,1867237380
258011633,2330846940
258011633,704630262
258011633,2386866529
258011633,237721837
258011633,613389602
258011633,146095589
258011633,349000197
258011633,1595804642
258011633,239874726
258011633,36471948
258011633,59568031
258011633,226711215
258011633,49422826
258011633,1032222480
258011633,260412378
258011633,93149320
258011633,1878884124
258011633,221314477
258011633,89164310
258011633,476885038
258011633,2239396327
258011633,2412835898
258011633,1640382823
258011633,242702809
258011633,22942202
258011633,223413464
258011633,208991854
258011633,77962682
258011633,102054190
258011633,1019367715
258011633,17534737
258011633,26565149
258011633,478789007
258011633,2217513355
258011633,424276769
258011633,777976063
258011633,450665657
258011633,86910712
258011633,29254424
258011633,20535611
258011633,875795202
258011633,39690606
258011633,42637187
258011633,92301867
258011633,65661019
258011633,343354675
258011633,1845963324
258011633,316786161
258011633,2394137400
258011633,245842027
258011633,21391838
258011633,132838577
258011633,20426958
258011633,439944288
258011633,15687588
258011633,249347954
258011633,49585215
258011633,804946544
258011633,2363980363
258011633,2367351822
258011633,327353480
258011633,243177419
258011633,111338251
258011633,186227908
258011633,2186730188
258011633,555861049
258011633,1577965459
258011633,158079127
258011633,50393960
258011633,75282935
258011633,86969832
258011633,354090433
258011633,963913183
258011633,86525980
258011633,239444226
258011633,119166791
258011633,237826875
258011633,1098166116
258011633,31978980
258011633,979070827
258011633,555264454
258011633,84097731
258011633,281046179
258011633,247036266
258011633,22626790
258011633,103868959
258011633,592226684
258011633,56682871
258011633,138764086
258011633,2308105442
258011633,1498124960
258011633,1692010142
258011633,517527227
258011633,62634973
258011633,1935287306
258011633,171941753
258011633,24146135
258011633,608347413
258011633,67570763
258011633,19594963
258011633,2336876486
258011633,143048512
258011633,140886940
258011633,208474875
258011633,90414301
258011633,1879392792
258011633,102052772
258011633,242385901
258011633,964290374
258011633,289451699
258011633,849785408
258011633,191543019
258011633,239405285
258011633,1637930191
258011633,37959268
258011633,221758335
258011633,208640090
258011633,245861652
258011633,1675779050
258011633,775710199
258011633,18699458
258011633,267170171
258011633,65989500
258011633,2291607846
258011633,1920543080
258011633,34903457
258011633,17868868
258011633,6997622
258011633,96959139
258011633,20980592
258011633,17591170
258011633,7230172
258011633,2249146142
258011633,370732792
258011633,115764651
258011633,2220305407
258011633,2289796928
258011633,2291385770
258011633,2293032853
258011633,293450513
258011633,142094798
258011633,384138912
258011633,113389969
258011633,24924400
258011633,190591952
258011633,2797701
258011633,140766236
258011633,33918291
258011633,54869823
258011633,18898079
258011633,44591137
258011633,139145045
258011633,16309025
258011633,1143551
258011633,58796971
258011633,127995312
258011633,559544513
258011633,463952887
258011633,75974281
258011633,366472753
258011633,51241574
258011633,788524
258011633,10199362
258011633,204516012
258011633,426484510
258011633,16672510
258011633,23459740
258011633,23484629
258011633,817672334
258011633,15019821
258011633,18804364
258011633,791207737
258011633,14123751
258011633,155501750
258011633,1434251
258011633,70160840
258011633,1657623278
258011633,22001973
258011633,18800265
258011633,76351820
258011633,493598507
258011633,46400289
258011633,534518120
258011633,939803940
258011633,1245699895
258011633,1111829022
258011633,1594327850
258011633,1151423653
258011633,925855208
258011633,27040645
258011633,16010071
258011633,77444714
258011633,1884577615
258011633,71174380
258011633,20672520
258011633,75535549
258011633,129977854
258011633,1225560289
258011633,859536487
258011633,1220046608
258011633,66643970
258011633,1116738991
258011633,109065990
258011633,6132712
258011633,236863645
258011633,29681501
258011633,15233659
258011633,1705626398
258011633,997651423
258011633,52209133
258011633,1322249983
258011633,501860402
258011633,1161647125
258011633,1635656281
258011633,425471865
258011633,190223010
258011633,14583913
258011633,246230436
258011633,226564158
258011633,247306602
258011633,325624279
258011633,22988387
258011633,121462465
258011633,204045619
258011633,6017542
258011633,57241134
258011633,1259847691
258011633,14499829
258011633,17898494
258011633,14361155
258011633,140034669
258011633,33933259
258011633,17137628
258011633,14159148
258011633,237301916
258011633,10880202
258011633,39511166
258011633,17899109
258011633,38007747
258011633,428333
258011633,16955991
258011633,80681990
258011633,540020413
258011633,13451802
258011633,233555616
258011633,359301583
258011633,488362994
258011633,105110389
258011633,184795160
258011633,106539053
258011633,30908858
258011633,1286444580
258011633,14529546
258011633,1397996856
258011633,127829934
258011633,164045234
258011633,114713083
258011633,47445777
258011633,30631011
258011633,64558844
258011633,19117891
258011633,23395669
258011633,216647845
258011633,16345549
258011633,52010943
258011633,22029742
258011633,110831084
258011633,39263607
258011633,109308774
258011633,1325444732
258011633,823264634
258011633,21571157
258011633,42846533
258011633,241196184
258011633,64727934
258011633,473918748
258011633,17681513
258011633,443230303
258011633,1262556720
258011633,1255447254
258011633,91100439
258011633,75515988
258011633,561991632
258011633,196629568
258011633,103591082
258011633,91334232
258011633,225207797
258011633,78929265
258011633,35891303
258011633,28348708
258011633,38464818
258011633,60608540
258011633,507195138
258011633,510447161
258011633,137655201
258011633,36393147
258011633,17778689
258011633,15298072
258011633,115676454
258011633,128220033
258011633,20307004
258011633,1100609960
258011633,785417924
258011633,25487978
258011633,179465606
258011633,21473746
258011633,270118665
258011633,326091616
258011633,66214394
258011633,179108255
258011633,71819054
258011633,41783903
258011633,57343275
258011633,35785221
258011633,179569408
258011633,220999568
258011633,246753241
258011633,22183717
258011633,69593501
258011633,27655610
258011633,240432836
258011633,125690264
258011633,24662595
258011633,250093677
258011633,807095
258011633,22635831
258011633,42436928
258011633,38183074
258011633,23394294
258011633,39473556
258011633,10810102
258011633,195004961
258011633,50998190
258011633,18980276
258011633,491355191
258011633,20015311
258011633,95234236
258011633,19562228
258011633,19903360
258011633,263628657
258011633,68715884
258011633,12319392
258011633,93843333
258011633,475388025
258011633,456694340
258011633,359335375
258011633,705396896
258011633,296024199
258011633,714127825
258011633,394161745
258011633,50028933
258011633,177325637
258011633,534448661
258011633,23846710
258011633,17753033
258011633,14824849
258011633,20958141
258011633,50078447
258011633,486027167
258011633,27457788
258011633,23066715
258011633,38183837
258011633,114720471
258011633,56705634
258011633,409258323
258011633,21008866
258011633,107829617
258011633,49955933
258011633,116775199
258011633,75808121
258011633,623978535
258011633,354553638
258011633,57331275
258011633,177289366
258011633,214842306
258011633,107824681
258011633,19397785
258011633,946554697
258011633,23349040
258011633,15846407
258011633,259379883
258011633,813286
258011633,1117177368
258011633,17874544
258011633,875547482
258011633,22123316
258011633,30364057
258011633,41087833
258011633,25133684
258011633,15493494
258011633,111017007
258011633,249575483
258011633,471411384
258011633,20694084
258011633,550081910
258011633,193386074
258011633,18427831
258011633,82124185
258011633,66317344
258011633,160868594
258011633,466490195
258011633,65344256
258011633,47216363
258011633,40928919
258011633,287175566
258011633,22901189
258011633,22768201
258011633,199603917
258011633,41566689
258011633,20697303
258011633,21392462
258011633,14527141
258011633,38651936
258011633,6620582
258011633,91163501
258011633,22299832
258011633,19248608
258011633,553315031
258011633,94156107
258011633,38458254
258011633,16669736
258011633,17208934
258011633,39138573
258011633,15057943
258011633,36635596
258011633,409313694
258011633,14677919
258011633,866897263
258011633,77472205
258011633,38159962
258011633,627902068
258011633,470279291
258011633,771166368
258011633,378250841
258011633,158521570
258011633,80838108
258011633,158512580
258011633,151863014
258011633,19706585
258011633,109001491
258011633,17620713
258011633,75423019
258011633,218533053
258011633,580194165
258011633,20527788
258011633,320229459
258011633,201832593
258011633,186426753
258011633,399994329
258011633,603056463
258011633,417030850
258011633,217761860
258011633,254741665
258011633,59890781
258011633,132488742
258011633,978830359
258011633,52217909
258011633,210019862
258011633,86179069
258011633,210004195
258011633,20735038
258011633,32862596
258011633,814933471
258011633,248801998
258011633,385326089
258011633,359160246
258011633,516726972
258011633,41556253
258011633,54571974
258011633,841942812
258011633,582832845
258011633,403729967
258011633,418654884
258011633,109536666
258011633,322541484
258011633,28145061
258011633,326230085
258011633,42283619
258011633,17638277
258011633,23605284
258011633,132472714
258011633,242449909
258011633,24925341
258011633,1344951
258011633,115126633
258011633,20109626
258011633,308375145
258011633,399465242
258011633,5225991
258011633,22739949
258011633,15466513
258011633,205873295
258011633,64517950
258011633,36395693
258011633,46628303
258011633,50794234
258011633,19187116
258011633,119714092
258011633,14810827
258011633,27730345
258011633,21129812
258011633,25864870
258011633,37915760
258011633,22411897
258011633,46873481
258011633,5520952
258011633,15601251
258011633,187179778
258011633,20971849
258011633,40051309
258011633,95665321
258011633,313260665
258011633,39472487
258011633,245122616
258011633,183374167
258011633,31411130
258011633,253016418
258011633,23612182
258011633,46413928
258011633,21083627
258011633,14871898
258011633,18212933
258011633,240211286
258011633,121243560
258011633,128049512
258011633,46159889
258011633,235883997
258011633,163058534
258011633,32351066
258011633,182562866
258011633,221274019
258011633,112421639
258011633,33734942
258011633,525233231
258011633,87164440
258011633,70941339
258011633,91151543
258011633,76299964
258011633,79320096
258011633,85595610
258011633,21077230
258011633,169585130
258011633,112534215
258011633,416339139
258011633,474225331
258011633,70657451
258011633,202644851
258011633,219947921
258011633,221557279
258011633,104658496
258011633,30313925
258011633,217381306
258011633,126691840
258011633,21211195
258011633,71655648
258011633,22606626
258011633,15877187
258011633,322002395
258011633,262063785
258011633,81576248
258011633,57954032
258011633,222157588
258011633,39961412
258011633,24447643
258011633,337542679
258011633,101103331
258011633,488338359
258011633,57615748
258011633,289921831
258011633,59181823
258011633,393682553
258011633,327670521
258011633,417912870
258011633,574696829
258011633,233523541
258011633,482562996
258011633,474787031
258011633,220345516
258011633,87519932
258011633,133768439
258011633,447047642
258011633,152456234
258011633,91377218
258011633,38687510
258011633,78407416
258011633,71504183
258011633,440977207
258011633,135296595
258011633,297738809
258011633,278584437
258011633,29264831
258011633,111022588
258011633,22473844
258011633,222193688
258011633,60873897
258011633,29196200
258011633,1440641
258011633,423786674
258011633,23518240
258011633,19334486
258011633,14075928
258011633,141265247
258011633,250334368
258011633,22903962
258011633,24864842
258011633,171203957
258011633,156389227
258011633,6450322
258011633,106446904
258011633,226510219
258011633,19780922
258011633,72293092
258011633,65338464
258011633,447140275
258011633,550021825
258011633,113161813
258011633,104192882
258011633,163283576
258011633,20762687
258011633,25988770
258011633,55906710
258011633,68151046
258011633,70352754
258011633,23615801
258011633,161439268
258011633,22537642
258011633,132834612
258011633,115207228
258011633,91091384
258011633,160244644
258011633,35778829
258011633,160655252
258011633,16129292
258011633,549301423
258011633,248372307
258011633,29459494
258011633,19538790
258011633,244487047
258011633,191861468
258011633,49940023
258011633,549965657
258011633,152971745
258011633,74686557
258011633,125676436
258011633,21110303
258011633,63843177
258011633,113618152
258011633,175701483
258011633,98414683
258011633,123922130
258011633,474360704
258011633,316434766
258011633,194675056
258011633,287110245
258011633,76472350
258011633,124579964
258011633,6704222
258011633,353383240
258011633,353602826
258011633,183832594
258011633,263240512
258011633,337727187
258011633,356304631
258011633,18554895
258011633,42419226
258011633,352279521
258011633,387233311
258011633,394108042
258011633,116754783
258011633,54513290
258011633,431979715
258011633,322476974
258011633,29690461
258011633,397378757
258011633,49275120
258011633,432728188
258011633,450161086
258011633,62238615
258011633,515972958
258011633,279729440
258011633,292290172
258011633,345902604
258011633,42493836
258011633,17055951
258011633,118668805
258011633,355476113
258011633,342621053
258011633,142367017
258011633,76737123
258011633,34086990
258011633,19470331
258011633,284014788
258011633,17649610
258011633,45470484
258011633,24213857
258011633,42108882
258011633,234833097
258011633,23056885
258011633,216388381
258011633,20670430
258011633,44680832
258011633,73124366
258011633,159076582
258011633,23160845
258011633,42610203
258011633,15661886
258011633,2200721
258011633,25257966
258011633,250856761
258011633,25227332
258011633,304351287
258011633,133655894
258011633,87474886
258011633,45881760
258011633,55648166
258011633,113325328
258011633,157052482
258011633,223165589
258011633,23686526
258011633,276972316
258011633,140443609
258011633,21203369
258011633,95677498
258011633,234007122
258011633,161613976
258011633,273911018
258011633,143121990
258011633,17626597
258011633,318977094
258011633,188924055
258011633,140853668
258011633,36235431
258011633,64261909
258011633,131178586
258011633,352405565
258011633,28776227
258011633,22183204
258011633,40927204
258011633,64748331
258011633,19942142
258011633,38501043
258011633,77441685
258011633,23577405
258011633,44708007
258011633,20531526
258011633,17212084
258011633,27203541
258011633,89202938
258011633,15862369
258011633,240846078
258011633,46763423
258011633,247667697
258011633,15439395
258011633,93644082
258011633,30002771
258011633,35682057
258011633,16311809
258011633,68690605
258011633,82645739
258011633,19396431
258011633,22646514
258011633,156602721
258011633,148872468
258011633,46627286
258011633,19528103
258011633,62218541
258011633,19284930
258011633,15089404
258011633,8973062
258011633,72820731
258011633,113447429
258011633,166559399
258011633,20609518
258011633,22790104
258011633,20856740
258011633,87818409
258011633,57336315
258011633,103558465
258011633,75121083
258011633,150246405
258011633,22628924
258011633,56532172
258011633,15084853
258011633,77184360
258011633,18502424
258011633,39325505
258011633,20992462
258011633,44874400
258011633,53971280
258011633,16826970
258011633,20691642
258011633,56146145
258011633,49291229
258011633,55657122
258011633,59830884
258011633,65017304
258011633,66964591
258011633,89576972
258011633,20584130
258011633,72089692
258011633,30065583
258011633,47294558
258011633,113196313
258011633,27201155
258011633,20516717
258011633,114412348
258011633,66967505
258011633,21320385
258011633,74165883
258011633,126106248
258011633,64436035
258011633,145705709
258011633,56159910
258011633,148370963
258011633,43201004
258011633,113151402
258011633,43853557
258011633,119756631
258011633,17602747
258011633,182778974
258011633,16238657
258011633,206152464
258011633,15355629
258011633,58515110
258011633,162737679
258011633,25311070
258011633,95658167
258011633,234343510
258011633,17393951
258011633,21448243
258011633,242498594
258011633,37884977
258011633,246756800
258011633,246750309
258011633,83564078
258011633,135521565
258011633,7025662
258011633,56723104
258011633,257950920
258011633,17340546
258011633,182854304
258011633,52213809
258011633,26985164
258011633,15891322
258011633,36806703
258011633,17820947
258011633,22541556
258011633,16737418
258011633,18718949
258011633,20518539
258011633,31142751
258011633,71528475
258011633,41564966
258011633,31537951
258011633,15908631
