2581383319,3483917657
2581383319,1662057727
2581383319,948552829
2581383319,40872043
2581383319,18336706
2581383319,585716046
2581383319,17101388
2581383319,484962664
2581383319,602601176
2581383319,2387840556
2581383319,106086230
2581383319,3158123118
2581383319,83864876
2581383319,1536791610
2581383319,813286
2581383319,3221102998
2581383319,1585976420
2581383319,1097836022
2581383319,19564523
2581383319,14468128
2581383319,17993489
2581383319,20164477
2581383319,3068632613
2581383319,2699392718
2581383319,124690469
2581383319,3111648531
2581383319,18758902
2581383319,18730195
2581383319,492288571
2581383319,22179997
2581383319,17471979
2581383319,39822897
2581383319,11994692
2581383319,972585170
2581383319,2915199089
2581383319,2829678160
2581383319,2581256048
2581383319,2785173851
2581383319,2863216617
2581383319,1648572798
2581383319,105082141
2581383319,91478624
2581383319,19921389
2581383319,18135386
2581383319,3310571
2581383319,15005991
2581383319,21905142
2581383319,17624543
2581383319,24241544
2581383319,17693232
2581383319,20781929
2581383319,2785196164
2581383319,2829998580
2581383319,2828076763
2581383319,15110655
2581383319,2369022733
2581383319,19271557
2581383319,241100784
2581383319,8884972
2581383319,328980753
2581383319,590389257
2581383319,395388847
2581383319,25535042
2581383319,27935844
2581383319,2666100224
2581383319,2387116548
2581383319,233600977
2581383319,126978916
2581383319,3459051
2581383319,94081671
2581383319,263780425
2581383319,14436030
2581383319,7996082
2581383319,25863940
2581383319,2354436713
2581383319,47307368
2581383319,541151348
2581383319,444863144
2581383319,2825920596
2581383319,703341116
2581383319,2172833977
2581383319,158293514
2581383319,1615685677
2581383319,2828044634
2581383319,922084543
2581383319,505089852
2581383319,20646711
2581383319,33933259
2581383319,742143
2581383319,14159148
2581383319,3646911
2581383319,807095
2581383319,87818409
2581383319,498086098
2581383319,1690412382
2581383319,251572375
2581383319,138443395
2581383319,2740405732
2581383319,16838962
2581383319,20455625
2581383319,33900164
2581383319,21701757
2581383319,125100410
2581383319,583108053
2581383319,50707383
2581383319,16631331
2581383319,14842285
2581383319,70186440
2581383319,14746456
2581383319,16632149
2581383319,52336790
2581383319,20740074
2581383319,1400126792
2581383319,15391813
2581383319,61887000
2581383319,447080423
2581383319,1602226544
2581383319,447966050
2581383319,23263743
2581383319,2550023839
2581383319,155659213
2581383319,399999522
2581383319,14758257
2581383319,794015341
2581383319,213824839
2581383319,17163446
2581383319,26276346
2581383319,15392221
2581383319,8665852
2581383319,2561091
2581383319,136361303
2581383319,166739404
2581383319,21390674
2581383319,2612843487
2581383319,2458417808
2581383319,2626799291
