2609504832,518069104
2609504832,2782874330
2609504832,1876885549
2609504832,46143892
2609504832,4644839074
2609504832,948552829
2609504832,3948196283
2609504832,4364509102
2609504832,4019664825
2609504832,2277630327
2609504832,3938399974
2609504832,1890131286
2609504832,2612113844
2609504832,4747916615
2609504832,17464466
2609504832,3154924750
2609504832,1098810938
2609504832,4297422015
2609504832,4187904732
2609504832,27073252
2609504832,628769035
2609504832,4441361055
2609504832,258356662
2609504832,4613631977
2609504832,4562057777
2609504832,1087408266
2609504832,941003828
2609504832,1684242932
2609504832,158342368
2609504832,2305677253
2609504832,1119874224
2609504832,2288138575
2609504832,2787782805
2609504832,1662057727
2609504832,3239429019
2609504832,165699676
2609504832,529780751
2609504832,1395435518
2609504832,2920377821
2609504832,2770212467
2609504832,4197380164
2609504832,1319994535
2609504832,2254048200
2609504832,312976458
2609504832,3371859753
2609504832,2573317902
2609504832,16153562
2609504832,2912814296
2609504832,3806722576
2609504832,490252600
2609504832,732393506
2609504832,93478603
2609504832,2753452540
2609504832,18948541
2609504832,2906141531
2609504832,2866039497
2609504832,169227994
2609504832,421324470
2609504832,156730473
2609504832,1193164628
2609504832,44627459
2609504832,3093409635
2609504832,59602337
2609504832,2957015297
2609504832,2822439159
2609504832,19472578
2609504832,1173042186
2609504832,2394877873
2609504832,1954766760
2609504832,110743090
2609504832,2653356258
2609504832,2186752598
2609504832,565632308
2609504832,19186180
2609504832,1465274796
2609504832,2182488572
2609504832,3494413155
2609504832,3653439317
2609504832,3087068219
2609504832,2745397694
2609504832,1720152282
2609504832,2646524601
2609504832,3084950638
2609504832,2860936868
2609504832,2819628027
2609504832,75573790
2609504832,2399132835
2609504832,1668861409
2609504832,3415404232
2609504832,762459848
2609504832,2800377214
2609504832,2602403618
2609504832,572225652
2609504832,53176453
2609504832,124690469
2609504832,23011527
2609504832,2720231242
2609504832,3337229979
2609504832,45907178
2609504832,508018897
2609504832,3299512744
2609504832,619222298
2609504832,1950083636
2609504832,60026862
2609504832,14856333
2609504832,2305118118
2609504832,1398263713
2609504832,2959304771
2609504832,14333754
2609504832,2923618834
2609504832,924097483
2609504832,253022573
2609504832,3092826767
2609504832,55681995
2609504832,2367215360
2609504832,2601525105
2609504832,2529415651
2609504832,2842713105
2609504832,2419606566
2609504832,1524689467
2609504832,65982127
2609504832,141022749
2609504832,52173573
2609504832,3027230369
2609504832,19247625
2609504832,1184184704
2609504832,1022903208
2609504832,558083302
2609504832,581641820
2609504832,2902843113
2609504832,2892534418
2609504832,1647525860
2609504832,200672759
2609504832,2758214403
2609504832,2170126976
2609504832,2801812733
2609504832,2240473804
2609504832,2734937183
2609504832,2786327313
2609504832,2785192769
2609504832,2414837023
2609504832,2730233594
2609504832,2432099149
2609504832,1337661330
2609504832,2369471472
2609504832,325634724
2609504832,260355366
2609504832,2675849524
2609504832,33935305
2609504832,1900693435
2609504832,1689502711
2609504832,783232417
2609504832,2565002426
2609504832,50602093
2609504832,2451378422
2609504832,19051022
2609504832,121167080
2609504832,2598868362
2609504832,1302586123
2609504832,470323831
2609504832,1971342799
2609504832,2356951714
2609504832,73248594
2609504832,2433798449
2609504832,1490693354
2609504832,2482633809
2609504832,2727605050
2609504832,21389998
2609504832,2623108852
2609504832,2311608395
2609504832,1527061460
2609504832,2286765294
2609504832,2664460809
2609504832,2399786731
2609504832,411779549
2609504832,2477450077
2609504832,1611011814
2609504832,1630165153
2609504832,1625440034
2609504832,2227215438
2609504832,2719705965
2609504832,2316258964
2609504832,1708531464
2609504832,1971763676
2609504832,2375960215
2609504832,1636928497
2609504832,2604018121
2609504832,18075140
2609504832,28209292
2609504832,44166798
2609504832,19618527
2609504832,50004938
