262714667,149254440
262714667,4492473796
262714667,14893559
262714667,119457099
262714667,2350185601
262714667,3028640501
262714667,2958207909
262714667,1548769874
262714667,1568169072
262714667,2995835103
262714667,545281849
262714667,131034097
262714667,228473949
262714667,2173985875
262714667,59094682
262714667,245917767
262714667,2361257310
262714667,522878220
262714667,16786398
262714667,1411663394
262714667,4813300042
262714667,1591168712
262714667,1571379404
262714667,328231274
262714667,2313979656
262714667,308991132
262714667,2448531409
262714667,29715245
262714667,43310939
262714667,150910036
262714667,4572512787
262714667,149096668
262714667,4776048621
262714667,2416035636
262714667,2612595395
262714667,69113673
262714667,899643174
262714667,176979194
262714667,183222651
262714667,76850095
262714667,157046658
262714667,3037264229
262714667,760916
262714667,161137066
262714667,138212905
262714667,186511448
262714667,323765670
262714667,149833456
262714667,327395644
262714667,174495489
262714667,162478870
262714667,3089438003
262714667,1582092990
262714667,3409036546
262714667,450736107
262714667,176871533
262714667,738878377
262714667,804276181
262714667,296992090
262714667,2756312377
262714667,4258777583
262714667,2794046884
262714667,4433377467
262714667,2369517799
262714667,326512684
262714667,4515126989
262714667,112563319
262714667,1315451120
262714667,25555639
262714667,581227738
262714667,162925416
262714667,1469894064
262714667,4548435989
262714667,20509689
262714667,65045121
262714667,2537896518
262714667,48568308
262714667,172787557
262714667,3063746659
262714667,151953199
262714667,18143118
262714667,2227530506
262714667,2820612207
262714667,270407232
262714667,3300574151
262714667,134129241
262714667,463082707
262714667,144939582
262714667,731430768
262714667,130535563
262714667,164774579
262714667,17946159
262714667,3133343855
262714667,587699611
262714667,16492551
262714667,1163551304
262714667,233630752
262714667,4428255352
262714667,142684449
262714667,53398775
262714667,19028805
262714667,3387891149
262714667,1879352616
262714667,2559307399
262714667,2838855376
262714667,4313148207
262714667,79753768
262714667,300307630
262714667,2290286478
262714667,3351529744
262714667,322172045
262714667,1526039102
262714667,2215883047
262714667,1398402158
262714667,3447672321
262714667,25352511
262714667,79749136
262714667,326807652
262714667,2999938552
262714667,3377180729
262714667,1008656479
262714667,3170574713
262714667,95970921
262714667,931761950
262714667,1517848614
262714667,147379436
262714667,80396134
262714667,141317156
262714667,105180935
262714667,17429002
262714667,29622459
262714667,23677018
262714667,54414081
262714667,40858089
262714667,109040582
262714667,77009449
262714667,35778170
262714667,33989170
262714667,408515538
262714667,36669039
262714667,854342210
262714667,166559454
262714667,162099154
262714667,148536486
262714667,194636174
262714667,146611282
262714667,3175320065
262714667,334687445
262714667,169417042
262714667,2483527956
262714667,303948327
262714667,1475504383
262714667,2804138580
262714667,17129417
262714667,187150386
262714667,122831347
262714667,866420449
262714667,2461590434
262714667,208489805
262714667,2322195446
262714667,2351715170
262714667,2752250024
262714667,113908227
262714667,239289862
262714667,65232714
262714667,2276470111
262714667,3826756367
262714667,2281992113
262714667,33482534
262714667,80421729
262714667,2925902752
262714667,4069302735
262714667,142278910
262714667,3015182338
262714667,50969179
262714667,233405570
262714667,568631552
262714667,3431525279
262714667,3149871604
262714667,3335053054
262714667,1325242020
262714667,150338421
262714667,1317405895
262714667,1131266972
262714667,3996501377
262714667,70945436
262714667,3042088173
262714667,109065710
262714667,17330222
262714667,134960832
262714667,53883022
262714667,1037562608
262714667,223447750
262714667,267110606
262714667,159445307
262714667,1135280724
262714667,16576356
262714667,504548543
262714667,1374081012
262714667,343447873
262714667,264169660
262714667,11904592
262714667,14824411
262714667,18265605
262714667,2495032879
262714667,816178
262714667,7996082
262714667,14436030
262714667,3019961223
262714667,3091376321
262714667,182042682
262714667,321409021
262714667,183309938
262714667,3391512855
262714667,2762666846
262714667,933364646
262714667,50982086
262714667,108994652
262714667,68740712
262714667,2436641211
262714667,277974585
262714667,177393530
262714667,140797662
262714667,3316831204
262714667,3706961535
262714667,445148390
262714667,99112565
262714667,3394919883
262714667,199354750
262714667,1201661238
262714667,141943563
262714667,449564878
262714667,213624880
262714667,3077866248
262714667,1658345894
262714667,158343381
262714667,139768281
262714667,250815672
262714667,2470699687
262714667,257460186
262714667,2771724381
262714667,1586430307
262714667,163537880
262714667,2365377655
262714667,838412515
262714667,188468804
262714667,181629711
262714667,182473332
262714667,2693224787
262714667,1722526795
262714667,1913920717
262714667,105085224
262714667,3313912174
262714667,299282200
262714667,85818474
262714667,266506817
262714667,434168489
262714667,326402904
262714667,1395504584
262714667,63157933
262714667,33863514
262714667,55187200
262714667,16202455
262714667,275020671
262714667,19911310
262714667,170239856
262714667,506434809
262714667,2412666540
262714667,3336887523
262714667,3321329315
262714667,83063549
262714667,2857195945
262714667,1856639839
262714667,3222598309
262714667,2573415528
262714667,3400795228
262714667,1653748172
262714667,138595525
262714667,3331605340
262714667,2537627472
262714667,766752210
262714667,2235417414
262714667,506409525
262714667,336271177
262714667,390771121
262714667,493300469
262714667,21649774
262714667,119427832
262714667,38826270
262714667,2338736072
262714667,525843540
262714667,147969023
262714667,2876393283
262714667,145781550
262714667,1359457357
262714667,767313044
262714667,3353138554
262714667,1477291254
262714667,325508020
262714667,1549029596
262714667,2192887315
262714667,276169885
262714667,244574217
262714667,583545411
262714667,155346619
262714667,1569030986
262714667,59457187
262714667,183661297
262714667,134221261
262714667,1364644086
262714667,3226456620
262714667,1483213278
262714667,3306428649
262714667,26391721
262714667,3248640105
262714667,86926425
262714667,20302424
262714667,19055241
262714667,11961842
262714667,182254315
262714667,135675218
262714667,48713104
262714667,2337051416
262714667,70437298
262714667,159636456
262714667,353664773
262714667,375430602
262714667,154202656
262714667,10052072
262714667,2576979296
262714667,45805162
262714667,93444938
262714667,300928232
262714667,323317036
262714667,522128259
262714667,3149556063
262714667,3253846348
262714667,119864614
262714667,3245412310
262714667,2432506616
262714667,279119520
262714667,1008920664
262714667,2894877603
262714667,130822947
262714667,2407833427
262714667,2273558101
262714667,3245509360
262714667,1133913348
262714667,1629803222
262714667,152325528
262714667,2942385669
262714667,2953955753
262714667,3141769889
262714667,702846625
262714667,754123934
262714667,2841576191
262714667,2814914354
262714667,926255407
262714667,175156266
262714667,13204132
262714667,156261461
262714667,41476705
262714667,163210928
262714667,460396715
262714667,62266793
262714667,316516377
262714667,260765103
262714667,55282026
262714667,148502825
262714667,2841901768
262714667,114037178
262714667,3039208979
262714667,306023596
262714667,221821956
262714667,820649917
262714667,268959985
262714667,2953443143
262714667,533345266
262714667,153900887
262714667,372087453
262714667,1344828085
262714667,173558425
262714667,438808969
262714667,195310226
262714667,18014446
262714667,2471739785
262714667,2681800866
262714667,2572792171
262714667,3131380186
262714667,3079448175
262714667,2924855460
262714667,2844342496
262714667,2934042384
262714667,2288138575
262714667,482389606
262714667,158342368
262714667,481411838
262714667,2320725361
262714667,83645743
262714667,634130355
262714667,3143138403
262714667,759967250
262714667,222395832
262714667,480267627
262714667,3056497469
262714667,484856275
262714667,434749650
262714667,763348327
262714667,1205217956
262714667,82844010
262714667,179215614
262714667,15838516
262714667,20696007
262714667,395293321
262714667,190267364
262714667,109263459
262714667,278588403
262714667,140758573
262714667,1362257430
262714667,2200912116
262714667,778488048
262714667,202647483
262714667,127211961
262714667,17057271
262714667,72520597
262714667,292409371
262714667,71016845
262714667,132360268
262714667,313048693
262714667,217749896
262714667,78085410
262714667,1206108030
262714667,1703554242
262714667,1153931587
262714667,2461574444
262714667,2986202704
262714667,421202239
262714667,2743200613
262714667,2647718995
262714667,176414763
262714667,3026478667
262714667,3015915731
262714667,2962128273
262714667,991214378
262714667,190668019
262714667,2706751056
262714667,1179502946
262714667,25808897
262714667,51082704
262714667,353113087
262714667,3001913464
262714667,1255773595
262714667,1583457979
262714667,1579886551
262714667,1926466892
262714667,147750051
262714667,435299501
262714667,382169591
262714667,2899433001
262714667,267355099
262714667,360019007
262714667,2722185202
262714667,1088555833
262714667,34798360
262714667,379855529
262714667,242941996
262714667,50134116
262714667,607798839
262714667,37294647
262714667,110770765
262714667,600170473
262714667,31290887
262714667,29422232
262714667,575054137
262714667,948552829
262714667,2792557771
262714667,2704380739
262714667,38170599
262714667,2190412358
262714667,364452677
262714667,486645999
262714667,242686992
262714667,399454518
262714667,401417612
262714667,961987598
262714667,55497891
262714667,398849440
262714667,488829959
262714667,92963145
262714667,1083125852
262714667,114704955
262714667,38142665
262714667,13353862
262714667,21313364
262714667,2443683164
262714667,48344613
262714667,249792947
262714667,576347255
262714667,912259724
262714667,2924906081
262714667,796527128
262714667,611896801
262714667,1088875854
262714667,20168391
262714667,2938503058
262714667,884528496
262714667,244886392
262714667,213622701
262714667,140936655
262714667,1674023324
262714667,1579027998
262714667,180753423
262714667,110679496
262714667,77183116
262714667,190161488
262714667,91312791
262714667,556514047
262714667,90878064
262714667,192032076
262714667,263252565
262714667,14175358
262714667,21085305
262714667,101769762
262714667,2957652304
262714667,442811622
262714667,148086955
262714667,3065770186
262714667,590136992
262714667,3041213572
262714667,2790751152
262714667,2742374360
262714667,2969248577
262714667,231577324
262714667,307695688
262714667,211887558
262714667,497347608
262714667,476149277
262714667,142295586
262714667,1247470292
262714667,15155074
262714667,256803632
262714667,1408217593
262714667,138372303
262714667,195110381
262714667,49575596
262714667,2671513111
262714667,2437793425
262714667,403154369
262714667,430012860
262714667,126127549
262714667,38685531
262714667,273117241
262714667,372285419
262714667,2776582303
262714667,1090848438
262714667,2398688047
262714667,2555821921
262714667,253362295
262714667,52071402
262714667,42392769
262714667,187949198
262714667,46403451
262714667,2364168907
262714667,2997215372
262714667,16145985
262714667,3026317733
262714667,2537953394
262714667,2793815423
262714667,2973207525
262714667,68250106
262714667,447192743
262714667,1567680954
262714667,353825896
262714667,269456300
262714667,85164329
262714667,245350889
262714667,293563436
262714667,116938170
262714667,543548441
262714667,133505726
262714667,2288204539
262714667,378803777
262714667,388635402
262714667,51143631
262714667,2450324088
262714667,22369086
262714667,631197963
262714667,781122500
262714667,117452231
262714667,593789869
262714667,595742257
262714667,787165339
262714667,1039905037
262714667,2805762021
262714667,1478259620
262714667,421667035
262714667,1553202409
262714667,2771318885
262714667,236928212
262714667,2794780018
262714667,2924571516
262714667,2974565410
262714667,2840102409
262714667,1829832997
262714667,2924730188
262714667,87187435
262714667,1174424497
262714667,426777773
262714667,33513785
262714667,2914124422
262714667,2826047971
262714667,51694974
262714667,94366884
262714667,517376229
262714667,216742641
262714667,153962662
262714667,1868305542
262714667,1202811679
262714667,438674450
262714667,70451640
262714667,105358228
262714667,549380248
262714667,637263471
262714667,1994321
262714667,58745539
262714667,137282999
262714667,227434143
262714667,2162866856
262714667,18740634
262714667,43797123
262714667,586458652
262714667,525658038
262714667,25702117
262714667,205026885
262714667,15823722
262714667,35753822
262714667,65416867
262714667,52055855
262714667,80397489
262714667,527726371
262714667,834316544
262714667,600611781
262714667,153686381
262714667,182199162
262714667,357001533
262714667,111037335
262714667,1677403728
262714667,216434166
262714667,20434358
262714667,2791202853
262714667,34613288
262714667,1577698938
262714667,14573900
262714667,155906551
262714667,16409285
262714667,38682272
262714667,2458256605
262714667,218167872
262714667,14724725
262714667,65184105
262714667,2479773848
262714667,373642650
262714667,89112033
262714667,87769890
262714667,2381184709
262714667,35729682
262714667,80742887
262714667,526348630
262714667,1950252092
262714667,2830571656
262714667,836450228
262714667,2902515874
262714667,191602239
262714667,364435991
262714667,2912754562
262714667,137245974
262714667,322782671
262714667,19403548
262714667,179957499
262714667,128205366
262714667,1042607780
262714667,2860602197
262714667,449962139
262714667,1248406591
262714667,69882753
262714667,382289591
262714667,521363671
262714667,286332594
262714667,305092666
262714667,2850325396
262714667,2201185770
262714667,383498390
262714667,104104663
262714667,1116390889
262714667,190325570
262714667,2334488321
262714667,612873867
262714667,1216191619
262714667,149982870
262714667,2337045360
262714667,505773983
262714667,92556620
262714667,20348431
262714667,1948982952
262714667,2383812242
262714667,2450199706
262714667,74117081
262714667,1962259790
262714667,1139289541
262714667,522247385
262714667,140346545
262714667,340364507
262714667,69002830
262714667,66381461
262714667,54598980
262714667,195022501
262714667,365536992
262714667,573617297
262714667,2510807386
262714667,128733866
262714667,17416571
262714667,2322672636
262714667,833115980
262714667,375658752
262714667,2337867697
262714667,68440549
262714667,51483589
262714667,2525745633
262714667,2735150171
262714667,2521993391
262714667,1703380267
262714667,636472598
262714667,896176772
262714667,325086171
262714667,168464799
262714667,354747967
262714667,362668547
262714667,20968239
262714667,117459814
262714667,296528940
262714667,255030147
262714667,435845190
262714667,553429510
262714667,2557009842
262714667,1642968098
262714667,1060943640
262714667,1930528945
262714667,2865770365
262714667,624042878
262714667,220998706
262714667,1183035805
262714667,874235994
262714667,1382740052
262714667,469216887
262714667,2361355778
262714667,71799196
262714667,327470494
262714667,2462943583
262714667,831613946
262714667,2821342205
262714667,370014513
262714667,2500422954
262714667,2541803930
262714667,2381001505
262714667,179991054
262714667,1413268922
262714667,2338614367
262714667,543738943
262714667,475598588
262714667,2790266914
262714667,928471494
262714667,2831136318
262714667,256462479
262714667,292257737
262714667,871787401
262714667,2480218064
262714667,188077169
262714667,14882900
262714667,157273893
262714667,434787118
262714667,1005855636
262714667,2212333950
262714667,75844902
262714667,1243890529
262714667,2513367726
262714667,263709895
262714667,387562192
262714667,1469365896
262714667,146974766
262714667,8350912
262714667,29955464
262714667,1392445898
262714667,113591765
262714667,36383320
262714667,243570980
262714667,376808294
262714667,1527275526
262714667,87467640
262714667,1581396230
262714667,1555084993
262714667,33881934
262714667,1678000171
262714667,29967163
262714667,1399994942
262714667,47399805
262714667,433286517
262714667,369914677
262714667,48949826
262714667,24023754
262714667,413129652
262714667,14175754
262714667,438731731
262714667,268613555
262714667,161734463
262714667,65961896
262714667,17329538
262714667,42869268
262714667,1633759021
262714667,1405748826
262714667,1630886628
262714667,2477802067
262714667,1581289837
262714667,14857290
262714667,14836197
262714667,22926365
262714667,109657636
262714667,281068213
262714667,164638744
262714667,539474407
262714667,1027876086
262714667,2333839382
262714667,145457665
262714667,1404026185
262714667,236844572
262714667,69213435
262714667,1932537631
262714667,273685579
262714667,167189677
262714667,1161836540
262714667,1651851974
262714667,228688180
262714667,1127126630
262714667,320846390
262714667,142418821
262714667,502516351
262714667,278231789
262714667,309880851
262714667,287737098
262714667,176294870
262714667,813372841
262714667,2331082604
262714667,2397887276
262714667,989025666
262714667,328986134
262714667,70951241
262714667,23975060
262714667,18485224
262714667,617195835
262714667,5715752
262714667,135195371
262714667,84046967
262714667,70951899
262714667,550674366
262714667,133633770
262714667,1485374192
262714667,19980499
262714667,1558743685
262714667,1134846757
262714667,1171602614
262714667,1388128796
262714667,494304676
262714667,408723169
262714667,1598644159
262714667,1557315432
262714667,14571755
262714667,284582240
262714667,23930303
262714667,32571004
262714667,18847469
262714667,525789620
262714667,66392518
262714667,102127886
262714667,173897506
262714667,435128499
262714667,59801744
262714667,226636852
262714667,1430147665
262714667,72525452
262714667,25324954
262714667,297380894
262714667,584162631
262714667,93131556
262714667,246198985
262714667,56839088
262714667,552947931
262714667,618665082
262714667,1073943601
262714667,2163929767
262714667,977391445
262714667,14123683
262714667,288333760
262714667,35441526
262714667,259925559
262714667,807113706
262714667,771606164
262714667,394986531
262714667,47912448
262714667,957528097
262714667,229108038
262714667,179707847
262714667,2842397060
262714667,2148597967
262714667,2725217952
262714667,2530695884
262714667,2664220868
262714667,184718986
262714667,2803902829
262714667,1963906429
262714667,2587756981
262714667,615326948
262714667,154580241
262714667,464642684
262714667,133398816
262714667,347874537
262714667,228434293
262714667,1681768346
262714667,300489295
262714667,120944086
262714667,147543162
262714667,175018561
262714667,385228308
262714667,19586276
262714667,397920310
262714667,3147621
262714667,33157892
262714667,1900693831
262714667,606211203
262714667,57791813
262714667,83367663
262714667,2169287725
262714667,365462238
262714667,108979965
262714667,989669275
262714667,43086900
262714667,521952734
262714667,789503900
262714667,558797310
262714667,627673190
262714667,2754300206
262714667,380570951
262714667,197699728
262714667,593618061
262714667,2437980120
262714667,231422136
262714667,1337785291
262714667,25487201
262714667,615532546
262714667,2240432905
262714667,18481779
262714667,1395315787
262714667,20624857
262714667,63668427
262714667,430030009
262714667,2236736977
262714667,119844526
262714667,174361486
262714667,211918976
262714667,197095948
262714667,564785309
262714667,543940979
262714667,362236552
262714667,2767381033
262714667,177421113
262714667,10228272
262714667,2367911
262714667,268414482
262714667,283320023
262714667,1613292079
262714667,139264852
262714667,716262932
262714667,2467991959
262714667,1569109928
262714667,394167511
262714667,373366266
262714667,1528809433
262714667,1431576806
262714667,2743266018
262714667,20816312
262714667,215999817
262714667,171632853
262714667,295751197
262714667,175130821
262714667,133535116
262714667,2765666804
262714667,389718052
262714667,1041051450
262714667,208413101
262714667,70724306
262714667,166157233
262714667,192781996
262714667,2390325560
262714667,2799021384
262714667,1673179411
262714667,48245440
262714667,42220353
262714667,73693918
262714667,242808479
262714667,204188275
262714667,213344527
262714667,166928603
262714667,248602915
262714667,11178902
262714667,22001973
262714667,465729618
262714667,15648827
262714667,291743773
262714667,853050692
262714667,2493471254
262714667,303980445
262714667,313846388
262714667,129337565
262714667,385383404
262714667,199863454
262714667,384514498
262714667,216108065
262714667,183254842
262714667,112747953
262714667,2148876396
262714667,1522481503
262714667,2450182646
262714667,2170254582
262714667,557361574
262714667,2448502175
262714667,2684071261
262714667,14055186
262714667,198991734
262714667,512176033
262714667,2430364902
262714667,1893934201
262714667,110505828
262714667,165962516
262714667,209258433
262714667,308552965
262714667,1548911521
262714667,153973953
262714667,67484180
262714667,570686069
262714667,23734018
262714667,266860373
262714667,150690651
262714667,1148447910
262714667,904506355
262714667,2602726459
262714667,99497061
262714667,51714340
262714667,259904904
262714667,304577661
262714667,156718176
262714667,605687883
262714667,1100331768
262714667,827942683
262714667,557223379
262714667,392921321
262714667,1066570867
262714667,1684855196
262714667,840258320
262714667,57455434
262714667,1190669251
262714667,2534868253
262714667,29701712
262714667,449588356
262714667,482944316
262714667,182608725
262714667,1108922298
262714667,51287657
262714667,1550952949
262714667,605773533
262714667,52496961
262714667,142766300
262714667,1286879629
262714667,246822953
262714667,165984686
262714667,174027585
262714667,131967942
262714667,148753334
262714667,300891581
262714667,253387237
262714667,165888824
262714667,152414719
262714667,531308849
262714667,1567071360
262714667,178086357
262714667,1348381238
262714667,146099241
262714667,247239087
262714667,301148535
262714667,232260547
262714667,568535034
262714667,206020230
262714667,516426055
262714667,1081757592
262714667,282606164
262714667,362355645
262714667,34765906
262714667,1596255950
262714667,940270308
262714667,418380713
262714667,1537366034
262714667,2511136866
262714667,189850197
262714667,596593775
262714667,505915529
262714667,298097587
262714667,34643836
262714667,209211810
262714667,1021248668
262714667,313947477
262714667,403461713
262714667,168343137
262714667,145035986
262714667,262332677
262714667,260773265
262714667,313913938
262714667,845696348
262714667,974519750
262714667,213745334
262714667,1249732484
262714667,1020013825
262714667,135266037
262714667,782922296
262714667,120147806
262714667,500317946
262714667,1186905680
262714667,169982864
262714667,1720224560
262714667,1932713196
262714667,126783393
262714667,305708827
262714667,386110772
262714667,549274648
262714667,41147159
262714667,30296659
262714667,88944305
262714667,291443893
262714667,219683269
262714667,10678292
262714667,143132954
262714667,247288139
262714667,1445318526
262714667,1360560536
262714667,149239097
262714667,1623917246
262714667,2302199526
262714667,213903261
262714667,148457966
262714667,564107980
262714667,749596788
262714667,408897698
262714667,50374439
262714667,89447929
262714667,57313961
262714667,835230594
262714667,2419223221
262714667,623760791
262714667,425044984
262714667,1258919365
262714667,1560098432
262714667,2517993702
262714667,764182927
262714667,867871752
262714667,1684069267
262714667,254115362
262714667,176617523
262714667,361150095
262714667,280701704
262714667,2414921678
262714667,547926311
262714667,40448264
262714667,1670174994
262714667,1058376110
262714667,29522779
262714667,2359639830
262714667,2304890004
262714667,2495199115
262714667,330634124
262714667,320917149
262714667,167456441
262714667,202864116
262714667,2320893614
262714667,1719604310
262714667,740443634
262714667,460630406
262714667,612071560
262714667,119416379
262714667,471640264
262714667,375479816
262714667,190240324
262714667,422678196
262714667,1075411340
262714667,188104509
262714667,538021652
262714667,19976004
262714667,8460572
262714667,146655624
262714667,293673969
262714667,364513528
262714667,463153841
262714667,15473958
262714667,90556897
262714667,303847784
262714667,51985133
262714667,330299892
262714667,20230015
262714667,38395124
262714667,338985020
262714667,14511951
262714667,390891223
262714667,604795172
262714667,114508061
262714667,72103117
262714667,526593687
262714667,393928323
262714667,94515451
262714667,376164732
262714667,404619504
262714667,9736972
262714667,2260202197
262714667,354232651
262714667,27758112
262714667,74712538
262714667,1488087096
262714667,2192023497
262714667,627957556
262714667,509512908
262714667,27760317
262714667,218984871
262714667,433304970
262714667,131671018
262714667,847238528
262714667,1652541
262714667,1517147414
262714667,18605255
262714667,16906374
262714667,102322850
262714667,1036139623
262714667,171468523
262714667,813456644
262714667,2255294124
262714667,1337181186
262714667,373416209
262714667,1551435936
262714667,107238136
262714667,140564710
262714667,632555222
262714667,343627165
262714667,131263336
262714667,834702151
262714667,2233389355
262714667,1694483425
262714667,1101051480
262714667,2233154425
262714667,415545528
262714667,157319414
262714667,955900776
262714667,1531067317
262714667,626864934
262714667,343363890
262714667,283185739
262714667,1568687551
262714667,1331789810
262714667,356584557
262714667,431238250
262714667,412186409
262714667,210182904
262714667,703748238
262714667,350411337
262714667,36391714
262714667,322256967
262714667,197500064
262714667,88262000
262714667,700243061
262714667,1921698091
262714667,459436116
262714667,979744074
262714667,268353241
262714667,838352730
262714667,253508662
262714667,1975511646
262714667,720637111
262714667,1568305694
262714667,916158613
262714667,262315150
262714667,196375225
262714667,213645528
262714667,112523709
262714667,166780620
262714667,612331433
262714667,1236969025
262714667,2152691378
262714667,249432289
262714667,156650769
262714667,184748557
262714667,1346987108
262714667,131574396
262714667,291316382
262714667,1020774811
262714667,357607540
262714667,95362604
262714667,102800130
262714667,139615378
262714667,730554121
262714667,52551600
262714667,447121494
262714667,342599843
262714667,871689434
262714667,316611921
262714667,8152142
262714667,1911186721
262714667,701759219
262714667,1909824972
262714667,1932646974
262714667,16465385
262714667,1132797092
262714667,459185779
262714667,73553243
262714667,586950556
262714667,268434223
262714667,250791516
262714667,330446733
262714667,550122068
262714667,1269425228
262714667,1283561876
262714667,1160766902
262714667,208794473
262714667,1350404346
262714667,362657933
262714667,184993308
262714667,1682833878
262714667,1683523440
262714667,1579302475
262714667,1190505763
262714667,599423143
262714667,187984926
262714667,316429650
262714667,703518936
262714667,150505301
262714667,156587889
262714667,1378196610
262714667,1588977716
262714667,926313270
262714667,111311332
262714667,1426827018
262714667,325379746
262714667,185718902
262714667,350276514
262714667,241152037
262714667,312741533
262714667,273529475
262714667,817544808
262714667,394407040
262714667,340297470
262714667,883023212
262714667,358242091
262714667,1253026052
262714667,773069256
262714667,1281865783
262714667,609152395
262714667,599753164
262714667,865330483
262714667,537300529
262714667,1026726822
262714667,1252764865
262714667,334222286
262714667,1257988944
262714667,965741665
262714667,500704345
262714667,965704518
262714667,522122949
262714667,500711588
262714667,500713106
262714667,965706379
262714667,436924152
262714667,330449372
262714667,115663733
262714667,152720747
262714667,172055761
262714667,151469135
262714667,155598890
262714667,302234817
262714667,451777742
262714667,969850057
262714667,546708820
262714667,133322972
262714667,252217950
262714667,1069060916
262714667,178918908
262714667,1035503786
262714667,600578479
262714667,830127014
262714667,309128966
262714667,727305176
262714667,555391206
262714667,220220275
262714667,145411575
262714667,284877498
262714667,250646156
262714667,182988914
262714667,351628073
262714667,541046179
262714667,193708198
262714667,130006983
262714667,15590302
262714667,620979047
262714667,145476435
262714667,366520644
262714667,121144751
262714667,165699676
262714667,500240514
262714667,124504156
262714667,198318121
262714667,351921957
262714667,363318191
262714667,292744968
262714667,153992528
262714667,25345626
262714667,90836187
262714667,112764971
262714667,700198304
262714667,581137366
262714667,523150102
262714667,587628864
262714667,187238849
262714667,29479000
262714667,236971844
262714667,825887292
262714667,600244924
262714667,525264466
262714667,27086442
262714667,444050941
262714667,160613977
262714667,228609209
262714667,337425958
262714667,56006912
262714667,473453565
262714667,194962604
262714667,268513618
262714667,292077714
262714667,219402785
262714667,625858548
262714667,425103070
262714667,167002527
262714667,135013352
262714667,604874192
262714667,287683683
262714667,297481138
262714667,340557798
262714667,140107763
262714667,933328279
262714667,961363884
262714667,882657638
262714667,134190558
262714667,840750128
262714667,585859472
262714667,383257612
262714667,431285379
262714667,91684730
262714667,174832196
262714667,42127945
262714667,483421821
262714667,625260003
262714667,137350911
262714667,203189462
262714667,20455887
262714667,148062771
262714667,532546965
262714667,104616717
262714667,365903069
262714667,211977538
262714667,217196502
262714667,586768947
262714667,94811054
262714667,809242753
262714667,20552192
262714667,331203336
262714667,15494684
262714667,333137139
262714667,620035688
262714667,477184135
262714667,135857496
262714667,102840899
262714667,551056955
262714667,801705774
262714667,190780325
262714667,574150146
262714667,503371937
262714667,191036741
262714667,558281279
262714667,202571594
262714667,179912554
262714667,186290807
262714667,146051815
262714667,576552242
262714667,701359740
262714667,172816260
262714667,438657946
262714667,789856765
262714667,701468196
262714667,8105922
262714667,297065015
262714667,255586348
262714667,624924976
262714667,248435746
262714667,575539023
262714667,261961935
262714667,729325382
262714667,139556944
262714667,111933542
262714667,147023807
262714667,24342206
262714667,432826891
262714667,207296843
262714667,300305485
262714667,172574234
262714667,208550253
262714667,10619192
262714667,24900072
262714667,143186743
262714667,430072775
262714667,594589385
262714667,151190865
262714667,209780362
262714667,106887653
262714667,408857149
262714667,193671676
262714667,366713453
262714667,132211523
262714667,370794213
262714667,151898031
262714667,146536143
262714667,132704571
262714667,98501655
262714667,335969426
262714667,268612641
262714667,85618681
262714667,103629069
262714667,451688659
262714667,115392153
262714667,226033747
262714667,142258680
262714667,555684585
262714667,464351238
262714667,305275813
262714667,206758019
262714667,44126150
262714667,395098166
262714667,177004232
262714667,186196507
262714667,230877569
262714667,557980185
262714667,31121339
262714667,256522003
262714667,146977737
262714667,31133330
262714667,55901880
262714667,125528192
262714667,70510850
262714667,259681081
262714667,203236587
262714667,168497399
262714667,147643866
262714667,17006157
262714667,406234965
262714667,402559824
262714667,175157212
262714667,59604175
262714667,140918478
262714667,537208594
262714667,135713139
262714667,46365884
262714667,174296070
262714667,162820573
262714667,228578145
262714667,125479472
262714667,536979915
262714667,523485624
262714667,503501920
262714667,450200372
262714667,183997763
262714667,218453778
262714667,292495962
262714667,222802787
262714667,117185027
262714667,190847979
262714667,153169998
262714667,159951013
262714667,211251295
262714667,224214458
262714667,254333685
262714667,186851911
262714667,175170999
262714667,121613012
262714667,172697480
262714667,142802581
262714667,177965969
262714667,339506581
262714667,210586910
262714667,182819525
262714667,19029918
262714667,352379595
262714667,176906420
262714667,372875290
262714667,236382474
262714667,19943815
262714667,352542720
262714667,301292626
262714667,3151331
262714667,51753954
262714667,35242357
262714667,213517383
262714667,84073771
262714667,127413159
262714667,195440627
262714667,8565932
262714667,43588460
262714667,9655032
262714667,370099259
262714667,143867447
262714667,250604984
262714667,116648040
262714667,364383398
262714667,144307376
262714667,322835296
262714667,293004730
262714667,266242299
262714667,149630410
262714667,272179928
262714667,334793380
262714667,187986819
262714667,116313517
262714667,270168698
262714667,151860455
262714667,204787683
262714667,139374207
262714667,145491040
262714667,364807871
262714667,307402564
262714667,190754806
262714667,156956602
262714667,162854808
262714667,175606747
262714667,139160485
262714667,167908814
262714667,206806759
262714667,176426635
262714667,137788859
262714667,164006065
262714667,146234589
262714667,355303267
262714667,257111357
262714667,155669017
262714667,173280849
262714667,170843906
262714667,28936990
262714667,158498642
262714667,181408748
262714667,301223407
262714667,334822395
262714667,150884948
262714667,201032752
262714667,69800760
262714667,188171880
262714667,173925886
262714667,17133555
262714667,168351510
262714667,163281070
262714667,46577442
262714667,124779370
262714667,312962341
262714667,80371332
262714667,259373295
262714667,308796790
262714667,319857114
262714667,146150006
262714667,270320044
262714667,205071641
262714667,85123028
262714667,144929758
262714667,161308045
262714667,250659343
262714667,196362385
262714667,182644738
262714667,178418847
262714667,209336070
262714667,139503070
262714667,141260779
262714667,302130396
262714667,189125292
262714667,77207659
262714667,67334466
262714667,167253149
262714667,181330971
262714667,61631756
262714667,175184120
262714667,142526936
262714667,67415282
262714667,318134590
262714667,150415910
262714667,181134611
262714667,214588285
262714667,154858479
262714667,150903507
262714667,143852870
262714667,114510872
262714667,244175447
262714667,312923505
262714667,130738007
262714667,206838242
262714667,19722366
262714667,265945808
262714667,61081201
262714667,177697879
262714667,182925466
262714667,177342424
262714667,123916637
262714667,205312926
262714667,176929660
262714667,148194379
262714667,179960598
262714667,317235816
262714667,150869916
262714667,225166753
262714667,210463639
262714667,27515656
262714667,148752676
262714667,190443872
262714667,150372271
262714667,138129868
262714667,93658734
262714667,198756401
262714667,190037399
262714667,79556841
262714667,216821966
262714667,143502765
262714667,86412393
262714667,137810514
262714667,145685744
262714667,264353707
262714667,256113635
262714667,89429890
262714667,47932395
262714667,9334352
262714667,6027992
262714667,191553994
262714667,89774705
262714667,196604889
262714667,24744541
262714667,72845405
262714667,95255169
262714667,39203045
262714667,41926825
262714667,23427067
262714667,171455104
262714667,86761616
262714667,130277239
262714667,32420070
262714667,45013575
262714667,41380789
262714667,16220136
262714667,138814032
262714667,128637475
