263076407,85800040
263076407,2372379259
263076407,1150722620
263076407,47395667
263076407,86525622
263076407,17781576
263076407,14842285
263076407,2253219642
263076407,186009251
263076407,3973360527
263076407,18336573
263076407,338985020
263076407,3044738957
263076407,2709190700
263076407,24744541
263076407,8350912
263076407,2097571
263076407,742143
263076407,51241574
263076407,759251
263076407,5402612
263076407,68440549
263076407,2162394450
263076407,821045162
263076407,65103501
263076407,14166909
263076407,123754656
263076407,84345549
263076407,117299815
263076407,24620208
263076407,277495114
263076407,33884545
263076407,14847636
263076407,105082141
263076407,121385551
263076407,3310241819
263076407,395388847
263076407,19472578
263076407,23694165
263076407,16143542
263076407,1143472657
263076407,23440052
263076407,116757352
263076407,82322622
263076407,214413743
263076407,213969309
263076407,115044590
263076407,26235265
263076407,226087776
263076407,90636188
263076407,91083585
263076407,28297965
263076407,229454266
263076407,487118986
263076407,525208028
263076407,41562632
263076407,607281049
263076407,1542533869
263076407,24871896
263076407,69008563
263076407,329789735
263076407,22903765
263076407,2811941773
263076407,577466504
263076407,834212389
263076407,727305176
263076407,14167351
263076407,17595890
263076407,1536791610
263076407,505605766
263076407,3066070240
263076407,1690412382
263076407,16193578
263076407,114870386
263076407,25535042
263076407,1662057727
263076407,124690469
263076407,69962890
263076407,14615027
263076407,2441831348
263076407,807095
263076407,5988062
263076407,32359921
263076407,743786622
263076407,477863399
263076407,152816930
263076407,333539571
263076407,103550271
263076407,236108227
263076407,153403071
263076407,174964320
263076407,266712846
263076407,275091404
263076407,23585685
263076407,2471684071
263076407,52782073
263076407,16345596
263076407,1086485478
263076407,66834664
263076407,627673190
263076407,74426840
263076407,789605024
263076407,1582853809
263076407,14293310
263076407,328980753
263076407,2164968990
263076407,114848451
263076407,18396706
263076407,47617770
263076407,19814175
263076407,352969903
263076407,1404590618
263076407,46623158
263076407,20015311
263076407,153067700
263076407,50177470
263076407,121167080
263076407,232855418
263076407,267272939
263076407,271028583
263076407,94081671
263076407,124139163
263076407,16632149
263076407,17471979
263076407,20802277
263076407,11348282
263076407,813286
263076407,1555319298
263076407,1615685677
263076407,393948633
263076407,15095537
263076407,14758257
263076407,288785053
263076407,428333
263076407,34423857
263076407,19264748
263076407,15615035
263076407,1478835938
263076407,17790274
263076407,20781929
263076407,492288571
263076407,240872962
263076407,31237480
263076407,19921389
263076407,94579915
263076407,104049114
263076407,50861694
263076407,36670025
263076407,1652541
263076407,376819013
263076407,32861321
263076407,159917005
263076407,19713622
263076407,14082692
263076407,21648020
263076407,65356757
263076407,150725630
263076407,145653919
263076407,237339178
263076407,19944166
263076407,419906026
263076407,596940844
263076407,155659213
263076407,43870053
263076407,19490380
263076407,50602093
263076407,499067498
263076407,20583613
263076407,19686295
263076407,14903044
263076407,8665572
263076407,26276346
263076407,16171953
263076407,19889294
263076407,17980026
263076407,21783395
263076407,17693232
263076407,16451028
263076407,20712514
263076407,19391470
263076407,20856282
263076407,24241544
263076407,18944007
263076407,8662472
263076407,18717426
263076407,35779304
263076407,19689047
263076407,18758902
263076407,115485051
263076407,21112266
263076407,26017256
263076407,11862072
263076407,7996082
263076407,17624543
263076407,21856114
263076407,8665852
263076407,386420143
263076407,507672047
263076407,51831438
263076407,336116660
263076407,25503709
263076407,58601997
263076407,15683146
263076407,20448566
263076407,20740074
263076407,20609518
263076407,454843106
263076407,234846814
263076407,72390240
263076407,34352191
263076407,30041546
263076407,422868223
263076407,140091998
263076407,97488105
263076407,43869610
263076407,43901270
263076407,16631331
263076407,16631693
263076407,17163446
263076407,14436030
263076407,206847322
263076407,259348780
263076407,17311493
263076407,19033555
263076407,19405367
263076407,15392221
263076407,15005991
263076407,22904901
263076407,50846770
263076407,142262635
263076407,142261464
263076407,21390437
263076407,108247668
263076407,18679659
263076407,19394887
263076407,16632219
263076407,126960544
263076407,256449166
263076407,9459622
263076407,19784606
263076407,14150093
263076407,23011527
263076407,49781518
263076407,85908999
263076407,125100410
263076407,21492030
263076407,19247625
263076407,19663485
263076407,18075140
263076407,25524832
263076407,16951979
263076407,19910996
263076407,2561091
263076407,23263743
263076407,16854780
263076407,19186180
263076407,51468445
263076407,163853523
263076407,3373791
263076407,60916506
263076407,29214466
263076407,18847920
263076407,34076997
263076407,158414847
263076407,16569045
263076407,8976052
263076407,18135386
263076407,16664803
