266283929,2502449507
266283929,127084610
266283929,483829305
266283929,802469779
266283929,207880203
266283929,30421182
266283929,2998662921
266283929,260469099
266283929,948552829
266283929,369281947
266283929,9706822
266283929,122220034
266283929,123574362
266283929,29977367
266283929,32745368
266283929,868301383
266283929,4791250407
266283929,4787281347
266283929,301403189
266283929,257534763
266283929,910864934
266283929,276229398
266283929,2800142584
266283929,4069130116
266283929,2303780288
266283929,74971946
266283929,2897441
266283929,303750320
266283929,865742485
266283929,446567081
266283929,134633337
266283929,301898129
266283929,303168830
266283929,461150605
266283929,2374657168
266283929,1964873424
266283929,1459764907
266283929,541697427
266283929,904210339
266283929,1012146463
266283929,267071210
266283929,3025040501
266283929,3082278976
266283929,313560046
266283929,2924742217
266283929,576285795
266283929,407582063
266283929,529634658
266283929,3288988174
266283929,248863401
266283929,157476192
266283929,3184541233
266283929,4472676257
266283929,348602011
266283929,328605492
266283929,3212180429
266283929,2377816652
266283929,164209554
266283929,4536825867
266283929,341657886
266283929,4507397801
266283929,2962804631
266283929,4159425711
266283929,1945496796
266283929,576311262
266283929,3346916993
266283929,390568478
266283929,2926883303
266283929,2805837433
266283929,4164189508
266283929,82041749
266283929,3946535056
266283929,237019591
266283929,3932508201
266283929,3379378864
266283929,798473245
266283929,312181000
266283929,3856413808
266283929,1358751109
266283929,552561770
266283929,2601056441
266283929,340788101
266283929,1111736036
266283929,166333501
266283929,1451843438
266283929,312422640
266283929,3652060337
266283929,499302465
266283929,217352125
266283929,3526366996
266283929,3092329449
266283929,3172430465
266283929,2309500401
266283929,80820996
266283929,257520816
266283929,2292454922
266283929,262502487
266283929,2421915888
266283929,87925425
266283929,2301825384
266283929,2400152720
266283929,62029654
266283929,548123544
266283929,236384927
266283929,2755251113
266283929,278972943
266283929,227636350
266283929,805407073
266283929,140862366
266283929,40527958
266283929,2176124383
266283929,3004302142
266283929,3236188124
266283929,50982086
266283929,3400626868
266283929,22191023
266283929,3084704992
266283929,15499059
266283929,1172774028
266283929,243153735
266283929,27219684
266283929,1454400258
266283929,3297822085
266283929,1379556830
266283929,1121535090
266283929,200834123
266283929,2778478723
266283929,119003890
266283929,337016752
266283929,3247544793
266283929,950107921
266283929,3018060401
266283929,24796353
266283929,300766358
266283929,3388148829
266283929,1550977536
266283929,311979693
266283929,757728396
266283929,94208950
266283929,3192758835
266283929,2901942732
266283929,124091932
266283929,11419202
266283929,2814666913
266283929,108310222
266283929,261210514
266283929,523386042
266283929,30040682
266283929,2495032879
266283929,279030847
266283929,1415602614
266283929,1919614692
266283929,1919578604
266283929,868647822
266283929,1640169925
266283929,48674339
266283929,196994616
266283929,205907568
266283929,24946457
266283929,807095
266283929,208120290
266283929,36169080
266283929,2203077079
266283929,3049860233
266283929,552284532
266283929,42425411
266283929,246491869
266283929,1919705389
266283929,1919442391
266283929,248112851
266283929,3302327032
266283929,410350390
266283929,2979837065
266283929,2459575376
266283929,43910684
266283929,15947602
266283929,134857150
266283929,2975032769
266283929,849520123
266283929,3010281183
266283929,2542153682
266283929,2665463588
266283929,414086564
266283929,368711188
266283929,189373152
266283929,108070578
266283929,1488202212
266283929,1102539121
266283929,1142955504
266283929,3291915123
266283929,2609668110
266283929,117773253
266283929,111276486
266283929,299661475
266283929,468722906
266283929,124690469
266283929,252555903
266283929,2811266816
266283929,2695427712
266283929,3313457320
266283929,141943563
266283929,1627924242
266283929,200194757
266283929,1227647718
266283929,212367619
266283929,2882350018
266283929,991435825
266283929,364528766
266283929,238099531
266283929,2940801574
266283929,123068232
266283929,3004531168
266283929,262140937
266283929,1031322858
266283929,104434158
266283929,139481894
266283929,62887164
266283929,2375108808
266283929,59420448
266283929,60789427
266283929,309949334
266283929,2291367451
266283929,3327181637
266283929,2824179966
266283929,393657399
266283929,3186667438
266283929,254936770
266283929,261344352
266283929,2780526016
266283929,560391681
266283929,270053234
266283929,259697790
266283929,880408116
266283929,301388743
266283929,250090551
266283929,270874804
266283929,478168770
266283929,105075507
266283929,2653844174
266283929,215792549
266283929,2276258911
266283929,3147449621
266283929,425898902
266283929,2880231533
266283929,3002873597
266283929,343568524
266283929,157372389
266283929,2235417414
266283929,2246500052
266283929,82077894
266283929,29270179
266283929,182424625
266283929,1457538396
266283929,481451792
266283929,503554266
266283929,376055700
266283929,803291118
266283929,71387698
266283929,2495971664
266283929,3118963661
266283929,2973664948
266283929,1304398686
266283929,2291751346
266283929,957241218
266283929,28121061
266283929,2829323728
266283929,714735154
266283929,69569918
266283929,3096575289
266283929,143801389
266283929,976480363
266283929,2427403513
266283929,789505855
266283929,382588358
266283929,3130227117
266283929,2995009942
266283929,2760596444
266283929,2885417697
266283929,709780589
266283929,1506623130
266283929,3055395172
266283929,383352180
266283929,3019961223
266283929,2193878394
266283929,1289327088
266283929,15584187
266283929,103840054
266283929,233928002
266283929,14364309
266283929,407972027
266283929,2881825070
266283929,305159698
266283929,555314967
266283929,251786573
266283929,2419290031
266283929,800564484
266283929,222650133
266283929,120806253
266283929,573725765
266283929,90476932
266283929,111570110
266283929,563669119
266283929,114445179
266283929,276182683
266283929,138189475
266283929,264168536
266283929,411285823
266283929,2356568966
266283929,978570626
266283929,408674486
266283929,3141624964
266283929,370062373
266283929,2714348172
266283929,133725078
266283929,90436080
266283929,249285134
266283929,217337352
266283929,554523059
266283929,1908317490
266283929,300507543
266283929,1541554483
266283929,777581624
266283929,405514601
266283929,2562977478
266283929,2170015832
266283929,243659242
266283929,152994301
266283929,3119319971
266283929,176852079
266283929,301928168
266283929,550785757
266283929,153699126
266283929,227995930
266283929,90194975
266283929,189239975
266283929,249122306
266283929,315675648
266283929,3059242047
266283929,306414975
266283929,1491180618
266283929,1172774293
266283929,983069467
266283929,3005765446
266283929,2325467407
266283929,278955879
266283929,269701138
266283929,362565198
266283929,87561153
266283929,82326988
266283929,2213274728
266283929,434836274
266283929,304527915
266283929,213426867
266283929,556872469
266283929,290987959
266283929,56331789
266283929,10457762
266283929,252568928
266283929,96094023
266283929,237413314
266283929,394266186
266283929,2601116653
266283929,3091376321
266283929,1305880874
266283929,3063586941
266283929,324859576
266283929,334980686
266283929,2168827086
266283929,3018165370
266283929,2977954481
266283929,806444492
266283929,344612671
266283929,2920043278
266283929,182989531
266283929,2709566017
266283929,62299578
266283929,2610041328
266283929,569205137
266283929,1683043940
266283929,30458636
266283929,1153402692
266283929,211332823
266283929,207709088
266283929,882123781
266283929,288274690
266283929,2437135750
266283929,247262726
266283929,3021263165
266283929,3026536991
266283929,2254987827
266283929,349195455
266283929,1555516945
266283929,76686916
266283929,579014945
266283929,2236413235
266283929,200046449
266283929,97354141
266283929,157809480
266283929,115611795
266283929,1472365555
266283929,236009287
266283929,2592803186
266283929,911000017
266283929,1251828636
266283929,422240422
266283929,2993880221
266283929,334602996
266283929,78864249
266283929,91171121
266283929,1330254355
266283929,1239106944
266283929,1254391003
266283929,236798909
266283929,301828509
266283929,2343549222
266283929,136396440
266283929,1652386926
266283929,2248617790
266283929,2987649676
266283929,292999215
266283929,2669247038
266283929,194087595
266283929,2651373506
266283929,1350725365
266283929,511708989
266283929,391255515
266283929,446604004
266283929,889261315
266283929,386969254
266283929,747088176
266283929,172673830
266283929,544079032
266283929,1427500699
266283929,80655102
266283929,51866082
266283929,185135644
266283929,2469652237
266283929,49076507
266283929,2974525359
266283929,2205237086
266283929,584134681
266283929,2391869581
266283929,2848506789
266283929,20584172
266283929,77210708
266283929,2905232597
266283929,432706448
266283929,53996812
266283929,597499972
266283929,321666632
266283929,440900033
266283929,2178793135
266283929,361114949
266283929,117476200
266283929,49658852
266283929,166501452
266283929,2964125181
266283929,285759077
266283929,57802425
266283929,2474572016
266283929,301712536
266283929,1149245988
266283929,166772945
266283929,2543416291
266283929,119936971
266283929,14699672
266283929,2944300372
266283929,808712882
266283929,9938852
266283929,169411324
266283929,1155321745
266283929,44925643
266283929,148850220
266283929,444515460
266283929,17129417
266283929,356358589
266283929,92586595
266283929,363421116
266283929,394581283
266283929,372812630
266283929,1894591321
266283929,2221994242
266283929,36888369
266283929,2838356960
266283929,989745919
266283929,1334511440
266283929,1111444609
266283929,250655439
266283929,793673772
266283929,2553151
266283929,2899324157
266283929,2282863237
266283929,2286796807
266283929,140612903
266283929,575195877
266283929,2868061429
266283929,832160096
266283929,259504604
266283929,58765325
266283929,386165475
266283929,1024795344
266283929,486523559
266283929,1497943580
266283929,1577384395
266283929,153619589
266283929,2545597116
266283929,714236233
266283929,633854477
266283929,1419765883
266283929,360058880
266283929,241147024
266283929,437586117
266283929,2910789333
266283929,1099202995
266283929,900647768
266283929,2151395729
266283929,397451596
266283929,303760268
266283929,2174537102
266283929,1254721688
266283929,492468924
266283929,926283835
266283929,1241932272
266283929,187864310
266283929,2901110776
266283929,1588391480
266283929,22396674
266283929,194224648
266283929,311867885
266283929,1154204336
266283929,482376522
266283929,353785575
266283929,299920075
266283929,135793135
266283929,224997832
266283929,2722090798
266283929,2789646026
266283929,2858418460
266283929,89531699
266283929,121472177
266283929,498909218
266283929,416503785
266283929,11904592
266283929,2537896518
266283929,126647458
266283929,1978807645
266283929,112211447
266283929,299846534
266283929,2377048136
266283929,187564239
266283929,520337368
266283929,20929745
266283929,39321874
266283929,245450398
266283929,1269484171
266283929,129907921
266283929,2830130933
266283929,369645502
266283929,297490439
266283929,2872702947
266283929,2882502424
266283929,2787251711
266283929,772168957
266283929,2295054888
266283929,76517616
266283929,68000743
266283929,2858692102
266283929,1880068231
266283929,577964883
266283929,462335870
266283929,2869139831
266283929,389113641
266283929,107153756
266283929,19858930
266283929,450997236
266283929,463169124
266283929,203650084
266283929,105762252
266283929,255461727
266283929,301680886
266283929,242397151
266283929,247195641
266283929,807282696
266283929,96214211
266283929,2787280960
266283929,1115462312
266283929,700611344
266283929,426579936
266283929,784574954
266283929,25555639
266283929,222879498
266283929,364716671
266283929,57779483
266283929,529295570
266283929,2379300893
266283929,585985524
266283929,316417657
266283929,194585600
266283929,2482201326
266283929,1960441992
266283929,427228747
266283929,1285423182
266283929,2565520008
266283929,1361570863
266283929,436115738
266283929,2632075979
266283929,2676234768
266283929,195539939
266283929,2840577218
266283929,2566554710
266283929,143121913
266283929,468609617
266283929,2386932920
266283929,408396530
266283929,267177864
266283929,381056910
266283929,2820030611
266283929,17099693
266283929,263880387
266283929,529470862
266283929,83570198
266283929,1120290392
266283929,2834076147
266283929,2833908958
266283929,924137437
266283929,285550074
266283929,221464181
266283929,568723185
266283929,2455323618
266283929,609841269
266283929,588461587
266283929,1215817224
266283929,2821179496
266283929,851336634
266283929,89707859
266283929,2731534574
266283929,576939989
266283929,2268209143
266283929,464882763
266283929,163476901
266283929,241496045
266283929,2234906521
266283929,791305824
266283929,266134103
266283929,48445329
266283929,281722728
266283929,232124120
266283929,1709889252
266283929,281476114
266283929,995652884
266283929,112423613
266283929,255118531
266283929,8802752
266283929,87843887
266283929,216724654
266283929,49064653
266283929,457803956
266283929,583108053
266283929,413318409
266283929,105155795
266283929,59851576
266283929,2297991991
266283929,1632839912
266283929,1308739854
266283929,877974786
266283929,2329207068
266283929,2778599047
266283929,83790904
266283929,168554230
266283929,1216162531
266283929,2798958153
266283929,2400477397
266283929,224223563
266283929,249187529
266283929,473018188
266283929,2780376245
266283929,387815553
266283929,394177612
266283929,2294821932
266283929,552571697
266283929,1640990204
266283929,2437011367
266283929,388436431
266283929,233732711
266283929,2689968475
266283929,2189900118
266283929,2775624237
266283929,494041400
266283929,87659574
266283929,2166583722
266283929,190207891
266283929,2670733936
266283929,3946571
266283929,89148725
266283929,58751559
266283929,2597376423
266283929,1132072110
266283929,322551792
266283929,66657467
266283929,102646663
266283929,2605816448
266283929,18773841
266283929,17804233
266283929,94288507
266283929,353808961
266283929,562936643
266283929,993783109
266283929,382879014
266283929,2563358596
266283929,22554557
266283929,47292257
266283929,2149521688
266283929,2813234984
266283929,273784564
266283929,171962889
266283929,108670198
266283929,482389606
266283929,354488343
266283929,157287375
266283929,582589852
266283929,296912924
266283929,1449553476
266283929,193281183
266283929,1602818168
266283929,28126824
266283929,386078487
266283929,1728037063
266283929,461370816
266283929,2318911341
266283929,579191359
266283929,193203873
266283929,104159398
266283929,63423162
266283929,128603437
266283929,427471194
266283929,139122490
266283929,247410313
266283929,613185757
266283929,256542343
266283929,2502905171
266283929,1964619320
266283929,2809207548
266283929,348809399
266283929,138082732
266283929,258879245
266283929,268470229
266283929,1137053689
266283929,16669075
266283929,2788313221
266283929,232929949
266283929,2174131615
266283929,2593324115
266283929,11086042
266283929,167207667
266283929,290401936
266283929,2330427221
266283929,307879207
266283929,2459541229
266283929,368282010
266283929,2172700093
266283929,235157481
266283929,56658909
266283929,1865272842
266283929,2336490572
266283929,1688455242
266283929,198535580
266283929,107158340
266283929,211808465
266283929,2685992330
266283929,2336415206
266283929,319951601
266283929,891174888
266283929,358114249
266283929,589215638
266283929,2340240156
266283929,237272869
266283929,485998915
266283929,19106719
266283929,2435623220
266283929,384235617
266283929,2223480416
266283929,941441316
266283929,2688765221
266283929,115987338
266283929,1613594940
266283929,87424124
266283929,2615646223
266283929,77333869
266283929,327271287
266283929,487384026
266283929,34222270
266283929,1161178502
266283929,492177502
266283929,1095267602
266283929,2635658439
266283929,270093508
266283929,303590926
266283929,1234714718
266283929,132136203
266283929,2397702889
266283929,2585497748
266283929,77034099
266283929,40224794
266283929,1347756012
266283929,17874544
266283929,2228574437
266283929,89504079
266283929,68740712
266283929,370751512
266283929,564132518
266283929,23542597
266283929,2512167985
266283929,339560743
266283929,2593412087
266283929,853428271
266283929,2591482575
266283929,245766216
266283929,1042079851
266283929,1675422836
266283929,105252147
266283929,381615075
266283929,760166790
266283929,330623580
266283929,1439688066
266283929,965363461
266283929,2592937192
266283929,567389065
266283929,1104108013
266283929,1179525037
266283929,2444292554
266283929,244070090
266283929,1097856036
266283929,1216469990
266283929,2529654662
266283929,162184556
266283929,279512541
266283929,106042254
266283929,2372096766
266283929,246522099
266283929,278884743
266283929,426772685
266283929,628387505
266283929,1567958532
266283929,222896449
266283929,2566108727
266283929,87492873
266283929,937163821
266283929,506249313
266283929,1051318520
266283929,57983020
266283929,1729227145
266283929,58228235
266283929,158110011
266283929,215728045
266283929,158342368
266283929,2288138575
266283929,1000563404
266283929,32274623
266283929,168520768
266283929,1542838476
266283929,485069354
266283929,72141328
266283929,623646300
266283929,2497155462
266283929,1919589378
266283929,2192070037
266283929,709134306
266283929,2359479595
266283929,889039213
266283929,504550793
266283929,2455407766
266283929,256151874
266283929,2190755568
266283929,1008968916
266283929,388292748
266283929,1167171276
266283929,87031165
266283929,57981270
266283929,1919620231
266283929,82340742
266283929,2344954560
266283929,110557285
266283929,80066696
266283929,2206159523
266283929,946120207
266283929,362511277
266283929,158658247
266283929,2411221668
266283929,1486939698
266283929,57849207
266283929,2374555861
266283929,1087432710
266283929,2423625427
266283929,524552358
266283929,2150194246
266283929,2436219309
266283929,276461310
266283929,845918131
266283929,1240034826
266283929,42894879
266283929,1564126154
266283929,228689192
266283929,265979823
266283929,71580126
266283929,267220505
266283929,848933023
266283929,2165024940
266283929,1526115349
266283929,426159158
266283929,334889109
266283929,1007022253
266283929,506229550
266283929,88669349
266283929,1615780050
266283929,222788243
266283929,412215813
266283929,192115256
266283929,183563471
266283929,85805958
266283929,154225923
266283929,435118298
266283929,23757454
266283929,415102270
266283929,383006661
266283929,529653337
266283929,1221191508
266283929,362440208
266283929,290873401
266283929,1728677900
266283929,439416043
266283929,705140893
266283929,777661278
266283929,75893359
266283929,257577528
266283929,398722005
266283929,989514337
266283929,225764935
266283929,1695321654
266283929,1229529954
266283929,2422752457
266283929,260289482
266283929,364450506
266283929,2363013991
266283929,214617510
266283929,1197913842
266283929,292047176
266283929,521712218
266283929,38871237
266283929,1325235685
266283929,522332803
266283929,14282672
266283929,518387110
266283929,553420389
266283929,148028437
266283929,86031609
266283929,73345173
266283929,172276373
266283929,2241011226
266283929,836102779
266283929,93092256
266283929,300170034
266283929,1003821648
266283929,2112061
266283929,631408305
266283929,1494100669
266283929,757857068
266283929,2291054684
266283929,198599598
266283929,715928099
266283929,487481388
266283929,425703865
266283929,1048856052
266283929,341557736
266283929,1682833878
266283929,420882631
266283929,15773675
266283929,337824741
266283929,390058777
266283929,606521715
266283929,86422542
266283929,255989017
266283929,344908474
266283929,430818412
266283929,6368672
266283929,202380088
266283929,86393463
266283929,71635832
266283929,148316278
266283929,239327931
266283929,326778182
266283929,40496249
266283929,2258187440
266283929,1117358851
266283929,366669704
266283929,261155761
266283929,804502939
266283929,1617246643
266283929,753748650
266283929,2156333488
266283929,2233631485
266283929,88454568
266283929,402209437
266283929,14749606
266283929,149738281
266283929,232605882
266283929,1527941798
266283929,89520031
266283929,107574951
266283929,785625606
266283929,215957468
266283929,464183439
266283929,2180106299
266283929,909998372
266283929,1265099592
266283929,1204254564
266283929,462262587
266283929,260072187
266283929,69227791
266283929,275650021
266283929,767346326
266283929,706141295
266283929,140150595
266283929,1412701902
266283929,474831903
266283929,2166312064
266283929,200512535
266283929,979926576
266283929,306456364
266283929,373471064
266283929,182215815
266283929,189687557
266283929,16540939
266283929,1430195624
266283929,1617250154
266283929,181318605
266283929,315926058
266283929,221376002
266283929,270345803
266283929,50719341
266283929,1955247644
266283929,121238062
266283929,358130796
266283929,267110606
266283929,40003271
266283929,852974022
266283929,270843631
266283929,86095235
266283929,614090716
266283929,1608394188
266283929,1732404344
266283929,156588094
266283929,1536256680
266283929,77278582
266283929,1637440334
266283929,510042346
266283929,40211295
266283929,14594698
266283929,228659977
266283929,18387648
266283929,239830584
266283929,268989775
266283929,820328018
266283929,356188126
266283929,164274777
266283929,91419382
266283929,903960702
266283929,1871837575
266283929,297844853
266283929,245792560
266283929,1568012773
266283929,160254568
266283929,365943913
266283929,1650817376
266283929,1523140130
266283929,79293791
266283929,1561700880
266283929,55224218
266283929,315551637
266283929,233671451
266283929,409930818
266283929,1525035876
266283929,524354354
266283929,175006749
266283929,1726465500
266283929,243581526
266283929,302461502
266283929,180548370
266283929,331920529
266283929,1324722373
266283929,188263516
266283929,995257388
266283929,283973489
266283929,86578760
266283929,1400313042
266283929,1267441783
266283929,265595050
266283929,541620828
266283929,481397009
266283929,113673277
266283929,191143493
266283929,304316780
266283929,266641960
266283929,105605894
266283929,302637617
266283929,78863928
266283929,372245558
266283929,1316336162
266283929,1585606632
266283929,301919183
266283929,1539730140
266283929,435299748
266283929,217120279
266283929,142625317
266283929,1109597798
266283929,514504697
266283929,151976216
266283929,25661574
266283929,990664100
266283929,85343435
266283929,101184824
266283929,31731533
266283929,1647441084
266283929,1645860650
266283929,69755180
266283929,20907765
266283929,1583109530
266283929,109980642
266283929,96996901
266283929,253765879
266283929,53039176
266283929,185260477
266283929,901762608
266283929,230815900
266283929,323137347
266283929,503133106
266283929,463319659
266283929,17494876
266283929,41801742
266283929,271544549
266283929,95648100
266283929,466014624
266283929,66223864
266283929,316506397
266283929,1003915128
266283929,176767978
266283929,1534099579
266283929,65461631
266283929,81381894
266283929,1087313888
266283929,481371414
266283929,123888051
266283929,25103865
266283929,208072175
266283929,280888513
266283929,237223544
266283929,120837383
266283929,615189429
266283929,245810204
266283929,1089535657
266283929,384215133
266283929,64030748
266283929,442080854
266283929,221383642
266283929,184018871
266283929,121568578
266283929,271162150
266283929,418531720
266283929,1432584979
266283929,1426373461
266283929,252096294
266283929,238146806
266283929,1104262327
266283929,402352609
266283929,23605048
266283929,141110701
266283929,39193973
266283929,1112275411
266283929,586671909
266283929,1523242951
266283929,503764605
266283929,561276903
266283929,263766175
266283929,267082064
266283929,110279557
266283929,294769333
266283929,1360687298
266283929,1389203454
266283929,1073507647
266283929,1459484694
266283929,350466315
266283929,287275397
266283929,272122521
266283929,1438720478
266283929,312133247
266283929,346173115
266283929,1494072236
266283929,1267647252
266283929,318702343
266283929,480656858
266283929,271513648
266283929,1191037993
266283929,1330457336
266283929,1339835893
266283929,228502475
266283929,297890507
266283929,38083485
266283929,1372188853
266283929,427632915
266283929,314006363
266283929,205437050
266283929,42389712
266283929,164221232
266283929,1228312916
266283929,161238963
266283929,1014384037
266283929,87923157
266283929,462260036
266283929,1397289792
266283929,269748791
266283929,395238621
266283929,263338749
266283929,282526178
266283929,472216903
266283929,370730785
266283929,163797211
266283929,179912693
266283929,608370967
266283929,246024243
266283929,805479408
266283929,384219215
266283929,378345257
266283929,286299903
266283929,258117877
266283929,364819940
266283929,380917783
266283929,123712001
266283929,270013175
266283929,811389769
266283929,419072037
266283929,411777343
266283929,524292039
266283929,385142070
266283929,1255584259
266283929,210915749
266283929,327439662
266283929,273151092
266283929,237232304
266283929,1006890427
266283929,960633277
266283929,316378262
266283929,493528036
266283929,411689537
266283929,1109505482
266283929,279967775
266283929,468304976
266283929,93591430
266283929,250094297
266283929,934183183
266283929,623045901
266283929,882571862
266283929,615376081
266283929,1352613744
266283929,328345344
266283929,596485931
266283929,452537814
266283929,343966282
266283929,253862009
266283929,569133571
266283929,500640557
266283929,426532213
266283929,342709235
266283929,378718762
266283929,235265302
266283929,621965864
266283929,220130918
266283929,242662896
266283929,56160530
266283929,248374174
266283929,364918820
266283929,337979589
266283929,1336414417
266283929,228390985
266283929,134178750
266283929,1307712548
266283929,301611033
266283929,615604171
266283929,333891468
266283929,249133011
266283929,343313581
266283929,427248264
266283929,220032220
266283929,1074330871
266283929,1207607508
266283929,103919106
266283929,974436432
266283929,16745666
266283929,936788029
266283929,507649316
266283929,14230524
266283929,316058009
266283929,146671258
266283929,49174591
266283929,365352418
266283929,9819632
266283929,574030962
266283929,423364614
266283929,100542822
266283929,1060403089
266283929,446323354
266283929,1095608372
266283929,1292143070
266283929,1074181466
266283929,510516600
266283929,546898166
266283929,629486978
266283929,581800254
266283929,869872392
266283929,1284759703
266283929,274755461
266283929,222782095
266283929,110827653
266283929,33682091
266283929,211257617
266283929,748796209
266283929,59091301
266283929,214590248
266283929,9920812
266283929,15217919
266283929,1241304517
266283929,149567662
266283929,1244357988
266283929,718246123
266283929,46749727
266283929,471892366
266283929,383664097
266283929,242412046
266283929,251545410
266283929,1003894812
266283929,1252131560
266283929,738959586
266283929,232557898
266283929,237487601
266283929,535707261
266283929,63861719
266283929,213612463
266283929,186450762
266283929,400896722
266283929,108994652
266283929,1140120222
266283929,342657520
266283929,193477235
266283929,109238124
266283929,136098312
266283929,286363445
266283929,614999542
266283929,965741665
266283929,1111381860
266283929,847297970
266283929,119776110
266283929,123370149
266283929,527329478
266283929,821692
266283929,248104475
266283929,1204445300
266283929,30961053
266283929,989256967
266283929,480701457
266283929,4046961
266283929,17484709
266283929,254498621
266283929,372163914
266283929,329279084
266283929,128637475
266283929,13346352
266283929,549973400
266283929,600788785
266283929,102095809
266283929,300320736
266283929,1083464665
266283929,706881404
266283929,216695806
266283929,1144608678
266283929,443008944
266283929,132255819
266283929,264233252
266283929,138341788
266283929,460313478
266283929,508847082
266283929,392299518
266283929,392871791
266283929,41612476
266283929,501654891
266283929,711915152
266283929,469426216
266283929,702726368
266283929,130556589
266283929,339988296
266283929,873245839
266283929,409020550
266283929,133470401
266283929,101785480
266283929,19404245
266283929,109288430
266283929,100250645
266283929,43867397
266283929,1000010160
266283929,344714183
266283929,296757119
266283929,115432035
266283929,462790719
266283929,467378484
266283929,1065406675
266283929,317795601
266283929,145584509
266283929,522592858
266283929,908358289
266283929,225552221
266283929,279649054
266283929,16467005
266283929,624590889
266283929,406872715
266283929,114744371
266283929,253031005
266283929,220958101
266283929,40688127
266283929,812665675
266283929,516405086
266283929,267166901
266283929,8077212
266283929,894096848
266283929,525442082
266283929,21361705
266283929,208911269
266283929,28903495
266283929,565774540
266283929,1652541
266283929,830638561
266283929,407339193
266283929,821259444
266283929,884354064
266283929,311955227
266283929,817326180
266283929,58166411
266283929,89003109
266283929,71542755
266283929,198829810
266283929,820010988
266283929,813286
266283929,172279544
266283929,157743781
266283929,138023605
266283929,608947370
266283929,467303787
266283929,933917400
266283929,14117843
266283929,856567646
266283929,405480018
266283929,17595268
266283929,872495750
266283929,500704345
266283929,18909241
266283929,69925643
266283929,192857702
266283929,17715048
266283929,525264466
266283929,112993206
266283929,627788523
266283929,493427267
266283929,541976370
266283929,205977742
266283929,583686249
266283929,303480604
266283929,749446974
266283929,110400395
266283929,91201859
266283929,113759611
266283929,242884154
266283929,791817955
266283929,12277722
266283929,98964254
266283929,10228272
266283929,263170241
266283929,41221076
266283929,408828513
266283929,245992215
266283929,329734739
266283929,504649119
266283929,192856422
266283929,855221996
266283929,184870932
266283929,117345704
266283929,16629918
266283929,712338200
266283929,580830449
266283929,383144084
266283929,166507237
266283929,941621719
266283929,242079289
266283929,216287154
266283929,303098670
266283929,74459779
266283929,208531639
266283929,555817531
266283929,261606453
266283929,16016417
266283929,370707500
266283929,576229820
266283929,919119979
266283929,100731315
266283929,289958724
266283929,282848920
266283929,237235107
266283929,526316466
266283929,73372670
266283929,523413639
266283929,463050071
266283929,634437625
266283929,264634196
266283929,31689447
266283929,320122929
266283929,170963302
266283929,297870401
266283929,278433934
266283929,222766992
266283929,194202717
266283929,825247950
266283929,572433601
266283929,33398564
266283929,47688615
266283929,29797128
266283929,18718638
266283929,85869253
266283929,575373050
266283929,43152482
266283929,26729931
266283929,14063227
266283929,57107167
266283929,482082432
266283929,868595077
266283929,220047267
266283929,625579597
266283929,347575331
266283929,54711948
266283929,517511195
266283929,769442203
266283929,66646011
266283929,58417540
266283929,587581636
266283929,492550958
266283929,523338265
266283929,159503434
266283929,463247409
266283929,260656974
266283929,866666965
266283929,145269586
266283929,9881632
266283929,486718776
266283929,232608827
266283929,239733754
266283929,145168169
266283929,14436317
266283929,106467821
266283929,247440645
266283929,187490838
266283929,442936761
266283929,837982160
266283929,150767165
266283929,31090827
266283929,546069846
266283929,827217192
266283929,258832546
266283929,124567506
266283929,430567024
266283929,278694865
266283929,54483035
266283929,845394960
266283929,235234497
266283929,155891487
266283929,105082141
266283929,17208756
266283929,159599874
266283929,392623482
266283929,323670413
266283929,105015429
266283929,63263205
266283929,347575828
266283929,237666639
266283929,426834124
266283929,478448838
266283929,471942300
266283929,359977166
266283929,311133975
266283929,200435252
266283929,131201539
266283929,582753083
266283929,579331723
266283929,817087124
266283929,18717943
266283929,324237740
266283929,589116948
266283929,474990557
266283929,745009076
266283929,287822541
266283929,413176090
266283929,289037312
266283929,523496745
266283929,109853408
266283929,268486909
266283929,196149382
266283929,240313645
266283929,257193655
266283929,291932154
266283929,474799191
266283929,374072005
266283929,401898775
266283929,262359713
266283929,626262647
266283929,624550135
266283929,603566432
266283929,26535925
266283929,334670717
266283929,22400139
266283929,90836187
266283929,426478180
266283929,297974189
266283929,116284842
266283929,402898437
266283929,56506922
266283929,81796416
266283929,346088495
266283929,518375875
266283929,123663235
266283929,475793333
266283929,556967712
266283929,595561988
266283929,580866720
266283929,278541182
266283929,400533409
266283929,131574396
266283929,611849533
266283929,44314871
266283929,147716827
266283929,231000704
266283929,267355099
266283929,262842638
266283929,387855132
266283929,395928799
266283929,594506144
266283929,343447873
266283929,38640768
266283929,197467662
266283929,18238467
266283929,522423235
266283929,297941317
266283929,600288875
266283929,376941857
266283929,561228555
266283929,361318501
266283929,295601732
266283929,516700757
266283929,368472038
266283929,573552945
266283929,22747978
266283929,153320217
266283929,358389126
266283929,204115873
266283929,319539654
266283929,249404056
266283929,379228865
266283929,333326612
266283929,21454212
266283929,97963799
266283929,577082748
266283929,105256551
266283929,489650810
266283929,267311284
266283929,98171109
266283929,381451153
266283929,476247840
266283929,442115921
266283929,128567988
266283929,42046651
266283929,540796401
266283929,514356824
266283929,87775162
266283929,166100950
266283929,381440416
266283929,375103276
266283929,301483492
266283929,307570052
266283929,253566338
266283929,564600188
266283929,11162772
266283929,448018606
266283929,85326242
266283929,312066602
266283929,424723868
266283929,233282089
266283929,179138355
266283929,247679867
266283929,221535882
266283929,438537113
266283929,294711993
266283929,102990268
266283929,500149332
266283929,318294563
266283929,277963374
266283929,30012883
266283929,391063112
266283929,306062737
266283929,68823697
266283929,407051247
266283929,212319497
266283929,71114686
266283929,295608887
266283929,308673696
266283929,82310285
266283929,498306137
266283929,220171299
266283929,199354750
266283929,370226727
266283929,493046211
266283929,110419154
266283929,366770076
266283929,16954690
266283929,121887978
266283929,36412963
266283929,217150004
266283929,138814032
266283929,266486016
266283929,151941011
266283929,213229208
266283929,228751678
266283929,294067018
266283929,114894699
266283929,142498971
266283929,21486042
266283929,398726789
266283929,273507620
266283929,289844440
266283929,76590685
266283929,106669106
266283929,262620688
266283929,62159419
266283929,219683884
266283929,8869012
266283929,342729340
266283929,54527239
266283929,255745215
266283929,183973508
266283929,386659567
266283929,180505807
266283929,337725553
266283929,250696942
266283929,392631760
266283929,58093681
266283929,476009061
266283929,142358006
266283929,293239888
266283929,510344510
266283929,278158208
266283929,312310273
266283929,445732412
266283929,36070431
266283929,267634476
266283929,393329181
266283929,267631344
266283929,191762586
266283929,166266890
266283929,138713681
266283929,151846981
266283929,447190783
266283929,476055856
266283929,373386695
266283929,412862936
266283929,377457316
266283929,237670717
266283929,350411337
266283929,132163566
266283929,187102833
266283929,481084397
266283929,198791509
266283929,89157246
266283929,517341393
266283929,263780425
266283929,78502161
266283929,83467126
266283929,238059304
266283929,297059822
266283929,413519275
266283929,35772195
266283929,404756588
266283929,190613643
266283929,300149323
266283929,91520410
266283929,83972205
266283929,144376833
266283929,396795225
266283929,456519109
266283929,198150551
266283929,123278276
266283929,16614374
266283929,154183034
266283929,507672047
266283929,242047325
266283929,443560479
266283929,343531220
266283929,56006912
266283929,388767242
266283929,270323237
266283929,313995297
266283929,115653126
266283929,80587424
266283929,101837347
266283929,520283551
266283929,17484809
266283929,36703132
266283929,222789078
266283929,263111373
266283929,185657677
266283929,297972314
266283929,88723966
266283929,485591231
266283929,148307663
266283929,413560883
266283929,413901385
266283929,267370466
266283929,187509012
266283929,149267665
266283929,403948698
266283929,253659007
266283929,470912503
266283929,255949301
266283929,486482130
266283929,398621550
266283929,71758147
266283929,323935571
266283929,287282902
266283929,202700028
266283929,299116844
266283929,245743371
266283929,381568242
266283929,151789432
266283929,278160644
266283929,418068870
266283929,388247610
266283929,125131416
266283929,271434484
266283929,262842952
266283929,279956063
266283929,177499835
266283929,163165051
266283929,454309012
266283929,271878518
266283929,228347712
266283929,243409932
266283929,304522411
266283929,476227377
266283929,302917720
266283929,185953684
266283929,325592371
266283929,260937603
266283929,377453295
266283929,33173981
266283929,407273218
266283929,448317103
266283929,239357978
266283929,114724102
266283929,235418829
266283929,287717651
266283929,233709298
266283929,14830931
266283929,252997018
266283929,502629381
266283929,98566995
266283929,58421392
266283929,454923694
266283929,208158262
266283929,278535283
266283929,365439216
266283929,281505341
266283929,230111054
266283929,403766466
266283929,298832395
266283929,180064513
266283929,337717314
266283929,270071825
266283929,221344899
266283929,128360492
266283929,42474579
266283929,132329047
266283929,445705055
266283929,117671327
266283929,288874711
266283929,140406540
266283929,191867562
266283929,405175849
266283929,380251152
266283929,333608011
266283929,239752879
266283929,378627505
266283929,280817943
266283929,262077429
266283929,218797650
266283929,127680499
266283929,271058847
266283929,410598707
266283929,12925072
266283929,290562205
266283929,213264156
266283929,144307171
266283929,288902115
266283929,90558638
266283929,19554706
266283929,19284606
266283929,219608262
266283929,48822802
266283929,206387272
266283929,481897983
266283929,304287573
266283929,466942179
266283929,332121026
266283929,111933542
266283929,363184902
266283929,152983899
266283929,240204741
266283929,13426312
266283929,338899906
266283929,306887872
266283929,75192324
266283929,393267253
266283929,29732523
266283929,242876469
266283929,219331283
266283929,245482595
266283929,20794373
266283929,266810027
266283929,121389339
266283929,108919425
266283929,114192049
266283929,110383756
266283929,7996082
266283929,76914701
266283929,142910541
266283929,18723114
266283929,17960461
266283929,459351948
266283929,386866210
266283929,137143949
266283929,473496852
266283929,240823199
266283929,422847929
266283929,471154080
266283929,318614422
266283929,282509003
266283929,437536872
266283929,407881422
266283929,65384380
266283929,434481149
266283929,18265605
266283929,196955819
266283929,407253781
266283929,407782117
266283929,287243634
266283929,17752745
266283929,39219494
266283929,436016566
266283929,193612192
266283929,127929705
266283929,287149019
266283929,467448143
266283929,232601278
266283929,342474482
266283929,465889437
266283929,130792364
266283929,279577573
266283929,267258370
266283929,368211069
266283929,373308467
266283929,344518755
266283929,9147212
266283929,391435503
266283929,441733513
266283929,102051912
266283929,43287938
266283929,437521428
266283929,219328436
266283929,365344514
266283929,249243667
266283929,443848624
266283929,14814402
266283929,363460606
266283929,121385551
266283929,438441934
266283929,351873631
266283929,115939053
266283929,115516167
266283929,34243597
266283929,105627366
266283929,20609518
266283929,344634424
266283929,17229160
266283929,96091266
266283929,42876526
266283929,232808344
266283929,179845272
266283929,368954273
266283929,223547920
266283929,409344980
266283929,390672943
266283929,19923515
266283929,136007061
266283929,65369125
266283929,63172203
266283929,78242877
266283929,347350707
266283929,431943484
266283929,341010016
266283929,207711871
266283929,305535096
266283929,224407240
266283929,309143346
266283929,175430809
266283929,163852073
266283929,188683472
266283929,21667065
266283929,104228227
266283929,358813739
266283929,411637684
266283929,14436030
266283929,10007142
266283929,23791197
266283929,293428648
266283929,207017741
266283929,198452206
266283929,33884545
266283929,44409004
266283929,234278716
266283929,85603854
266283929,70344177
266283929,47302521
266283929,139585703
266283929,85426644
