2693753604,2468254962
2693753604,2837276465
2693753604,3428375056
2693753604,24357513
2693753604,1670366851
2693753604,4594616233
2693753604,7135912
2693753604,14291684
2693753604,23933654
2693753604,117777690
2693753604,38869114
2693753604,425188796
2693753604,3355249277
2693753604,48319720
2693753604,209520514
2693753604,3362289555
2693753604,3104219584
2693753604,199057447
2693753604,3907844319
2693753604,789851911
2693753604,245074453
2693753604,47938576
2693753604,96090970
2693753604,498934313
2693753604,988901948
2693753604,392792965
2693753604,977015028
2693753604,136750249
2693753604,3511279342
2693753604,2882427585
2693753604,47947690
2693753604,2972013575
2693753604,82115310
2693753604,206112997
2693753604,1394051515
2693753604,47995244
2693753604,3349087013
2693753604,22628924
2693753604,285239924
2693753604,87892645
2693753604,150403608
2693753604,945924343
2693753604,1552246832
2693753604,479049463
2693753604,2292454922
2693753604,2912809576
2693753604,964120482
2693753604,18071978
2693753604,493483010
2693753604,38244333
2693753604,46151256
2693753604,218120019
2693753604,972491232
2693753604,43098525
2693753604,85941439
2693753604,240781428
2693753604,255471924
2693753604,255493944
2693753604,29701712
2693753604,140758573
2693753604,124690469
2693753604,2806966624
2693753604,1524302467
2693753604,49089233
2693753604,42008209
2693753604,242704372
2693753604,279642533
2693753604,20925136
2693753604,74400293
2693753604,17271007
2693753604,51170340
2693753604,24906326
2693753604,14658057
2693753604,168565419
2693753604,1699239325
2693753604,775431470
2693753604,555203212
2693753604,183667915
2693753604,168997089
2693753604,111593507
2693753604,293149154
2693753604,2348088555
2693753604,388870788
2693753604,623975433
2693753604,64385029
2693753604,701858228
2693753604,199700276
2693753604,334255928
2693753604,204368725
2693753604,94114176
2693753604,26073581
2693753604,58918768
2693753604,208611189
2693753604,519390633
2693753604,56107736
2693753604,1289962026
2693753604,135497798
2693753604,1734485952
2693753604,2792068602
2693753604,26031424
2693753604,2331747024
2693753604,85326869
2693753604,402841247
2693753604,215292075
2693753604,531036044
2693753604,633117013
2693753604,365410840
2693753604,265897069
2693753604,1239876049
2693753604,300928232
2693753604,156651229
2693753604,87818409
2693753604,807095
2693753604,22832752
2693753604,473373813
2693753604,472079320
2693753604,823279483
2693753604,387077508
2693753604,47427295
2693753604,541214275
2693753604,341960299
2693753604,315287790
2693753604,14944724
2693753604,14333754
2693753604,42359264
2693753604,613322728
2693753604,230106268
2693753604,1949495336
2693753604,47350606
2693753604,948552829
2693753604,256599335
2693753604,40848062
2693753604,263169180
2693753604,26725581
2693753604,46522376
2693753604,580767859
2693753604,819682788
2693753604,330377999
2693753604,44101578
2693753604,104857771
2693753604,35877137
2693753604,111554559
2693753604,2277254518
2693753604,599975384
2693753604,2501166379
2693753604,71016845
2693753604,2463052392
2693753604,2336820697
2693753604,14824411
2693753604,16579721
2693753604,838753242
2693753604,2490951972
2693753604,334602996
2693753604,338889569
2693753604,39490506
2693753604,342288969
2693753604,551267982
2693753604,557072840
2693753604,358940810
2693753604,2304856490
2693753604,231141229
2693753604,501159809
2693753604,23807076
2693753604,84644257
2693753604,532146739
2693753604,19391273
2693753604,104742959
2693753604,522541240
2693753604,328970352
2693753604,32409886
2693753604,302808898
2693753604,72248477
2693753604,2463532896
