2722185202,3104219584
2722185202,4829348033
2722185202,95921321
2722185202,2956605327
2722185202,793673772
2722185202,2791286902
2722185202,2303221610
2722185202,2311843038
2722185202,407998197
2722185202,105082141
2722185202,2949911212
2722185202,3362926085
2722185202,1269484171
2722185202,36329597
2722185202,429938515
2722185202,237726028
2722185202,84186668
2722185202,2998488083
2722185202,978765787
2722185202,1707338683
2722185202,2190866694
2722185202,789758492
2722185202,37883400
2722185202,331020996
2722185202,95312797
2722185202,2407402921
2722185202,597499972
2722185202,3084704992
2722185202,338560854
2722185202,455875065
2722185202,1478198448
2722185202,229165429
2722185202,249601317
2722185202,2299803774
2722185202,2340156271
2722185202,2802163754
2722185202,986654305
2722185202,394266186
2722185202,3074464877
2722185202,372812630
2722185202,1493355812
2722185202,39483072
2722185202,2339427847
2722185202,3096575289
2722185202,535252504
2722185202,3351768837
2722185202,14525982
2722185202,3233164553
2722185202,11904592
2722185202,20929745
2722185202,102095809
2722185202,2435472444
2722185202,2381350033
2722185202,368462951
2722185202,50588871
2722185202,570773617
2722185202,376776031
2722185202,1094937084
2722185202,24006034
2722185202,375749713
2722185202,14805720
2722185202,497696415
2722185202,402792488
2722185202,535707261
2722185202,886615526
2722185202,104181411
2722185202,525416576
2722185202,2795000459
2722185202,65369125
2722185202,249243667
2722185202,436016566
2722185202,2762155400
2722185202,2485355244
2722185202,3091376321
2722185202,17676713
2722185202,14824411
2722185202,308699097
2722185202,301692896
2722185202,2922127221
2722185202,2800430369
2722185202,948552829
2722185202,944503182
2722185202,251290516
2722185202,2343951043
2722185202,43317911
2722185202,34985699
2722185202,205172946
2722185202,138467892
2722185202,300504472
2722185202,90725961
2722185202,293597186
2722185202,237413314
2722185202,76887333
2722185202,334602996
2722185202,124690469
2722185202,300849149
2722185202,86301869
2722185202,28066013
2722185202,44408141
2722185202,393476699
2722185202,532027594
2722185202,114461276
2722185202,47375691
2722185202,44101578
2722185202,2494602991
2722185202,1433428914
2722185202,154391771
2722185202,2320604426
2722185202,2315119148
2722185202,544317327
2722185202,2549586726
2722185202,2467886543
2722185202,2554300980
2722185202,134432368
2722185202,301685793
2722185202,2384222526
2722185202,3019961223
2722185202,817016100
2722185202,2647568959
2722185202,220044514
2722185202,2301274694
2722185202,392199690
2722185202,450577566
2722185202,2875284701
2722185202,147190179
2722185202,1015610418
2722185202,3005765446
2722185202,2967547407
2722185202,869507689
2722185202,306355791
2722185202,2292454922
2722185202,349267003
2722185202,264169660
2722185202,10736762
2722185202,2841836122
2722185202,2762854505
2722185202,2814666913
2722185202,2537896518
2722185202,482389606
2722185202,2826089132
2722185202,455338723
2722185202,13426312
2722185202,215707523
2722185202,290714212
2722185202,2563141286
2722185202,396763752
2722185202,12273062
2722185202,360612491
2722185202,2310782705
2722185202,2437112695
2722185202,115611795
2722185202,108670198
2722185202,121859642
2722185202,1311173616
2722185202,190202163
2722185202,2330260382
2722185202,93687642
2722185202,47350606
2722185202,227273338
2722185202,36626651
2722185202,2288138575
2722185202,2397043430
2722185202,784574954
2722185202,25555639
2722185202,2419290031
2722185202,158342368
