2755676103,17624967
2755676103,21316293
2755676103,21313816
2755676103,2450291
2755676103,2791479733
2755676103,1671444517
2755676103,2335819230
2755676103,2317661245
2755676103,351930287
2755676103,2437792460
2755676103,1141258524
2755676103,526142315
2755676103,1194696751
2755676103,1062617552
2755676103,485661489
2755676103,2438173117
2755676103,141333525
2755676103,34714943
2755676103,1090315298
2755676103,1953648950
2755676103,3121485732
2755676103,3254341759
2755676103,3557737576
2755676103,3372062415
2755676103,190079099
2755676103,2196608936
2755676103,4728188708
2755676103,44409004
2755676103,22624441
2755676103,15353955
2755676103,499170272
2755676103,42894971
2755676103,91390383
2755676103,353715697
2755676103,32453930
2755676103,313245901
2755676103,16269521
2755676103,1548317628
2755676103,216299334
2755676103,21324165
2755676103,461922813
2755676103,69061241
2755676103,213969309
2755676103,23440052
2755676103,25836321
2755676103,18904973
2755676103,131574396
2755676103,376819013
2755676103,309880851
2755676103,2230383367
2755676103,23653153
2755676103,26728918
2755676103,2798006769
2755676103,1410952580
2755676103,65926370
2755676103,3094469806
2755676103,1093188678
2755676103,589080706
2755676103,119705612
2755676103,13838562
2755676103,89112033
2755676103,71975446
2755676103,42220353
2755676103,50871388
2755676103,1876326937
2755676103,112785317
2755676103,1115394421
2755676103,108384285
2755676103,70093343
2755676103,481461757
2755676103,2294735010
2755676103,110827653
2755676103,127099154
2755676103,17158140
2755676103,132130882
2755676103,602317143
2755676103,104969057
2755676103,391037985
2755676103,525264466
2755676103,2523058398
2755676103,472828135
2755676103,1117359968
2755676103,24747953
2755676103,1415403024
2755676103,2233453459
2755676103,2394605680
2755676103,326436574
2755676103,19409223
2755676103,2484638833
2755676103,3095026210
2755676103,50177470
2755676103,69008563
2755676103,1857448777
2755676103,3104576194
2755676103,2976771850
2755676103,637237847
2755676103,3233628807
2755676103,23790393
2755676103,21856114
2755676103,36628385
2755676103,17084327
2755676103,20591744
2755676103,257434149
2755676103,111014684
2755676103,2917808716
2755676103,179871579
2755676103,70564412
2755676103,396250392
2755676103,835290290
2755676103,4727877954
2755676103,125990413
2755676103,28341191
2755676103,102960410
2755676103,39749525
2755676103,15531225
2755676103,67617769
2755676103,196609435
2755676103,47645546
2755676103,1387302414
2755676103,416552443
2755676103,66780587
2755676103,34679955
2755676103,334293735
2755676103,90368802
2755676103,2850371096
2755676103,21034405
2755676103,107122128
2755676103,3293235329
2755676103,2483003876
2755676103,186439704
2755676103,224359740
2755676103,309066576
2755676103,54502344
2755676103,1545994664
2755676103,192981351
2755676103,2510215220
2755676103,257082921
2755676103,2424179522
2755676103,2387840556
2755676103,212332850
2755676103,349714440
2755676103,102323621
2755676103,317373303
2755676103,249090055
2755676103,87984807
2755676103,323319539
2755676103,57016932
2755676103,27650674
2755676103,1950188826
2755676103,500704345
2755676103,231392190
2755676103,28165910
2755676103,15676492
2755676103,10850192
2755676103,22695704
2755676103,66395780
2755676103,443297806
2755676103,66408053
2755676103,48497136
2755676103,1152488772
2755676103,199684392
2755676103,384750535
2755676103,22905057
2755676103,50072653
2755676103,41400946
2755676103,4844991215
2755676103,26486870
2755676103,16995115
2755676103,73530234
2755676103,25086986
2755676103,995854741
2755676103,20511502
2755676103,21204154
2755676103,38977171
2755676103,2306281370
2755676103,611227644
2755676103,14700316
2755676103,16664803
2755676103,18920461
2755676103,2285292157
2755676103,2994469282
2755676103,34352191
2755676103,2903715045
2755676103,291792721
2755676103,20794341
2755676103,42626527
2755676103,230250992
2755676103,20058825
2755676103,214125777
2755676103,965741665
2755676103,33611395
2755676103,3092068474
2755676103,597531176
2755676103,2388477227
2755676103,18761347
2755676103,2470176061
2755676103,2432238138
2755676103,2885585566
2755676103,20082448
2755676103,61037301
2755676103,981249458
2755676103,2430867030
2755676103,26472681
2755676103,206251257
2755676103,4198586352
2755676103,4364415073
2755676103,3160657279
2755676103,4738111016
2755676103,934800054
2755676103,3958807287
2755676103,4777657015
2755676103,4766567922
2755676103,1899944214
2755676103,3229406323
2755676103,4438533315
2755676103,3911885353
2755676103,3467079684
2755676103,4759493323
2755676103,3939489615
2755676103,599969854
2755676103,128741979
2755676103,1217232470
2755676103,43041891
2755676103,15913455
2755676103,97351820
2755676103,168816611
2755676103,4831456421
2755676103,17604217
2755676103,1288807501
2755676103,4198117152
2755676103,1248562584
2755676103,1011755287
2755676103,19247544
2755676103,26276031
2755676103,251844012
2755676103,154962560
2755676103,488770403
2755676103,4733756894
2755676103,137306674
2755676103,340493731
2755676103,574946068
2755676103,2285324726
2755676103,3246260536
2755676103,4737285926
2755676103,143171155
2755676103,347096957
2755676103,4727248578
2755676103,4699682982
2755676103,94194183
2755676103,22155975
2755676103,4471823780
2755676103,3223278492
2755676103,135923648
2755676103,47796779
2755676103,112764971
2755676103,96951800
2755676103,153833998
2755676103,47797696
2755676103,3559429936
2755676103,4516537634
2755676103,22851407
2755676103,18667222
2755676103,14140913
2755676103,14369314
2755676103,57018084
2755676103,71626760
2755676103,64510593
2755676103,31176167
2755676103,46655547
2755676103,18363030
2755676103,58837642
2755676103,17659626
2755676103,3260380758
2755676103,3081253340
2755676103,3099304216
2755676103,3080877660
2755676103,4317111138
2755676103,3302173892
2755676103,28124259
2755676103,4480015514
2755676103,3522338233
2755676103,53372965
2755676103,36114716
2755676103,46668984
2755676103,16807921
2755676103,127928308
2755676103,86027565
2755676103,2932632222
2755676103,2914572718
2755676103,482178222
2755676103,3262098042
2755676103,4295949315
2755676103,1470933829
2755676103,3405651045
2755676103,19466888
2755676103,468720196
2755676103,3063032281
2755676103,47285504
2755676103,87855391
2755676103,47786101
2755676103,27042513
2755676103,78314261
2755676103,4247210254
2755676103,107069758
2755676103,14824849
2755676103,125481462
2755676103,1485098520
2755676103,382880044
2755676103,69461409
2755676103,3331257161
2755676103,2669733806
2755676103,1621127264
2755676103,1356592405
2755676103,2709434059
2755676103,3697732337
2755676103,96973698
2755676103,43869610
2755676103,89273104
2755676103,17980026
2755676103,19904349
2755676103,19488569
2755676103,29214466
2755676103,43865255
2755676103,43901270
2755676103,24528176
2755676103,24361909
2755676103,17993489
2755676103,16727535
2755676103,7109022
2755676103,18696709
2755676103,18671165
2755676103,20229617
2755676103,15439395
2755676103,34288699
2755676103,115641601
2755676103,25083467
2755676103,599724531
2755676103,10810102
2755676103,114589771
2755676103,3065101
2755676103,26017256
2755676103,21309551
2755676103,271028583
2755676103,39056314
2755676103,20766350
2755676103,356818259
2755676103,237278654
2755676103,19374728
2755676103,743763
2755676103,2886713597
2755676103,15859039
2755676103,3042387529
2755676103,246874961
2755676103,15441074
2755676103,4537568472
2755676103,15134782
2755676103,3890574263
2755676103,3192809540
2755676103,1818422101
2755676103,4565267120
2755676103,197962366
2755676103,75079616
2755676103,14485018
2755676103,27530178
2755676103,13837292
2755676103,360831528
2755676103,202886242
2755676103,3131295460
2755676103,3062291199
2755676103,44886859
2755676103,4459785976
2755676103,3030352151
2755676103,3666305537
2755676103,1447276008
2755676103,36065771
2755676103,17219108
2755676103,1227920058
2755676103,16031536
2755676103,16211434
2755676103,20595739
2755676103,14363353
2755676103,19915096
2755676103,18819574
2755676103,17365848
2755676103,26516576
2755676103,107373839
2755676103,3905711062
2755676103,4454543223
2755676103,2988199837
2755676103,2799473986
2755676103,4438272441
2755676103,478520681
2755676103,4102983849
2755676103,1434267823
2755676103,1618893950
2755676103,54522697
2755676103,543564541
2755676103,612155334
2755676103,44030337
2755676103,3281568768
2755676103,611044728
2755676103,16629394
2755676103,490878390
2755676103,424279429
2755676103,4479983173
2755676103,1322850043
2755676103,208260605
2755676103,15222774
2755676103,32737754
2755676103,29323466
2755676103,121161040
2755676103,468948973
2755676103,2164373533
2755676103,24700361
2755676103,3377502767
2755676103,1356186276
2755676103,2492689003
2755676103,17034634
2755676103,4301492598
2755676103,3769694537
2755676103,734016690
2755676103,19315174
2755676103,75691804
2755676103,19601111
2755676103,3911547072
2755676103,3295795454
2755676103,3307668691
2755676103,21457289
2755676103,19795404
2755676103,159223609
2755676103,24741685
2755676103,18267245
2755676103,73439482
2755676103,30770263
2755676103,2841070127
2755676103,428994673
2755676103,1659679688
2755676103,1277803717
2755676103,33575950
2755676103,1854555408
2755676103,2236655390
2755676103,3140449760
2755676103,4113167782
2755676103,3304215440
2755676103,2396354276
2755676103,78011391
2755676103,45561740
2755676103,36380242
2755676103,73231683
2755676103,3083583588
2755676103,44090165
2755676103,2542476722
2755676103,16805329
2755676103,47946264
2755676103,4122734965
2755676103,2881233500
2755676103,95611586
2755676103,22407719
2755676103,274608827
2755676103,17022314
2755676103,15823888
2755676103,136376852
2755676103,1249184641
2755676103,37176547
2755676103,19019970
2755676103,20583613
2755676103,113062227
2755676103,39085195
2755676103,1497563707
2755676103,3251919922
2755676103,74447139
2755676103,335876373
2755676103,1013996634
2755676103,549763324
2755676103,2603280270
2755676103,2393445572
2755676103,2785121515
2755676103,484660760
2755676103,1036263098
2755676103,194893204
2755676103,3409446783
2755676103,312349314
2755676103,3891777100
2755676103,18678493
2755676103,18724630
2755676103,2959594226
2755676103,20740074
2755676103,15648354
2755676103,168529830
2755676103,380885739
2755676103,45607562
2755676103,37536281
2755676103,52697216
2755676103,19024453
2755676103,22941152
2755676103,22996693
2755676103,60916506
2755676103,19284122
2755676103,18980260
2755676103,17953384
2755676103,2974457164
2755676103,2331819331
2755676103,328980753
2755676103,122351864
2755676103,4470721753
2755676103,23482357
2755676103,26787673
2755676103,52508875
2755676103,21346619
2755676103,18139619
2755676103,546135480
2755676103,39375192
2755676103,987300158
2755676103,20632796
2755676103,3306021437
2755676103,2577685128
2755676103,31444922
2755676103,11018442
2755676103,2229533227
2755676103,15392391
2755676103,167421802
2755676103,71026122
2755676103,438825136
2755676103,4225133418
2755676103,105145017
2755676103,4350246389
2755676103,126084292
2755676103,50741466
2755676103,335207743
2755676103,23085995
2755676103,109224937
2755676103,735489907
2755676103,20205854
2755676103,92294003
2755676103,3307645600
2755676103,30888244
2755676103,238620817
2755676103,124397732
2755676103,4144010247
2755676103,2918784501
2755676103,180418331
2755676103,4094733562
2755676103,2787736817
2755676103,87222643
2755676103,130522705
2755676103,64574086
2755676103,71359840
2755676103,21149226
2755676103,290081566
2755676103,119789089
2755676103,538899195
2755676103,4399934954
2755676103,127462226
2755676103,404039438
2755676103,123754656
2755676103,588327063
2755676103,26281917
2755676103,19650966
2755676103,17693232
2755676103,56677195
2755676103,124690469
2755676103,3483917657
2755676103,1392079776
2755676103,20565876
2755676103,62870466
2755676103,11399812
2755676103,2849588762
2755676103,4109816532
2755676103,274092456
2755676103,135645105
2755676103,430192464
2755676103,1904422994
2755676103,2814036980
2755676103,316198335
2755676103,2915690672
2755676103,2982862420
2755676103,2776945136
2755676103,2893840987
2755676103,445136747
2755676103,1217095327
2755676103,3148113888
2755676103,3147142571
2755676103,2991781032
2755676103,3809875693
2755676103,974114833
2755676103,731284826
2755676103,3368222279
2755676103,39569679
2755676103,226969337
2755676103,1964724242
2755676103,3944158094
2755676103,249090009
2755676103,380801406
2755676103,1700122584
2755676103,2911602469
2755676103,2826441116
2755676103,3300070208
2755676103,23375688
2755676103,95023423
2755676103,32959253
2755676103,268414482
2755676103,10678292
2755676103,265982289
2755676103,29479000
2755676103,21111883
2755676103,19426551
2755676103,27260086
2755676103,23083404
2755676103,21447363
2755676103,17919972
2755676103,452155423
2755676103,60865434
2755676103,558797310
2755676103,41147159
2755676103,740336334
2755676103,1640169925
2755676103,285332860
2755676103,14872237
2755676103,533085085
2755676103,26257166
2755676103,98007229
2755676103,3402319161
2755676103,155659213
2755676103,21389998
2755676103,21390437
2755676103,14172570
2755676103,18909186
2755676103,14226495
2755676103,7212562
2755676103,6449282
2755676103,42024345
2755676103,13192972
2755676103,20823928
2755676103,124476322
2755676103,12101862
2755676103,33875003
2755676103,106062176
2755676103,20626359
2755676103,494814659
2755676103,56377143
2755676103,22536055
2755676103,101743223
2755676103,38676903
2755676103,18332190
2755676103,1542862735
2755676103,151489385
2755676103,16442026
2755676103,42640869
2755676103,7849082
2755676103,16629918
2755676103,2163847832
2755676103,3004728985
2755676103,7426332
2755676103,3287088872
2755676103,3037833051
2755676103,587830869
2755676103,7508262
2755676103,35527770
2755676103,3903681624
2755676103,18241502
2755676103,43078740
2755676103,393374091
2755676103,14602576
2755676103,2878357640
2755676103,1951549602
2755676103,156424934
2755676103,26862273
2755676103,18303623
2755676103,20593909
2755676103,61156243
2755676103,4377142932
2755676103,14153842
2755676103,17165048
2755676103,22941392
2755676103,111290458
2755676103,2696045910
2755676103,2837026519
2755676103,20556253
2755676103,3284105899
2755676103,1143299078
2755676103,3228775056
2755676103,3271882543
2755676103,559303980
2755676103,23326806
2755676103,2696099989
2755676103,21874786
2755676103,1114787298
2755676103,2549517122
2755676103,28542546
2755676103,1942899073
2755676103,998006845
2755676103,14327726
2755676103,22621759
2755676103,17896885
2755676103,3386326318
2755676103,25986796
2755676103,395231482
2755676103,25324764
2755676103,3631204275
2755676103,409983907
2755676103,61104564
2755676103,97460704
2755676103,112517217
2755676103,376073243
2755676103,949921830
2755676103,3369131505
2755676103,861309158
2755676103,568471639
2755676103,3358893513
2755676103,21561302
2755676103,19401248
2755676103,2693628187
2755676103,95656097
2755676103,14468128
2755676103,199039070
2755676103,36052670
2755676103,1211996372
2755676103,1219445760
2755676103,178689675
2755676103,2260247323
2755676103,2313364740
2755676103,385461496
2755676103,2527120082
2755676103,132291445
2755676103,23811131
2755676103,18354504
2755676103,14665491
2755676103,109515460
2755676103,38213768
2755676103,15625377
2755676103,488331488
2755676103,18741631
2755676103,22751883
2755676103,146038477
2755676103,33918928
2755676103,147759481
2755676103,1016696390
2755676103,164257019
2755676103,718625752
2755676103,35766159
2755676103,80075642
2755676103,2825854680
2755676103,4111574356
2755676103,1591687903
2755676103,287862435
2755676103,14458280
2755676103,67560064
2755676103,313072096
2755676103,226285866
2755676103,329172660
2755676103,102185629
2755676103,3092466389
2755676103,301083222
2755676103,2873990331
2755676103,3339138005
2755676103,3950081001
2755676103,4268950222
2755676103,80371182
2755676103,707154481
2755676103,173988421
2755676103,44364694
2755676103,158128894
2755676103,40080940
2755676103,39601084
2755676103,153474021
2755676103,68399194
2755676103,69615397
2755676103,49239873
2755676103,16913418
2755676103,221382131
2755676103,112441954
2755676103,1252070760
2755676103,135822863
2755676103,549470860
2755676103,369514419
2755676103,3578493437
2755676103,274040176
2755676103,114796408
2755676103,1156866230
2755676103,23967396
2755676103,83863263
2755676103,106364715
2755676103,143002522
2755676103,166927079
2755676103,80455587
2755676103,50270149
2755676103,347393917
2755676103,129587268
2755676103,53147055
2755676103,63679163
2755676103,14399483
2755676103,205339205
2755676103,346742249
2755676103,755953153
2755676103,352668196
2755676103,32625314
2755676103,23504870
2755676103,23827692
2755676103,33657099
2755676103,475292738
2755676103,1443844410
2755676103,196994616
2755676103,42378378
2755676103,169426475
2755676103,18022037
2755676103,93687642
2755676103,17675072
2755676103,53347647
2755676103,2168572334
2755676103,478042067
2755676103,2276483456
2755676103,19287037
2755676103,2472124664
2755676103,3010343229
2755676103,20228233
2755676103,3660121874
2755676103,3098853313
2755676103,12397052
2755676103,38127255
2755676103,50725573
2755676103,145499533
2755676103,35787166
2755676103,26589987
2755676103,23151437
2755676103,373101137
2755676103,438128416
2755676103,1339835893
2755676103,28076276
2755676103,28897926
2755676103,26895879
2755676103,40908929
2755676103,28758915
2755676103,268439864
2755676103,23690344
2755676103,354972158
2755676103,184910040
2755676103,36008570
2755676103,2601914851
2755676103,45266183
2755676103,20565284
2755676103,15820664
2755676103,2744373380
2755676103,95465386
2755676103,327115552
2755676103,287606519
2755676103,3245060225
2755676103,413487212
2755676103,24741517
2755676103,350482749
2755676103,27750488
2755676103,71876190
2755676103,32939851
2755676103,106541386
2755676103,24523660
2755676103,259379883
2755676103,314865755
2755676103,133424506
2755676103,464183439
2755676103,2350020812
2755676103,34748247
2755676103,369487432
2755676103,411476941
2755676103,14575107
2755676103,19784831
2755676103,16536215
2755676103,14509057
2755676103,20032100
2755676103,2960221
2755676103,22699770
2755676103,52537975
2755676103,50360181
2755676103,109702885
2755676103,16012783
2755676103,74577799
2755676103,92488375
2755676103,24188699
2755676103,20802277
2755676103,60649803
2755676103,26793734
2755676103,221392767
2755676103,35798784
2755676103,113336593
2755676103,314542577
2755676103,25170188
2755676103,56809039
2755676103,12925072
2755676103,278541182
2755676103,124087958
2755676103,23975060
2755676103,22001973
2755676103,71256932
2755676103,891794228
2755676103,23930303
2755676103,539906934
2755676103,60959527
2755676103,347850968
2755676103,28412286
2755676103,240606817
2755676103,574168493
2755676103,784680583
2755676103,21208444
2755676103,24807616
2755676103,107390811
2755676103,169686021
2755676103,225190303
2755676103,19058681
2755676103,342924593
2755676103,23767397
2755676103,399473094
2755676103,74701069
2755676103,53153263
2755676103,333495253
2755676103,148810980
2755676103,266575711
2755676103,15224867
2755676103,78643537
2755676103,368936306
2755676103,308442339
2755676103,24926416
2755676103,19292133
2755676103,69036183
2755676103,524698203
2755676103,20413022
2755676103,54930650
2755676103,185314895
2755676103,575492930
2755676103,563940069
2755676103,80655102
2755676103,34572451
2755676103,18396706
2755676103,5827292
2755676103,183186517
2755676103,102698402
2755676103,18725415
2755676103,21701757
2755676103,26053643
2755676103,172322123
2755676103,26494583
2755676103,119748851
2755676103,180124279
2755676103,18518096
2755676103,25587445
2755676103,422792331
2755676103,85590450
2755676103,28182280
2755676103,15738599
2755676103,250911289
2755676103,96752877
2755676103,415813580
2755676103,113078447
2755676103,95901946
2755676103,302053412
2755676103,16956339
2755676103,16441619
2755676103,86422542
2755676103,44883983
2755676103,435926182
2755676103,221742742
2755676103,17918704
2755676103,1259788693
2755676103,2215066737
2755676103,381583333
2755676103,93663331
2755676103,92423860
2755676103,8350382
2755676103,23559586
2755676103,217226331
2755676103,177524501
2755676103,18244354
2755676103,72950235
2755676103,34395888
2755676103,251496825
2755676103,72147399
2755676103,148095719
2755676103,1112856367
2755676103,110742778
2755676103,940319377
2755676103,18768225
2755676103,313472488
2755676103,2388912723
2755676103,22891802
2755676103,16000318
2755676103,34982064
2755676103,263741729
2755676103,1111333782
2755676103,25461773
2755676103,19412366
2755676103,31928507
2755676103,21796484
2755676103,18080969
2755676103,287308021
2755676103,2394279607
2755676103,221486800
2755676103,15353981
2755676103,23497233
2755676103,22208192
2755676103,599550666
2755676103,339852611
2755676103,412277058
2755676103,54999357
2755676103,92778791
2755676103,14992973
2755676103,37917369
2755676103,31239408
2755676103,2441283306
2755676103,8236062
2755676103,113114399
2755676103,15384023
2755676103,137440868
2755676103,26980466
2755676103,66219583
2755676103,105571819
2755676103,14803701
2755676103,465680140
2755676103,18771458
2755676103,57702115
2755676103,21320186
2755676103,1426061762
2755676103,15164565
2755676103,54964162
2755676103,551551599
2755676103,23518723
2755676103,9917652
2755676103,48462490
2755676103,1415919282
2755676103,1673361577
2755676103,103032613
2755676103,19237247
2755676103,271413771
2755676103,613644589
2755676103,1608571856
2755676103,365462323
2755676103,206936115
2755676103,96648191
2755676103,121786787
2755676103,4969501
2755676103,65330268
2755676103,18800265
2755676103,295632119
2755676103,2916305152
2755676103,16119842
2755676103,17505100
2755676103,85452649
2755676103,1514047634
2755676103,11319582
2755676103,38142380
2755676103,1168472395
2755676103,1966499053
2755676103,30704824
2755676103,19212009
2755676103,2178822102
2755676103,14222518
2755676103,35239899
2755676103,64418855
2755676103,2804836256
2755676103,41469938
2755676103,23605284
2755676103,20225875
2755676103,95703081
2755676103,15317676
2755676103,465618018
2755676103,108480049
2755676103,14718073
2755676103,17578881
2755676103,273234774
2755676103,19813399
2755676103,14112296
2755676103,56059854
2755676103,2396580356
2755676103,130187942
2755676103,109595464
2755676103,240293946
2755676103,256188680
2755676103,480368535
2755676103,509029635
2755676103,147700153
2755676103,31125209
2755676103,8428482
2755676103,153546368
2755676103,18212398
2755676103,499711683
2755676103,1434251
2755676103,239760107
2755676103,14099695
2755676103,11178902
2755676103,23780652
2755676103,32443401
2755676103,52049114
2755676103,40387193
2755676103,26649214
2755676103,14595635
2755676103,82641048
2755676103,68440549
2755676103,39773069
2755676103,188004162
2755676103,14718218
2755676103,79459606
2755676103,41648873
2755676103,20782128
2755676103,38190575
2755676103,134767175
2755676103,105701096
2755676103,370037048
2755676103,22134758
2755676103,26519462
2755676103,54961149
2755676103,394044943
2755676103,19873751
2755676103,211117638
2755676103,601175918
2755676103,20532031
2755676103,19966557
2755676103,47981700
2755676103,802611576
2755676103,333992172
2755676103,334574039
2755676103,609360961
2755676103,480484877
2755676103,20427941
2755676103,1347340430
2755676103,567471315
2755676103,550088885
2755676103,20455625
2755676103,1092116113
2755676103,109596415
2755676103,121385551
2755676103,236406974
2755676103,26729931
2755676103,17676713
2755676103,33884545
2755676103,267270685
2755676103,308460302
2755676103,57986415
2755676103,96109537
2755676103,393384934
2755676103,336020836
2755676103,113684726
2755676103,113683910
2755676103,21417687
2755676103,582816500
2755676103,1423526198
2755676103,19826509
2755676103,189488360
2755676103,159422928
2755676103,14075928
2755676103,19520439
2755676103,2228371562
2755676103,2400196020
2755676103,205437050
2755676103,2419504668
2755676103,463014405
2755676103,536796489
2755676103,1426018248
2755676103,1263265572
2755676103,15866793
2755676103,34904355
2755676103,113011565
2755676103,342947759
2755676103,113684983
2755676103,19675984
2755676103,587033528
2755676103,2546487510
2755676103,279764951
2755676103,2413204284
2755676103,2226347962
2755676103,2617265028
2755676103,243415960
2755676103,2346053114
2755676103,2306245100
2755676103,2515583556
2755676103,14594813
2755676103,2427256586
2755676103,19944166
2755676103,394224846
2755676103,237851661
2755676103,186138876
2755676103,40203833
2755676103,71016845
2755676103,2584420134
2755676103,1174304527
2755676103,2979679846
2755676103,1306922149
2755676103,902703606
2755676103,3027071956
2755676103,821887350
2755676103,2447559768
2755676103,293333870
2755676103,951507284
2755676103,276581797
2755676103,473135764
2755676103,591105717
2755676103,17992312
2755676103,249595316
2755676103,161625863
2755676103,2930062569
2755676103,186739448
2755676103,22804177
2755676103,970034754
2755676103,23965121
2755676103,28483909
2755676103,3069640047
2755676103,771943484
2755676103,602890716
2755676103,220983575
2755676103,128207775
2755676103,22809165
2755676103,125920105
2755676103,70432194
2755676103,2332473912
2755676103,1006998512
2755676103,18935944
2755676103,381583235
2755676103,1415665068
2755676103,2289836588
2755676103,318029147
2755676103,2314464974
2755676103,1369316678
2755676103,1250118132
2755676103,2281041217
2755676103,2981264440
2755676103,968884939
2755676103,223411301
2755676103,9300262
2755676103,2927847953
2755676103,75266213
2755676103,2685408991
2755676103,2831248925
2755676103,1569924396
2755676103,2785267852
2755676103,2194369747
2755676103,1336386258
2755676103,17932641
2755676103,95438524
2755676103,15207270
2755676103,74715211
2755676103,96501375
2755676103,15895661
2755676103,98335997
2755676103,20292942
2755676103,16887507
2755676103,121291606
2755676103,4061359875
2755676103,19312845
2755676103,93711247
2755676103,238099363
2755676103,14117843
2755676103,382267114
2755676103,388472947
2755676103,757891106
2755676103,297169759
2755676103,1157784678
2755676103,16913772
2755676103,9460682
2755676103,89517005
2755676103,17000457
2755676103,26541422
2755676103,137365854
2755676103,208651977
2755676103,3608944035
2755676103,1648629770
2755676103,612076511
2755676103,16566551
2755676103,14208474
2755676103,16425197
2755676103,16334724
2755676103,62591415
2755676103,35762475
2755676103,16807528
2755676103,4114437825
2755676103,40076725
2755676103,2876836740
2755676103,2367911
2755676103,52536879
2755676103,17243213
2755676103,9695312
2755676103,373471064
2755676103,372575989
2755676103,87532773
2755676103,95731075
2755676103,130649891
2755676103,17874544
2755676103,615864844
2755676103,54226675
2755676103,16513161
2755676103,3030581393
2755676103,3028727651
2755676103,3028634729
2755676103,3042992086
2755676103,3028728928
2755676103,3031898283
2755676103,3901212742
2755676103,2410741477
2755676103,853718994
2755676103,497222375
2755676103,4107890174
2755676103,2988091935
2755676103,1447921280
2755676103,56290396
2755676103,80600879
2755676103,2814030025
2755676103,3183956928
2755676103,3423423465
2755676103,2979204336
2755676103,3195996139
2755676103,44762626
2755676103,3375597394
2755676103,4149730875
2755676103,107208078
2755676103,819800
2755676103,30261067
2755676103,275686563
2755676103,14372486
2755676103,487345669
2755676103,10876852
2755676103,14885549
2755676103,816653
2755676103,73147282
2755676103,27814665
2755676103,2835594983
2755676103,2801976554
2755676103,60642052
2755676103,3286906818
2755676103,2253685459
2755676103,204428144
2755676103,3333456653
2755676103,16896485
2755676103,8161232
2755676103,3527526263
2755676103,4197076187
2755676103,41628166
2755676103,4097728106
2755676103,867306697
2755676103,459534627
2755676103,327003627
2755676103,87257462
2755676103,20599255
2755676103,3241154932
2755676103,171622913
2755676103,37970314
2755676103,3379301532
2755676103,21009763
2755676103,15930000
2755676103,22105535
2755676103,64400465
2755676103,4152187814
2755676103,1596072740
2755676103,109219836
2755676103,121086706
2755676103,132454365
2755676103,104469706
2755676103,227264918
2755676103,121477996
2755676103,168682983
2755676103,162667212
2755676103,868647822
2755676103,46751590
2755676103,104267638
2755676103,3109909330
2755676103,30031547
2755676103,185258770
2755676103,250884927
2755676103,46164502
2755676103,203192992
2755676103,123289066
2755676103,1527244759
2755676103,3344482360
2755676103,4159180331
2755676103,3004698525
2755676103,434568798
2755676103,1171838328
2755676103,226502531
2755676103,158685585
2755676103,34682958
2755676103,121759418
2755676103,2789564954
2755676103,3812449636
2755676103,3312492598
2755676103,4062351797
2755676103,4124518219
2755676103,89676372
2755676103,235144750
2755676103,168628638
2755676103,44869829
2755676103,1090190593
2755676103,28539888
2755676103,54913368
2755676103,1949742427
2755676103,283937203
2755676103,3987087792
2755676103,3747568710
2755676103,501192223
2755676103,759459703
2755676103,118763204
2755676103,261435600
2755676103,151908701
2755676103,3579667093
2755676103,62793130
2755676103,3466581254
2755676103,95695959
2755676103,109215796
2755676103,71604219
2755676103,50602744
2755676103,16009403
2755676103,21289030
2755676103,3053564055
2755676103,850864153
2755676103,298052269
2755676103,203050243
2755676103,265069478
2755676103,215950690
2755676103,16115106
2755676103,292840600
2755676103,91204214
2755676103,637251299
2755676103,3161194586
2755676103,3107664861
2755676103,2163486043
2755676103,22498170
2755676103,114793310
2755676103,106208750
2755676103,2549208223
2755676103,2600142750
2755676103,1324386294
2755676103,952131360
2755676103,1104557209
2755676103,68482130
2755676103,28134618
2755676103,22059385
2755676103,810424
2755676103,91995170
2755676103,15673317
2755676103,98851441
2755676103,18213483
2755676103,3252462299
2755676103,27655610
2755676103,46598192
2755676103,96795310
2755676103,361875262
2755676103,15723732
2755676103,24785398
2755676103,20962674
2755676103,41385640
2755676103,19290783
2755676103,909328178
2755676103,36699856
2755676103,28116276
2755676103,54377889
2755676103,105358412
2755676103,21489468
2755676103,17918891
2755676103,20546557
2755676103,868112707
2755676103,40297195
2755676103,25699219
2755676103,260517120
2755676103,190388631
2755676103,41814686
2755676103,191750596
2755676103,21024997
2755676103,22411875
2755676103,117662694
2755676103,44698296
2755676103,18691824
2755676103,136018565
2755676103,19988587
2755676103,1265636852
2755676103,23047870
2755676103,19590713
2755676103,23179472
2755676103,168482796
2755676103,97897422
2755676103,72499513
2755676103,374014743
2755676103,86275077
2755676103,16364734
2755676103,14351166
2755676103,127916191
2755676103,1098461114
2755676103,94594648
2755676103,34570257
2755676103,80846207
2755676103,78592167
2755676103,33270692
2755676103,403298934
2755676103,81869480
2755676103,136307193
2755676103,60649687
2755676103,506082474
2755676103,2174266542
2755676103,931700017
2755676103,2375515290
2755676103,1653709160
2755676103,23459764
2755676103,2984631569
2755676103,252549882
2755676103,90958450
2755676103,36730070
2755676103,309285803
2755676103,520298916
2755676103,17841221
2755676103,551373363
2755676103,42712551
2755676103,75014376
2755676103,3373713346
2755676103,813618763
2755676103,2203648056
2755676103,205323928
2755676103,2370541945
2755676103,2802464593
2755676103,80374332
2755676103,888743520
2755676103,38237581
2755676103,84281104
2755676103,426159377
2755676103,1155522630
2755676103,188699728
2755676103,25098482
2755676103,249633740
2755676103,253167239
2755676103,300868924
2755676103,304909941
2755676103,23460070
2755676103,376254032
2755676103,258790331
2755676103,819668155
2755676103,83466368
2755676103,957110149
2755676103,419660155
2755676103,95614552
2755676103,397215899
2755676103,74720323
2755676103,365447602
2755676103,102700680
2755676103,169963553
2755676103,284415672
2755676103,312600634
2755676103,117289356
2755676103,22667478
2755676103,25390350
2755676103,363793324
2755676103,338964457
2755676103,56970909
2755676103,111560581
2755676103,16544818
2755676103,190162349
2755676103,68999404
2755676103,17523060
2755676103,68911475
2755676103,936728514
2755676103,1717081760
2755676103,3391816545
2755676103,927339786
2755676103,3299548828
2755676103,285687414
2755676103,254106022
2755676103,35701409
2755676103,36321317
2755676103,3192258102
2755676103,167561109
2755676103,381488374
2755676103,171137221
2755676103,1701841514
2755676103,3438575962
2755676103,262936420
2755676103,2503150105
2755676103,1283147724
2755676103,886933974
2755676103,1979559114
2755676103,2884820045
2755676103,3193901340
2755676103,3278250258
2755676103,500125656
2755676103,115754870
2755676103,16589206
2755676103,14109012
2755676103,64643056
2755676103,200151711
2755676103,133328078
2755676103,66803871
2755676103,42003019
2755676103,37177143
2755676103,23480504
2755676103,72975707
2755676103,27620472
2755676103,29047045
2755676103,3297586600
2755676103,410653578
2755676103,225117880
2755676103,15737703
2755676103,2812500858
2755676103,622524902
2755676103,2308943149
2755676103,267274950
2755676103,3020604864
2755676103,2467396736
2755676103,2301942487
2755676103,333646535
2755676103,415474606
2755676103,1079161093
2755676103,3105769716
2755676103,199251507
2755676103,115502860
2755676103,1964531239
2755676103,898176619
2755676103,365405131
2755676103,40018989
2755676103,3297456110
2755676103,2414162150
2755676103,149233235
2755676103,122049012
2755676103,41626019
2755676103,132610634
2755676103,3359136672
2755676103,1402700394
2755676103,3076588215
2755676103,2439540950
2755676103,2545925706
2755676103,2885174116
2755676103,537574143
2755676103,1340321083
2755676103,106039696
2755676103,19612058
2755676103,8471852
2755676103,284559833
2755676103,25745605
2755676103,44917864
2755676103,278608795
2755676103,544395196
2755676103,480858748
2755676103,129880152
2755676103,450049156
2755676103,81591468
2755676103,3221285990
2755676103,1228031743
2755676103,406136836
2755676103,7267562
2755676103,20427376
2755676103,2357289067
2755676103,17793580
2755676103,7111412
2755676103,183585551
2755676103,1586183960
2755676103,166215202
2755676103,871686942
2755676103,130557523
2755676103,16143864
2755676103,3557038875
2755676103,3260623944
2755676103,2218791079
2755676103,3269049360
2755676103,3525807013
2755676103,3192658328
2755676103,79320096
2755676103,3301395739
2755676103,1448067955
2755676103,344896371
2755676103,1457365201
2755676103,800158178
2755676103,226636852
2755676103,3224624792
2755676103,1305332988
2755676103,2787438029
2755676103,3323767273
2755676103,21905142
2755676103,19264748
2755676103,19331985
2755676103,50300579
2755676103,24696669
2755676103,82602399
2755676103,283038024
2755676103,93230391
2755676103,499067498
2755676103,99975127
2755676103,72385883
2755676103,2415650813
2755676103,1566646566
2755676103,3311016709
2755676103,3313214294
2755676103,99220851
2755676103,2458780249
2755676103,86310348
2755676103,15437670
2755676103,457526184
2755676103,217695070
2755676103,193332526
2755676103,108281642
2755676103,25411819
2755676103,33397778
2755676103,27883283
2755676103,19294991
2755676103,115428643
2755676103,417981111
2755676103,260461855
2755676103,417281998
2755676103,875806032
2755676103,2699519000
2755676103,2280341276
2755676103,453798984
2755676103,325363356
2755676103,1358763308
2755676103,2347646468
2755676103,311117226
2755676103,328938598
2755676103,1074043914
2755676103,16614383
2755676103,126269221
2755676103,468589132
2755676103,27935844
2755676103,475748396
2755676103,80961454
2755676103,3165034853
2755676103,2892208116
2755676103,859573848
2755676103,974211648
2755676103,987702271
2755676103,3290393719
2755676103,3357096653
2755676103,3312657978
2755676103,2232032264
2755676103,367690333
2755676103,1292272099
2755676103,2978668894
2755676103,214821759
2755676103,369505837
2755676103,1581289837
2755676103,3343406969
2755676103,3312168072
2755676103,430088674
2755676103,3367111278
2755676103,18394403
2755676103,6828272
2755676103,303730149
2755676103,192887405
2755676103,15148951
2755676103,577198336
2755676103,70363443
2755676103,303735625
2755676103,567949222
2755676103,2428796856
2755676103,161616614
2755676103,869231
2755676103,2720486713
2755676103,107028512
2755676103,3180312409
2755676103,3248406697
2755676103,2324060096
2755676103,3306440341
2755676103,108579031
2755676103,571777854
2755676103,5392522
2755676103,14434011
2755676103,3279816409
2755676103,1379338927
2755676103,494267148
2755676103,1767741
2755676103,1416514819
2755676103,25878195
2755676103,17006157
2755676103,16929600
2755676103,16686144
2755676103,382275399
2755676103,96087827
2755676103,44535230
2755676103,150563517
2755676103,83088776
2755676103,20024127
2755676103,296252620
2755676103,3318386814
2755676103,2556867882
2755676103,34574676
2755676103,33524445
2755676103,40343041
2755676103,239137423
2755676103,14651219
2755676103,25795667
2755676103,7514172
2755676103,3310405428
2755676103,2573051581
2755676103,2543712655
2755676103,115566473
2755676103,163844956
2755676103,338252237
2755676103,18391799
2755676103,19702911
2755676103,111643693
2755676103,112693029
2755676103,314018533
2755676103,267810251
2755676103,156995543
2755676103,39376074
2755676103,16950889
2755676103,31957731
2755676103,46698062
2755676103,488743376
2755676103,38674242
2755676103,152183348
2755676103,3304378638
2755676103,231400424
2755676103,2706550610
2755676103,185745191
2755676103,3299184967
2755676103,3061151116
2755676103,3346432744
2755676103,21434680
2755676103,155294010
2755676103,3312914552
2755676103,3322962269
2755676103,3269505942
2755676103,175323923
2755676103,1095033085
2755676103,56509384
2755676103,79256558
2755676103,32154908
2755676103,530824177
2755676103,494485268
2755676103,63169811
2755676103,36754801
2755676103,101858636
2755676103,130932591
2755676103,2734352659
2755676103,24109099
2755676103,125132502
2755676103,24181699
2755676103,1238747070
2755676103,50640639
2755676103,373684371
2755676103,1391451
2755676103,15776837
2755676103,3286573891
2755676103,22205673
2755676103,45587414
2755676103,587279303
2755676103,209202416
2755676103,215852400
2755676103,2605647811
2755676103,31406907
2755676103,22140254
2755676103,25494592
2755676103,33326333
2755676103,92528082
2755676103,76389387
2755676103,91685353
2755676103,3092702216
2755676103,24775894
2755676103,55754116
2755676103,70740491
2755676103,71565070
2755676103,61212859
2755676103,18771477
2755676103,314231514
2755676103,16680306
2755676103,22264615
2755676103,3401038899
2755676103,3389143870
2755676103,26593873
2755676103,22663414
2755676103,75361610
2755676103,2385099362
2755676103,14089195
2755676103,21201280
2755676103,89168924
2755676103,15178186
2755676103,108082820
2755676103,19704615
2755676103,18938807
2755676103,14236207
2755676103,309012820
2755676103,20362778
2755676103,26465424
2755676103,20732972
2755676103,25551882
2755676103,20763370
2755676103,24727891
2755676103,2170001352
2755676103,207773069
2755676103,15813140
2755676103,35415477
2755676103,16409781
2755676103,22209176
2755676103,605805760
2755676103,297174372
2755676103,33838201
2755676103,15670515
2755676103,30018058
2755676103,50090898
2755676103,185397767
2755676103,14874480
2755676103,19709040
2755676103,21237045
2755676103,20793816
2755676103,21786831
2755676103,19380829
2755676103,27081406
2755676103,2324977758
2755676103,2325136590
2755676103,3299235188
2755676103,52484614
2755676103,14749606
2755676103,31285982
2755676103,32468665
2755676103,106682853
2755676103,2142731
2755676103,31311757
2755676103,82978967
2755676103,38679388
2755676103,82652901
2755676103,56505125
2755676103,28201743
2755676103,5943942
2755676103,243381107
2755676103,17230018
2755676103,66515223
2755676103,74580436
2755676103,74594552
2755676103,114870386
2755676103,89986710
2755676103,2647317481
2755676103,2436038348
2755676103,33978334
2755676103,46623158
2755676103,19281986
2755676103,50707383
2755676103,8704332
2755676103,21153793
2755676103,961437326
2755676103,304043328
2755676103,2413823455
2755676103,499281642
2755676103,23617610
2755676103,25365536
2755676103,10012122
2755676103,1381543141
2755676103,2473160648
2755676103,2180339520
2755676103,236699098
2755676103,28208983
2755676103,100220864
2755676103,26565946
2755676103,20009944
2755676103,18733658
2755676103,240992483
2755676103,302871766
2755676103,3025617582
2755676103,2703437013
2755676103,2796602513
2755676103,481349413
2755676103,1947936493
2755676103,26447054
2755676103,524621547
2755676103,19398521
2755676103,31793827
2755676103,21396648
2755676103,21812094
2755676103,35947725
2755676103,14179410
2755676103,108908254
2755676103,17461964
2755676103,23740932
2755676103,33915734
2755676103,19963431
2755676103,34119271
2755676103,202338684
2755676103,33906088
2755676103,164350021
2755676103,21904650
2755676103,86650382
2755676103,20737430
2755676103,187482894
2755676103,126590839
2755676103,442676504
2755676103,3020343730
2755676103,89210395
2755676103,174676399
2755676103,240367997
2755676103,440801351
2755676103,41396381
2755676103,1342811473
2755676103,148073806
2755676103,156695280
2755676103,156687652
2755676103,20712514
2755676103,15005991
2755676103,24241544
2755676103,49056359
2755676103,385882314
2755676103,2917327863
2755676103,745396902
2755676103,2207183100
2755676103,157140968
2755676103,283040385
2755676103,326804018
2755676103,22029977
2755676103,2314467030
2755676103,537416609
2755676103,435670681
2755676103,3170596592
2755676103,424314002
2755676103,112716139
2755676103,19063472
2755676103,119419536
2755676103,1182932646
2755676103,2507157343
2755676103,2913413414
2755676103,3255051747
2755676103,46613255
2755676103,316516377
2755676103,120731806
2755676103,240812697
2755676103,339708511
2755676103,2543297630
2755676103,2876566631
2755676103,46872387
2755676103,23585763
2755676103,179221282
2755676103,22924776
2755676103,86740234
2755676103,38681183
2755676103,145589085
2755676103,253613887
2755676103,21661279
2755676103,518569756
2755676103,54232322
2755676103,316473405
2755676103,2487298267
2755676103,2803537338
2755676103,869863291
2755676103,15446126
2755676103,16924728
2755676103,21080411
2755676103,467373252
2755676103,12613282
2755676103,5893522
2755676103,29973104
2755676103,957246932
2755676103,3243992431
2755676103,14857173
2755676103,234533636
2755676103,71836972
2755676103,158327780
2755676103,249748466
2755676103,8576492
2755676103,200184279
2755676103,963918698
2755676103,93623737
2755676103,78638438
2755676103,171521731
2755676103,23084261
2755676103,138706979
2755676103,635053388
2755676103,1086485478
2755676103,1598644159
2755676103,1582853809
2755676103,2590488673
2755676103,2458549044
2755676103,999470034
2755676103,2344086775
2755676103,2342506441
2755676103,205642331
2755676103,40322986
2755676103,33887079
2755676103,21136909
2755676103,207477965
2755676103,26716388
2755676103,1344951
2755676103,20048111
2755676103,21145236
2755676103,152182188
2755676103,23311830
2755676103,344753383
2755676103,17998609
2755676103,497047417
2755676103,216393494
2755676103,260022048
2755676103,349061638
2755676103,279116369
2755676103,241218046
2755676103,405123394
2755676103,79429006
2755676103,1484913534
2755676103,67406365
2755676103,177912515
2755676103,1017690006
2755676103,52747097
2755676103,1552348932
2755676103,412149249
2755676103,1151029088
2755676103,7614292
2755676103,455871280
2755676103,593524853
2755676103,2967857375
2755676103,41565803
2755676103,395925333
2755676103,14123683
2755676103,259925559
2755676103,94166168
2755676103,1337785291
2755676103,288333760
2755676103,180733809
2755676103,399380884
2755676103,118759153
2755676103,386586538
2755676103,151532036
2755676103,255458210
2755676103,57051476
2755676103,3241366615
2755676103,16916881
2755676103,3233227435
2755676103,89211580
2755676103,2650933676
2755676103,41330603
2755676103,150740603
2755676103,378197959
2755676103,313277677
2755676103,182302611
2755676103,593603142
2755676103,73339488
2755676103,139748877
2755676103,46642070
2755676103,33863514
2755676103,34267307
2755676103,55187200
2755676103,518411982
2755676103,170239856
2755676103,510263933
2755676103,19911310
2755676103,301485781
2755676103,162180116
2755676103,3169510947
2755676103,1269809906
2755676103,3214645193
2755676103,1243559198
2755676103,3147647512
2755676103,3110170697
2755676103,3257573537
2755676103,2246561438
2755676103,130567127
2755676103,30977232
2755676103,17224163
2755676103,3147548399
2755676103,2541594422
2755676103,155486228
2755676103,224378231
2755676103,2794199362
2755676103,1603425318
2755676103,1471388005
2755676103,200287246
2755676103,8101752
2755676103,15714547
2755676103,48787628
2755676103,54972010
2755676103,19272669
2755676103,111655747
2755676103,219337672
2755676103,435943037
2755676103,3091472104
2755676103,25708664
2755676103,156004836
2755676103,253981773
2755676103,48278835
2755676103,522250263
2755676103,3893571
2755676103,331021477
2755676103,14684477
2755676103,277954743
2755676103,124139163
2755676103,2395399387
2755676103,23050743
2755676103,157969368
2755676103,31892440
2755676103,80543233
2755676103,44364729
2755676103,26782958
2755676103,28995328
2755676103,28123344
2755676103,21753919
2755676103,19644356
2755676103,66330326
2755676103,24885558
2755676103,2829185309
2755676103,3258108256
2755676103,274147338
2755676103,67261832
2755676103,886799786
2755676103,8159472
2755676103,138372303
2755676103,140070953
2755676103,789605024
2755676103,627673190
2755676103,19230601
2755676103,343627165
2755676103,713993413
2755676103,108568373
2755676103,18982572
2755676103,265902729
2755676103,47636400
2755676103,621533
2755676103,143949701
2755676103,16670996
2755676103,26851173
2755676103,17038090
2755676103,356521068
2755676103,1310201424
2755676103,449588356
2755676103,14412844
2755676103,1900708207
2755676103,280716675
2755676103,20779110
2755676103,1542533869
2755676103,2472936925
2755676103,2988286803
2755676103,17898494
2755676103,23056885
2755676103,87259922
2755676103,17185109
2755676103,35778829
2755676103,3079852444
2755676103,1901628055
2755676103,16887774
2755676103,87659724
2755676103,112856192
2755676103,551317528
2755676103,2326913132
2755676103,3022065627
2755676103,30973
2755676103,17684568
2755676103,330205850
2755676103,30020518
2755676103,148386845
2755676103,16548023
2755676103,14270254
2755676103,806133
2755676103,19029224
2755676103,36054262
2755676103,19180118
2755676103,16804762
2755676103,19261460
2755676103,66740930
2755676103,82049017
2755676103,902105053
2755676103,23266288
2755676103,2992348566
2755676103,2799544327
2755676103,3219132206
2755676103,267708331
2755676103,2712343436
2755676103,19135631
2755676103,228818826
2755676103,3243155466
2755676103,3233867684
2755676103,2510930190
2755676103,18730195
2755676103,23462787
2755676103,31714599
2755676103,3165249408
2755676103,38066701
2755676103,25109624
2755676103,246493616
2755676103,25983654
2755676103,8724862
2755676103,17813899
2755676103,176932593
2755676103,13982132
2755676103,15808647
2755676103,18036441
2755676103,15460048
2755676103,18428242
2755676103,3134524442
2755676103,5694822
2755676103,33474655
2755676103,5695032
2755676103,48289662
2755676103,39585367
2755676103,248795646
2755676103,2189546724
2755676103,32612020
2755676103,19910429
2755676103,274649460
2755676103,62290422
2755676103,84944522
2755676103,526078034
2755676103,82653721
2755676103,239505770
2755676103,502281810
2755676103,155823836
2755676103,231039819
2755676103,34888353
2755676103,336116660
2755676103,20618197
2755676103,74997194
2755676103,19284812
2755676103,1536791610
2755676103,383380509
2755676103,828885302
2755676103,454980401
2755676103,556095182
2755676103,3243353961
2755676103,82136103
2755676103,2751674533
2755676103,95951964
2755676103,619966517
2755676103,569501562
2755676103,583755030
2755676103,382362830
2755676103,714179102
2755676103,875800915
2755676103,186155444
2755676103,19266718
2755676103,1023096199
2755676103,1070929081
2755676103,478974016
2755676103,87335528
2755676103,1379390826
2755676103,102021622
2755676103,59391832
2755676103,2405422176
2755676103,3066592788
2755676103,3021297342
2755676103,17918545
2755676103,23962323
2755676103,2722756231
2755676103,70403330
2755676103,15110431
2755676103,21581503
2755676103,138471877
2755676103,23096405
2755676103,487833518
2755676103,32372834
2755676103,1435461
2755676103,3080410713
2755676103,147590684
2755676103,11856482
2755676103,21209392
2755676103,24016767
2755676103,10933662
2755676103,18531137
2755676103,2574125802
2755676103,19110632
2755676103,9676212
2755676103,20071863
2755676103,21887420
2755676103,1774391
2755676103,36184220
2755676103,173992307
2755676103,15066760
2755676103,2950296067
2755676103,2371305602
2755676103,65697614
2755676103,16348722
2755676103,18457253
2755676103,1389057282
2755676103,3051601242
2755676103,120943464
2755676103,3153784538
2755676103,3075101458
2755676103,2604954013
2755676103,305003478
2755676103,41491627
2755676103,16303106
2755676103,158414847
2755676103,151417879
2755676103,110828747
2755676103,169021842
2755676103,272629846
2755676103,27000767
2755676103,539004555
2755676103,178117805
2755676103,27758112
2755676103,18307793
2755676103,57778499
2755676103,74712538
2755676103,234053160
2755676103,98765275
2755676103,217518231
2755676103,807608628
2755676103,27760317
2755676103,161896615
2755676103,2841096553
2755676103,314792669
2755676103,19081001
2755676103,68412310
2755676103,110509537
2755676103,436292177
2755676103,297047872
2755676103,108382988
2755676103,14583400
2755676103,133880286
2755676103,2862555025
2755676103,138600717
2755676103,1969419942
2755676103,2288483827
2755676103,18863815
2755676103,1960325822
2755676103,18228898
2755676103,24886570
2755676103,2718370789
2755676103,2926293146
2755676103,338084918
2755676103,350755092
2755676103,28706024
2755676103,35094637
2755676103,285857984
2755676103,869367625
2755676103,629537782
2755676103,85603854
2755676103,79293791
2755676103,2557521
2755676103,1476661340
2755676103,245497142
2755676103,69329527
2755676103,20300453
2755676103,21195592
2755676103,2899148043
2755676103,1562935142
2755676103,1211039340
2755676103,22924012
2755676103,266991549
2755676103,294972930
2755676103,54203238
2755676103,14471621
2755676103,1642135962
2755676103,3040691306
2755676103,303737033
2755676103,1115874631
2755676103,398481823
2755676103,333311611
2755676103,3028765811
2755676103,22782297
2755676103,8728392
2755676103,255537739
2755676103,2798825880
2755676103,14679798
2755676103,1286063538
2755676103,41878061
2755676103,2911233434
2755676103,24590293
2755676103,23446053
2755676103,11994692
2755676103,2874832568
2755676103,166739404
2755676103,2843148401
2755676103,43869790
2755676103,50602093
2755676103,3009679946
2755676103,2293562214
2755676103,2601151543
2755676103,2947972189
2755676103,2907415074
2755676103,95315665
2755676103,2985487296
2755676103,105521430
2755676103,2919797178
2755676103,537533815
2755676103,2995417471
2755676103,3062513663
2755676103,3416421
2755676103,446506935
2755676103,142235924
2755676103,575842796
2755676103,685513
2755676103,13058772
2755676103,106837463
2755676103,823905
2755676103,14116807
2755676103,2866482497
2755676103,1284774642
2755676103,49594838
2755676103,1391828503
2755676103,900582427
2755676103,2477679020
2755676103,67934814
2755676103,2587848055
2755676103,542171255
2755676103,2860935135
2755676103,2200356924
2755676103,2950256480
2755676103,1503896076
2755676103,2882391828
2755676103,2994644519
2755676103,24178101
2755676103,2893915025
2755676103,2893412177
2755676103,2890864815
2755676103,2874183033
2755676103,192942213
2755676103,153154765
2755676103,1093090866
2755676103,36653615
2755676103,17683482
2755676103,21866534
2755676103,378158443
2755676103,471897125
2755676103,904232324
2755676103,765413592
2755676103,601273905
2755676103,948004938
2755676103,199905772
2755676103,2501182902
2755676103,500443406
2755676103,2525185777
2755676103,1378402890
2755676103,2907850806
2755676103,2459211614
2755676103,2910676454
2755676103,78150883
2755676103,2821299684
2755676103,2932040364
2755676103,76914187
2755676103,944390683
2755676103,151106990
2755676103,281098482
2755676103,33484246
2755676103,1061821632
2755676103,1511420731
2755676103,2795351890
2755676103,1725083148
2755676103,33980215
2755676103,57763444
2755676103,2824453640
2755676103,19051022
2755676103,8662472
2755676103,85908999
2755676103,20856282
2755676103,43852658
2755676103,58506663
2755676103,60747383
2755676103,62780688
2755676103,2837415168
2755676103,103821088
2755676103,23937508
2755676103,19405367
2755676103,8170292
2755676103,454843106
2755676103,15892162
2755676103,289592724
2755676103,34713362
2755676103,90736001
2755676103,110922804
2755676103,1330457336
2755676103,459120920
2755676103,233596271
2755676103,2903560105
2755676103,16625091
2755676103,1966175238
2755676103,1963351381
2755676103,826960248
2755676103,125995973
2755676103,20441375
2755676103,308245641
2755676103,276900575
2755676103,2157010015
2755676103,47459700
2755676103,205302299
2755676103,288304848
2755676103,18201928
2755676103,14615871
2755676103,17351972
2755676103,17683011
2755676103,987388022
2755676103,82255652
2755676103,229219088
2755676103,500042487
2755676103,64796545
2755676103,361501426
2755676103,259316918
2755676103,18676177
2755676103,17229809
2755676103,2914493716
2755676103,204698478
2755676103,47559603
2755676103,259325103
2755676103,104227735
2755676103,138749160
2755676103,36924745
2755676103,24254832
2755676103,19979590
2755676103,7514802
2755676103,3646911
2755676103,17483878
2755676103,78670429
2755676103,26265033
2755676103,17388955
2755676103,16153562
2755676103,239313282
2755676103,300355838
2755676103,21213282
2755676103,36383320
2755676103,18637730
2755676103,38596038
2755676103,194643654
2755676103,17992258
2755676103,19981142
2755676103,200163448
2755676103,15918501
2755676103,28223477
2755676103,14286496
2755676103,20798630
2755676103,275020671
2755676103,12369372
2755676103,18676162
2755676103,17895820
2755676103,16404772
2755676103,20715956
2755676103,19692478
2755676103,6580122
2755676103,7348612
2755676103,14792079
2755676103,20774514
2755676103,20142939
2755676103,2859206945
2755676103,2852952835
2755676103,25974040
2755676103,17518626
2755676103,67691067
2755676103,41683247
2755676103,21390111
2755676103,14559745
2755676103,18928144
2755676103,99625216
2755676103,19686204
2755676103,20973750
2755676103,1128284276
2755676103,28205375
2755676103,174807917
2755676103,759687799
2755676103,2308445042
2755676103,2837484211
2755676103,41476705
2755676103,381149705
2755676103,22061737
2755676103,23357735
2755676103,32036992
2755676103,21114659
2755676103,20622594
2755676103,21108916
2755676103,16965975
2755676103,32137602
2755676103,17057271
2755676103,18023887
2755676103,332069866
2755676103,66834664
2755676103,73249951
2755676103,22903765
2755676103,90891909
2755676103,40019154
2755676103,61457123
2755676103,16951979
2755676103,19663485
2755676103,2201234970
2755676103,2962872136
2755676103,30027392
2755676103,2176955431
2755676103,75069067
2755676103,2883841
2755676103,17899109
2755676103,21919812
2755676103,158145014
2755676103,75066258
2755676103,2459371
2755676103,2425151
2755676103,18049879
2755676103,278617398
2755676103,102829920
2755676103,94121048
2755676103,21201942
2755676103,1525752132
2755676103,146105775
2755676103,200293513
2755676103,52818466
2755676103,14620544
2755676103,2649991
2755676103,82159116
2755676103,278479456
2755676103,255556403
2755676103,304743606
2755676103,2826920400
2755676103,21313364
2755676103,17169390
2755676103,128179098
2755676103,364513528
2755676103,114704955
2755676103,8350912
2755676103,38142665
2755676103,14140057
2755676103,338985020
2755676103,14153416
2755676103,38395124
2755676103,23424509
2755676103,25048816
2755676103,24744541
2755676103,296470320
2755676103,1994321
2755676103,23573768
2755676103,45310003
2755676103,187814803
2755676103,71352734
2755676103,9763482
2755676103,59736898
2755676103,288659231
2755676103,281411022
2755676103,3291841
2755676103,187869078
2755676103,17463923
2755676103,8428332
2755676103,58462957
2755676103,78647372
2755676103,105231326
2755676103,18018384
2755676103,17602896
2755676103,181557773
2755676103,53006664
2755676103,34248609
2755676103,20727819
2755676103,18086960
2755676103,631478663
2755676103,194116434
2755676103,21866939
2755676103,97739866
2755676103,14840869
2755676103,23990483
2755676103,15635604
2755676103,36947388
2755676103,7309052
2755676103,14497313
2755676103,23560015
2755676103,20255162
2755676103,34676063
2755676103,15291335
2755676103,21904217
2755676103,203162990
2755676103,16537989
2755676103,26585095
2755676103,6577642
2755676103,14662354
2755676103,34655603
2755676103,16887175
2755676103,323167440
2755676103,483435119
2755676103,1684875505
2755676103,267722577
2755676103,263967989
2755676103,23769914
2755676103,22314380
2755676103,17896110
2755676103,2898387433
2755676103,2910560988
2755676103,2487103368
2755676103,21113695
2755676103,19769848
2755676103,17577792
2755676103,14934818
2755676103,10080132
2755676103,1877831
2755676103,35459922
2755676103,162069651
2755676103,42958829
2755676103,11855772
2755676103,11856142
2755676103,352160450
2755676103,8839632
2755676103,18812572
2755676103,256907427
2755676103,19390810
2755676103,24569636
2755676103,19706851
2755676103,86141342
2755676103,16826617
2755676103,94018766
2755676103,20609518
2755676103,15438913
2755676103,2513553330
2755676103,18895094
2755676103,18834709
2755676103,14362622
2755676103,14880359
2755676103,19546277
2755676103,22660726
2755676103,16631801
2755676103,14882455
2755676103,14798905
2755676103,706988569
2755676103,19923638
2755676103,73134348
2755676103,50393960
2755676103,34442404
2755676103,10228272
2755676103,66313848
2755676103,2803191
2755676103,74286565
2755676103,23406207
2755676103,5120691
2755676103,68749116
2755676103,11348282
2755676103,20536157
2755676103,141244210
2755676103,59215881
2755676103,39709725
2755676103,12592332
2755676103,400858078
2755676103,244078425
2755676103,531545749
2755676103,2500567603
2755676103,75742264
2755676103,119702452
2755676103,25049056
2755676103,1356531325
2755676103,2930115068
2755676103,2705627707
2755676103,20543416
2755676103,25067168
2755676103,35002876
2755676103,87416722
2755676103,14569869
2755676103,277495114
2755676103,380648579
2755676103,7587032
2755676103,34507480
2755676103,331703548
2755676103,52784106
2755676103,76900860
2755676103,15639642
2755676103,33522957
2755676103,166252256
2755676103,20832496
2755676103,116692211
2755676103,1219183741
2755676103,20582958
2755676103,21434307
2755676103,28646364
2755676103,78922226
2755676103,16426039
2755676103,19568167
2755676103,273552883
2755676103,24229787
2755676103,831107635
2755676103,26998889
2755676103,160589263
2755676103,314172393
2755676103,58422750
2755676103,203253392
2755676103,80473367
2755676103,17469492
2755676103,67568298
2755676103,50614203
2755676103,80815034
2755676103,239325357
2755676103,244513778
2755676103,142713268
2755676103,52551600
2755676103,329746058
2755676103,20208320
2755676103,107663128
2755676103,29157282
2755676103,20201561
2755676103,29479564
2755676103,133093395
2755676103,75974281
2755676103,50374439
2755676103,1367531
2755676103,19814175
2755676103,11873582
2755676103,239789789
2755676103,27457788
2755676103,15353894
2755676103,15317362
2755676103,14789144
2755676103,132466949
2755676103,104237736
2755676103,17469289
2755676103,22384691
2755676103,15317044
2755676103,28785486
2755676103,23643042
2755676103,19397785
2755676103,21307750
2755676103,15846407
2755676103,2836421
2755676103,15962096
2755676103,18392906
2755676103,64268212
2755676103,17220934
2755676103,66728007
2755676103,102707504
2755676103,6107422
2755676103,14138785
2755676103,16343974
2755676103,16973333
2755676103,1879831
2755676103,16929349
2755676103,109659449
2755676103,16934854
2755676103,87577315
2755676103,23857477
2755676103,17345673
2755676103,47447248
2755676103,17599655
2755676103,112243365
2755676103,112236047
2755676103,112242274
2755676103,278691695
2755676103,22419717
2755676103,50845458
2755676103,2774271739
2755676103,19407053
2755676103,32012825
2755676103,454395581
2755676103,48771036
2755676103,14650248
2755676103,14800270
2755676103,21744554
2755676103,35749264
2755676103,137645230
2755676103,19066345
2755676103,18807671
2755676103,15492359
2755676103,972651
2755676103,19247844
2755676103,19148708
2755676103,18138157
2755676103,20506424
2755676103,18334825
2755676103,20402945
2755676103,9411482
2755676103,9245812
2755676103,15108702
2755676103,43158428
2755676103,141052723
2755676103,20667335
2755676103,23484039
2755676103,21401466
2755676103,16193578
2755676103,348379865
2755676103,326359913
2755676103,85772748
2755676103,199194717
2755676103,126614785
2755676103,16096416
2755676103,25326324
2755676103,19904728
2755676103,33895079
2755676103,17711659
2755676103,19910996
2755676103,25319819
2755676103,2222654714
2755676103,1978799598
2755676103,15012486
2755676103,16334857
2755676103,11014272
2755676103,1754641
2755676103,25070893
2755676103,28140646
2755676103,48038366
2755676103,59206891
2755676103,400364618
2755676103,858046417
2755676103,30180137
2755676103,350040640
2755676103,1060243604
2755676103,2830674367
2755676103,2315423574
2755676103,621523
2755676103,2884771
2755676103,28158136
2755676103,32469566
2755676103,14791162
2755676103,4898091
2755676103,122728088
2755676103,21870570
2755676103,14511951
2755676103,2467791
2755676103,76956266
2755676103,72258470
2755676103,47611921
2755676103,188411214
2755676103,34222502
2755676103,178288103
2755676103,297890559
2755676103,111631534
2755676103,15748390
2755676103,387562192
2755676103,5056521
2755676103,29317434
2755676103,72520597
2755676103,19864285
2755676103,5056421
2755676103,16576356
2755676103,1690412382
2755676103,2905301277
2755676103,24691376
2755676103,64032200
2755676103,19211048
2755676103,12804422
2755676103,195299395
2755676103,72589436
2755676103,52983794
2755676103,413500978
2755676103,548773433
2755676103,131232596
2755676103,16010685
2755676103,24674497
2755676103,34080631
2755676103,20332679
2755676103,1440641
2755676103,62564311
2755676103,23605171
2755676103,17623957
2755676103,373363847
2755676103,56396826
2755676103,159418453
2755676103,268376525
2755676103,96584103
2755676103,16365636
2755676103,14376953
2755676103,18014805
2755676103,43306320
2755676103,26874452
2755676103,22750542
2755676103,14957357
2755676103,409486555
2755676103,92367751
2755676103,83795099
2755676103,153629442
2755676103,16664681
2755676103,809104339
2755676103,5402612
2755676103,30313925
2755676103,22627258
2755676103,249677516
2755676103,759251
2755676103,395218906
2755676103,15754281
2755676103,166507237
2755676103,20380673
2755676103,51468445
2755676103,6017542
2755676103,19867777
2755676103,107472906
2755676103,18667907
2755676103,36083059
2755676103,41389093
2755676103,7905122
2755676103,25589776
2755676103,21182676
2755676103,31237480
2755676103,7996082
2755676103,17311493
2755676103,1253199619
2755676103,35009875
2755676103,267399199
2755676103,19606528
2755676103,31039892
2755676103,91478624
2755676103,18736858
2755676103,25053299
2755676103,32359921
2755676103,67358777
2755676103,20562637
2755676103,17219044
2755676103,26875700
2755676103,3459051
2755676103,51139089
2755676103,45577446
2755676103,14173315
2755676103,38704343
2755676103,45564482
2755676103,35773039
2755676103,33933259
2755676103,171165627
2755676103,19923144
2755676103,49910635
2755676103,69400458
2755676103,82901380
2755676103,73922084
2755676103,120181944
2755676103,16958346
2755676103,14050550
2755676103,15566901
2755676103,15238124
2755676103,87818409
2755676103,461195416
2755676103,185260477
2755676103,246231076
2755676103,315002750
2755676103,1114731362
2755676103,42596648
2755676103,14282132
2755676103,175419546
2755676103,67339136
2755676103,82593060
2755676103,130113110
2755676103,38440548
2755676103,24663531
2755676103,20439102
2755676103,83525011
2755676103,146191393
2755676103,20652237
2755676103,22906929
2755676103,28340054
2755676103,1023127716
2755676103,17087304
2755676103,50263701
2755676103,1173457508
2755676103,313911238
2755676103,96888361
2755676103,188762829
2755676103,1325443478
2755676103,2388223622
2755676103,59725419
2755676103,2349948985
2755676103,16313140
2755676103,331803536
2755676103,19881931
2755676103,17560195
2755676103,22196902
2755676103,14955620
2755676103,243581808
2755676103,82704754
2755676103,14109159
2755676103,18201801
2755676103,70658420
2755676103,141266003
2755676103,43366491
2755676103,402646176
2755676103,15135958
2755676103,33860739
2755676103,16336998
2755676103,23815359
2755676103,1239671
2755676103,16568227
2755676103,16517711
2755676103,44128516
2755676103,44084633
2755676103,78021221
2755676103,18647765
2755676103,24047612
2755676103,72568426
2755676103,60054156
2755676103,73359920
2755676103,136361303
2755676103,20177423
2755676103,155949831
2755676103,23482952
2755676103,15279429
2755676103,15933910
2755676103,40965341
2755676103,16345202
2755676103,34258758
2755676103,27844479
2755676103,15632759
2755676103,15735744
2755676103,50627903
2755676103,742143
2755676103,17471979
2755676103,17842366
2755676103,15110357
2755676103,27860681
2755676103,69554756
2755676103,18559380
2755676103,20596281
2755676103,109720244
2755676103,26792275
2755676103,39922594
2755676103,107257595
2755676103,16145473
2755676103,53096584
2755676103,1652541
2755676103,69231187
2755676103,97225627
2755676103,571202103
2755676103,111504976
2755676103,106348473
2755676103,28137012
2755676103,15861220
2755676103,44338955
2755676103,786764
2755676103,22908136
2755676103,116469425
2755676103,242359351
2755676103,1109452214
2755676103,19277186
2755676103,39511166
2755676103,104277809
2755676103,104609172
2755676103,164263382
2755676103,515838635
2755676103,613432565
2755676103,28305267
2755676103,950451474
2755676103,14361155
2755676103,20685044
2755676103,14159148
2755676103,17137628
2755676103,262359713
2755676103,386742828
2755676103,16672510
2755676103,15723290
2755676103,156651229
2755676103,3108351
2755676103,30070288
2755676103,23674342
2755676103,15723971
2755676103,1876367312
2755676103,2405790635
2755676103,415859364
2755676103,203144854
2755676103,300114634
2755676103,20348431
2755676103,17844024
2755676103,14499829
2755676103,38146999
2755676103,27830610
2755676103,46003622
2755676103,20646711
2755676103,51241574
2755676103,260928758
2755676103,788524
2755676103,2097571
2755676103,65150447
2755676103,14785784
2755676103,15994601
2755676103,25311070
2755676103,612473
2755676103,18949452
2755676103,42604302
2755676103,126017903
2755676103,465358817
2755676103,19074134
2755676103,172887401
2755676103,237830866
2755676103,145203739
2755676103,276013619
2755676103,775761504
2755676103,1618668570
2755676103,246930444
2755676103,1191549973
2755676103,1577775661
2755676103,2401815752
2755676103,447285082
2755676103,2550413736
2755676103,850627850
2755676103,2447233878
2755676103,202223885
2755676103,581027998
2755676103,318321002
2755676103,207360595
2755676103,361830235
2755676103,204187307
2755676103,48244917
2755676103,282012623
2755676103,15340514
2755676103,413240343
2755676103,23993734
2755676103,24994219
2755676103,586671909
2755676103,14842285
2755676103,21066857
2755676103,271004511
2755676103,16655930
2755676103,16042794
2755676103,38400130
2755676103,16300314
2755676103,83388545
2755676103,29383691
2755676103,18971490
2755676103,66837674
2755676103,1369324062
2755676103,19627705
2755676103,18910689
2755676103,19819381
2755676103,41337901
2755676103,147463326
2755676103,22009731
2755676103,22127667
2755676103,21298320
2755676103,8223872
2755676103,24799500
2755676103,26012202
2755676103,118116698
2755676103,582916398
2755676103,15767831
2755676103,7424642
2755676103,69378169
2755676103,22827600
2755676103,783214
2755676103,19386949
2755676103,15969142
2755676103,2913576825
2755676103,121406363
2755676103,329888323
2755676103,1358872147
2755676103,1277662177
2755676103,118046102
2755676103,63286648
2755676103,2601881845
2755676103,2913764006
2755676103,2517320441
2755676103,15057943
2755676103,5225991
2755676103,132887265
2755676103,23421880
2755676103,15485441
2755676103,1641402804
2755676103,20674829
2755676103,21238039
2755676103,26576457
2755676103,14289603
2755676103,19639085
2755676103,51040617
2755676103,14362241
2755676103,607316347
2755676103,62816265
2755676103,27460003
2755676103,24150634
2755676103,198618575
2755676103,206717989
2755676103,157981564
2755676103,2155430358
2755676103,36329597
2755676103,125735734
2755676103,1097836022
2755676103,40872043
2755676103,14847636
2755676103,70186440
2755676103,20809515
2755676103,20781929
2755676103,9459622
2755676103,22637074
2755676103,1615685677
2755676103,20843014
2755676103,26775098
2755676103,20448566
2755676103,14746456
2755676103,18679659
2755676103,19686295
2755676103,18135386
2755676103,19921389
2755676103,428333
2755676103,8665572
2755676103,19889294
2755676103,21783395
2755676103,16632149
2755676103,16631331
2755676103,16631693
2755676103,14758257
2755676103,16451028
2755676103,15391813
2755676103,406416737
2755676103,16854780
2755676103,961057693
2755676103,213908581
2755676103,29056473
2755676103,2672687254
2755676103,53010169
2755676103,1451345275
2755676103,1249049082
2755676103,5988062
2755676103,14293310
2755676103,27270195
2755676103,25720499
2755676103,813286
2755676103,23585685
2755676103,25535042
2755676103,16632219
2755676103,97488105
2755676103,16171953
2755676103,14677919
2755676103,18665800
2755676103,21138477
2755676103,273595953
2755676103,19712523
2755676103,121167080
2755676103,20015311
2755676103,395388847
2755676103,22280318
2755676103,9995692
2755676103,59486068
2755676103,19903099
2755676103,241100784
2755676103,14684733
2755676103,19490380
2755676103,21126842
2755676103,2443723459
2755676103,14780915
2755676103,8665852
2755676103,231886068
2755676103,83076675
2755676103,948552829
2755676103,52782073
2755676103,39776107
2755676103,17595890
2755676103,725823020
2755676103,413432210
2755676103,233600977
2755676103,2728993987
2755676103,20214495
2755676103,24706309
2755676103,85367385
2755676103,381459660
2755676103,19300268
2755676103,115485051
2755676103,94081671
2755676103,807095
2755676103,132529693
2755676103,19245318
2755676103,15392221
2755676103,17884125
2755676103,26276346
2755676103,21390674
2755676103,251716551
2755676103,17163446
2755676103,1246400988
2755676103,18765554
2755676103,197824661
2755676103,2561091
2755676103,759635226
2755676103,19033555
2755676103,15683146
2755676103,19394887
2755676103,19247625
2755676103,19564523
2755676103,19396335
2755676103,84217370
2755676103,49781518
2755676103,19186180
2755676103,77618711
2755676103,23263743
2755676103,18075140
2755676103,2377956333
2755676103,1353921439
2755676103,1867717554
2755676103,24508659
2755676103,57343765
2755676103,423470368
2755676103,198462475
2755676103,363270857
2755676103,2507897952
2755676103,210669584
2755676103,735143
2755676103,21999354
2755676103,568423814
