2760525137,140048972
2760525137,763846549
2760525137,1330179116
2760525137,1201604624
2760525137,1238841259
2760525137,948552829
2760525137,1591744566
2760525137,92786060
2760525137,3099049666
2760525137,21447363
2760525137,1949614309
2760525137,1205565590
2760525137,110446795
2760525137,1652788790
2760525137,563014925
2760525137,188704811
2760525137,320061810
2760525137,123969517
2760525137,2888761832
2760525137,1152103338
2760525137,2977383136
2760525137,305890856
2760525137,299831950
2760525137,348211958
2760525137,468870042
2760525137,7669252
2760525137,62856490
2760525137,2868742432
2760525137,2849604171
2760525137,180680749
2760525137,34882152
2760525137,512121245
2760525137,578174607
2760525137,516494353
2760525137,2801661947
2760525137,166483822
2760525137,227381143
2760525137,1452239473
2760525137,11160822
2760525137,158469029
2760525137,29711532
2760525137,8161232
2760525137,1834430064
2760525137,340916009
2760525137,19091498
2760525137,194303585
2760525137,106440962
2760525137,26274219
2760525137,308982467
2760525137,13907012
2760525137,485707550
2760525137,63163466
2760525137,2427251588
2760525137,28101951
2760525137,373617611
2760525137,2558484630
2760525137,460086154
2760525137,202976339
2760525137,66124383
2760525137,2337400040
2760525137,84883403
2760525137,35996933
2760525137,1620361729
2760525137,308146299
2760525137,110977513
2760525137,2739448278
2760525137,105928156
2760525137,626843730
2760525137,1435415100
2760525137,21289030
2760525137,198238749
2760525137,452814414
2760525137,74930641
2760525137,14273439
2760525137,8792572
2760525137,2362837080
2760525137,4093181
2760525137,14157401
2760525137,1359947006
2760525137,44215466
2760525137,74924273
2760525137,41487361
2760525137,71604219
2760525137,82304421
2760525137,43664690
2760525137,121759418
2760525137,40212757
