2809026838,123754656
2809026838,126118232
2809026838,2222188166
2809026838,231703688
2809026838,16683666
2809026838,20794341
2809026838,20923305
2809026838,21195865
2809026838,150677740
2809026838,3099484060
2809026838,1100351
2809026838,18549724
2809026838,29956924
2809026838,9317502
2809026838,103065157
2809026838,3044738957
2809026838,14946308
2809026838,471287735
2809026838,17311493
2809026838,20781929
2809026838,35225144
2809026838,18856867
2809026838,300868924
2809026838,1013400612
2809026838,439437576
2809026838,2432213029
2809026838,965741665
2809026838,14897963
2809026838,2331830774
2809026838,417419122
2809026838,1117046706
2809026838,14385324
2809026838,393637870
2809026838,32429400
2809026838,16003760
2809026838,3308456165
2809026838,120686394
2809026838,19826509
2809026838,20280065
2809026838,3395514262
2809026838,608167078
2809026838,3404100525
2809026838,3044610747
2809026838,77773446
2809026838,2469919447
2809026838,11178902
2809026838,2291331547
2809026838,3379719197
2809026838,1615685677
2809026838,3138341447
2809026838,21197419
2809026838,1571270053
2809026838,2208092273
2809026838,2294193110
2809026838,296141234
2809026838,17152053
2809026838,174318818
2809026838,16705726
2809026838,17878804
2809026838,188063559
2809026838,449033066
2809026838,2156558460
2809026838,856010760
2809026838,1662057727
2809026838,409532041
2809026838,1255030290
2809026838,54565736
2809026838,38879127
2809026838,188736341
2809026838,927783252
2809026838,48163821
2809026838,3340757009
2809026838,121226126
2809026838,19811190
2809026838,2837919371
2809026838,60900794
2809026838,18949452
2809026838,948552829
2809026838,69002929
2809026838,281093434
2809026838,403331236
2809026838,208517176
2809026838,138717046
2809026838,3309190727
2809026838,40129171
2809026838,33622115
2809026838,476072457
2809026838,28565356
2809026838,19713622
2809026838,403761570
2809026838,394659559
2809026838,1305556297
2809026838,106789255
2809026838,2903237263
2809026838,2624299231
2809026838,51205137
2809026838,15342208
2809026838,888796399
2809026838,234343491
2809026838,2872161425
2809026838,775605266
2809026838,1863018079
2809026838,1709864132
2809026838,158044902
2809026838,242704372
2809026838,2977900810
2809026838,83466368
2809026838,3097904116
2809026838,54955991
2809026838,43346844
2809026838,451735273
2809026838,240251200
2809026838,19083439
2809026838,324077034
2809026838,3049358070
2809026838,77528520
2809026838,2220183580
2809026838,2757093256
2809026838,583938358
2809026838,213724443
2809026838,29422232
2809026838,118680576
2809026838,73760208
2809026838,19224439
2809026838,29707536
2809026838,3014711811
2809026838,304909941
2809026838,288909699
2809026838,225443793
2809026838,101002059
2809026838,1856512344
2809026838,17006157
2809026838,14746456
2809026838,125071209
2809026838,517527227
2809026838,1963312058
2809026838,1960825746
2809026838,2292454922
2809026838,342705072
2809026838,279642533
2809026838,20058825
2809026838,2860185610
2809026838,183213553
2809026838,14313123
2809026838,14074967
2809026838,308328105
2809026838,421972870
2809026838,1480749782
2809026838,348345136
2809026838,250038860
2809026838,462747348
2809026838,410070653
2809026838,259323371
2809026838,579815204
2809026838,234743489
2809026838,2421073909
2809026838,820190174
2809026838,74987950
2809026838,25098482
2809026838,469280888
2809026838,460002683
2809026838,28114871
2809026838,1364930179
2809026838,157981564
2809026838,18135386
2809026838,16171953
2809026838,1533588679
2809026838,21050953
2809026838,358134245
2809026838,236526490
2809026838,2645325126
2809026838,1060578475
2809026838,169426475
2809026838,17675072
2809026838,376819013
2809026838,771383605
2809026838,196994616
2809026838,17624543
2809026838,80024060
2809026838,17693232
2809026838,1292292907
2809026838,25981952
2809026838,125879595
2809026838,123754656
2809026838,126118232
2809026838,2222188166
2809026838,231703688
2809026838,16683666
2809026838,20794341
2809026838,20923305
2809026838,21195865
2809026838,150677740
2809026838,3099484060
2809026838,1100351
2809026838,18549724
2809026838,29956924
2809026838,9317502
2809026838,103065157
2809026838,3044738957
2809026838,14946308
2809026838,471287735
2809026838,17311493
2809026838,20781929
2809026838,35225144
2809026838,18856867
2809026838,300868924
2809026838,1013400612
2809026838,439437576
2809026838,2432213029
2809026838,965741665
2809026838,14897963
2809026838,2331830774
2809026838,417419122
2809026838,1117046706
2809026838,14385324
2809026838,393637870
2809026838,32429400
2809026838,16003760
2809026838,3308456165
2809026838,120686394
2809026838,19826509
2809026838,20280065
2809026838,3395514262
2809026838,608167078
2809026838,3404100525
2809026838,3044610747
2809026838,77773446
2809026838,2469919447
2809026838,11178902
2809026838,2291331547
2809026838,3379719197
2809026838,1615685677
2809026838,3138341447
2809026838,21197419
2809026838,1571270053
2809026838,2208092273
2809026838,2294193110
2809026838,296141234
2809026838,17152053
2809026838,174318818
2809026838,16705726
2809026838,17878804
2809026838,188063559
2809026838,449033066
2809026838,2156558460
2809026838,856010760
2809026838,1662057727
2809026838,409532041
2809026838,1255030290
2809026838,54565736
2809026838,38879127
2809026838,188736341
2809026838,927783252
2809026838,48163821
2809026838,3340757009
2809026838,121226126
2809026838,19811190
2809026838,2837919371
2809026838,60900794
2809026838,18949452
2809026838,948552829
2809026838,69002929
2809026838,281093434
2809026838,403331236
2809026838,208517176
2809026838,138717046
2809026838,3309190727
2809026838,40129171
2809026838,33622115
2809026838,476072457
2809026838,28565356
2809026838,19713622
2809026838,403761570
2809026838,394659559
2809026838,1305556297
2809026838,106789255
2809026838,2903237263
2809026838,2624299231
2809026838,51205137
2809026838,15342208
2809026838,888796399
2809026838,234343491
2809026838,2872161425
2809026838,775605266
2809026838,1863018079
2809026838,1709864132
2809026838,158044902
2809026838,242704372
2809026838,2977900810
2809026838,83466368
2809026838,3097904116
2809026838,54955991
2809026838,43346844
2809026838,451735273
2809026838,240251200
2809026838,19083439
2809026838,324077034
2809026838,3049358070
2809026838,77528520
2809026838,2220183580
2809026838,2757093256
2809026838,583938358
2809026838,213724443
2809026838,29422232
2809026838,118680576
2809026838,73760208
2809026838,19224439
2809026838,29707536
2809026838,3014711811
2809026838,304909941
2809026838,288909699
2809026838,225443793
2809026838,101002059
2809026838,1856512344
2809026838,17006157
2809026838,14746456
2809026838,125071209
2809026838,517527227
2809026838,1963312058
2809026838,1960825746
2809026838,2292454922
2809026838,342705072
2809026838,279642533
2809026838,20058825
2809026838,2860185610
2809026838,183213553
2809026838,14313123
2809026838,14074967
2809026838,308328105
2809026838,421972870
2809026838,1480749782
2809026838,348345136
2809026838,250038860
2809026838,462747348
2809026838,410070653
2809026838,259323371
2809026838,579815204
2809026838,234743489
2809026838,2421073909
2809026838,820190174
2809026838,74987950
2809026838,25098482
2809026838,469280888
2809026838,460002683
2809026838,28114871
2809026838,1364930179
2809026838,157981564
2809026838,18135386
2809026838,16171953
2809026838,1533588679
2809026838,21050953
2809026838,358134245
2809026838,236526490
2809026838,2645325126
2809026838,1060578475
2809026838,169426475
2809026838,17675072
2809026838,376819013
2809026838,771383605
2809026838,196994616
2809026838,17624543
2809026838,80024060
2809026838,17693232
2809026838,1292292907
2809026838,25981952
2809026838,125879595
