2818840214,4569535167
2818840214,119790362
2818840214,1566847200
2818840214,3065843607
2818840214,191721901
2818840214,3728979196
2818840214,140571135
2818840214,3446956637
2818840214,192118568
2818840214,74243131
2818840214,97717418
2818840214,204198030
2818840214,500910390
2818840214,469410602
2818840214,123414909
2818840214,311702589
2818840214,3332127970
2818840214,2293540190
2818840214,4809513587
2818840214,146735339
2818840214,34586817
2818840214,125944875
2818840214,1540652365
2818840214,4786260339
2818840214,180435933
2818840214,343005812
2818840214,212126637
2818840214,263997406
2818840214,3125154047
2818840214,130278427
2818840214,1107730952
2818840214,50002594
2818840214,3457500982
2818840214,816043171
2818840214,223186941
2818840214,241163009
2818840214,252694813
2818840214,73202706
2818840214,333004541
2818840214,299908473
2818840214,122802136
2818840214,185912639
2818840214,957150254
2818840214,147859496
2818840214,165182398
2818840214,3402169396
2818840214,387435731
2818840214,133079072
2818840214,1925838469
2818840214,3344179829
2818840214,35776604
2818840214,883358683
2818840214,158497464
2818840214,61103270
2818840214,109089324
2818840214,169982864
2818840214,1198665265
2818840214,3333905409
2818840214,318256680
2818840214,201067069
2818840214,1246540122
2818840214,364040947
2818840214,161380668
2818840214,3026863811
2818840214,35733038
2818840214,50314892
2818840214,18394759
2818840214,16393975
2818840214,4502513122
2818840214,64049292
2818840214,51914774
2818840214,141391994
2818840214,86574872
2818840214,291715295
2818840214,4268266173
2818840214,2983503507
2818840214,554943993
2818840214,520599560
2818840214,79367977
2818840214,29223956
2818840214,185688046
2818840214,17337093
2818840214,18637092
2818840214,188083059
2818840214,132570884
2818840214,1327249620
2818840214,2384043481
2818840214,212209827
2818840214,373642650
2818840214,150248263
2818840214,175914955
2818840214,160998065
2818840214,2489069713
2818840214,155129878
2818840214,1258216766
2818840214,472073117
2818840214,229193182
2818840214,419203651
2818840214,353822849
2818840214,65360466
2818840214,1389475430
2818840214,4065021712
2818840214,3314787002
2818840214,3014877580
2818840214,175743358
2818840214,3406167058
2818840214,4572512787
2818840214,2769049532
2818840214,108968018
2818840214,368129599
2818840214,247952938
2818840214,2962240077
2818840214,141943563
2818840214,304577661
2818840214,1317565716
2818840214,4416500843
2818840214,430072775
2818840214,4515126989
2818840214,438510691
2818840214,586933252
2818840214,19722366
2818840214,42848066
2818840214,175131520
2818840214,542017355
2818840214,4364836528
2818840214,287037829
2818840214,1644228493
2818840214,4579311973
2818840214,403491913
2818840214,1469894064
2818840214,4536762869
2818840214,6791712
2818840214,151734578
2818840214,302012978
2818840214,156612234
2818840214,2904762790
2818840214,304978850
2818840214,2309408550
2818840214,186948220
2818840214,330235698
2818840214,770215975
2818840214,600567553
2818840214,139541024
2818840214,181762544
2818840214,4449919888
2818840214,3395851300
2818840214,1077574926
2818840214,87097803
2818840214,3026573362
2818840214,3195411406
2818840214,203006410
2818840214,344469802
2818840214,118864905
2818840214,17541195
2818840214,142684449
2818840214,364383398
2818840214,231222291
2818840214,169898490
2818840214,179795965
2818840214,122067159
2818840214,1163551304
2818840214,3298630360
2818840214,394450974
2818840214,1584076484
2818840214,137879024
2818840214,67486098
2818840214,238241457
2818840214,91695480
2818840214,61631756
2818840214,64839766
2818840214,2866453553
2818840214,269820826
2818840214,3409036546
2818840214,2999938552
2818840214,153900887
2818840214,186688461
2818840214,3363341025
2818840214,169637010
2818840214,132044792
2818840214,45186008
2818840214,285912689
2818840214,885618884
2818840214,309142071
2818840214,166479980
2818840214,64643056
2818840214,627904763
2818840214,2373627522
2818840214,77009449
2818840214,83857026
2818840214,170490710
2818840214,2916009329
2818840214,57418188
2818840214,2314263902
2818840214,3142341197
2818840214,334602996
2818840214,2292454922
2818840214,17006157
2818840214,196340158
2818840214,52076011
2818840214,3157915022
2818840214,109040582
2818840214,29622459
2818840214,21772289
2818840214,259190375
2818840214,221972744
2818840214,2792322042
2818840214,355464109
2818840214,4428255352
2818840214,21361705
2818840214,174345178
2818840214,102094084
2818840214,4061415040
2818840214,1264500066
2818840214,2479890480
2818840214,138245415
2818840214,131068673
2818840214,76727519
2818840214,335969426
2818840214,383257612
2818840214,29715245
2818840214,3029041299
2818840214,222212204
2818840214,222526674
2818840214,147770103
2818840214,186132731
2818840214,950932962
2818840214,30271689
2818840214,1465710098
2818840214,450200372
2818840214,575885116
2818840214,4105102085
2818840214,1064257861
2818840214,252605344
2818840214,2174744841
2818840214,105297698
2818840214,348450378
2818840214,500317946
2818840214,4237792295
2818840214,151088329
2818840214,378407040
2818840214,446645100
2818840214,2372394925
2818840214,324723630
2818840214,3302725719
2818840214,189722936
2818840214,79749136
2818840214,122660433
2818840214,18265605
2818840214,15158117
2818840214,539199365
2818840214,934783297
2818840214,98079147
2818840214,102095809
2818840214,3091376321
2818840214,2531053765
2818840214,440953151
2818840214,43499582
2818840214,550114106
2818840214,594724618
2818840214,132638001
2818840214,1550707568
2818840214,4258777583
2818840214,2702100530
2818840214,2227530506
2818840214,1228337593
2818840214,527025181
2818840214,367893684
2818840214,1926431491
2818840214,4181570277
2818840214,66816631
2818840214,615542572
2818840214,1161136494
2818840214,134221261
2818840214,361633279
2818840214,160004720
2818840214,177941755
2818840214,394657050
2818840214,596251856
2818840214,159480540
2818840214,76850095
2818840214,171997422
2818840214,138072143
2818840214,173261820
2818840214,4098163353
2818840214,108128817
2818840214,312706045
2818840214,150838492
2818840214,194636174
2818840214,3392170522
2818840214,120128401
2818840214,66264150
2818840214,25352511
2818840214,3328446988
2818840214,117251043
2818840214,166192078
2818840214,202019192
2818840214,156992213
2818840214,2375789294
2818840214,608569445
2818840214,483333360
2818840214,2499551000
2818840214,628605998
2818840214,3339961929
2818840214,177021061
2818840214,186584578
2818840214,214777467
2818840214,82964066
2818840214,509090825
2818840214,521582546
2818840214,1558059018
2818840214,344883981
2818840214,235138018
2818840214,3060247065
2818840214,2800811521
2818840214,155669017
2818840214,863431596
2818840214,2666721476
2818840214,303282719
2818840214,573737792
2818840214,244714785
2818840214,3227303327
2818840214,925686426
2818840214,2391530083
2818840214,4075253549
2818840214,88219820
2818840214,58057902
2818840214,382169591
2818840214,120314537
2818840214,325652787
2818840214,322349567
2818840214,314687897
2818840214,2421066960
2818840214,127570648
2818840214,322172045
2818840214,157163761
2818840214,67657313
2818840214,209387176
2818840214,198767890
2818840214,399006601
2818840214,135970998
2818840214,2307092082
2818840214,3447672321
2818840214,2381979206
2818840214,382635219
2818840214,2575049887
2818840214,3374198391
2818840214,3207508701
2818840214,3365118071
2818840214,2565868699
2818840214,155388668
2818840214,2916305152
2818840214,178840402
2818840214,152752760
2818840214,301111144
2818840214,344940001
2818840214,429492301
2818840214,3876411353
2818840214,3129954154
2818840214,1120785978
2818840214,162039896
2818840214,1002626851
2818840214,889261315
2818840214,2335764169
2818840214,2493471254
2818840214,148536486
2818840214,379919641
2818840214,2285275704
2818840214,1346981600
2818840214,101341289
2818840214,162099154
2818840214,1725825366
2818840214,1288792658
2818840214,1067214996
2818840214,2655312990
2818840214,267960594
2818840214,2673826854
2818840214,192340503
2818840214,161705098
2818840214,21656088
2818840214,503499117
2818840214,2983350682
2818840214,1600161152
2818840214,3340434136
2818840214,161737679
2818840214,247594216
2818840214,74167663
2818840214,406196908
2818840214,3405989289
2818840214,338408344
2818840214,184171256
2818840214,186620277
2818840214,448209344
2818840214,62899750
2818840214,243360741
2818840214,3040344879
2818840214,3763467682
2818840214,1025804738
2818840214,3310183564
2818840214,131927004
2818840214,396816166
2818840214,10718792
2818840214,122134040
2818840214,100014747
2818840214,58255815
2818840214,119992583
2818840214,146958601
2818840214,178491518
2818840214,2202498345
2818840214,1034569116
2818840214,3125388658
2818840214,367522479
2818840214,66540680
2818840214,202731889
2818840214,192016657
2818840214,379887747
2818840214,42858657
2818840214,3524773043
2818840214,42097354
2818840214,376483785
2818840214,135951915
2818840214,1472238307
2818840214,1969084022
2818840214,3222879129
2818840214,49309542
2818840214,2458918931
2818840214,535086555
2818840214,2400112285
2818840214,84673660
2818840214,216726776
2818840214,1226388188
2818840214,369083907
2818840214,166720896
2818840214,162180555
2818840214,35987013
2818840214,185617867
2818840214,308109844
2818840214,181757459
2818840214,219327571
2818840214,90933327
2818840214,144929758
2818840214,3462240803
2818840214,62415521
2818840214,317214518
2818840214,133709304
2818840214,1517396815
2818840214,331899705
2818840214,459886423
2818840214,533102852
2818840214,125553513
2818840214,3298830785
2818840214,50061474
2818840214,1317091692
2818840214,3088472738
2818840214,2974534815
2818840214,766715899
2818840214,74504135
2818840214,3428584629
2818840214,385728818
2818840214,250992378
2818840214,114480613
2818840214,143581761
2818840214,311551514
2818840214,1642223550
2818840214,164501179
2818840214,743786622
2818840214,2177019944
2818840214,124690469
2818840214,535633686
2818840214,284811417
2818840214,302013836
2818840214,317543450
2818840214,1089067273
2818840214,196447332
2818840214,2849429015
2818840214,540831507
2818840214,77418954
2818840214,2158033049
2818840214,1493541859
2818840214,271719026
2818840214,3119942679
2818840214,135620785
2818840214,160719626
2818840214,3210578472
2818840214,121604993
2818840214,444381011
2818840214,308651878
2818840214,168944167
2818840214,2218561764
2818840214,584683964
2818840214,2158073526
2818840214,296005306
2818840214,139556774
2818840214,3233593199
2818840214,143685841
2818840214,1416912774
2818840214,2786609149
2818840214,247408803
2818840214,2183006808
2818840214,486754332
2818840214,102069251
2818840214,145834028
2818840214,204382127
2818840214,2147978706
2818840214,3380480968
2818840214,103614732
2818840214,122947207
2818840214,415816193
2818840214,204462985
2818840214,168325529
2818840214,1927363135
2818840214,146686491
2818840214,347588167
2818840214,197858174
2818840214,2699084844
2818840214,1433204424
2818840214,3317553431
2818840214,143905294
2818840214,526020054
2818840214,563460816
2818840214,102139370
2818840214,2474623712
2818840214,265188622
2818840214,239200202
2818840214,878235842
2818840214,40255499
2818840214,450994738
2818840214,216960357
2818840214,3322255043
2818840214,166174905
2818840214,155708546
2818840214,170467507
2818840214,921274771
2818840214,2753178396
2818840214,2910840034
2818840214,237409202
2818840214,632388994
2818840214,187962306
2818840214,3347182823
2818840214,268402701
2818840214,157044130
2818840214,319942757
2818840214,5835972
2818840214,50314063
2818840214,253311947
2818840214,249990265
2818840214,2300419872
2818840214,2444086279
2818840214,139820970
2818840214,178045174
2818840214,291356337
2818840214,3294163739
2818840214,1289558106
2818840214,943803871
2818840214,559918492
2818840214,268278291
2818840214,186998158
2818840214,407230629
2818840214,2756059452
2818840214,211583453
2818840214,276169885
2818840214,25061638
2818840214,729346171
2818840214,2632625670
2818840214,381646393
2818840214,934340756
2818840214,2691092353
2818840214,2545081046
2818840214,1446745285
2818840214,141286250
2818840214,3159176790
2818840214,1735331352
2818840214,1871787127
2818840214,3198004259
2818840214,162877093
2818840214,1551537043
2818840214,1551163482
2818840214,22890284
2818840214,124274523
2818840214,3000998845
2818840214,156025054
2818840214,206345138
2818840214,138018060
2818840214,29288086
2818840214,182256671
2818840214,2412666540
2818840214,291316382
2818840214,516151851
2818840214,1069080404
2818840214,154967870
2818840214,143473787
2818840214,2894007711
2818840214,2972516435
2818840214,815361638
2818840214,3314371337
2818840214,1153761006
2818840214,712975326
2818840214,3071559803
2818840214,17428987
2818840214,145677457
2818840214,1664054846
2818840214,81173307
2818840214,459843263
2818840214,73935457
2818840214,426577169
2818840214,2363228568
2818840214,388914859
2818840214,69213435
2818840214,1236825625
2818840214,266061494
2818840214,384570470
2818840214,2752196963
2818840214,2488582381
2818840214,3098127292
2818840214,344478983
2818840214,153238109
2818840214,130952346
2818840214,360007780
2818840214,562854389
2818840214,10668832
2818840214,131324840
2818840214,1475504383
2818840214,236568813
2818840214,713516450
2818840214,349106585
2818840214,435214220
2818840214,77338274
2818840214,3011494593
2818840214,1108291232
2818840214,1001682438
2818840214,274623889
2818840214,233082411
2818840214,3122772059
2818840214,404263928
2818840214,42540043
2818840214,1942514504
2818840214,211696619
2818840214,843704833
2818840214,220433012
2818840214,183801594
2818840214,530949745
2818840214,190913979
2818840214,272124928
2818840214,17028456
2818840214,123325544
2818840214,142576237
2818840214,1911005965
2818840214,54179670
2818840214,2417756712
2818840214,3064034885
2818840214,496347718
2818840214,2465551375
2818840214,2195336280
2818840214,185872159
2818840214,128006259
2818840214,14092544
2818840214,3092200485
2818840214,995861646
2818840214,62513948
2818840214,385272659
2818840214,144337831
2818840214,67967634
2818840214,7996082
2818840214,567678537
2818840214,2785721092
2818840214,2822733304
2818840214,808009699
2818840214,1285981212
2818840214,3247857730
2818840214,2978415443
2818840214,131259994
2818840214,148848199
2818840214,2432506616
2818840214,70632864
2818840214,75178495
2818840214,1265260098
2818840214,44237261
2818840214,906190009
2818840214,182023602
2818840214,2580197364
2818840214,847932061
2818840214,119157362
2818840214,273198805
2818840214,233976233
2818840214,2190727423
2818840214,249855367
2818840214,150820020
2818840214,329157012
2818840214,1921163557
2818840214,1270199868
2818840214,131967942
2818840214,189234041
2818840214,113104487
2818840214,146602408
2818840214,181601944
2818840214,1963175558
2818840214,35710956
2818840214,3240566565
2818840214,118568692
2818840214,112654058
2818840214,539189696
2818840214,517820695
2818840214,190706828
2818840214,73623870
2818840214,139727749
2818840214,60954521
2818840214,19883365
2818840214,206272143
2818840214,2771706450
2818840214,2942385669
2818840214,1377033097
2818840214,842643985
2818840214,3167567897
2818840214,487115981
2818840214,856833528
2818840214,2938794161
2818840214,97777835
2818840214,3161983948
2818840214,1596166652
2818840214,399490682
2818840214,74285426
2818840214,2992701911
2818840214,1611728894
2818840214,278756201
2818840214,146130664
2818840214,2218886514
2818840214,620035688
2818840214,38683182
2818840214,124709610
2818840214,632071012
2818840214,124779370
2818840214,1613292079
2818840214,213370884
2818840214,155396001
2818840214,1700633935
2818840214,137874962
2818840214,117183228
2818840214,209692728
2818840214,864864018
2818840214,583545411
2818840214,3085252480
2818840214,1048418227
2818840214,171110904
2818840214,265677567
2818840214,336871379
2818840214,1525778274
2818840214,86219321
2818840214,176414763
2818840214,150979891
2818840214,140288959
2818840214,151267992
2818840214,143736516
2818840214,2970402783
2818840214,871979658
2818840214,191101108
2818840214,191311783
2818840214,41650311
2818840214,42598744
2818840214,101533509
2818840214,140630074
2818840214,3121080694
2818840214,2862569044
2818840214,3122788684
2818840214,177561510
2818840214,586883545
2818840214,494386072
2818840214,458070744
2818840214,161308045
2818840214,267401385
2818840214,219744685
2818840214,191236715
2818840214,152004597
2818840214,1243888802
2818840214,48345780
2818840214,10771982
2818840214,2397737374
2818840214,231577324
2818840214,332993154
2818840214,171619574
2818840214,177848206
2818840214,345374326
2818840214,215052634
2818840214,142811715
2818840214,441130128
2818840214,1101621043
2818840214,147375747
2818840214,132292708
2818840214,557296978
2818840214,3209001100
2818840214,287021122
2818840214,1190669251
2818840214,150372271
2818840214,205319282
2818840214,118471054
2818840214,149372176
2818840214,123260305
2818840214,178754481
2818840214,15737712
2818840214,367274542
2818840214,3223114630
2818840214,137527192
2818840214,495487396
2818840214,263865213
2818840214,143564478
2818840214,1134434172
2818840214,66334566
2818840214,3164905360
2818840214,130767036
2818840214,149254440
2818840214,129012362
2818840214,156242969
2818840214,1354636850
2818840214,3031859862
2818840214,69416519
2818840214,1191842352
2818840214,996070806
2818840214,153234200
2818840214,1180397514
2818840214,319920348
2818840214,440967655
2818840214,66998289
2818840214,1864359570
2818840214,2584284308
2818840214,2978682365
2818840214,2249583145
2818840214,158539518
2818840214,280141360
2818840214,2824259531
2818840214,146589502
2818840214,2327650272
2818840214,26751826
2818840214,3028137475
2818840214,2841251002
2818840214,1071479095
2818840214,477764907
2818840214,1341189794
2818840214,49365716
2818840214,300002116
2818840214,205011496
2818840214,198187359
2818840214,551145585
2818840214,1854388262
2818840214,1488464694
2818840214,277052622
2818840214,350902827
2818840214,246545036
2818840214,221062841
2818840214,263389382
2818840214,249693455
2818840214,1831897908
2818840214,196804029
2818840214,94488593
2818840214,612535791
2818840214,545402534
2818840214,155598890
2818840214,376476098
2818840214,9467582
2818840214,1553187180
2818840214,1388337932
2818840214,11103932
2818840214,138146308
2818840214,7796802
2818840214,1625984382
2818840214,417554422
2818840214,355020795
2818840214,102133530
2818840214,276060218
2818840214,859048429
2818840214,456234735
2818840214,2333781145
2818840214,122184803
2818840214,139178429
2818840214,2789861946
2818840214,12847882
2818840214,178991417
2818840214,3115061975
2818840214,618167210
2818840214,595911965
2818840214,3092789104
2818840214,160955228
2818840214,1539834853
2818840214,266173047
2818840214,3089731774
2818840214,2729035125
2818840214,190391939
2818840214,2253812892
2818840214,176442061
2818840214,1894594160
2818840214,2516650610
2818840214,2382370291
2818840214,2576979296
2818840214,1732217834
2818840214,21003745
2818840214,1951711027
2818840214,159917376
2818840214,320852377
2818840214,2540294904
2818840214,2854110016
2818840214,593031394
2818840214,283762641
2818840214,158789350
2818840214,205312926
2818840214,2573916020
2818840214,2726973024
2818840214,135176416
2818840214,161657153
2818840214,2851912725
2818840214,2198772839
2818840214,2489202613
2818840214,208646224
2818840214,547246961
2818840214,2802595893
2818840214,200638297
2818840214,532546965
2818840214,538751607
2818840214,131985157
2818840214,133398816
2818840214,1858663706
2818840214,1616169078
2818840214,367853828
2818840214,344779489
2818840214,230378205
2818840214,482389606
2818840214,147647383
2818840214,39261061
2818840214,1069923181
2818840214,136011137
2818840214,169279319
2818840214,520653311
2818840214,135224117
2818840214,1648392961
2818840214,3034641227
2818840214,252082606
2818840214,2553129720
2818840214,2333987792
2818840214,1638879973
2818840214,368600084
2818840214,73172922
2818840214,166022063
2818840214,210148155
2818840214,948552829
2818840214,271975968
2818840214,3029251635
2818840214,58990105
2818840214,254869180
2818840214,250968483
2818840214,476348178
2818840214,285255006
2818840214,110918964
2818840214,92305292
2818840214,501755254
2818840214,131418981
2818840214,439652751
2818840214,152765559
2818840214,130983633
2818840214,3065748729
2818840214,3047483235
2818840214,257432060
2818840214,473934862
2818840214,1518565375
2818840214,6982052
2818840214,778413176
2818840214,730926774
2818840214,744237211
2818840214,144990834
2818840214,2230360448
2818840214,3022326718
2818840214,2359639830
2818840214,248760009
2818840214,484967631
2818840214,239401007
2818840214,298537862
2818840214,293709524
2818840214,1103952944
2818840214,806006180
2818840214,328549725
2818840214,146738414
2818840214,554075191
2818840214,198991734
2818840214,717232566
2818840214,2339329591
2818840214,172458477
2818840214,124010482
2818840214,1250262031
2818840214,58542907
2818840214,166722572
2818840214,196778297
2818840214,162171015
2818840214,158906112
2818840214,170000898
2818840214,185168303
2818840214,331593583
2818840214,157227260
2818840214,2515215116
2818840214,165055208
2818840214,1510935931
2818840214,138039861
2818840214,90420314
2818840214,1713039841
2818840214,507419507
2818840214,270267813
2818840214,76966850
2818840214,53125952
2818840214,145043868
2818840214,980886470
2818840214,173053804
2818840214,122498057
2818840214,172427697
2818840214,1483213278
2818840214,19286574
2818840214,135675218
2818840214,148062771
2818840214,9053502
2818840214,617762996
2818840214,148014875
2818840214,1011870199
2818840214,1152568387
2818840214,63387154
2818840214,1207188408
2818840214,2680349586
2818840214,2965139217
2818840214,963864264
2818840214,124510197
2818840214,2998719873
2818840214,594197276
2818840214,165437673
2818840214,201530028
2818840214,87741293
2818840214,182831320
2818840214,60916256
2818840214,2450324088
2818840214,319441996
2818840214,181134611
2818840214,720478634
2818840214,33524608
2818840214,154785800
2818840214,297960694
2818840214,115392153
2818840214,161734463
2818840214,251702833
2818840214,34798360
2818840214,165181701
2818840214,2313755245
2818840214,2786883223
2818840214,2288138575
2818840214,158342368
2818840214,215707523
2818840214,1532852965
2818840214,210952398
2818840214,3001724220
2818840214,146803524
2818840214,180990597
2818840214,764847655
2818840214,304319774
2818840214,2705597335
2818840214,861687186
2818840214,144252143
2818840214,472509538
2818840214,2490604796
2818840214,2762854505
2818840214,11883972
2818840214,172614217
2818840214,498170046
2818840214,190443872
2818840214,929838427
2818840214,179205463
2818840214,197049404
2818840214,145375777
2818840214,1695202135
2818840214,30049238
2818840214,157760780
2818840214,2584988144
2818840214,2897655473
2818840214,2567503478
2818840214,2470167985
2818840214,1578961946
2818840214,2489000996
2818840214,2979312429
2818840214,2747648828
2818840214,154127035
2818840214,522878220
2818840214,424247424
2818840214,256955737
2818840214,247090031
2818840214,150290981
2818840214,78025122
2818840214,87583485
2818840214,157467636
2818840214,114023496
2818840214,1343285257
2818840214,2840095749
2818840214,155022600
2818840214,1642912849
2818840214,588079355
2818840214,149258770
2818840214,100731315
2818840214,2735297273
2818840214,2516527316
2818840214,181266318
2818840214,381681095
2818840214,150067746
2818840214,151299316
2818840214,142084980
2818840214,78051327
2818840214,700890695
2818840214,210901261
2818840214,156360483
2818840214,181344110
2818840214,188569166
2818840214,7649082
2818840214,293809485
2818840214,128725086
2818840214,2814914354
2818840214,152745982
2818840214,1955523156
2818840214,31133330
2818840214,24900072
2818840214,46365884
2818840214,39203045
2818840214,101895924
2818840214,139264852
2818840214,1357911
2818840214,137442112
2818840214,181408748
2818840214,75622527
2818840214,35726000
2818840214,774720260
2818840214,181330971
2818840214,274532892
2818840214,200514395
2818840214,745066819
2818840214,175157212
2818840214,2835672146
2818840214,153170209
2818840214,148034732
2818840214,366713453
2818840214,166507237
2818840214,481274590
2818840214,633299700
2818840214,804918740
2818840214,3001112380
2818840214,164791463
2818840214,519027774
2818840214,141493488
2818840214,359791727
2818840214,174552493
2818840214,69113673
2818840214,44932117
2818840214,142532652
2818840214,159620450
2818840214,206806759
2818840214,130682170
2818840214,154731462
2818840214,53108902
2818840214,293682722
2818840214,8168562
2818840214,177965969
2818840214,123916637
2818840214,196362385
2818840214,167253149
2818840214,182925466
2818840214,578447171
2818840214,138835591
2818840214,139953366
2818840214,114510872
2818840214,135042050
2818840214,67415282
2818840214,186851803
2818840214,2972071438
2818840214,151190865
2818840214,131084847
2818840214,171650522
2818840214,322780110
2818840214,393708005
2818840214,17049977
2818840214,163472892
2818840214,112822128
2818840214,148753334
2818840214,132360268
2818840214,146536143
2818840214,326807652
2818840214,125753984
2818840214,188854090
2818840214,333651307
2818840214,577399823
2818840214,431285379
2818840214,176755458
2818840214,201753083
2818840214,944736511
2818840214,2340695954
2818840214,1705672447
2818840214,162465278
2818840214,317444374
2818840214,451688659
2818840214,2353385744
2818840214,270603204
2818840214,1594210020
2818840214,224350148
2818840214,111416652
2818840214,1483041949
2818840214,554625847
2818840214,357597780
2818840214,61081201
2818840214,2515418436
2818840214,2714584987
2818840214,1208905818
2818840214,2777329377
2818840214,159851000
2818840214,234499025
2818840214,325169381
2818840214,1423943234
2818840214,35744749
2818840214,175242018
2818840214,174514839
2818840214,555684585
2818840214,1363118624
2818840214,2953955753
2818840214,2714771804
2818840214,144601191
2818840214,707780816
2818840214,179960598
2818840214,561051799
2818840214,2397045542
2818840214,69800760
2818840214,142516737
2818840214,211251295
2818840214,977238769
2818840214,204315727
2818840214,2236861914
2818840214,272231800
2818840214,165045183
2818840214,2781230017
2818840214,2474515608
2818840214,818264798
2818840214,327523821
2818840214,144026217
2818840214,1720125498
2818840214,270168698
2818840214,913020996
2818840214,119844526
2818840214,159209098
2818840214,170843906
2818840214,1961403428
2818840214,186696416
2818840214,332918283
2818840214,146256240
2818840214,2905046807
2818840214,571962943
2818840214,162797048
2818840214,830225484
2818840214,208159660
2818840214,162255990
2818840214,74619856
2818840214,165223477
2818840214,2499078475
2818840214,118440578
2818840214,155748127
2818840214,244175447
2818840214,312923505
2818840214,175876963
2818840214,242969570
2818840214,2792557771
2818840214,581137366
2818840214,144817380
2818840214,336863262
2818840214,635782796
2818840214,913054974
2818840214,140196438
2818840214,280486803
2818840214,799194198
2818840214,4774881
2818840214,1436533549
2818840214,191725777
2818840214,86761616
2818840214,103629069
2818840214,1849218511
2818840214,180519203
2818840214,374115730
2818840214,158000198
2818840214,149096668
2818840214,173348160
2818840214,1190998980
2818840214,251866179
2818840214,130277239
2818840214,77207659
2818840214,1569167682
2818840214,179675345
2818840214,305690607
2818840214,203555695
2818840214,1562387017
2818840214,211675407
2818840214,233630752
2818840214,146904949
2818840214,291220589
2818840214,1300716044
2818840214,116820742
2818840214,2670726740
2818840214,51638877
2818840214,39522911
2818840214,256097040
2818840214,2382239611
2818840214,624995677
2818840214,1356738757
2818840214,9732212
2818840214,114590463
2818840214,22152388
2818840214,86306654
2818840214,36455631
2818840214,71287616
2818840214,139105803
2818840214,130281179
2818840214,242790161
2818840214,337425958
2818840214,1674067369
2818840214,2704380739
2818840214,290789612
2818840214,164559805
2818840214,298638519
2818840214,144800186
2818840214,59915378
2818840214,134910253
2818840214,86412393
2818840214,173558425
2818840214,195691612
2818840214,329699082
2818840214,116313517
2818840214,225445834
2818840214,218314577
2818840214,2537953394
2818840214,147610206
2818840214,593789869
2818840214,145685744
2818840214,2515410130
2818840214,68740465
2818840214,365021672
2818840214,141352592
2818840214,123343605
2818840214,519497576
2818840214,301492316
2818840214,126783988
2818840214,143175654
2818840214,151198642
2818840214,45013575
2818840214,172795770
2818840214,326512684
2818840214,177697879
2818840214,144801356
2818840214,132704571
2818840214,257618827
2818840214,12146252
2818840214,38078904
2818840214,596743018
2818840214,1222461727
2818840214,216106179
2818840214,137810514
2818840214,128637475
2818840214,447461196
2818840214,206838242
2818840214,131574396
2818840214,148194379
2818840214,150903507
2818840214,299896959
2818840214,153973953
2818840214,59604175
2818840214,209780362
2818840214,1446488246
2818840214,1252764865
2818840214,369120654
2818840214,197095948
2818840214,1482333253
2818840214,2161786226
2818840214,1547151715
2818840214,119998164
2818840214,295751970
2818840214,175184120
2818840214,148752676
2818840214,28668493
2818840214,19029918
2818840214,537300529
2818840214,161439194
2818840214,171632853
2818840214,402559824
2818840214,1307745198
2818840214,2279537209
2818840214,123937349
2818840214,187994187
2818840214,76310655
2818840214,247259933
2818840214,2325985260
2818840214,152325528
2818840214,175086762
2818840214,20816312
2818840214,143852870
2818840214,70724306
2818840214,190037399
2818840214,153169998
2818840214,27515656
2818840214,198756401
2818840214,178086357
2818840214,79556841
2818840214,177342424
2818840214,216821966
2818840214,142802581
2818840214,142526936
2818840214,210935992
2818840214,150884948
2818840214,8565932
2818840214,484294272
2818840214,138814032
2818840214,174368061
2818840214,103921123
2818840214,174027585
2818840214,153060646
2818840214,830887416
2818840214,85692592
2818840214,50126679
2818840214,67334466
2818840214,508260162
2818840214,596066736
2818840214,208413101
2818840214,182644738
2818840214,121039771
2818840214,549568025
2818840214,143186743
2818840214,825928598
2818840214,111326653
2818840214,2699169480
