2832575368,4804593634
2832575368,78403238
2832575368,1492942261
2832575368,487118986
2832575368,2921897915
2832575368,4132964355
2832575368,3075736600
2832575368,2814431181
2832575368,2833952128
2832575368,3070766589
2832575368,33923443
2832575368,3960355414
2832575368,3025349307
2832575368,2675807647
2832575368,1834763474
2832575368,3234558688
2832575368,3252642244
2832575368,18548136
2832575368,3439175325
2832575368,3030304373
2832575368,3489420013
2832575368,52529896
2832575368,88987638
2832575368,2814579643
2832575368,948552829
2832575368,3522026476
2832575368,2647070449
2832575368,56423382
2832575368,3394629454
2832575368,2839335467
2832575368,2974698040
2832575368,3096651724
2832575368,278523588
2832575368,177497463
2832575368,2821388142
2832575368,1209870950
2832575368,2606275975
2832575368,67499210
2832575368,2832683479
2832575368,1286581891
2832575368,22911162
2832575368,267889686
2832575368,596417315
2832575368,15317471
2832575368,2229749730
2832575368,798278395
2832575368,153104052
2832575368,1855215469
2832575368,249886234
2832575368,2691223038
2832575368,190250576
2832575368,144420571
2832575368,2337910219
2832575368,2316561072
2832575368,2879111731
2832575368,486943222
2832575368,23173186
2832575368,2169053480
2832575368,2476830530
2832575368,579439518
2832575368,469261947
2832575368,150464229
2832575368,856923721
2832575368,1607316512
2832575368,2823670360
2832575368,711382225
2832575368,21334653
2832575368,2597576840
2832575368,41760825
2832575368,3067772704
2832575368,110029071
2832575368,1650330319
2832575368,2978263529
2832575368,56907420
2832575368,838099262
2832575368,1091920183
2832575368,58610330
2832575368,85187139
2832575368,2231786521
2832575368,1098850820
2832575368,24906723
2832575368,19877692
2832575368,24278900
2832575368,2495087503
2832575368,282569265
2832575368,1467706824
2832575368,103550271
2832575368,21390437
2832575368,138220302
2832575368,22903765
2832575368,21390674
2832575368,213411429
2832575368,40019154
2832575368,15746198
2832575368,21389998
2832575368,47617770
2832575368,23263743
2832575368,19394887
2832575368,140091998
2832575368,19405367
2832575368,15683146
2832575368,97488105
2832575368,19490380
2832575368,19186180
2832575368,17980026
2832575368,20856282
2832575368,85908999
2832575368,10373612
2832575368,93230391
2832575368,28602624
2832575368,18679659
2832575368,14230524
2832575368,22827600
2832575368,16513161
2832575368,41878061
2832575368,23421880
2832575368,50751556
2832575368,83134773
2832575368,19889294
2832575368,15392221
2832575368,15391813
2832575368,8665852
2832575368,17163446
2832575368,124139163
2832575368,19921389
2832575368,19663485
2832575368,14993191
2832575368,8665572
2832575368,14842285
2832575368,7109022
2832575368,2561091
2832575368,18135386
2832575368,94081671
2832575368,23585685
2832575368,21066857
2832575368,17884125
2832575368,8699742
2832575368,19264748
2832575368,26276346
2832575368,16451028
2832575368,2591553169
2832575368,22685200
2832575368,759251
2832575368,16228398
2832575368,19549830
2832575368,788524
2832575368,742143
2832575368,9624742
2832575368,27698202
2832575368,28785486
2832575368,254218516
2832575368,171165627
2832575368,1496971
2832575368,38002432
2832575368,179149890
2832575368,20803965
2832575368,55307193
2832575368,2467791
2832575368,39288259
2832575368,27529312
2832575368,96829836
2832575368,171485965
2832575368,34616510
2832575368,238319766
2832575368,35586563
2832575368,890891
2832575368,55334133
2832575368,37774152
2832575368,56518880
2832575368,37367041
2832575368,16116288
2832575368,1652541
2832575368,2097571
2832575368,41509142
2832575368,50323173
2832575368,334468453
2832575368,16273831
2832575368,198560066
2832575368,62902439
2832575368,19671932
2832575368,76834934
2832575368,284089166
2832575368,191769386
2832575368,16621413
2832575368,19575977
2832575368,16302242
2832575368,17169320
2832575368,75974281
2832575368,29291509
2832575368,17878322
2832575368,23778898
2832575368,28004749
2832575368,16259251
2832575368,20567939
2832575368,180188862
2832575368,47506568
2832575368,312867608
2832575368,84358766
2832575368,22578391
2832575368,22601929
2832575368,23561980
2832575368,149460595
2832575368,30465594
2832575368,18220175
2832575368,14691200
2832575368,214537859
2832575368,16331010
2832575368,33549858
2832575368,331813832
2832575368,27673684
2832575368,33995409
2832575368,6273552
2832575368,62587361
2832575368,28006093
2832575368,108388673
2832575368,40572559
2832575368,169686021
2832575368,20518710
2832575368,41036429
2832575368,16630362
2832575368,42040091
2832575368,156132825
2832575368,38532460
2832575368,24719760
2832575368,50393960
2832575368,267425142
2832575368,38802447
2832575368,331283041
2832575368,256881576
2832575368,18915240
2832575368,19564719
2832575368,29300352
2832575368,185487499
2832575368,55396775
2832575368,555393138
2832575368,78183672
2832575368,53643297
2832575368,25110374
2832575368,29852317
2832575368,29307276
2832575368,114836738
2832575368,17915334
2832575368,377723724
2832575368,72878707
2832575368,42519612
2832575368,17980124
2832575368,23967578
2832575368,34430522
2832575368,170424259
2832575368,20416406
2832575368,194027873
2832575368,132752344
2832575368,126515787
2832575368,415859364
2832575368,22412167
2832575368,42562446
2832575368,50811932
2832575368,25100180
2832575368,21056862
2832575368,338084918
2832575368,21254264
2832575368,132389474
2832575368,20346956
2832575368,248900032
2832575368,19397785
2832575368,21701757
2832575368,16812787
2832575368,34862549
2832575368,13049362
2832575368,25319414
2832575368,1260366252
2832575368,5885732
2832575368,35982046
2832575368,22178780
2832575368,14629315
2832575368,98576365
2832575368,163559269
2832575368,20545055
2832575368,74518740
2832575368,16827333
2832575368,15537451
2832575368,21278412
2832575368,43658360
2832575368,127996458
2832575368,2242915207
2832575368,53853197
2832575368,17461978
2832575368,30180137
2832575368,225096384
2832575368,2813202073
2832575368,84394857
2832575368,219035324
2832575368,69023599
2832575368,1059194370
2832575368,228989174
2832575368,51525114
2832575368,60178147
2832575368,73929607
2832575368,106170524
2832575368,86085228
2832575368,59156773
2832575368,16725544
2832575368,14117843
2832575368,965741665
2832575368,197580522
2832575368,48073442
2832575368,27081647
2832575368,35936474
2832575368,160963548
2832575368,139710702
2832575368,42384760
2832575368,20600456
2832575368,43133651
2832575368,21057785
2832575368,68722955
2832575368,2402637914
2832575368,55980110
2832575368,243385170
2832575368,51658431
2832575368,192082642
2832575368,138172915
2832575368,1173213746
2832575368,210303203
2832575368,317370751
2832575368,72178641
2832575368,19923144
2832575368,23083404
2832575368,72854177
2832575368,318649270
2832575368,440414402
2832575368,362761011
2832575368,2495199115
2832575368,218993879
2832575368,348939569
2832575368,437813660
2832575368,17919972
2832575368,480782173
2832575368,32959253
2832575368,287298308
2832575368,258952939
2832575368,1406482658
2832575368,297006097
2832575368,115485051
2832575368,21447363
2832575368,49751816
2832575368,76070341
2832575368,20322929
2832575368,71610295
2832575368,109043953
2832575368,1283775554
2832575368,309133460
2832575368,323715892
2832575368,2533070650
2832575368,2557521
2832575368,2191565413
2832575368,465720874
2832575368,1432977446
2832575368,90420314
2832575368,15485441
2832575368,34507480
2832575368,23151437
2832575368,189850197
2832575368,313913938
2832575368,95023423
2832575368,306507744
2832575368,71865894
2832575368,201356711
2832575368,79246405
2832575368,82776021
2832575368,116362700
2832575368,23653153
2832575368,27195114
2832575368,468668318
2832575368,219683269
2832575368,1278393014
2832575368,969236719
2832575368,26565946
2832575368,26257166
2832575368,186386857
2832575368,19426551
2832575368,25521487
2832575368,15846407
2832575368,940270308
2832575368,76369002
2832575368,627673190
2832575368,25365536
2832575368,163878364
2832575368,27260086
2832575368,77697891
2832575368,73992189
2832575368,14920785
2832575368,205011496
2832575368,2644682939
2832575368,15095537
2832575368,429800383
2832575368,1462410236
2832575368,38164846
2832575368,139092348
2832575368,593810556
2832575368,15488353
2832575368,964972076
2832575368,181280529
2832575368,351921957
2832575368,291926260
2832575368,198318121
2832575368,143672012
2832575368,111447571
2832575368,344801362
2832575368,290078349
2832575368,55885236
2832575368,105155795
2832575368,66458391
2832575368,97555792
2832575368,43405227
2832575368,15536454
2832575368,40263343
2832575368,793977547
2832575368,2887173551
2832575368,191088059
2832575368,106805282
2832575368,380069148
2832575368,47194942
2832575368,116441147
2832575368,49966835
2832575368,21823056
2832575368,187309891
2832575368,119935803
2832575368,153881965
2832575368,2960014450
2832575368,133687873
2832575368,56697595
2832575368,183387449
2832575368,26266967
2832575368,135017417
2832575368,428333
2832575368,103087007
2832575368,250321329
2832575368,2860618114
2832575368,57475935
2832575368,31475618
2832575368,50391402
2832575368,15088915
2832575368,3004445763
2832575368,40250977
2832575368,123606428
2832575368,2769368254
2832575368,72421754
2832575368,42399676
2832575368,44283161
2832575368,42633324
2832575368,172097332
2832575368,19361438
2832575368,54103528
2832575368,162124762
2832575368,17473668
2832575368,2906446870
2832575368,2856924039
2832575368,28431722
2832575368,18228898
2832575368,84735202
2832575368,85603854
2832575368,70577270
2832575368,139612761
2832575368,142204481
2832575368,67629122
2832575368,15494380
2832575368,138640078
2832575368,2825427929
2832575368,17145115
2832575368,69751117
2832575368,17877597
2832575368,67595911
2832575368,90836187
2832575368,36967323
2832575368,44812313
2832575368,24269775
2832575368,235758014
2832575368,44084633
2832575368,2975086503
2832575368,206843608
2832575368,45409867
2832575368,43132532
2832575368,596789525
2832575368,28053134
2832575368,195404800
2832575368,221551105
2832575368,305164015
2832575368,435143907
2832575368,8630342
2832575368,44229128
2832575368,12652472
2832575368,75082334
2832575368,48459607
2832575368,135889228
2832575368,198297189
2832575368,108047567
2832575368,199724308
2832575368,55118656
2832575368,181291479
2832575368,2465127626
2832575368,1880557387
2832575368,270516804
2832575368,75787083
2832575368,62879518
2832575368,254180705
2832575368,54984298
2832575368,153849905
2832575368,2828678938
2832575368,95406612
2832575368,2949081405
2832575368,83973513
2832575368,347089355
2832575368,39000477
2832575368,43340817
2832575368,2864397602
2832575368,508255201
2832575368,43208247
2832575368,42280103
2832575368,14872237
2832575368,21929818
2832575368,155526308
2832575368,34086442
2832575368,56367647
2832575368,48813690
2832575368,2853566626
2832575368,144982657
2832575368,42443574
2832575368,43771661
2832575368,58492847
2832575368,9722452
2832575368,84094789
2832575368,83512464
2832575368,62900439
2832575368,33313947
2832575368,58951368
2832575368,125432895
2832575368,17240425
2832575368,170171722
2832575368,50821343
2832575368,257810167
2832575368,29913589
2832575368,14594698
2832575368,158487331
2832575368,59932653
2832575368,28536689
2832575368,41036546
2832575368,35856249
2832575368,23941036
2832575368,23514666
2832575368,30070288
2832575368,14907774
2832575368,156721917
2832575368,790680
2832575368,18633022
2832575368,26618657
2832575368,84682569
2832575368,813286
2832575368,94170264
2832575368,66000819
2832575368,15518054
2832575368,42157075
2832575368,36415725
2832575368,36680599
2832575368,71699343
2832575368,46196327
2832575368,39091293
2832575368,169526076
2832575368,154313012
2832575368,48440176
2832575368,105761223
2832575368,17675497
2832575368,32340023
2832575368,38427754
2832575368,43394391
2832575368,275220311
2832575368,22885574
2832575368,9317652
2832575368,181706126
2832575368,45447020
2832575368,24802340
2832575368,51509917
2832575368,16795139
2832575368,96398870
2832575368,33742728
2832575368,70799317
2832575368,44302471
2832575368,46152686
2832575368,141429203
2832575368,54336047
2832575368,246225682
2832575368,22955283
2832575368,8110402
2832575368,36152770
2832575368,44924110
2832575368,51628808
2832575368,52467382
2832575368,42629261
2832575368,19074283
2832575368,919317492
2832575368,17008203
2832575368,27995645
2832575368,1227920058
2832575368,46011743
2832575368,26008164
2832575368,9317502
2832575368,64563165
2832575368,62557485
2832575368,27930762
2832575368,187897893
2832575368,146367309
2832575368,245823708
2832575368,24395664
2832575368,576426202
2832575368,58603510
2832575368,315591173
2832575368,19608629
2832575368,47263956
2832575368,215470481
2832575368,183679324
2832575368,2460294426
2832575368,123580195
2832575368,90052937
2832575368,75352383
2832575368,56482694
2832575368,18137030
2832575368,52471614
2832575368,64057011
2832575368,468921945
2832575368,84368406
2832575368,234032088
2832575368,10842792
2832575368,53813678
2832575368,246823864
2832575368,21207962
2832575368,47688615
2832575368,178349242
2832575368,24209365
2832575368,380555838
2832575368,214570761
2832575368,510877109
2832575368,368996891
2832575368,44341095
2832575368,202406066
2832575368,95740548
2832575368,29797128
2832575368,237400389
2832575368,18219976
2832575368,142448465
2832575368,26573303
2832575368,136140018
2832575368,36679967
2832575368,66505112
2832575368,12078472
2832575368,48332360
2832575368,35693211
2832575368,16814640
2832575368,25938617
2832575368,46277588
2832575368,14502789
2832575368,131574396
2832575368,22677822
2832575368,76651032
2832575368,30117765
2832575368,8802752
2832575368,54341363
2832575368,43023158
2832575368,90697573
2832575368,65151248
2832575368,122245444
2832575368,34461692
2832575368,16814960
2832575368,35094637
2832575368,60701387
2832575368,68258567
2832575368,1091109457
2832575368,28273230
2832575368,87672934
2832575368,40713101
2832575368,10950922
2832575368,16794066
2832575368,20237983
2832575368,17715048
2832575368,10844372
2832575368,44627459
2832575368,70443471
2832575368,142393421
2832575368,36364029
2832575368,14594813
2832575368,9255842
2832575368,68855626
2832575368,14213711
2832575368,29479000
2832575368,33804533
2832575368,46357966
2832575368,41841573
2832575368,35765232
2832575368,18297088
2832575368,91818503
2832575368,24920669
2832575368,48852495
2832575368,80937256
2832575368,41384170
2832575368,20432727
2832575368,34171224
2832575368,65473559
2832575368,25073959
2832575368,16632084
2832575368,6741632
2832575368,60865434
2832575368,106420963
2832575368,59591856
2832575368,31511871
2832575368,66441430
2832575368,33625790
