2845124834,2902138622
2845124834,2197487762
2845124834,3087068219
2845124834,14333754
2845124834,21905142
2845124834,3310571
2845124834,20712514
2845124834,87460291
2845124834,19334929
2845124834,70349639
2845124834,20560841
2845124834,284592182
2845124834,25535042
2845124834,1097836022
2845124834,106472226
2845124834,395388847
2845124834,3044738957
2845124834,40872043
2845124834,31140929
2845124834,21783395
2845124834,19019970
2845124834,16632219
2845124834,19472578
2845124834,16632149
2845124834,16631331
2845124834,17311493
2845124834,31237480
2845124834,27914085
2845124834,19967197
2845124834,26102409
2845124834,18972986
2845124834,24915307
2845124834,53394639
2845124834,1470196976
2845124834,481358781
2845124834,194299803
2845124834,115643097
2845124834,935056812
2845124834,24473465
2845124834,2314104188
2845124834,22424209
2845124834,84635940
2845124834,11095022
2845124834,250600998
2845124834,8884772
2845124834,1690412382
2845124834,123754656
2845124834,16171953
2845124834,128004940
2845124834,94081671
2845124834,16569045
2845124834,16854780
2845124834,74428159
2845124834,14842285
2845124834,17163446
2845124834,22637074
2845124834,21066857
2845124834,15392221
2845124834,2561091
2845124834,31125209
2845124834,14684733
2845124834,18049879
2845124834,8665852
2845124834,15391813
2845124834,18730195
2845124834,7109022
2845124834,19889294
2845124834,23585685
2845124834,16451028
2845124834,26276346
2845124834,19814175
2845124834,17884125
