2848118867,102095809
2848118867,2537896518
2848118867,418426824
2848118867,372812630
2848118867,630956715
2848118867,2870372261
2848118867,2795524249
2848118867,2795879881
2848118867,2552899519
2848118867,2585619342
2848118867,2696698524
2848118867,2748945457
2848118867,2646436268
2848118867,2555560098
2848118867,2719555294
2848118867,2569785573
2848118867,2616976669
2848118867,2562169386
2848118867,2576991379
2848118867,2893556452
2848118867,2654803686
2848118867,2600509387
2848118867,2903684320
2848118867,2859408717
2848118867,2830529728
2848118867,2563190743
2848118867,2816970126
2848118867,2617165741
2848118867,17676713
2848118867,2827156496
2848118867,2556836719
2848118867,858372992
2848118867,2536932912
2848118867,2722945505
2848118867,20909329
2848118867,357578763
2848118867,2693292824
2848118867,2485741974
2848118867,1726483628
2848118867,2342568294
2848118867,19858930
2848118867,948552829
2848118867,2532028868
2848118867,430228388
2848118867,2673480789
2848118867,2775813448
2848118867,487608476
2848118867,15497124
2848118867,2787558452
2848118867,516405086
2848118867,2867178004
2848118867,18556155
2848118867,1967097847
2848118867,410884170
2848118867,2608434896
2848118867,165136055
2848118867,10629592
2848118867,221115161
2848118867,925869919
2848118867,270053234
2848118867,949635410
2848118867,1176930536
2848118867,158110011
2848118867,2666924371
2848118867,2416100726
2848118867,2361717660
2848118867,2473770014
2848118867,419008875
2848118867,2563141286
2848118867,1491180618
2848118867,2573565321
2848118867,2606524901
2848118867,2525629536
2848118867,2543730192
2848118867,2571172014
2848118867,2475490628
2848118867,2530795826
2848118867,2566881986
2848118867,2570762055
2848118867,94849023
2848118867,2565842988
2848118867,2569746547
2848118867,2525940665
2848118867,2440888791
2848118867,2528579629
2848118867,2574463907
2848118867,2557492039
2848118867,2546520576
2848118867,2540326495
2848118867,2537437903
2848118867,2538291451
2848118867,2547966031
2848118867,2525894690
2848118867,2533357650
2848118867,2534873094
2848118867,2563783317
2848118867,2532312637
2848118867,2553534170
2848118867,2526978985
2848118867,2571296422
2848118867,2540401028
2848118867,2539256820
2848118867,2547754604
2848118867,2531044442
2848118867,2516313397
2848118867,2552256649
2848118867,225528662
2848118867,2547647796
2848118867,2538999422
2848118867,2530328448
2848118867,2562730328
2848118867,2578529147
2848118867,2537886528
2848118867,2566965042
2848118867,2469186217
2848118867,2512783176
2848118867,2591218939
2848118867,2561165474
2848118867,2591391230
2848118867,2603188487
2848118867,2684809098
2848118867,2634908062
2848118867,2574912234
2848118867,1938233653
2848118867,2419270632
2848118867,2604074024
2848118867,2561759029
2848118867,2537946487
2848118867,2544678110
2848118867,2384283548
2848118867,2482761703
2848118867,2475857089
2848118867,2320759825
2848118867,2483741334
2848118867,2354633318
2848118867,2373977124
2848118867,2530245529
2848118867,2317340606
2848118867,2353653462
2848118867,2347154142
2848118867,2323072512
2848118867,2313946769
2848118867,2342670624
2848118867,2429271014
2848118867,2370405912
2848118867,109537758
2848118867,2467886543
2848118867,2301274694
2848118867,2393312148
2848118867,105579238
2848118867,2374449668
2848118867,2360878495
2848118867,2422241990
2848118867,2360881140
2848118867,2342655565
2848118867,2299499070
2848118867,2318110975
2848118867,2321064234
2848118867,2377548338
2848118867,2304531976
2848118867,2366848069
2848118867,2369476213
2848118867,2347011210
2848118867,2349088537
2848118867,2334908088
2848118867,2303780288
2848118867,2321526374
2848118867,2371789428
2848118867,2385450659
2848118867,2394550602
2848118867,2308575728
2848118867,2339934734
2848118867,2336118106
2848118867,2308653811
2848118867,2324417802
2848118867,2311843038
2848118867,2349149545
2848118867,2330635004
2848118867,2400501522
2848118867,2422713110
2848118867,2396550344
2848118867,2346899324
2848118867,2307846715
2848118867,2344045376
2848118867,2375909599
2848118867,2352291500
2848118867,2339427847
2848118867,2377043383
2848118867,2292455086
2848118867,2335154190
2848118867,2291383507
2848118867,2301243672
2848118867,2339277062
2848118867,2302030993
2848118867,2380768976
2848118867,2310782705
2848118867,2343394706
2848118867,301458256
2848118867,2343951043
2848118867,2577113312
2848118867,2300409494
2848118867,2815678316
2848118867,2831745650
2848118867,1312146331
2848118867,78863928
2848118867,267311284
2848118867,2858553985
2848118867,115611795
2848118867,2425279866
2848118867,2450298302
2848118867,2424265676
2848118867,2317369278
2848118867,2319603954
2848118867,2299805726
2848118867,2309120827
2848118867,2316123014
2848118867,2322314204
2848118867,2306287023
2848118867,2390936420
2848118867,2367108482
2848118867,2316233962
2848118867,2397803437
2848118867,2336560177
2848118867,2381228046
2848118867,2347621451
2848118867,2317449571
2848118867,2320586323
2848118867,2330427221
2848118867,2317115528
2848118867,2342265724
2848118867,2342595733
2848118867,2326817515
2848118867,2291751346
2848118867,2327356922
2848118867,2299976863
2848118867,2326954436
2848118867,2317352768
2848118867,2313979656
2848118867,2327667186
2848118867,2335378297
2848118867,2330209658
2848118867,2356734773
2848118867,2302058545
2848118867,2351879864
2848118867,2348523625
2848118867,2373922155
2848118867,2367590120
2848118867,2357953789
2848118867,2371659696
2848118867,2492955180
2848118867,1659786426
2848118867,113673277
2848118867,344726379
2848118867,2319411390
2848118867,50134116
2848118867,740841738
2848118867,2558484630
2848118867,2814666913
2848118867,510535152
2848118867,266641960
2848118867,235234497
2848118867,2419290031
2848118867,784574954
2848118867,25555639
2848118867,1087432710
2848118867,2579258896
2848118867,482389606
2848118867,173665005
2848118867,215707523
2848118867,157950356
2848118867,303760268
2848118867,273933522
2848118867,234334894
2848118867,41782018
2848118867,344634424
2848118867,155659213
2848118867,111933542
2848118867,16576356
2848118867,2288138575
2848118867,14824411
2848118867,158342368
