2855282427,70349639
2855282427,19472578
2855282427,948552829
2855282427,1863193002
2855282427,21390437
2855282427,14872237
2855282427,19564523
2855282427,155659213
2855282427,15391813
2855282427,56487239
2855282427,19889294
2855282427,19921389
2855282427,8699742
2855282427,15392221
2855282427,23585685
2855282427,21066857
2855282427,124139163
2855282427,19264748
2855282427,8665572
2855282427,14842285
2855282427,19663485
2855282427,21182676
2855282427,18135386
2855282427,26276346
2855282427,7109022
2855282427,17311493
2855282427,94081671
2855282427,19867777
2855282427,16451028
2855282427,25319819
2855282427,22780877
2855282427,19967197
2855282427,19903099
2855282427,8665852
2855282427,2561091
2855282427,17884125
2855282427,35718347
2855282427,14993191
2855282427,24915307
2855282427,17163446
2855282427,418923436
