2859216807,21235867
2859216807,381289719
2859216807,362473815
2859216807,4007738481
2859216807,122468831
2859216807,1444029422
2859216807,2541797168
2859216807,77006492
2859216807,3319354379
2859216807,553683648
2859216807,24279390
2859216807,87460291
2859216807,563093420
2859216807,19247625
2859216807,16664803
2859216807,18920461
2859216807,43346844
2859216807,2998450037
2859216807,21817509
2859216807,3376281958
2859216807,462189633
2859216807,231703688
2859216807,63136550
2859216807,2607219787
2859216807,138982922
2859216807,342705072
2859216807,1142859176
2859216807,11862072
2859216807,2903715045
2859216807,42626527
2859216807,19391470
2859216807,22176845
2859216807,252672612
2859216807,8496762
2859216807,17745219
2859216807,14511951
2859216807,19083439
2859216807,19224439
2859216807,71530380
2859216807,948552829
2859216807,15063486
2859216807,1662057727
2859216807,112445008
2859216807,468326912
2859216807,55459700
2859216807,183272752
2859216807,20652415
2859216807,978983136
2859216807,1618248872
2859216807,651433
2859216807,2624299231
2859216807,90430970
2859216807,2570627052
2859216807,14700117
2859216807,14224719
2859216807,103065157
2859216807,1117046706
2859216807,3310571
2859216807,9300262
2859216807,18856867
2859216807,14882900
2859216807,21870081
2859216807,88703900
2859216807,52422878
2859216807,389236090
2859216807,20434358
2859216807,45112524
2859216807,150542355
2859216807,38948666
2859216807,83855918
2859216807,337726224
2859216807,31130639
2859216807,270422302
2859216807,111037335
2859216807,69002830
2859216807,544810239
2859216807,174893399
2859216807,62540002
2859216807,1132189957
2859216807,2872161425
2859216807,187965811
2859216807,2975032769
2859216807,69002929
2859216807,304909941
2859216807,196994616
2859216807,17675072
2859216807,169426475
2859216807,503250806
2859216807,29422232
2859216807,158769098
2859216807,251716551
2859216807,48612569
2859216807,18950712
2859216807,2432123888
2859216807,18640094
2859216807,31464977
2859216807,116319448
2859216807,26281917
2859216807,389230624
2859216807,31237480
2859216807,17006157
2859216807,492288571
2859216807,35773039
2859216807,35002876
2859216807,20560841
2859216807,19600252
2859216807,19713622
2859216807,14677919
2859216807,2977900810
2859216807,65322179
2859216807,97268285
2859216807,77528520
2859216807,242704372
2859216807,3065545031
2859216807,1195647864
2859216807,124690469
2859216807,2292454922
2859216807,279642533
2859216807,20562637
2859216807,34713362
2859216807,410070653
2859216807,18949452
2859216807,14157134
2859216807,15110357
2859216807,19536881
2859216807,25053299
2859216807,28140646
2859216807,14800270
2859216807,17850785
2859216807,73122729
2859216807,37899167
2859216807,1280925278
2859216807,18600155
2859216807,67358777
2859216807,32359921
2859216807,930911977
2859216807,23640660
2859216807,16334857
2859216807,19303879
2859216807,621523
2859216807,59486068
2859216807,37730129
2859216807,14304714
2859216807,19458818
2859216807,4898091
2859216807,19472578
2859216807,16664681
2859216807,1367531
2859216807,1615685677
2859216807,128016152
2859216807,334602996
2859216807,823148670
2859216807,33042458
2859216807,69770504
2859216807,36589597
2859216807,126037106
2859216807,1137271452
2859216807,801686510
2859216807,21390674
2859216807,21389998
2859216807,40019154
2859216807,22903765
2859216807,79293791
2859216807,115485051
2859216807,34507480
2859216807,21447363
2859216807,26565946
2859216807,17919972
2859216807,70186440
2859216807,285831456
2859216807,18122925
2859216807,16569045
2859216807,14946308
2859216807,47353139
2859216807,395388847
2859216807,248845681
2859216807,95713333
2859216807,287163355
2859216807,19024453
2859216807,123754656
2859216807,21368060
2859216807,354990034
2859216807,18075140
2859216807,14730894
2859216807,108568373
2859216807,25535042
2859216807,18433784
2859216807,29216764
2859216807,1652541
2859216807,16631693
2859216807,265902729
2859216807,1877831
2859216807,51241574
2859216807,23485648
2859216807,17693232
2859216807,1599191156
2859216807,1354394360
2859216807,612473
2859216807,2467791
2859216807,807095
2859216807,1093090866
2859216807,1339835893
2859216807,50393960
2859216807,813286
2859216807,1690412382
2859216807,759251
2859216807,428333
2859216807,2097571
2859216807,5402612
2859216807,742143
2859216807,14293310
2859216807,3108351
2859216807,5988062
2859216807,16631331
2859216807,342894187
2859216807,16632219
2859216807,17884125
2859216807,94081671
2859216807,19663485
2859216807,21066857
2859216807,8665852
2859216807,14842285
2859216807,8665572
2859216807,16632149
2859216807,24241544
2859216807,19921389
2859216807,20781929
2859216807,18135386
2859216807,112796335
2859216807,124139163
2859216807,15391813
2859216807,23585685
2859216807,19889294
2859216807,17311493
2859216807,15392221
2859216807,26276346
2859216807,16451028
2859216807,14758257
2859216807,16132791
2859216807,17163446
2859216807,2561091
2859216807,1074480192
2859216807,216881337
2859216807,287413569
2859216807,15450996
2859216807,16467567
2859216807,12804862
2859216807,399592819
2859216807,206911188
2859216807,42914158
2859216807,25219782
2859216807,37217128
2859216807,425090078
2859216807,289824679
2859216807,31093700
2859216807,209507720
2859216807,507435389
2859216807,1089719858
2859216807,2201254562
2859216807,155659213
2859216807,18791763
2859216807,14354304
2859216807,17521556
2859216807,19971002
2859216807,122081893
2859216807,563866768
2859216807,726422732
2859216807,25086986
2859216807,2796077389
2859216807,504398790
2859216807,79001416
2859216807,1608668306
2859216807,2543510328
