2862564587,576663280
2862564587,999370021
2862564587,270028067
2862564587,4514534662
2862564587,4171374923
2862564587,2472705115
2862564587,4654714649
2862564587,2844045202
2862564587,632433705
2862564587,358628002
2862564587,3026469400
2862564587,4096045817
2862564587,236699098
2862564587,36152770
2862564587,3312526293
2862564587,1039175598
2862564587,2786886167
2862564587,533085085
2862564587,63218040
2862564587,3280035690
2862564587,248816909
2862564587,201640332
2862564587,3415069193
2862564587,19314186
2862564587,78675690
2862564587,104941644
2862564587,1035949381
2862564587,1556707760
2862564587,16451028
2862564587,17693232
2862564587,386840924
2862564587,91818064
2862564587,14230524
2862564587,2904123179
2862564587,458155076
2862564587,4557375467
2862564587,3373791
2862564587,740336334
2862564587,4310647823
2862564587,28173996
2862564587,947808595
2862564587,17595890
2862564587,3312895865
2862564587,4713203597
2862564587,5402612
2862564587,605088758
2862564587,3526512857
2862564587,560137428
2862564587,4382294799
2862564587,3105435016
2862564587,591073424
2862564587,1533588679
2862564587,2938162181
2862564587,80885403
2862564587,308068106
2862564587,2909364640
2862564587,3430953981
2862564587,60219244
2862564587,3050831650
2862564587,19889294
2862564587,4499686876
2862564587,2458271108
2862564587,269369675
2862564587,20843014
2862564587,1690412382
2862564587,2619681331
2862564587,19291928
2862564587,21266977
2862564587,428333
2862564587,19923144
2862564587,759251
2862564587,545080456
2862564587,20781929
2862564587,85603854
2862564587,20809515
2862564587,10228272
2862564587,103106691
2862564587,16951979
2862564587,455364008
2862564587,26276346
2862564587,40908929
2862564587,1676000059
2862564587,4209328469
2862564587,17308753
2862564587,4243756439
2862564587,824153233
2862564587,17915334
2862564587,26281917
2862564587,266712846
2862564587,20826460
2862564587,2480387076
2862564587,395388847
2862564587,343627165
2862564587,157140968
2862564587,976818655
2862564587,2386897232
2862564587,1641433255
2862564587,23083404
2862564587,244635787
2862564587,701399208
2862564587,20712514
2862564587,2184813296
2862564587,596368762
2862564587,285579458
2862564587,50797028
2862564587,24241544
2862564587,25445676
2862564587,2389780542
2862564587,20934558
2862564587,124139163
2862564587,19247625
2862564587,22835502
2862564587,20322929
2862564587,541605171
2862564587,4588362147
2862564587,948552829
2862564587,19019970
2862564587,19264748
2862564587,17884125
2862564587,94081671
2862564587,23585685
2862564587,19663485
2862564587,17163446
2862564587,21066857
2862564587,8665572
2862564587,8665852
2862564587,140091998
2862564587,97488105
2862564587,17980026
2862564587,19405367
2862564587,23263743
2862564587,15683146
2862564587,19490380
2862564587,85908999
2862564587,19394887
2862564587,3723378875
2862564587,3395889838
2862564587,1957623823
2862564587,4099730721
2862564587,4284752183
2862564587,232879088
2862564587,4642505605
2862564587,1907554584
2862564587,4202283263
2862564587,4642111218
2862564587,3415459792
2862564587,3383695403
2862564587,18219976
2862564587,3027794283
2862564587,45813023
2862564587,14502789
2862564587,4375848881
2862564587,101800223
2862564587,2527072230
2862564587,174936542
2862564587,489664135
2862564587,2561091
2862564587,1336887894
2862564587,1952725578
2862564587,56482694
2862564587,2740338653
2862564587,810758167
2862564587,14872237
2862564587,2596834693
2862564587,852121698
2862564587,3369764332
2862564587,2866935879
2862564587,338084918
2862564587,3291013953
2862564587,2313285594
2862564587,4261155561
2862564587,2216010869
2862564587,2609581310
2862564587,1451753090
2862564587,27260086
2862564587,223377883
2862564587,2155351812
2862564587,4251703647
2862564587,142204481
2862564587,4260902962
2862564587,3014222145
2862564587,29797128
2862564587,931566080
2862564587,1200344299
2862564587,2814578056
2862564587,1645329546
2862564587,3382788911
2862564587,84052512
2862564587,1879780639
2862564587,224223563
2862564587,569651064
2862564587,25365536
2862564587,2694405102
2862564587,584332724
2862564587,2656749562
2862564587,21447363
2862564587,90836187
2862564587,169686021
2862564587,136140018
2862564587,580130750
2862564587,813286
2862564587,29307233
2862564587,2340731598
2862564587,4473608608
2862564587,2505097737
2862564587,1041894427
2862564587,4387581328
2862564587,86619232
2862564587,14842285
2862564587,3343710899
2862564587,4587297197
2862564587,745449031
2862564587,2335185654
2862564587,422847111
2862564587,3742002808
2862564587,2281602824
2862564587,3863839455
2862564587,2930454130
2862564587,142448465
2862564587,3465441255
2862564587,3982394187
2862564587,390359993
2862564587,437864110
2862564587,2761803232
2862564587,2856746818
2862564587,896391722
2862564587,2320355702
2862564587,379302874
2862564587,2598402757
2862564587,578802986
2862564587,3887433196
2862564587,4247322687
2862564587,3394090120
2862564587,65473559
2862564587,3541173137
2862564587,524502967
2862564587,108192542
2862564587,711904784
2862564587,24966423
2862564587,3917530157
2862564587,3490843937
2862564587,363606248
2862564587,344801362
2862564587,1911117253
2862564587,2590790224
2862564587,4290173731
2862564587,708416571
2862564587,4578457949
2862564587,250981232
2862564587,3320691421
2862564587,4512167234
2862564587,292269206
2862564587,2381254105
2862564587,846838484
2862564587,315533389
2862564587,1558141890
2862564587,4295476343
2862564587,165165223
2862564587,2853510681
2862564587,2370104957
2862564587,93080678
2862564587,2976251973
2862564587,2198045789
2862564587,2778142131
2862564587,268553828
2862564587,194227269
2862564587,1927056973
2862564587,188030713
2862564587,4157067795
2862564587,860799408
2862564587,4698445452
2862564587,44136278
2862564587,2876674546
2862564587,62117470
2862564587,1584471073
2862564587,4599619173
2862564587,4517664323
2862564587,3924210017
2862564587,1537735657
2862564587,168750326
2862564587,1354463634
2862564587,324918803
2862564587,4024958181
2862564587,158487331
2862564587,2664998807
2862564587,466613471
2862564587,196854365
2862564587,253156531
2862564587,339132784
2862564587,2967790713
2862564587,189115701
2862564587,2181164614
2862564587,1035702066
2862564587,3816205821
2862564587,4106771074
2862564587,154228854
2862564587,2149641811
2862564587,4217088501
2862564587,2151721071
2862564587,334362159
2862564587,281588484
2862564587,98586663
2862564587,323218074
2862564587,528703957
2862564587,2344773975
2862564587,4690824152
2862564587,4386529533
2862564587,4745139124
2862564587,269976453
2862564587,86371127
2862564587,74368750
2862564587,2941432037
2862564587,2801721766
2862564587,2520296249
2862564587,86981908
2862564587,792277238
2862564587,4587308494
2862564587,85140850
2862564587,4287748403
2862564587,791986662
2862564587,4254711958
2862564587,161607192
2862564587,216333041
2862564587,621947200
2862564587,1453839858
2862564587,4407435197
2862564587,1225503864
2862564587,4600194977
2862564587,29479000
2862564587,52260861
2862564587,2170520136
2862564587,4604336613
2862564587,2620124238
2862564587,1688455242
2862564587,2890265398
2862564587,2161066815
2862564587,232411456
2862564587,30470164
2862564587,152430415
2862564587,1290084216
2862564587,4446660972
2862564587,896219312
2862564587,3073420761
2862564587,4594837287
2862564587,243177819
2862564587,66461494
2862564587,197812243
2862564587,2373914967
2862564587,4757987129
2862564587,3451497855
2862564587,4716193425
2862564587,146097850
2862564587,3195838270
2862564587,2997662687
2862564587,3653701876
2862564587,1649688642
2862564587,163013234
2862564587,102084588
2862564587,25951655
2862564587,15088915
2862564587,1144574113
2862564587,18228898
2862564587,2481000260
2862564587,86093051
2862564587,2560715697
2862564587,65538259
2862564587,760430480
2862564587,27195114
2862564587,1056640099
2862564587,1586623532
2862564587,240216167
2862564587,177523752
2862564587,116362700
2862564587,431996565
2862564587,2604458263
2862564587,321130814
2862564587,176199900
2862564587,2494054668
2862564587,435708519
2862564587,2226971473
2862564587,455943845
2862564587,2351546078
2862564587,65162147
2862564587,211342715
2862564587,183387449
2862564587,887389075
2862564587,608279365
2862564587,43023158
2862564587,1639871426
2862564587,60865434
2862564587,155659213
2862564587,35094637
2862564587,489839907
2862564587,592971360
