287284165,244119438
287284165,1265546028
287284165,137354094
287284165,47823211
287284165,1597861524
287284165,2766950015
287284165,278977246
287284165,2910268461
287284165,4782845498
287284165,4782914611
287284165,194202717
287284165,2209672308
287284165,3403875495
287284165,272102924
287284165,2778764012
287284165,2174027330
287284165,96214211
287284165,3053535657
287284165,2294360742
287284165,432029072
287284165,2726547980
287284165,193626721
287284165,58417540
287284165,2246206818
287284165,19020032
287284165,379850316
287284165,13300252
287284165,31446649
287284165,23061724
287284165,3301811870
287284165,3399821327
287284165,2870902733
287284165,220751541
287284165,140036291
287284165,2820825394
287284165,1257925873
287284165,2218065063
287284165,2419292707
287284165,226910480
287284165,231486085
287284165,2153540257
287284165,616645440
287284165,76884938
287284165,301949958
287284165,4578142282
287284165,42590652
287284165,269471430
287284165,3067642001
287284165,3092812937
287284165,3957487907
287284165,104122281
287284165,300484093
287284165,34238668
287284165,44898619
287284165,17138110
287284165,948552829
287284165,789758492
287284165,297997140
287284165,33906991
287284165,92002486
287284165,552599348
287284165,286801383
287284165,20448792
287284165,61145789
287284165,2575455440
287284165,2748529771
287284165,261210514
287284165,102687520
287284165,2969482959
287284165,1020383864
287284165,61722517
287284165,2545660620
287284165,2765834914
287284165,15442630
287284165,305125192
287284165,251084835
287284165,793707212
287284165,552561770
287284165,108994652
287284165,297715838
287284165,3053236541
287284165,2264543340
287284165,2843747739
287284165,2882677054
287284165,20085289
287284165,87925425
287284165,3433233315
287284165,182326268
287284165,2324138184
287284165,124563729
287284165,114063372
287284165,14304620
287284165,1111934696
287284165,3335243225
287284165,258869487
287284165,1227047612
287284165,398791609
287284165,1424811
287284165,137273883
287284165,39147497
287284165,28076939
287284165,2192588095
287284165,395586741
287284165,49174591
287284165,423108314
287284165,268728450
287284165,409380579
287284165,1423824241
287284165,2314660406
287284165,7827962
287284165,292454037
287284165,41097292
287284165,5107341
287284165,37202498
287284165,2361481177
287284165,625496752
287284165,107762111
287284165,1964873424
287284165,256329162
287284165,1015610418
287284165,1541554483
287284165,1640049788
287284165,3408481197
287284165,331000552
287284165,81081065
287284165,860397163
287284165,1849383337
287284165,2790045269
287284165,2885444908
287284165,2935989981
287284165,2303221610
287284165,1448506226
287284165,208961982
287284165,912699739
287284165,2157616755
287284165,3037063861
287284165,385368629
287284165,3009268142
287284165,98931153
287284165,877854332
287284165,620491186
287284165,2764598168
287284165,2605642512
287284165,1106416442
287284165,609841269
287284165,629106817
287284165,2256402420
287284165,3190782948
287284165,302077603
287284165,104228227
287284165,378631747
287284165,245792560
287284165,550660399
287284165,66789097
287284165,92415862
287284165,3019568698
287284165,635621715
287284165,255212776
287284165,3308323469
287284165,4119160593
287284165,2198340452
287284165,16838106
287284165,2447462982
287284165,4125610721
287284165,459185779
287284165,1698876667
287284165,941365410
287284165,310298288
287284165,107194403
287284165,804704498
287284165,2381876648
287284165,2967899597
287284165,179304336
287284165,19028805
287284165,14396748
287284165,838411267
287284165,170307446
287284165,2905232597
287284165,2537713124
287284165,601823554
287284165,15738935
287284165,2922924261
287284165,235877216
287284165,3385616249
287284165,220044514
287284165,350936512
287284165,2669247038
287284165,2998366079
287284165,2685919298
287284165,2921901945
287284165,3914436143
287284165,244078422
287284165,2934042384
287284165,5493242
287284165,2147633173
287284165,2748463386
287284165,2737172489
287284165,3862818563
287284165,89438872
287284165,102040043
287284165,119410870
287284165,934175066
287284165,295608887
287284165,181199293
287284165,221406410
287284165,2734153567
287284165,574805663
287284165,303760268
287284165,3180482847
287284165,1874659243
287284165,9379912
287284165,2913936040
287284165,425119821
287284165,2160860034
287284165,210342857
287284165,18265605
287284165,3228638117
287284165,33398564
287284165,1283547823
287284165,2336399766
287284165,326747955
287284165,1952695902
287284165,2276821540
287284165,39727960
287284165,2906459145
287284165,36626651
287284165,234360149
287284165,2716554676
287284165,3391897030
287284165,2990434931
287284165,17282261
287284165,2834942633
287284165,599175401
287284165,341699674
287284165,19343904
287284165,2788200169
287284165,2978046207
287284165,526242817
287284165,46668976
287284165,1434052940
287284165,57083268
287284165,179100271
287284165,1916734178
287284165,26830077
287284165,7996522
287284165,275092488
287284165,231011112
287284165,3395436645
287284165,3223966961
287284165,586671909
287284165,742993460
287284165,25251453
287284165,125632807
287284165,18200400
287284165,91695480
287284165,1442051293
287284165,2836845901
287284165,84066250
287284165,796684728
287284165,1483991725
287284165,2786376602
287284165,2384222526
287284165,228443100
287284165,597499972
287284165,217749896
287284165,2980720688
287284165,2953672997
287284165,285139922
287284165,2570488163
287284165,1410021434
287284165,1111444609
287284165,3001869257
287284165,3003989349
287284165,3047060301
287284165,3062439214
287284165,1381945141
287284165,294463865
287284165,303305129
287284165,322185403
287284165,86604096
287284165,303142449
287284165,2783657026
287284165,2700955232
287284165,2469370189
287284165,87226370
287284165,904210339
287284165,45112524
287284165,3067797568
287284165,3056901118
287284165,2762666846
287284165,1665260941
287284165,553027745
287284165,3188095143
287284165,2560029331
287284165,2684809098
287284165,2956746825
287284165,253020963
287284165,2926838014
287284165,1152294570
287284165,331020996
287284165,358024490
287284165,707931426
287284165,839886384
287284165,2244994945
287284165,129485874
287284165,1087071775
287284165,2525069244
287284165,3154066049
287284165,1591525994
287284165,3386184898
287284165,295249458
287284165,67681803
287284165,95134829
287284165,12427482
287284165,101837347
287284165,86360997
287284165,14056551
287284165,16576356
287284165,2696184529
287284165,2364688010
287284165,182923335
287284165,2990686997
287284165,373038864
287284165,233916847
287284165,111459200
287284165,2475490628
287284165,3248878486
287284165,3292706428
287284165,2549586726
287284165,815159544
287284165,2775813448
287284165,253018975
287284165,1898080692
287284165,189906799
287284165,2928134531
287284165,51933295
287284165,2491224998
287284165,50969179
287284165,1733909887
287284165,299816367
287284165,2937270443
287284165,41416662
287284165,1383024301
287284165,105082141
287284165,2436105037
287284165,2712898304
287284165,33989170
287284165,252975021
287284165,89435190
287284165,2342455944
287284165,1426391750
287284165,2397658758
287284165,27919737
287284165,172717529
287284165,1962476030
287284165,252488403
287284165,200568348
287284165,160502531
287284165,188671764
287284165,83333154
287284165,154202585
287284165,900045860
287284165,121859642
287284165,413277087
287284165,1605955592
287284165,610276024
287284165,127974009
287284165,303290427
287284165,132499746
287284165,580753645
287284165,761862806
287284165,213589457
287284165,2258806376
287284165,177393530
287284165,154391771
287284165,2318110975
287284165,2323072512
287284165,2357953789
287284165,247410313
287284165,312516094
287284165,423317349
287284165,527329478
287284165,889514358
287284165,305159698
287284165,74532288
287284165,631256239
287284165,2339427847
287284165,225138968
287284165,175048556
287284165,3327468465
287284165,3054028227
287284165,2417447580
287284165,300969753
287284165,74421223
287284165,2711325787
287284165,3055168421
287284165,341657886
287284165,2975314379
287284165,2565033758
287284165,3327181637
287284165,561962878
287284165,316659607
287284165,1894591321
287284165,3096575289
287284165,2615139188
287284165,267975373
287284165,264169660
287284165,2546312856
287284165,276915192
287284165,1445873108
287284165,1487495634
287284165,188056257
287284165,2774582270
287284165,1491180618
287284165,2430837884
287284165,2919810208
287284165,173665005
287284165,401691236
287284165,489475555
287284165,450577566
287284165,2610041328
287284165,418030672
287284165,19169157
287284165,270053234
287284165,2910840034
287284165,1022446748
287284165,408690733
287284165,2905292655
287284165,2535586110
287284165,1125782430
287284165,118512496
287284165,164597657
287284165,2979559469
287284165,263665963
287284165,176381508
287284165,252997018
287284165,301308940
287284165,238095222
287284165,3130850559
287284165,325236593
287284165,3290425667
287284165,977950830
287284165,561228555
287284165,47302521
287284165,2897814227
287284165,2584126416
287284165,235995835
287284165,373447753
287284165,2747430822
287284165,301429402
287284165,2484705494
287284165,2738419311
287284165,3019961223
287284165,2354848776
287284165,3084704992
287284165,29468894
287284165,2552164399
287284165,2616976669
287284165,236354455
287284165,394266186
287284165,1853887302
287284165,2914196315
287284165,2955085894
287284165,3091376321
287284165,240744399
287284165,299235535
287284165,334895533
287284165,2437112695
287284165,289527193
287284165,2792419105
287284165,3005765446
287284165,2576667120
287284165,2948649647
287284165,124690469
287284165,2530429004
287284165,334602996
287284165,121706570
287284165,2886194193
287284165,3134523497
287284165,2545568893
287284165,3054128127
287284165,172871879
287284165,370780399
287284165,975649964
287284165,3169634723
287284165,1144933434
287284165,2319411390
287284165,14209318
287284165,2558484630
287284165,2591010685
287284165,1926477908
287284165,14225088
287284165,2234136972
287284165,399016002
287284165,17214331
287284165,500147689
287284165,74453123
287284165,3044666103
287284165,2542193917
287284165,407318913
287284165,1848552392
287284165,581039398
287284165,2676602960
287284165,485804733
287284165,399583825
287284165,569877313
287284165,198663648
287284165,2653659292
287284165,220262076
287284165,33906088
287284165,831789295
287284165,809005484
287284165,52401992
287284165,110942823
287284165,132927850
287284165,68740712
287284165,22904045
287284165,2682957637
287284165,231497135
287284165,2788390894
287284165,921613332
287284165,2315458273
287284165,449951300
287284165,36397274
287284165,84012298
287284165,156214642
287284165,131160120
287284165,23520746
287284165,26327418
287284165,98677620
287284165,22914352
287284165,817326180
287284165,1101088520
287284165,19602540
287284165,250073053
287284165,147570389
287284165,2157381758
287284165,16611840
287284165,203262579
287284165,120620613
287284165,2495032879
287284165,18238467
287284165,263780425
287284165,20063063
287284165,16131144
287284165,1640990204
287284165,2934096622
287284165,419331767
287284165,5518042
287284165,919361869
287284165,521324920
287284165,2355068826
287284165,1315311613
287284165,420475251
287284165,896038494
287284165,16147516
287284165,2657996282
287284165,318465041
287284165,219939829
287284165,78863928
287284165,241147024
287284165,974438815
287284165,92320343
287284165,102646663
287284165,20909329
287284165,159119360
287284165,2467561326
287284165,791512850
287284165,2735675117
287284165,301928168
287284165,134857150
287284165,334186433
287284165,585325904
287284165,367210075
287284165,2798172002
287284165,2724570567
287284165,1950488292
287284165,266134103
287284165,2563190743
287284165,266641960
287284165,29270179
287284165,443606843
287284165,2587353546
287284165,15947602
287284165,125982674
287284165,2599650913
287284165,380985884
287284165,30761452
287284165,14116807
287284165,16886866
287284165,217359764
287284165,758995602
287284165,446799810
287284165,973927117
287284165,2370177512
287284165,2662497337
287284165,74674548
287284165,203057783
287284165,2611316478
287284165,2238635037
287284165,2246361764
287284165,381414304
287284165,66523372
287284165,2344954560
287284165,407189350
287284165,315675648
287284165,3061524795
287284165,1197438062
287284165,36094161
287284165,159147843
287284165,554389437
287284165,349066059
287284165,21849140
287284165,587060118
287284165,12597482
287284165,301224541
287284165,3024772276
287284165,300500299
287284165,270437243
287284165,418426824
287284165,126620004
287284165,989250746
287284165,2573565321
287284165,18909241
287284165,1130628176
287284165,3043045616
287284165,288148647
287284165,882298878
287284165,3044805735
287284165,61307129
287284165,25122127
287284165,223508223
287284165,2570845920
287284165,2967547407
287284165,2529780720
287284165,41372411
287284165,76593802
287284165,306414975
287284165,98851441
287284165,1278869880
287284165,2922079941
287284165,19565216
287284165,2808521032
287284165,168439070
287284165,2557492039
287284165,333474615
287284165,246704959
287284165,1262253284
287284165,2540275796
287284165,2693292824
287284165,1426022593
287284165,122024603
287284165,1132119854
287284165,206846660
287284165,3004002778
287284165,791635
287284165,271567977
287284165,2722864953
287284165,2871900761
287284165,2915127731
287284165,2834345368
287284165,1269484171
287284165,380957466
287284165,124773112
287284165,2966629053
287284165,376623675
287284165,1465049887
287284165,318986714
287284165,498909218
287284165,8204452
287284165,514771207
287284165,2176804050
287284165,569205137
287284165,1351488362
287284165,861686282
287284165,2809826115
287284165,2524929114
287284165,827780017
287284165,246257746
287284165,2583216088
287284165,2537886528
287284165,2619524632
287284165,239760107
287284165,205437050
287284165,10228272
287284165,2569428000
287284165,2600345748
287284165,2567255546
287284165,2564553461
287284165,2638487437
287284165,2527511551
287284165,574460431
287284165,2292454922
287284165,396720801
287284165,21361705
287284165,166507237
287284165,166614438
287284165,15095537
287284165,14755879
287284165,58751559
287284165,360771246
287284165,2590643181
287284165,2353341670
287284165,2549713189
287284165,2327667186
287284165,1360338650
287284165,2567970161
287284165,111043197
287284165,18556155
287284165,2876416977
287284165,20560294
287284165,2525586524
287284165,18521502
287284165,106397073
287284165,2347154142
287284165,2526946112
287284165,2579258896
287284165,2467886543
287284165,2569785573
287284165,2773007959
287284165,2532973896
287284165,2721964998
287284165,2534660454
287284165,2582220498
287284165,2534735358
287284165,2696698524
287284165,2567134067
287284165,2578439390
287284165,2530795826
287284165,2552899519
287284165,2585619342
287284165,2524651302
287284165,2523253046
287284165,2652181519
287284165,2561535258
287284165,2572850928
287284165,2583971959
287284165,2582019140
287284165,2606524901
287284165,2566881986
287284165,2905651048
287284165,2543730192
287284165,2532966824
287284165,2535691490
287284165,2321064234
287284165,2354633318
287284165,2353653462
287284165,2377548338
287284165,2567589956
287284165,2416100726
287284165,2370405912
287284165,2343951043
287284165,2604074024
287284165,2537437903
287284165,2532312637
287284165,2409760422
287284165,2371659696
287284165,2414054797
287284165,2391222272
287284165,2339514876
287284165,2373922155
287284165,2590172239
287284165,2334908088
287284165,2585601110
287284165,2308653811
287284165,2440888791
287284165,2553534170
287284165,2790259899
287284165,2548698607
287284165,2369476213
287284165,2561759029
287284165,2326817515
287284165,2565739067
287284165,2303780288
287284165,2327408432
287284165,9524342
287284165,2864992648
287284165,2538291451
287284165,2899532805
287284165,2911948607
287284165,2912288289
287284165,2563118279
287284165,2585127473
287284165,2569699060
287284165,2547960758
287284165,2529447438
287284165,2948894476
287284165,2530328448
287284165,2546520576
287284165,2538999422
287284165,2534793787
287284165,2554767362
287284165,2530575578
287284165,2528579629
287284165,2827156496
287284165,2558607084
287284165,1312146331
287284165,108310222
287284165,2485396573
287284165,2485355244
287284165,2160309459
287284165,2501963352
287284165,2561165474
287284165,2347621451
287284165,109537758
287284165,2561224982
287284165,2384283548
287284165,2381228046
287284165,2316233962
287284165,2360881140
287284165,2535075157
287284165,2565176305
287284165,2519643290
287284165,2540326495
287284165,2491729555
287284165,2367108482
287284165,2355478280
287284165,2342595733
287284165,2417356686
287284165,2221713306
287284165,2563783317
287284165,2320604426
287284165,2196018439
287284165,2315119148
287284165,2533357650
287284165,1443604814
287284165,2526978985
287284165,2571296422
287284165,2540401028
287284165,2539256820
287284165,2910646330
287284165,2864585259
287284165,1347756012
287284165,2201195173
287284165,274698103
287284165,2537655314
287284165,318110789
287284165,2496846187
287284165,110403389
287284165,305514503
287284165,1205200992
287284165,344739325
287284165,573916853
287284165,2433742945
287284165,2429271014
287284165,2366848069
287284165,858372992
287284165,2554300980
287284165,2343394706
287284165,2641393288
287284165,1225709852
287284165,299846534
287284165,14814402
287284165,13346352
287284165,233954067
287284165,158313996
287284165,90289052
287284165,2559340927
287284165,347492967
287284165,2313979656
287284165,2322314204
287284165,372812630
287284165,2557339668
287284165,2330009474
287284165,229415220
287284165,1460591678
287284165,2814666913
287284165,555278903
287284165,637130794
287284165,2641057559
287284165,2397803437
287284165,2773693583
287284165,2722945505
287284165,1251995732
287284165,11713422
287284165,268470229
287284165,603884167
287284165,251290516
287284165,2342265724
287284165,2549827694
287284165,2613675716
287284165,1925102802
287284165,43910684
287284165,27038703
287284165,2569829227
287284165,2449461288
287284165,2537896518
287284165,364528766
287284165,368889720
287284165,319179445
287284165,360612491
287284165,115611795
287284165,1449024529
287284165,79939248
287284165,2722185202
287284165,2419290031
287284165,2306287023
287284165,2570762804
287284165,2313946769
287284165,375103276
287284165,413181062
287284165,2385532513
287284165,104219645
287284165,354404213
287284165,105579238
287284165,2291383507
287284165,2292455086
287284165,2301274694
287284165,2300409494
287284165,2316123014
287284165,2351879864
287284165,2291751346
287284165,2356734773
287284165,2409623485
287284165,2324417802
287284165,2307846715
287284165,2318561829
287284165,2340753991
287284165,2344045376
287284165,2299499070
287284165,2336560177
287284165,2380768976
287284165,2350806823
287284165,2317340606
287284165,2341373581
287284165,2308575728
287284165,2299976863
287284165,2330427221
287284165,2319603954
287284165,2336118106
287284165,2317369278
287284165,2342655565
287284165,2302058545
287284165,2339934734
287284165,2335154190
287284165,2311843038
287284165,2317449571
287284165,2299791145
287284165,2330209658
287284165,2394550602
287284165,494093834
287284165,2349088537
287284165,2397043430
287284165,522108784
287284165,2310782705
287284165,50982086
287284165,18097083
287284165,2309120827
287284165,380200858
287284165,2326954436
287284165,911000017
287284165,2327356922
287284165,2190755568
287284165,2530713206
287284165,301962639
287284165,2320586323
287284165,25555639
287284165,784574954
287284165,2299805726
287284165,57107167
287284165,1289327088
287284165,113512735
287284165,2385450659
287284165,325608584
287284165,223304073
287284165,1969093668
287284165,160841325
287284165,541161551
287284165,262762959
287284165,161648663
287284165,244077566
287284165,2397846752
287284165,482389606
287284165,912364213
287284165,307582261
287284165,312169738
287284165,2339997957
287284165,489312373
287284165,1309299391
287284165,20929745
287284165,2291367451
287284165,158201610
287284165,189534066
287284165,133371674
287284165,317817664
287284165,1488544838
287284165,823905
287284165,26208520
287284165,14942445
287284165,378500131
287284165,108670198
287284165,248322503
287284165,469220170
287284165,235234497
287284165,307829561
287284165,475585621
287284165,187864310
287284165,90725961
287284165,525416576
287284165,286313145
287284165,304975919
287284165,273578036
287284165,251922978
287284165,188103460
287284165,485207048
287284165,51581070
287284165,215439713
287284165,215707523
287284165,78106895
287284165,2288138575
287284165,158110011
287284165,2224624597
287284165,158342368
287284165,420882631
287284165,403453121
287284165,850748972
287284165,1277561838
287284165,1494100669
287284165,382111314
287284165,1243509499
287284165,946738704
287284165,576818598
287284165,807195079
287284165,269352831
287284165,131587159
287284165,395308477
287284165,16080129
287284165,220047267
287284165,1212732386
287284165,493216258
287284165,1732070191
287284165,400347439
287284165,1620426986
287284165,89774467
287284165,151123001
287284165,1617257125
287284165,1617246643
287284165,1620413900
287284165,1617249925
287284165,1617201450
287284165,1617250154
287284165,1617207282
287284165,357792259
287284165,111589787
287284165,632846398
287284165,988194024
287284165,1905082050
287284165,260328354
287284165,44084633
287284165,851331602
287284165,216333391
287284165,428636312
287284165,180731328
287284165,769175653
287284165,620364144
287284165,889039213
287284165,1387224769
287284165,962350130
287284165,583232164
287284165,76914701
287284165,343447873
287284165,1252131560
287284165,304287573
287284165,618293746
287284165,567389065
287284165,1087432710
287284165,368234207
287284165,237223544
287284165,248397263
287284165,1693540381
287284165,134078532
287284165,479604089
287284165,813543409
287284165,1271820558
287284165,322595071
287284165,996852252
287284165,517523054
287284165,46749727
287284165,392040442
287284165,278694865
287284165,396192322
287284165,392389068
287284165,550342157
287284165,320726958
287284165,337647218
287284165,1461859753
287284165,778853407
287284165,934539614
287284165,163121487
287284165,291956762
287284165,7996082
287284165,16270649
287284165,17471979
287284165,112990334
287284165,33965357
287284165,522241810
287284165,193363752
287284165,39321874
287284165,101815757
287284165,485209825
287284165,141239150
287284165,57986415
287284165,57981270
287284165,107017154
287284165,42845105
287284165,305685662
287284165,343337728
287284165,301491064
287284165,8287912
287284165,35724001
287284165,87666970
287284165,171434218
287284165,903494203
287284165,91678425
287284165,258879245
287284165,610135900
287284165,853832240
287284165,302175818
287284165,278117294
287284165,126142622
287284165,61631963
287284165,409853466
287284165,182769742
287284165,624718296
287284165,593631072
287284165,218208831
287284165,14246806
287284165,1192643850
287284165,1218987008
287284165,253716617
287284165,533068190
287284165,145254292
287284165,131287716
287284165,443053105
287284165,153352774
287284165,1215202304
287284165,589929574
287284165,38640768
287284165,202092114
287284165,202792190
287284165,175473782
287284165,35423350
287284165,80530730
287284165,295190228
287284165,306610482
287284165,248720744
287284165,1362396349
287284165,290132189
287284165,1106644693
287284165,299902233
287284165,1330161222
287284165,222593050
287284165,274089786
287284165,317929026
287284165,1035900282
287284165,31090827
287284165,390387588
287284165,316584848
287284165,145992645
287284165,102095809
287284165,223866029
287284165,150782811
287284165,215785921
287284165,106153675
287284165,453047403
287284165,263325384
287284165,435818456
287284165,1212633373
287284165,365461114
287284165,260006132
287284165,213612463
287284165,47491330
287284165,424120633
287284165,190213419
287284165,291234215
287284165,125626568
287284165,170139412
287284165,297870401
287284165,795822122
287284165,35280742
287284165,170963302
287284165,271372199
287284165,158063315
287284165,18241502
287284165,288881278
287284165,168750057
287284165,66646011
287284165,64756050
287284165,792576044
287284165,7849082
287284165,74459779
287284165,510535152
287284165,51471781
287284165,157809480
287284165,237196529
287284165,111933542
287284165,105451020
287284165,14306573
287284165,156932849
287284165,125366758
287284165,14436317
287284165,29454737
287284165,405480018
287284165,618530042
287284165,106152709
287284165,312190184
287284165,57983020
287284165,24870470
287284165,173826910
287284165,189043154
287284165,140091609
287284165,128637475
287284165,378035342
287284165,338899906
287284165,787354224
287284165,792226416
287284165,586890065
287284165,10736762
287284165,184261640
287284165,15648827
287284165,193415474
287284165,253499949
287284165,64082266
287284165,82084630
287284165,198829810
287284165,138901117
287284165,237413314
287284165,17676713
287284165,319285743
287284165,163559269
287284165,245791854
287284165,267355099
287284165,112211447
287284165,277554242
287284165,158392124
287284165,183387449
287284165,607021904
287284165,18717943
287284165,136007061
287284165,166772945
287284165,535707261
287284165,262077429
287284165,11904592
287284165,240823737
287284165,185827887
287284165,102480916
287284165,76010207
287284165,242796587
287284165,296912924
287284165,366546416
287284165,16514160
287284165,460386348
287284165,38381308
287284165,43310939
287284165,121385551
287284165,344634424
287284165,230537167
287284165,224223563
287284165,74992460
287284165,213831646
287284165,223547920
287284165,90836187
287284165,577544253
287284165,192818201
287284165,191478421
287284165,962424798
287284165,277043904
287284165,85465037
287284165,309858670
287284165,249133011
287284165,267311284
287284165,266601231
287284165,6809022
287284165,121469838
287284165,26729931
287284165,250255286
287284165,295120448
287284165,516405086
287284165,516663935
287284165,148536271
287284165,290872200
287284165,547987936
287284165,249122306
287284165,110419154
287284165,121389491
287284165,570674414
287284165,22954354
287284165,19923515
287284165,14436030
287284165,17229160
287284165,364278812
287284165,194934827
287284165,324993501
287284165,257094436
287284165,525642271
287284165,227995930
287284165,825455328
287284165,491526101
287284165,630952707
287284165,8168562
287284165,20553892
287284165,20013148
287284165,233732711
287284165,370020019
287284165,446323354
287284165,270652116
287284165,105871676
287284165,337974546
287284165,816165991
287284165,219051909
287284165,153496171
287284165,83388190
287284165,416058760
287284165,249243667
287284165,241496045
287284165,301388743
287284165,13426312
287284165,279649054
287284165,56331789
287284165,385427091
287284165,52367234
287284165,450406350
287284165,267274202
287284165,2553151
287284165,38871237
287284165,172279544
287284165,239765900
287284165,14457019
287284165,117345704
287284165,498965677
287284165,80066696
287284165,196572692
287284165,8077212
287284165,50034461
287284165,65369125
287284165,111275676
287284165,180505807
287284165,366223820
