29011927,572470115
29011927,948552829
29011927,1662057727
29011927,2994469282
29011927,3483917657
29011927,1213751708
29011927,1853792810
29011927,218653131
29011927,728331678
29011927,23584173
29011927,15935242
29011927,2685459366
29011927,25671708
29011927,2879955712
29011927,15846407
29011927,63136550
29011927,23351190
29011927,57011911
29011927,3353522223
29011927,20809515
29011927,7996082
29011927,2840739640
29011927,103139089
29011927,2209050841
29011927,53640250
29011927,237815078
29011927,18368039
29011927,3580848855
29011927,2190867842
29011927,35718347
29011927,3908662287
29011927,19910996
29011927,7047
29011927,211580813
29011927,510949146
29011927,19199211
29011927,47998748
29011927,48695309
29011927,2676893963
29011927,19682061
29011927,25760294
29011927,22903765
29011927,21510894
29011927,39619186
29011927,749416285
29011927,619798159
29011927,2781839170
29011927,25305476
29011927,841475952
29011927,20676778
29011927,2580200499
29011927,771742218
29011927,70235774
29011927,87460291
29011927,261238844
29011927,2214138864
29011927,2539906562
29011927,2159593981
29011927,1097836022
29011927,26775098
29011927,24590293
29011927,18075140
29011927,454843106
29011927,18679659
29011927,17693232
29011927,19903099
29011927,1023139638
29011927,16631331
29011927,395388847
29011927,1395956761
29011927,3376281958
29011927,19612753
29011927,21424725
29011927,21492030
29011927,15005991
29011927,20843014
29011927,3143365889
29011927,3240699140
29011927,3130936833
29011927,7109022
29011927,19777398
29011927,155659213
29011927,19490380
29011927,15485441
29011927,955063303
29011927,115485051
29011927,251716551
29011927,976185420
29011927,1467606409
29011927,2510477378
29011927,379658106
29011927,2467791
29011927,14293310
29011927,3108351
29011927,759251
29011927,2097571
29011927,986878273
29011927,15951863
29011927,51566870
29011927,290263087
29011927,1652541
29011927,405123394
29011927,16632219
29011927,19391470
29011927,16632149
29011927,519960952
29011927,253167239
29011927,34352191
29011927,182721799
29011927,21905142
29011927,2693952936
29011927,83466368
29011927,36329597
29011927,17006157
29011927,3397300108
29011927,1525101608
29011927,157981564
29011927,304909941
29011927,196994616
29011927,98639150
29011927,2973812555
29011927,3028382680
29011927,114870386
29011927,51885743
29011927,51115735
29011927,3044738957
29011927,2280470022
29011927,552663968
29011927,608167078
29011927,124690469
29011927,488841110
29011927,1117359968
29011927,17637572
29011927,2926774491
29011927,2916230211
29011927,250788576
29011927,21648020
29011927,1464332341
29011927,1412720658
29011927,16171953
29011927,23455730
29011927,119082909
29011927,18678493
29011927,29472803
29011927,253536357
29011927,208442526
29011927,2864759307
29011927,2858866479
29011927,2796601847
29011927,180505807
29011927,2471283480
29011927,2407438867
29011927,1058368891
29011927,14215647
29011927,1065473976
29011927,872522160
29011927,471157498
29011927,132887265
29011927,123754656
29011927,25535042
29011927,19264748
29011927,49781518
29011927,807095
29011927,428333
29011927,813286
29011927,19971002
29011927,250880109
29011927,19472578
29011927,1615685677
29011927,21783395
29011927,2770121701
29011927,53132331
29011927,2589600068
29011927,2541112976
29011927,27615190
29011927,45386279
29011927,454395581
29011927,1282878932
29011927,169426475
29011927,4432431
29011927,18803751
29011927,40872043
29011927,14758257
29011927,17675072
29011927,2207692297
29011927,311066285
29011927,1374256286
29011927,2451233030
29011927,2293542517
29011927,1515983252
29011927,18727451
29011927,1407892861
29011927,761139074
29011927,1379855222
29011927,1690412382
29011927,14842285
29011927,19663485
29011927,607122254
29011927,1452444380
29011927,1536780608
29011927,1487468726
29011927,145293730
29011927,41149002
29011927,860104381
29011927,1971623244
29011927,1951369994
29011927,55827287
29011927,357438947
29011927,562946028
29011927,1490451529
29011927,284560161
29011927,771383605
29011927,50791967
29011927,1483738554
29011927,21600901
29011927,20309726
29011927,1622766434
29011927,1578588578
29011927,1332616170
29011927,19984216
29011927,1489247251
29011927,1400533166
29011927,394073804
29011927,497092363
29011927,636847424
29011927,24867962
29011927,21005575
29011927,18227696
29011927,19246359
29011927,18743779
29011927,72041275
29011927,45840316
29011927,36371044
29011927,22321740
29011927,856684668
29011927,827472116
29011927,960816228
29011927,97510227
29011927,856693596
29011927,16854780
29011927,85908999
29011927,19394887
29011927,20856282
29011927,140091998
29011927,21390674
29011927,17163446
29011927,23585685
29011927,8665852
29011927,19921389
29011927,8665572
29011927,94081671
29011927,124139163
29011927,17884125
29011927,71922638
29011927,177736182
29011927,19564284
29011927,1067970182
29011927,320686403
29011927,43455601
29011927,8884972
29011927,25319819
29011927,34423857
29011927,117589263
29011927,274555721
29011927,52008954
29011927,122163234
29011927,121912005
29011927,21642787
29011927,490230450
29011927,622303174
29011927,517463764
29011927,303760214
29011927,1035733987
29011927,14116807
29011927,921898854
29011927,164330158
29011927,918683568
29011927,19186180
29011927,23683605
29011927,335299650
29011927,23816051
29011927,629647965
29011927,433400216
29011927,390642309
29011927,377008435
29011927,70349639
29011927,33463342
29011927,21624322
29011927,3550091
29011927,19713622
29011927,361183284
29011927,26276346
29011927,21287509
29011927,19488569
29011927,19526463
29011927,24241544
29011927,21138477
29011927,20712514
29011927,2043041
29011927,10221592
29011927,8796732
29011927,19889294
29011927,269082525
29011927,148921971
29011927,11344172
29011927,30073982
29011927,20920451
29011927,19594446
29011927,78323166
29011927,149743581
29011927,121828424
29011927,92655778
29011927,192863698
29011927,21066857
29011927,23263743
29011927,17494015
29011927,88669993
29011927,24042063
29011927,19165467
29011927,21342208
29011927,18135386
29011927,2561091
29011927,110880937
29011927,20884910
29011927,17624543
29011927,3373791
29011927,19689047
29011927,16451028
29011927,18783599
29011927,115442828
29011927,17311493
29011927,150677740
29011927,205323928
29011927,121176422
29011927,19019970
29011927,18717426
29011927,21856254
29011927,20825141
29011927,24871986
29011927,15392221
29011927,21112266
29011927,15683146
29011927,22904901
29011927,22874178
29011927,101600172
29011927,15391813
29011927,23576483
29011927,88018459
29011927,20564626
29011927,69563610
29011927,23487044
29011927,31237480
29011927,21258827
29011927,21186089
29011927,22713657
29011927,21707734
29011927,29083985
29011927,34646899
29011927,21050953
29011927,23102329
29011927,8976
29011927,25662725
29011927,52358313
29011927,21417835
29011927,572470115
29011927,948552829
29011927,1662057727
29011927,2994469282
29011927,3483917657
29011927,1213751708
29011927,1853792810
29011927,218653131
29011927,728331678
29011927,23584173
29011927,15935242
29011927,2685459366
29011927,25671708
29011927,2879955712
29011927,15846407
29011927,63136550
29011927,23351190
29011927,57011911
29011927,3353522223
29011927,20809515
29011927,7996082
29011927,2840739640
29011927,103139089
29011927,2209050841
29011927,53640250
29011927,237815078
29011927,18368039
29011927,3580848855
29011927,2190867842
29011927,35718347
29011927,3908662287
29011927,19910996
29011927,7047
29011927,211580813
29011927,510949146
29011927,19199211
29011927,47998748
29011927,48695309
29011927,2676893963
29011927,19682061
29011927,25760294
29011927,22903765
29011927,21510894
29011927,39619186
29011927,749416285
29011927,619798159
29011927,2781839170
29011927,25305476
29011927,841475952
29011927,20676778
29011927,2580200499
29011927,771742218
29011927,70235774
29011927,87460291
29011927,261238844
29011927,2214138864
29011927,2539906562
29011927,2159593981
29011927,1097836022
29011927,26775098
29011927,24590293
29011927,18075140
29011927,454843106
29011927,18679659
29011927,17693232
29011927,19903099
29011927,1023139638
29011927,16631331
29011927,395388847
29011927,1395956761
29011927,3376281958
29011927,19612753
29011927,21424725
29011927,21492030
29011927,15005991
29011927,20843014
29011927,3143365889
29011927,3240699140
29011927,3130936833
29011927,7109022
29011927,19777398
29011927,155659213
29011927,19490380
29011927,15485441
29011927,955063303
29011927,115485051
29011927,251716551
29011927,976185420
29011927,1467606409
29011927,2510477378
29011927,379658106
29011927,2467791
29011927,14293310
29011927,3108351
29011927,759251
29011927,2097571
29011927,986878273
29011927,15951863
29011927,51566870
29011927,290263087
29011927,1652541
29011927,405123394
29011927,16632219
29011927,19391470
29011927,16632149
29011927,519960952
29011927,253167239
29011927,34352191
29011927,182721799
29011927,21905142
29011927,2693952936
29011927,83466368
29011927,36329597
29011927,17006157
29011927,3397300108
29011927,1525101608
29011927,157981564
29011927,304909941
29011927,196994616
29011927,98639150
29011927,2973812555
29011927,3028382680
29011927,114870386
29011927,51885743
29011927,51115735
29011927,3044738957
29011927,2280470022
29011927,552663968
29011927,608167078
29011927,124690469
29011927,488841110
29011927,1117359968
29011927,17637572
29011927,2926774491
29011927,2916230211
29011927,250788576
29011927,21648020
29011927,1464332341
29011927,1412720658
29011927,16171953
29011927,23455730
29011927,119082909
29011927,18678493
29011927,29472803
29011927,253536357
29011927,208442526
29011927,2864759307
29011927,2858866479
29011927,2796601847
29011927,180505807
29011927,2471283480
29011927,2407438867
29011927,1058368891
29011927,14215647
29011927,1065473976
29011927,872522160
29011927,471157498
29011927,132887265
29011927,123754656
29011927,25535042
29011927,19264748
29011927,49781518
29011927,807095
29011927,428333
29011927,813286
29011927,19971002
29011927,250880109
29011927,19472578
29011927,1615685677
29011927,21783395
29011927,2770121701
29011927,53132331
29011927,2589600068
29011927,2541112976
29011927,27615190
29011927,45386279
29011927,454395581
29011927,1282878932
29011927,169426475
29011927,4432431
29011927,18803751
29011927,40872043
29011927,14758257
29011927,17675072
29011927,2207692297
29011927,311066285
29011927,1374256286
29011927,2451233030
29011927,2293542517
29011927,1515983252
29011927,18727451
29011927,1407892861
29011927,761139074
29011927,1379855222
29011927,1690412382
29011927,14842285
29011927,19663485
29011927,607122254
29011927,1452444380
29011927,1536780608
29011927,1487468726
29011927,145293730
29011927,41149002
29011927,860104381
29011927,1971623244
29011927,1951369994
29011927,55827287
29011927,357438947
29011927,562946028
29011927,1490451529
29011927,284560161
29011927,771383605
29011927,50791967
29011927,1483738554
29011927,21600901
29011927,20309726
29011927,1622766434
29011927,1578588578
29011927,1332616170
29011927,19984216
29011927,1489247251
29011927,1400533166
29011927,394073804
29011927,497092363
29011927,636847424
29011927,24867962
29011927,21005575
29011927,18227696
29011927,19246359
29011927,18743779
29011927,72041275
29011927,45840316
29011927,36371044
29011927,22321740
29011927,856684668
29011927,827472116
29011927,960816228
29011927,97510227
29011927,856693596
29011927,16854780
29011927,85908999
29011927,19394887
29011927,20856282
29011927,140091998
29011927,21390674
29011927,17163446
29011927,23585685
29011927,8665852
29011927,19921389
29011927,8665572
29011927,94081671
29011927,124139163
29011927,17884125
29011927,71922638
29011927,177736182
29011927,19564284
29011927,1067970182
29011927,320686403
29011927,43455601
29011927,8884972
29011927,25319819
29011927,34423857
29011927,117589263
29011927,274555721
29011927,52008954
29011927,122163234
29011927,121912005
29011927,21642787
29011927,490230450
29011927,622303174
29011927,517463764
29011927,303760214
29011927,1035733987
29011927,14116807
29011927,921898854
29011927,164330158
29011927,918683568
29011927,19186180
29011927,23683605
29011927,335299650
29011927,23816051
29011927,629647965
29011927,433400216
29011927,390642309
29011927,377008435
29011927,70349639
29011927,33463342
29011927,21624322
29011927,3550091
29011927,19713622
29011927,361183284
29011927,26276346
29011927,21287509
29011927,19488569
29011927,19526463
29011927,24241544
29011927,21138477
29011927,20712514
29011927,2043041
29011927,10221592
29011927,8796732
29011927,19889294
29011927,269082525
29011927,148921971
29011927,11344172
29011927,30073982
29011927,20920451
29011927,19594446
29011927,78323166
29011927,149743581
29011927,121828424
29011927,92655778
29011927,192863698
29011927,21066857
29011927,23263743
29011927,17494015
29011927,88669993
29011927,24042063
29011927,19165467
29011927,21342208
29011927,18135386
29011927,2561091
29011927,110880937
29011927,20884910
29011927,17624543
29011927,3373791
29011927,19689047
29011927,16451028
29011927,18783599
29011927,115442828
29011927,17311493
29011927,150677740
29011927,205323928
29011927,121176422
29011927,19019970
29011927,18717426
29011927,21856254
29011927,20825141
29011927,24871986
29011927,15392221
29011927,21112266
29011927,15683146
29011927,22904901
29011927,22874178
29011927,101600172
29011927,15391813
29011927,23576483
29011927,88018459
29011927,20564626
29011927,69563610
29011927,23487044
29011927,31237480
29011927,21258827
29011927,21186089
29011927,22713657
29011927,21707734
29011927,29083985
29011927,34646899
29011927,21050953
29011927,23102329
29011927,8976
29011927,25662725
29011927,52358313
29011927,21417835
