2902454441,919091216
2902454441,243361768
2902454441,300955119
2902454441,173238133
2902454441,317381375
2902454441,499319769
2902454441,948552829
2902454441,2879115333
2902454441,15123718
2902454441,2841936587
2902454441,313927408
2902454441,2880958761
2902454441,304586719
2902454441,1496651636
2902454441,1600651928
2902454441,700018079
2902454441,202727136
2902454441,1083374359
2902454441,499869880
2902454441,1857896816
2902454441,307514519
2902454441,165180469
2902454441,1704103212
2902454441,267355099
2902454441,69060709
2902454441,187864310
2902454441,249122306
2902454441,146150851
2902454441,343447873
2902454441,20509689
2902454441,68740712
2902454441,50982086
2902454441,11904592
2902454441,14824411
2902454441,2397043430
2902454441,482389606
2902454441,784574954
2902454441,158342368
2902454441,2288138575
2902454441,246222030
2902454441,2692303074
2902454441,254161492
2902454441,249620417
2902454441,497842870
2902454441,152951377
2902454441,39273635
2902454441,104438071
2902454441,377032968
2902454441,12975572
2902454441,565120610
2902454441,313838576
2902454441,145566905
2902454441,108670198
2902454441,25555639
2902454441,2319411390
