2903596840,99124442
2903596840,3010384528
2903596840,4765219033
2903596840,3431779804
2903596840,3873936134
2903596840,469038612
2903596840,234053160
2903596840,2888010557
2903596840,21389998
2903596840,1898815243
2903596840,21390674
2903596840,2992634170
2903596840,2597160128
2903596840,2726675603
2903596840,138149459
2903596840,592237373
2903596840,948552829
2903596840,348353369
2903596840,3071729471
2903596840,3340043926
2903596840,1111795194
2903596840,2290170218
2903596840,42626527
2903596840,4054216933
2903596840,3891179794
2903596840,20479813
2903596840,19697415
2903596840,20015311
2903596840,743472216
2903596840,3201706312
2903596840,16477634
2903596840,9395312
2903596840,39766086
2903596840,38612793
2903596840,2841978352
2903596840,16211566
2903596840,789605024
2903596840,1451043762
2903596840,627673190
2903596840,385056910
2903596840,2601973244
2903596840,218309123
2903596840,37710752
2903596840,11348282
2903596840,4277722295
2903596840,208547019
2903596840,18847920
2903596840,3084670643
2903596840,2234342274
2903596840,31594288
2903596840,3096642344
2903596840,95333096
2903596840,39762962
2903596840,23023236
2903596840,532368832
2903596840,93030447
2903596840,61851843
2903596840,611986351
2903596840,2310116088
2903596840,12044602
2903596840,183310940
2903596840,2835594983
2903596840,1690412382
2903596840,78701891
2903596840,2898288848
2903596840,4022886339
2903596840,2614614722
2903596840,4183563857
2903596840,1435440998
2903596840,39758768
2903596840,89564366
2903596840,259379883
2903596840,78644388
2903596840,19472578
2903596840,14333754
2903596840,31237480
2903596840,19334929
2903596840,20560841
2903596840,1117359968
2903596840,2197487762
2903596840,70349639
2903596840,1708055766
2903596840,1596374617
2903596840,3316008693
2903596840,27306652
2903596840,19312050
2903596840,2842713105
2903596840,302690890
2903596840,415585111
2903596840,4076964512
2903596840,861028015
2903596840,620398542
2903596840,3418854293
2903596840,18957363
2903596840,3226222913
2903596840,601774069
2903596840,19295034
2903596840,144531434
2903596840,3514597793
2903596840,28420827
2903596840,873523224
2903596840,3925911732
2903596840,2176402702
2903596840,12
2903596840,32468665
2903596840,3016041019
2903596840,1114644872
2903596840,3319195412
2903596840,3059500674
2903596840,6265892
2903596840,1663661520
2903596840,3760886593
2903596840,3152832123
2903596840,2916305152
2903596840,2561816630
2903596840,3684323504
2903596840,198439875
2903596840,1312222128
2903596840,32668921
2903596840,2935035508
2903596840,102570694
2903596840,3679864036
2903596840,1028457912
2903596840,1086485478
2903596840,332748354
2903596840,38314814
2903596840,1710336272
2903596840,3504643696
2903596840,2346689107
2903596840,3513844523
2903596840,2192475251
2903596840,525282701
2903596840,1039815788
2903596840,35798784
2903596840,38344185
2903596840,2893939156
2903596840,350163849
2903596840,3199745237
2903596840,3066070240
2903596840,16143864
2903596840,2893280873
2903596840,1567041686
2903596840,38611183
2903596840,16303106
2903596840,25365536
2903596840,523206876
2903596840,329789735
2903596840,1548317628
2903596840,1413670405
2903596840,3394472368
2903596840,1739432156
2903596840,101894425
2903596840,19404587
2903596840,22424763
2903596840,1150722620
2903596840,95438524
2903596840,2372379259
2903596840,2828430350
2903596840,3318491307
2903596840,3233803432
2903596840,84657283
2903596840,783214
2903596840,2330816484
2903596840,1385239393
2903596840,2414051372
2903596840,427030777
2903596840,3295778181
2903596840,3148762311
2903596840,1599786402
2903596840,2868054536
2903596840,318015081
2903596840,126502645
2903596840,843491803
2903596840,2154821396
2903596840,377385039
2903596840,3108968733
2903596840,1975513820
2903596840,382267114
2903596840,3245328605
2903596840,3008074151
2903596840,1411425464
2903596840,2159817414
2903596840,3227301490
2903596840,2691938520
2903596840,1509478423
2903596840,3159785280
2903596840,3036822380
2903596840,191556885
2903596840,21775858
2903596840,180505807
2903596840,275918243
2903596840,1383664008
2903596840,23242124
2903596840,234878051
2903596840,288205018
2903596840,100684909
2903596840,108361327
2903596840,173885254
2903596840,122216533
2903596840,20702626
2903596840,82782150
2903596840,118483749
2903596840,45707366
2903596840,21449197
2903596840,60765383
2903596840,196925561
2903596840,2923618567
2903596840,963209714
2903596840,286098771
2903596840,2529325796
2903596840,2213258946
2903596840,350355393
2903596840,1878084872
2903596840,2708829955
2903596840,570408415
2903596840,50665893
2903596840,2992498761
2903596840,2895337742
2903596840,2990505433
2903596840,2990519011
2903596840,2796358439
2903596840,491399101
2903596840,2697807948
2903596840,1362132925
2903596840,2367393115
2903596840,2973058870
2903596840,2960101137
2903596840,2212895788
2903596840,1582853809
2903596840,2927291565
2903596840,151412125
2903596840,344801362
2903596840,393723853
2903596840,256675420
2903596840,2905352870
2903596840,596940844
2903596840,225341947
2903596840,505605766
2903596840,153067700
2903596840,727305176
2903596840,240872962
2903596840,577466504
2903596840,175083215
2903596840,2811941773
2903596840,186141167
2903596840,18101982
2903596840,15896379
2903596840,825394512
2903596840,1251827575
2903596840,906977898
2903596840,2598102029
2903596840,2289734166
2903596840,19569136
2903596840,15284851
2903596840,197117628
2903596840,20350081
2903596840,17450410
2903596840,1724639689
2903596840,154849863
2903596840,96896951
2903596840,2416224588
2903596840,261503168
2903596840,95955871
2903596840,45316175
2903596840,39887890
2903596840,21163600
2903596840,238475531
2903596840,19114743
2903596840,124631720
2903596840,15565190
2903596840,2184959678
2903596840,290558624
2903596840,282527824
2903596840,1652363485
2903596840,465319343
2903596840,2231830785
2903596840,1255030290
2903596840,986878273
2903596840,2904604187
2903596840,1942049240
2903596840,2907670833
2903596840,21648020
2903596840,22903765
2903596840,163138175
2903596840,1183584528
2903596840,1272263407
2903596840,38767223
2903596840,783204546
2903596840,632157129
2903596840,613412461
2903596840,1023139638
2903596840,19271557
2903596840,19450907
2903596840,61457123
2903596840,108349633
2903596840,166665318
2903596840,555548903
2903596840,24963961
2903596840,22832029
2903596840,386265506
2903596840,176280925
2903596840,95956928
2903596840,14856333
2903596840,19133646
2903596840,21204154
2903596840,860338249
2903596840,552710238
2903596840,23132159
2903596840,20856282
2903596840,19490380
2903596840,19932481
2903596840,39755606
2903596840,37919322
2903596840,17624543
2903596840,66834664
2903596840,38977171
2903596840,19910996
2903596840,121167080
2903596840,19562228
2903596840,479754498
2903596840,75511224
2903596840,23011527
2903596840,17626165
2903596840,140091998
2903596840,794110602
2903596840,1407892861
2903596840,1070932556
2903596840,526205748
2903596840,400630539
2903596840,1284113077
2903596840,97488105
2903596840,14903044
2903596840,41878061
2903596840,24696669
2903596840,18761347
2903596840,21050755
2903596840,19713622
2903596840,1077924978
2903596840,17311493
2903596840,50300579
2903596840,813286
2903596840,18075140
2903596840,16689875
2903596840,21492030
2903596840,115485051
2903596840,17993489
2903596840,18948541
2903596840,19921389
2903596840,454843106
2903596840,20448566
2903596840,14995420
2903596840,328980753
2903596840,85908999
2903596840,19405367
2903596840,70186440
2903596840,8662472
2903596840,16854780
2903596840,155659213
2903596840,49781518
2903596840,1278888482
2903596840,23263743
2903596840,19186180
2903596840,563676840
2903596840,19564523
2903596840,479542404
2903596840,21390437
2903596840,2761273432
2903596840,2213956401
2903596840,50731466
2903596840,15683146
2903596840,2270617231
