2911240940,19391470
2911240940,271028583
2911240940,87460291
2911240940,21309551
2911240940,1407892861
2911240940,20740074
2911240940,21004059
2911240940,378197959
2911240940,19033555
2911240940,19712523
2911240940,33611395
2911240940,20712514
2911240940,1023139638
2911240940,54015652
2911240940,1615685677
2911240940,2197487762
2911240940,19334929
2911240940,948552829
2911240940,1662057727
2911240940,14333754
2911240940,43675318
2911240940,396609534
2911240940,17884125
2911240940,68165758
2911240940,19083439
2911240940,121167080
2911240940,50602093
2911240940,20856282
2911240940,31237480
2911240940,3101481833
2911240940,25150711
2911240940,1142859176
2911240940,15005991
2911240940,70235774
2911240940,20511502
2911240940,50771807
2911240940,12497362
2911240940,7109022
2911240940,3320722841
2911240940,3314927776
2911240940,2831859546
2911240940,3351887584
2911240940,3366804185
2911240940,363533352
2911240940,2355403300
2911240940,55980985
2911240940,29177690
2911240940,87942437
2911240940,434412049
2911240940,54379033
2911240940,118770112
2911240940,55200317
2911240940,23167150
2911240940,19908925
2911240940,17951411
2911240940,24604702
2911240940,36130337
2911240940,2988541933
2911240940,3395755665
2911240940,22176845
2911240940,513077148
2911240940,3290497119
2911240940,1382404544
2911240940,42626527
2911240940,70349639
2911240940,2905636970
2911240940,17540625
2911240940,19674652
2911240940,19292033
2911240940,492288571
2911240940,2164968990
2911240940,21204154
2911240940,23946350
2911240940,19650966
2911240940,22321740
2911240940,18944007
2911240940,21817509
2911240940,24881331
2911240940,18247680
2911240940,20560841
2911240940,200226770
2911240940,2428685887
2911240940,3184976933
2911240940,28489744
2911240940,709024616
2911240940,2902425315
2911240940,40205617
2911240940,20626359
2911240940,18332190
2911240940,21401523
2911240940,124476322
2911240940,101743223
2911240940,106062176
2911240940,56377143
2911240940,108312174
2911240940,80241910
2911240940,454843106
2911240940,18803751
2911240940,16838962
2911240940,16664803
2911240940,18920461
2911240940,43346844
2911240940,123754656
2911240940,405123394
2911240940,18600155
2911240940,376819013
2911240940,965741665
2911240940,7996082
2911240940,85908999
2911240940,49781518
2911240940,97488105
2911240940,21492030
2911240940,17163446
2911240940,16451028
2911240940,16632219
2911240940,16632149
2911240940,14856333
2911240940,19247625
2911240940,19186180
2911240940,25535042
2911240940,15683146
2911240940,2561091
2911240940,23263743
2911240940,20583613
2911240940,14562960
2911240940,8662472
2911240940,19405367
2911240940,16854780
2911240940,19264748
2911240940,20809515
2911240940,17169390
2911240940,20843014
2911240940,22904901
2911240940,34423857
2911240940,19472578
2911240940,266712846
2911240940,17624959
2911240940,19686295
2911240940,14746456
2911240940,21905142
2911240940,321525284
2911240940,35046214
2911240940,66740930
2911240940,328976336
2911240940,164419668
2911240940,807095
2911240940,5402612
2911240940,23585685
2911240940,8665852
2911240940,1451682487
2911240940,8236062
2911240940,14464766
2911240940,14903044
2911240940,21138477
2911240940,19875072
2911240940,43079848
2911240940,16171953
2911240940,18135386
2911240940,22384691
2911240940,17693232
2911240940,17624543
2911240940,26276346
2911240940,24241544
2911240940,23694165
2911240940,20781929
2911240940,19921389
2911240940,1690412382
2911240940,54526075
2911240940,21744554
2911240940,17544803
2911240940,7614122
2911240940,15439561
