2918166196,328980753
2918166196,55117855
2918166196,4644839074
2918166196,91574688
2918166196,56436152
2918166196,9207632
2918166196,10798802
2918166196,1335809869
2918166196,1792754424
2918166196,907309218
2918166196,178117805
2918166196,50602093
2918166196,3673751488
2918166196,436292177
2918166196,2286047670
2918166196,19186180
2918166196,2282532872
2918166196,411115599
2918166196,2916305152
2918166196,891794228
2918166196,72915722
2918166196,1434251
2918166196,28208983
2918166196,19966557
2918166196,505089852
2918166196,2439032786
2918166196,140048972
2918166196,283038024
2918166196,97488105
2918166196,2342321419
2918166196,110509537
2918166196,40139016
2918166196,558674762
2918166196,304089779
2918166196,178895425
2918166196,162180116
2918166196,2194426180
2918166196,71256932
2918166196,18310869
2918166196,360391686
2918166196,454843106
2918166196,15492359
2918166196,19826509
2918166196,20225875
2918166196,163972875
2918166196,355307031
2918166196,2387543119
2918166196,17681513
2918166196,45266183
2918166196,21904650
2918166196,31080039
2918166196,2774749037
2918166196,251716551
2918166196,2559739876
2918166196,5135521
2918166196,17415095
2918166196,27604942
2918166196,68541353
2918166196,1086485478
2918166196,54423036
2918166196,24590293
2918166196,2477334432
2918166196,14718073
2918166196,204797850
2918166196,19889294
2918166196,17993489
2918166196,37868953
2918166196,20586517
2918166196,75977935
2918166196,138534268
2918166196,111367384
2918166196,39228204
2918166196,20591744
2918166196,16631331
2918166196,18396706
2918166196,14089195
2918166196,13992132
2918166196,2546107402
2918166196,80138052
2918166196,1542533869
2918166196,25551882
2918166196,1673361577
2918166196,70186440
2918166196,15057943
2918166196,108382988
2918166196,305164015
2918166196,219112689
2918166196,41036546
2918166196,82602399
2918166196,349161808
2918166196,62557485
2918166196,18518096
2918166196,586120599
2918166196,2472516840
2918166196,2561091
