2943080740,753828066
2943080740,385993035
2943080740,2992986521
2943080740,4817905235
2943080740,551149727
2943080740,4104208857
2943080740,4020532937
2943080740,4644839074
2943080740,131102007
2943080740,4754996722
2943080740,102325442
2943080740,4636428149
2943080740,2976062307
2943080740,2417884332
2943080740,2932789433
2943080740,546938873
2943080740,2405214733
2943080740,1912425464
2943080740,4404463643
2943080740,2182488572
2943080740,2982483155
2943080740,2279585821
2943080740,22903765
2943080740,3291283404
2943080740,2971311035
2943080740,1464799232
2943080740,3822309863
2943080740,248223451
2943080740,19472578
2943080740,3369256571
2943080740,375245154
2943080740,2852260497
2943080740,513695042
2943080740,2550023839
2943080740,19186180
2943080740,1347852566
2943080740,2450498894
2943080740,3090070565
2943080740,2496688844
2943080740,3763651043
2943080740,3094137928
2943080740,2973397204
2943080740,2872898626
2943080740,2492679267
2943080740,1596589969
2943080740,16548023
2943080740,2259537936
2943080740,2446454486
2943080740,402819011
2943080740,540219772
2943080740,3077216406
2943080740,3260393940
2943080740,3355923323
2943080740,74426840
2943080740,3123607037
2943080740,2918476342
2943080740,2541999628
2943080740,1524416738
2943080740,2478544412
2943080740,2544060038
2943080740,1703692550
2943080740,2589245129
2943080740,2857270821
2943080740,3386512450
2943080740,1126104906
2943080740,2820507493
2943080740,921811310
2943080740,1137692804
2943080740,2287218894
2943080740,922030166
2943080740,2460055002
2943080740,2269442521
2943080740,3311253861
2943080740,2577266486
2943080740,3040544269
2943080740,1633379797
2943080740,2799926327
2943080740,547755052
2943080740,2521079039
2943080740,155659213
2943080740,3332558709
2943080740,2369308675
2943080740,112764971
2943080740,2367007601
2943080740,513540825
2943080740,1558141890
2943080740,2286938682
2943080740,2523005519
2943080740,16951979
2943080740,2979781091
2943080740,3191920623
2943080740,1886185832
2943080740,2275770826
2943080740,1492401932
2943080740,39092197
2943080740,577466504
2943080740,1947904784
2943080740,3128393984
2943080740,2785372887
2943080740,2921373765
2943080740,2908377789
2943080740,1458178333
2943080740,2216001578
2943080740,3084904960
2943080740,1669142742
2943080740,571964518
2943080740,2863347934
2943080740,251716551
2943080740,2226311944
2943080740,813286
2943080740,3056637015
2943080740,11348282
2943080740,1047501870
2943080740,417416922
2943080740,246442405
2943080740,343627165
2943080740,19583545
2943080740,19564523
2943080740,49781518
2943080740,40019154
2943080740,2277415955
2943080740,1729674096
2943080740,19051022
2943080740,121167080
2943080740,2419251240
2943080740,2333908166
2943080740,2324102898
2943080740,2981591783
2943080740,2322078830
2943080740,2889048003
2943080740,2877231381
2943080740,56699256
2943080740,521583770
2943080740,2652945058
2943080740,563275773
2943080740,2892368495
2943080740,2717147645
2943080740,1219289690
2943080740,2807746384
2943080740,1296272568
2943080740,15683146
2943080740,21390437
2943080740,2429013351
2943080740,414736352
2943080740,2410323981
2943080740,2174683830
2943080740,2503675961
2943080740,2829410025
2943080740,2722220963
2943080740,2822347247
2943080740,2696105329
2943080740,1436135148
2943080740,1864027603
2943080740,575595296
2943080740,2519904598
2943080740,332216503
2943080740,510717636
2943080740,2862684865
2943080740,1420429424
2943080740,2312688462
2943080740,2932659279
2943080740,509272646
2943080740,2839955889
2943080740,2918454047
2943080740,611635133
2943080740,255123051
