2960425337,102161899
2960425337,18909186
2960425337,2888467370
2960425337,1619430624
2960425337,110369721
2960425337,89666251
2960425337,148100837
2960425337,2655183633
2960425337,103550271
2960425337,15746198
2960425337,47617770
2960425337,21390674
2960425337,213411429
2960425337,21389998
2960425337,138220302
2960425337,40019154
2960425337,31237480
2960425337,902105053
2960425337,22780877
2960425337,19967197
2960425337,56487239
2960425337,35718347
2960425337,25319819
2960425337,24915307
2960425337,19867777
2960425337,21182676
2960425337,17311493
2960425337,19903099
2960425337,2317844448
2960425337,22637074
2960425337,16569045
2960425337,74428159
2960425337,31125209
2960425337,18049879
2960425337,14684733
2960425337,18730195
2960425337,19814175
2960425337,19247625
2960425337,68165758
2960425337,16631693
2960425337,283038024
2960425337,16631331
2960425337,140091998
2960425337,23263743
2960425337,19405367
2960425337,17980026
2960425337,97488105
2960425337,20856282
2960425337,85908999
2960425337,19490380
2960425337,463949951
2960425337,542109140
2960425337,468755250
2960425337,281962719
2960425337,1014162325
2960425337,348221739
2960425337,872538984
2960425337,518024361
2960425337,120111500
2960425337,49421841
2960425337,112896575
2960425337,18161177
2960425337,2501448547
2960425337,93700899
2960425337,106268452
2960425337,198579833
2960425337,23793635
2960425337,574864320
2960425337,1334958602
2960425337,1221415536
2960425337,138772769
2960425337,302946202
2960425337,2740091941
2960425337,57226715
2960425337,237715513
2960425337,746366562
2960425337,434388222
2960425337,1226577366
2960425337,179993726
2960425337,405767114
2960425337,738425773
2960425337,250404515
2960425337,363253729
2960425337,3349993733
2960425337,702939327
2960425337,1933908133
2960425337,332263050
2960425337,130118562
2960425337,1112451925
2960425337,2934033780
2960425337,2383623918
2960425337,2433262231
2960425337,1248033270
2960425337,887163644
2960425337,75004406
2960425337,612890009
2960425337,1327236169
2960425337,149205682
2960425337,1857615030
2960425337,1120094468
2960425337,337628661
2960425337,456558476
2960425337,34410484
2960425337,86696906
2960425337,28220303
2960425337,1118211846
2960425337,57549784
2960425337,187844173
2960425337,16053201
2960425337,278611242
2960425337,64805700
2960425337,326451424
2960425337,188469468
2960425337,516661291
2960425337,17965726
2960425337,15011490
2960425337,17796441
2960425337,37826798
2960425337,20448566
2960425337,1339585813
2960425337,26296150
2960425337,366996340
2960425337,95731075
2960425337,15485441
2960425337,275163490
2960425337,12
2960425337,15363399
2960425337,19397785
2960425337,259491457
2960425337,93675383
2960425337,388528567
2960425337,280701704
2960425337,181561712
2960425337,2097571
2960425337,35094637
2960425337,3697308501
2960425337,17874544
2960425337,382267114
2960425337,972651
2960425337,20536157
2960425337,3248155508
2960425337,800859858
2960425337,2409291516
2960425337,219683269
2960425337,783214
2960425337,127288992
2960425337,57303317
2960425337,258467193
2960425337,625999575
2960425337,23490006
2960425337,627673190
2960425337,143336381
2960425337,3000773579
2960425337,23180682
2960425337,45850339
2960425337,148925253
2960425337,308520211
2960425337,599228677
2960425337,60865434
2960425337,22454579
2960425337,3285844464
2960425337,1735809482
2960425337,136007061
2960425337,185827887
2960425337,80075642
2960425337,171840420
2960425337,258758307
2960425337,90836187
2960425337,267274202
2960425337,34949757
2960425337,30354164
2960425337,227103437
2960425337,1945085065
2960425337,2319296090
2960425337,151123001
2960425337,3382511260
2960425337,191268709
2960425337,2306505103
2960425337,19686295
2960425337,19472578
2960425337,17540485
2960425337,290187395
2960425337,22904901
2960425337,233812388
2960425337,159110716
2960425337,1543764570
2960425337,41631210
2960425337,15615035
2960425337,2197487762
2960425337,164052447
2960425337,22571216
2960425337,36822281
2960425337,16004470
2960425337,2178822102
2960425337,126118232
2960425337,335359142
2960425337,252461939
2960425337,1977351487
2960425337,3409993127
2960425337,21138477
2960425337,15781508
2960425337,331135107
2960425337,1573845710
2960425337,17624959
2960425337,18330027
2960425337,14746456
2960425337,123754656
2960425337,156760350
2960425337,49081015
2960425337,14903044
2960425337,1465403520
2960425337,14377563
2960425337,16318231
2960425337,21155660
2960425337,383349105
2960425337,204729629
2960425337,2434125131
2960425337,3278915101
2960425337,47674261
2960425337,32340023
2960425337,59055043
2960425337,1615685677
2960425337,2873985522
2960425337,230070438
2960425337,4061359875
2960425337,17624543
2960425337,1459220244
2960425337,278220052
2960425337,33931271
2960425337,179173698
2960425337,395231482
2960425337,17693232
2960425337,34423857
2960425337,19713622
2960425337,771383605
2960425337,948552829
2960425337,24241544
2960425337,1662057727
2960425337,3483917657
2960425337,20781929
2960425337,19921389
2960425337,15391813
2960425337,2561091
2960425337,1690412382
2960425337,17884125
2960425337,25535042
2960425337,94081671
2960425337,15392221
2960425337,26276346
2960425337,23585685
2960425337,2523613098
2960425337,22449367
2960425337,19889294
2960425337,124139163
2960425337,14758257
2960425337,395388847
2960425337,16451028
2960425337,454395581
2960425337,16632219
2960425337,16632149
2960425337,21783395
2960425337,8665572
2960425337,498086098
2960425337,1178944580
2960425337,2350785614
2960425337,118163670
2960425337,2980023689
2960425337,370397049
2960425337,1254729492
2960425337,1237705837
2960425337,3021253157
2960425337,14570114
2960425337,2985912450
2960425337,2500574303
2960425337,259370909
2960425337,19720019
2960425337,20632796
2960425337,10228272
2960425337,26787673
2960425337,15392391
2960425337,18139619
2960425337,50741466
2960425337,335207743
2960425337,17919972
2960425337,23375688
2960425337,20514552
2960425337,21447363
2960425337,126084292
2960425337,79293791
2960425337,7831092
2960425337,121149217
2960425337,11018442
2960425337,26565946
2960425337,31444922
2960425337,59553554
2960425337,30973
2960425337,167421802
2960425337,71026122
2960425337,15639527
2960425337,81216196
2960425337,58992971
2960425337,113453136
2960425337,190057413
2960425337,390855416
2960425337,72224015
2960425337,35672450
2960425337,21235708
2960425337,34973485
2960425337,18783973
2960425337,24815379
2960425337,28174342
2960425337,27039668
2960425337,1478067685
2960425337,167489621
2960425337,390477789
2960425337,3005684819
2960425337,59653599
2960425337,14872237
2960425337,329789735
2960425337,2206679028
2960425337,383024087
2960425337,148810980
2960425337,54203238
2960425337,34258758
2960425337,364543905
2960425337,115108916
2960425337,503923530
2960425337,584910622
2960425337,212631009
2960425337,126546623
2960425337,154884323
2960425337,18334825
2960425337,15632759
2960425337,27844479
2960425337,16096416
2960425337,16929349
2960425337,21401466
2960425337,24569636
2960425337,17548474
2960425337,32469566
2960425337,20177423
2960425337,136361303
2960425337,221392767
2960425337,73359920
2960425337,85772748
2960425337,49239873
2960425337,72568426
2960425337,1165970617
2960425337,18647765
2960425337,15572249
2960425337,1194818420
2960425337,226269120
2960425337,149640494
2960425337,138787183
2960425337,164261260
2960425337,2967326127
2960425337,30180137
2960425337,344801362
2960425337,17163446
2960425337,2933990590
2960425337,65416867
2960425337,1283561876
2960425337,34185138
2960425337,343627165
2960425337,1283748854
2960425337,307807956
2960425337,330446733
2960425337,304596944
2960425337,488731085
2960425337,740336334
2960425337,1704998570
2960425337,2533070650
2960425337,444838837
2960425337,1269425228
2960425337,533085085
2960425337,1964571728
2960425337,932429090
2960425337,158487331
2960425337,141803483
2960425337,18135386
2960425337,19264748
2960425337,16854780
2960425337,20843014
2960425337,454843106
2960425337,19033555
2960425337,15683146
2960425337,19394887
2960425337,19564523
2960425337,19186180
2960425337,49781518
2960425337,310603098
2960425337,41518587
2960425337,92341061
2960425337,62623321
2960425337,91949533
2960425337,2509528929
2960425337,2468140129
2960425337,172457330
2960425337,248926920
2960425337,413204284
2960425337,50513552
2960425337,140070953
2960425337,330682010
2960425337,340535673
2960425337,254319118
2960425337,183387449
2960425337,84625876
2960425337,89267367
2960425337,37877495
2960425337,713993413
2960425337,2306281370
2960425337,16951979
2960425337,241236215
2960425337,11425642
2960425337,618281476
2960425337,22903765
2960425337,128519816
2960425337,50099055
2960425337,23098454
2960425337,29312953
2960425337,2933953660
2960425337,282776647
2960425337,2934270706
2960425337,155659213
2960425337,1535456294
2960425337,280689114
2960425337,254809626
2960425337,144582687
2960425337,62164894
2960425337,254827032
2960425337,192608058
2960425337,313809703
2960425337,325316876
2960425337,305192408
2960425337,2237235723
2960425337,2736476597
2960425337,611227644
2960425337,382613598
2960425337,28966604
2960425337,596940844
2960425337,21390437
2960425337,44092599
2960425337,38465034
2960425337,255237178
2960425337,21134941
2960425337,7903032
2960425337,135858248
2960425337,434889147
2960425337,581344687
2960425337,15322103
2960425337,460303943
2960425337,118362043
2960425337,79701544
2960425337,153336942
2960425337,198485238
2960425337,112010619
2960425337,252395617
2960425337,156254905
2960425337,133234705
2960425337,499669397
2960425337,107766213
2960425337,492345130
2960425337,38278177
2960425337,273346558
2960425337,98848341
2960425337,164437001
2960425337,19632524
2960425337,15286865
2960425337,20202168
2960425337,75636524
2960425337,110989080
2960425337,21076042
2960425337,20751534
2960425337,326319598
2960425337,147171379
2960425337,240815802
2960425337,394028914
2960425337,244615972
2960425337,817148671
