298360697,1930959812
298360697,23946350
298360697,3404100525
298360697,2584286726
298360697,73960235
298360697,97435984
298360697,2985774561
298360697,53466923
298360697,19509051
298360697,65647594
298360697,362506197
298360697,3524367261
298360697,4260221596
298360697,2834610130
298360697,1213751708
298360697,3483917657
298360697,487892799
298360697,4514934989
298360697,3125437204
298360697,3413716379
298360697,2353694533
298360697,2262898614
298360697,24733102
298360697,340534063
298360697,2324731774
298360697,2602403618
298360697,2458375514
298360697,2469544261
298360697,1845968514
298360697,21900859
298360697,4196591302
298360697,544978642
298360697,1362132925
298360697,134930858
298360697,31515376
298360697,45623259
298360697,14842285
298360697,2214138864
298360697,4079076514
298360697,311534515
298360697,71932014
298360697,1311842340
298360697,3862475835
298360697,2862546722
298360697,3866658923
298360697,51714305
298360697,3438151096
298360697,113714309
298360697,20775557
298360697,23584173
298360697,23409448
298360697,3422617395
298360697,3290393719
298360697,3694720161
298360697,2951945248
298360697,2288315024
298360697,2310116088
298360697,77184902
298360697,1316390684
298360697,1434251
298360697,15898172
298360697,570332870
298360697,2389401762
298360697,2994469282
298360697,27669353
298360697,955063303
298360697,454395581
298360697,2790802182
298360697,1567041686
298360697,3044738957
298360697,292744968
298360697,3081967848
298360697,266178979
298360697,19312050
298360697,3376281958
298360697,18795762
298360697,2887030553
298360697,101741797
298360697,56428054
298360697,2693952936
298360697,106830010
298360697,608167078
298360697,44272833
298360697,3395514262
298360697,2325519926
298360697,238327175
298360697,568689936
298360697,2413959598
298360697,3324685187
298360697,19265059
298360697,12537752
298360697,881110717
298360697,19163946
298360697,1546908133
298360697,71843505
298360697,17152053
298360697,466466267
298360697,20781929
298360697,1924401937
298360697,1968654061
298360697,3040424454
298360697,24241544
298360697,65322179
298360697,17601785
298360697,98957692
298360697,1140747307
298360697,2786936525
298360697,824153233
298360697,2903715045
298360697,23585685
298360697,526315971
298360697,20712514
298360697,187287408
298360697,1663338932
298360697,3041155611
298360697,14660826
298360697,2474719452
298360697,984809437
298360697,3124974203
298360697,543043594
298360697,2386985526
298360697,395388847
298360697,102818002
298360697,388490623
298360697,22388025
298360697,1451773004
298360697,563093420
298360697,24248969
298360697,1037686368
298360697,100746902
298360697,3044956761
298360697,460163041
298360697,20860888
298360697,19333798
298360697,1252917283
298360697,938193205
298360697,1382404544
298360697,19481131
298360697,3056302179
298360697,492288571
298360697,1856512344
298360697,318986714
298360697,742143
298360697,14385324
298360697,210808193
298360697,19415798
298360697,2292454922
298360697,1270650481
298360697,1542533869
298360697,2729161628
298360697,57786463
298360697,1077924978
298360697,17169390
298360697,426619140
298360697,2873949466
298360697,23415190
298360697,22536947
298360697,2405019848
298360697,17790274
298360697,590390042
298360697,2796601847
298360697,21324165
298360697,36693054
298360697,2794622484
298360697,125122481
298360697,225378572
298360697,44671088
298360697,2686083859
298360697,1006525664
298360697,1435291280
298360697,18591654
298360697,145049047
298360697,14321813
298360697,2579000569
298360697,2435310141
298360697,1223181763
298360697,30223720
298360697,20458464
298360697,67724515
298360697,2443723459
298360697,1545396978
298360697,21538635
298360697,2254082515
298360697,2339684520
298360697,2416232804
298360697,2407322029
298360697,400068740
298360697,250880109
298360697,19725644
298360697,25742033
298360697,2376418728
298360697,23522050
298360697,16193162
298360697,588489267
298360697,102918775
298360697,19900973
298360697,21100803
298360697,90379972
298360697,968280229
298360697,2279232543
298360697,93690629
298360697,2288308578
298360697,425830493
298360697,2253896635
298360697,2176626571
298360697,84098326
298360697,301631989
298360697,2243373460
298360697,538874433
298360697,22914351
298360697,2328741829
298360697,2322786450
298360697,1323287708
298360697,2318349410
298360697,902858761
298360697,46132958
298360697,21563078
298360697,2269487719
298360697,19886788
298360697,2236906644
298360697,477777016
298360697,54751149
298360697,2231596266
298360697,2224260498
298360697,925920768
298360697,369068190
298360697,18604681
298360697,21924203
298360697,308727215
298360697,1942049240
298360697,300993555
298360697,1023139638
298360697,1412948850
298360697,1407892861
298360697,2187200670
298360697,26373820
298360697,1889832038
298360697,2169981054
298360697,38275780
298360697,1583903970
298360697,757775772
298360697,15257970
298360697,520616690
298360697,337814201
298360697,634024501
298360697,63452015
298360697,50647762
298360697,1675576039
298360697,20799068
298360697,1957554378
298360697,20766350
298360697,280247056
298360697,78323166
298360697,1852281157
298360697,180363363
298360697,21594017
298360697,24688868
298360697,903727765
298360697,339856765
298360697,414980736
298360697,29510178
298360697,1568436998
298360697,1615685677
298360697,1641226585
298360697,217400703
298360697,556452662
298360697,465173206
298360697,1577572824
298360697,467988222
298360697,29424826
298360697,1030694869
298360697,43868155
298360697,22480199
298360697,864682694
298360697,19287037
298360697,137689925
298360697,38851291
298360697,128168963
298360697,923824482
298360697,1531622270
298360697,20088182
298360697,1158744380
298360697,1484727938
298360697,1334705114
298360697,279707914
298360697,97255485
298360697,727179806
298360697,49836093
298360697,1460831636
298360697,90183755
298360697,116454635
298360697,898418228
298360697,55054899
298360697,396894374
298360697,1415304524
298360697,279848150
298360697,20237019
298360697,14090172
298360697,22874178
298360697,331893639
298360697,415558547
298360697,268406421
298360697,292487070
298360697,259288589
298360697,5988062
298360697,241709263
298360697,21530275
298360697,125879595
298360697,124690469
298360697,300868924
298360697,93847902
298360697,555534919
298360697,83466368
298360697,157981564
298360697,604709236
298360697,1289974345
298360697,19834347
298360697,3305341
298360697,389362081
298360697,21905142
298360697,336700475
298360697,244476866
298360697,479835915
298360697,1384236319
298360697,335299650
298360697,261057671
298360697,36501964
298360697,715211300
298360697,1364254878
298360697,290263087
298360697,17884125
298360697,55405408
298360697,1062558625
298360697,1032419592
298360697,67431729
298360697,47176984
298360697,92088399
298360697,28636936
298360697,819164323
298360697,481850676
298360697,19001894
298360697,105250867
298360697,125427999
298360697,1337851392
298360697,97408426
298360697,44895082
298360697,19246359
298360697,472079320
298360697,61626950
298360697,385956317
298360697,22829551
298360697,20884910
298360697,11753672
298360697,495404569
298360697,294298448
298360697,327662007
298360697,752891688
298360697,44765519
298360697,25059963
298360697,20632444
298360697,169247699
298360697,10464872
298360697,28324381
298360697,1302272942
298360697,311606579
298360697,410070653
298360697,242704372
298360697,1293598694
298360697,18966867
298360697,19691608
298360697,390367464
298360697,26018540
298360697,30304705
298360697,50287595
298360697,404985802
298360697,1114166648
298360697,629647965
298360697,279642533
298360697,281093434
298360697,12343742
298360697,19044557
298360697,105840041
298360697,22645991
298360697,1238897528
298360697,172520631
298360697,60411784
298360697,34328057
298360697,976185420
298360697,1132988906
298360697,39758252
298360697,53176453
298360697,21438024
298360697,86406337
298360697,761801714
298360697,272339154
298360697,26219165
298360697,442152208
298360697,17496551
298360697,1097836022
298360697,1151631841
298360697,372222525
298360697,1188642924
298360697,1198211270
298360697,1045671439
298360697,32610237
298360697,609309041
298360697,111087346
298360697,19865728
298360697,23837271
298360697,38478409
298360697,871950216
298360697,24228647
298360697,553813247
298360697,34011312
298360697,360230512
298360697,30845034
298360697,1186018951
298360697,30076901
298360697,825013604
298360697,176280925
298360697,90735643
298360697,87162958
298360697,42241421
298360697,47979160
298360697,105758302
298360697,20727076
298360697,813705882
298360697,947621100
298360697,957126811
298360697,1115190972
298360697,997964221
298360697,1124914766
298360697,14361633
298360697,391345509
298360697,327999109
298360697,624308784
298360697,80597474
298360697,1163921802
298360697,904122656
298360697,1156857704
298360697,138256304
298360697,818231389
298360697,22914702
298360697,18729562
298360697,463998684
298360697,220946413
298360697,54249337
298360697,986878273
298360697,1138413469
298360697,1140428893
298360697,350777994
298360697,11346202
298360697,1117046706
298360697,22957772
298360697,988444963
298360697,23927804
298360697,1089340801
298360697,838697810
298360697,725739325
298360697,1101840020
298360697,189385468
298360697,82235906
298360697,264230483
298360697,1095711109
298360697,18982519
298360697,88401610
298360697,226934847
298360697,19266261
298360697,48116811
298360697,928261442
298360697,1068293492
298360697,105909189
298360697,14208199
298360697,122354696
298360697,127311168
298360697,149618190
298360697,382632147
298360697,1050814326
298360697,19165332
298360697,19529158
298360697,1021930742
298360697,390642309
298360697,748719823
298360697,895209248
298360697,287961480
298360697,34262307
298360697,1011494294
298360697,334345606
298360697,46987286
298360697,74473873
298360697,458514379
298360697,254004578
298360697,569178680
298360697,170747620
298360697,312873705
298360697,51075902
298360697,417419590
298360697,23427223
298360697,24716362
298360697,72045503
298360697,612044785
298360697,51882968
298360697,331260153
298360697,24664122
298360697,710974093
298360697,908668440
298360697,23115939
298360697,867840110
298360697,132900363
298360697,61610685
298360697,352686923
298360697,69335683
298360697,70097699
298360697,71891226
298360697,849522234
298360697,961470469
298360697,36057574
298360697,180505807
298360697,935814049
298360697,201812923
298360697,36121674
298360697,704649049
298360697,374141526
298360697,396590059
298360697,45615081
298360697,13180882
298360697,16854780
298360697,458878625
298360697,24705886
298360697,438204914
298360697,13820612
298360697,930612302
298360697,289239343
298360697,156573761
298360697,14526110
298360697,97908282
298360697,19392223
298360697,21555662
298360697,238767225
298360697,131572719
298360697,69418551
298360697,539308853
298360697,899155963
298360697,14946308
298360697,252271593
298360697,554523137
298360697,14639679
298360697,707443
298360697,42386626
298360697,551903027
298360697,56503223
298360697,914430786
298360697,59172328
298360697,15951863
298360697,583470935
298360697,18719524
298360697,71556008
298360697,20503242
298360697,554450936
298360697,555416759
298360697,20760535
298360697,889561488
298360697,887897125
298360697,53752949
298360697,717874436
298360697,40705534
298360697,276695294
298360697,21138477
298360697,79875086
298360697,191091360
298360697,25150711
298360697,819197480
298360697,19964864
298360697,41364733
298360697,520693481
298360697,771383605
298360697,275473926
298360697,858852979
298360697,208676914
298360697,55435693
298360697,127033874
298360697,84097862
298360697,239093860
298360697,831577015
298360697,14389761
298360697,842621906
298360697,613412461
298360697,45475489
298360697,120228563
298360697,20113223
298360697,68799516
298360697,53721698
298360697,836214343
298360697,15219969
298360697,320360369
298360697,26262973
298360697,282228394
298360697,552710238
298360697,572524636
298360697,17121348
298360697,14253960
298360697,19397337
298360697,15968092
298360697,27615190
298360697,267256795
298360697,354581708
298360697,22417500
298360697,29175737
298360697,108826934
298360697,793603441
298360697,19921389
298360697,118777720
298360697,167399649
298360697,33669667
298360697,754108867
298360697,605214970
298360697,21112266
298360697,47297530
298360697,396609534
298360697,40223231
298360697,770344134
298360697,28621290
298360697,631478559
298360697,126405623
298360697,296919076
298360697,716232067
298360697,178295677
298360697,13784522
298360697,127522160
298360697,711555775
298360697,467318965
298360697,89512610
298360697,526205748
298360697,187723641
298360697,255240646
298360697,157967506
298360697,339064364
298360697,123107632
298360697,735681079
298360697,18957407
298360697,631077018
298360697,14215647
298360697,70981081
298360697,14519038
298360697,100078803
298360697,292204879
298360697,14402212
298360697,14628557
298360697,19684039
298360697,29297712
298360697,24787524
298360697,634213380
298360697,23256569
298360697,482287824
298360697,19744144
298360697,307522772
298360697,622129628
298360697,346091271
298360697,108377766
298360697,205737940
298360697,620181806
298360697,532696179
298360697,101750970
298360697,232549044
298360697,210595003
298360697,600478923
298360697,45197671
298360697,389720175
298360697,61859829
298360697,39305106
298360697,270850017
298360697,456715051
298360697,516868676
298360697,47507681
298360697,196380112
298360697,103125162
298360697,71530380
298360697,49910019
298360697,588547824
298360697,9090042
298360697,43905511
298360697,575812133
298360697,542649671
298360697,27238329
298360697,21212617
298360697,584366271
298360697,591265935
298360697,50300579
298360697,381643749
298360697,15073706
298360697,20597486
298360697,514905386
298360697,588522400
298360697,32224020
298360697,43955069
298360697,57094599
298360697,19393233
298360697,19944166
298360697,21527369
298360697,73695791
298360697,19106722
298360697,19136302
298360697,531338592
298360697,20306102
298360697,48771741
298360697,19224439
298360697,96109537
298360697,77528520
298360697,246941871
298360697,48313888
298360697,49979195
298360697,37180568
298360697,16490124
298360697,518938188
298360697,50488813
298360697,50754509
298360697,60916506
298360697,19720873
298360697,20809515
298360697,64896516
298360697,373028510
298360697,17006157
298360697,19390612
298360697,21883213
298360697,154023356
298360697,25190379
298360697,19591633
298360697,343469457
298360697,261658451
298360697,562478472
298360697,20717438
298360697,16029780
298360697,29688273
298360697,65466158
298360697,18814998
298360697,243404422
298360697,21181261
298360697,18936919
298360697,360765203
298360697,351145887
298360697,14333754
298360697,547930795
298360697,21066857
298360697,337764232
298360697,19626386
298360697,14075508
298360697,24819669
298360697,124139163
298360697,415373997
298360697,19184818
298360697,15134782
298360697,18344173
298360697,107461331
298360697,19019970
298360697,244635787
298360697,14235815
298360697,82964299
298360697,42680860
298360697,22695694
298360697,50615053
298360697,226370626
298360697,56344232
298360697,25268679
298360697,155520880
298360697,21921103
298360697,398739722
298360697,18774020
298360697,477754601
298360697,523203970
298360697,46040232
298360697,14599507
298360697,17313612
298360697,405123394
298360697,488109102
298360697,39259044
298360697,32938728
298360697,18212997
298360697,369002891
298360697,51566870
298360697,61193412
298360697,77826352
298360697,507113570
298360697,24985441
298360697,149957708
298360697,20475285
298360697,22407631
298360697,334060841
298360697,469325834
298360697,22478960
298360697,111949306
298360697,360857182
298360697,367244329
298360697,51768533
298360697,45561456
298360697,19512747
298360697,224087884
298360697,343619636
298360697,25070893
298360697,87818409
298360697,14426349
298360697,40202517
298360697,7496992
298360697,14160349
298360697,38944171
298360697,19003183
298360697,47894151
298360697,304329674
298360697,10152982
298360697,97637772
298360697,80691846
298360697,257488133
298360697,459444105
298360697,466827671
298360697,113205805
298360697,27356140
298360697,19450907
298360697,7330392
298360697,20301010
298360697,22362992
298360697,418030409
298360697,395307800
298360697,390612112
298360697,42214804
298360697,37458411
298360697,396519050
298360697,45595369
298360697,19716315
298360697,45410221
298360697,150481827
298360697,21425405
298360697,21648647
298360697,46853153
298360697,20820242
298360697,162089811
298360697,388270532
298360697,57432839
298360697,85284756
298360697,61767898
298360697,442978113
298360697,614253
298360697,17791270
298360697,426508752
298360697,435869454
298360697,246335169
298360697,392044667
298360697,15798656
298360697,433021761
298360697,415757385
298360697,19771067
298360697,20186266
298360697,421867747
298360697,388245620
298360697,243826502
298360697,431006041
298360697,14241254
298360697,51238587
298360697,394954428
298360697,342613223
298360697,348197115
298360697,18368039
298360697,123754656
298360697,381395416
298360697,389649446
298360697,377008435
298360697,45104245
298360697,19723587
298360697,149277269
298360697,319101008
298360697,105176932
298360697,349935089
298360697,70146495
298360697,71307689
298360697,17648971
298360697,42280714
298360697,120944793
298360697,25343057
298360697,317826159
298360697,15787039
298360697,31141465
298360697,73593311
298360697,22314611
298360697,346837439
298360697,367457890
298360697,359681443
298360697,104557127
298360697,35287190
298360697,360705820
298360697,20404273
298360697,51558446
298360697,19264748
298360697,59926875
298360697,8920462
298360697,354450620
298360697,91603931
298360697,54078222
298360697,20717463
298360697,19780317
298360697,18345027
298360697,246039938
298360697,119959446
298360697,14698754
298360697,41601050
298360697,50346245
298360697,19924704
298360697,331862531
298360697,20737742
298360697,342408523
298360697,29057367
298360697,169913609
298360697,341426418
298360697,209605999
298360697,281978728
298360697,18856867
298360697,8248482
298360697,64788246
298360697,47476545
298360697,11819792
298360697,30572233
298360697,25486900
298360697,18682134
298360697,48424015
298360697,60543210
298360697,131583088
298360697,23099639
298360697,48066459
298360697,43193860
298360697,19368263
298360697,22017504
298360697,343048411
298360697,342091110
298360697,338270641
298360697,18767198
298360697,14460422
298360697,87416722
298360697,313951022
298360697,239415478
298360697,26266891
298360697,59600093
298360697,46012855
298360697,22134978
298360697,16362921
298360697,248797570
298360697,157399664
298360697,24783322
298360697,43423845
298360697,44609080
298360697,74982972
298360697,19594212
298360697,21657825
298360697,1281411
298360697,200921510
298360697,28319025
298360697,193787738
298360697,19900851
298360697,73389835
298360697,21890926
298360697,55815830
298360697,49653486
298360697,56779790
298360697,64536696
298360697,102773210
298360697,39351717
298360697,19810994
298360697,20250010
298360697,11636512
298360697,51500961
298360697,42485749
298360697,125460456
298360697,14400582
298360697,52133953
298360697,29066955
298360697,20239848
298360697,216131815
298360697,196994616
298360697,9488862
298360697,24410995
298360697,52185601
298360697,56662930
298360697,17092915
298360697,37200784
298360697,37699043
298360697,61851843
298360697,22321740
298360697,117110737
298360697,218653131
298360697,64214932
298360697,160786918
298360697,48859301
298360697,33594400
298360697,46278356
298360697,27486706
298360697,223650677
298360697,208491626
298360697,214125777
298360697,54775891
298360697,8757362
298360697,120560868
298360697,23683605
298360697,11158792
298360697,244733167
298360697,141725989
298360697,24991591
298360697,207117167
298360697,199218408
298360697,14346005
298360697,194275195
298360697,56296937
298360697,17364750
298360697,53349458
298360697,17637074
298360697,29833330
298360697,59812246
298360697,38033107
298360697,216190320
298360697,239997925
298360697,18102291
298360697,66740930
298360697,22654656
298360697,239948916
298360697,30425260
298360697,130103412
298360697,19508692
298360697,23316750
298360697,187186786
298360697,29976719
298360697,55286867
298360697,266103416
298360697,20012572
298360697,23132159
298360697,117449223
298360697,54700299
298360697,176101395
298360697,16248386
298360697,71187596
298360697,124725571
298360697,244535122
298360697,190291078
298360697,19564284
298360697,52135730
298360697,24762397
298360697,75551161
298360697,275582216
298360697,19662084
298360697,62603920
298360697,169962622
298360697,16613217
298360697,14175887
298360697,168328915
298360697,150970628
298360697,259618511
298360697,82054005
298360697,278294456
298360697,31180667
298360697,58432385
298360697,20380673
298360697,210140606
298360697,215084558
298360697,262896691
298360697,216649577
298360697,20429555
298360697,270319488
298360697,69389193
298360697,24458345
298360697,262763249
298360697,22900663
298360697,62339386
298360697,30888715
298360697,276674188
298360697,6346082
298360697,21935812
298360697,275673185
298360697,295395385
298360697,36026252
298360697,23085845
298360697,30874467
298360697,33526597
298360697,58417540
298360697,35871219
298360697,48886906
298360697,19585125
298360697,296211078
298360697,3310571
298360697,268208070
298360697,129017183
298360697,16275366
298360697,11586962
298360697,163597202
298360697,22619797
298360697,712963
298360697,53668717
298360697,33478359
298360697,18383740
298360697,17397658
298360697,21876067
298360697,189532695
298360697,14856333
298360697,271610696
298360697,17118292
298360697,90494316
298360697,20858719
298360697,311365269
298360697,316076492
298360697,319145573
298360697,143076615
298360697,177736182
298360697,318819265
298360697,19088280
298360697,19179687
298360697,21254963
298360697,37431353
298360697,216003676
298360697,53027306
298360697,25999072
298360697,132012673
298360697,52132072
298360697,21407241
298360697,249869615
298360697,27410619
298360697,59525301
298360697,30496459
298360697,265346306
298360697,14166909
298360697,21856053
298360697,296217982
298360697,70429646
298360697,128526362
298360697,21502230
298360697,35865555
298360697,47586577
298360697,162240741
298360697,332528680
298360697,119389364
298360697,319158897
298360697,48024184
298360697,334091722
298360697,17487884
298360697,20665688
298360697,206847322
298360697,9744762
298360697,65048966
298360697,36786482
298360697,47622979
298360697,23780232
298360697,323431320
298360697,292917759
298360697,318452278
298360697,19534202
298360697,17637572
298360697,19472578
298360697,43767463
298360697,55655615
298360697,38757398
298360697,192466856
298360697,218985828
298360697,21648020
298360697,14766090
298360697,48750532
298360697,44644692
298360697,331707065
298360697,17173144
298360697,15867973
298360697,20676778
298360697,53647186
298360697,17623816
298360697,19592047
298360697,31186289
298360697,8628562
298360697,24279390
298360697,49446986
298360697,126960544
298360697,62541160
298360697,8775322
298360697,19451823
298360697,22410179
298360697,257992237
298360697,10958202
298360697,17980026
298360697,19612753
298360697,261440719
298360697,56093343
298360697,20618678
298360697,21050755
298360697,22972042
298360697,36664941
298360697,18016856
298360697,30078112
298360697,14313123
298360697,8462122
298360697,21417835
298360697,20345378
298360697,180411171
298360697,232182694
298360697,127982126
298360697,39349216
298360697,319165816
298360697,45034819
298360697,324326687
298360697,16589206
298360697,125172295
298360697,199377851
298360697,21071900
298360697,20933414
298360697,18485681
298360697,19630496
298360697,66517768
298360697,288141062
298360697,201145940
298360697,19135631
298360697,60318306
298360697,7203772
298360697,49195175
298360697,19674338
298360697,21492030
298360697,296511906
298360697,14866753
298360697,22176845
298360697,27867641
298360697,13282952
298360697,30963710
298360697,28130113
298360697,111062497
298360697,176117905
298360697,204411787
298360697,251586471
298360697,14159148
298360697,19290986
298360697,18948060
298360697,126118232
298360697,14061031
298360697,278486349
298360697,14026072
298360697,25219782
298360697,726443
298360697,295932016
298360697,231703688
298360697,14847636
298360697,105898722
298360697,24566469
298360697,197927483
298360697,164330158
298360697,14607522
298360697,233292368
298360697,266828775
298360697,14183379
298360697,120098753
298360697,38400294
298360697,288472654
298360697,60633332
298360697,14746456
298360697,14447090
298360697,259348780
298360697,315333494
298360697,48969211
298360697,53204732
298360697,18952448
298360697,20843014
298360697,18049879
298360697,38746309
298360697,24399244
298360697,14396986
298360697,57365059
298360697,25801550
298360697,14706385
298360697,21258827
298360697,33156822
298360697,14176375
298360697,21642787
298360697,97789607
298360697,12026062
298360697,51679632
298360697,20973069
298360697,14243202
298360697,309268511
298360697,122419529
298360697,14444454
298360697,304869811
298360697,14085181
298360697,48302014
298360697,8666142
298360697,14831419
298360697,286309714
298360697,19713622
298360697,18764854
298360697,109459067
298360697,16153562
298360697,205974045
298360697,11862072
298360697,134550745
298360697,18227538
298360697,27520512
298360697,20549270
298360697,14472794
298360697,19864303
298360697,20954762
298360697,15368897
298360697,15615035
298360697,153064058
298360697,18730195
298360697,47930935
298360697,266712846
298360697,20667204
298360697,17159484
298360697,18847920
298360697,21510894
298360697,17693232
298360697,17624959
298360697,271028583
298360697,20583613
298360697,15392221
298360697,19356276
298360697,39261335
298360697,16664803
298360697,285428843
298360697,19458129
298360697,17745219
298360697,20470593
298360697,21862494
298360697,23529973
298360697,15005991
298360697,20521915
298360697,38221730
298360697,139986343
298360697,67011306
298360697,121176422
298360697,15012702
298360697,88423982
298360697,21436960
298360697,17384099
298360697,283038024
298360697,283022830
298360697,19034835
298360697,13409752
298360697,18842676
298360697,18075140
298360697,19075873
298360697,18995665
298360697,23263743
298360697,11348282
298360697,18798877
298360697,16421068
298360697,17063215
298360697,19712523
298360697,22051769
298360697,18758902
298360697,12529992
298360697,19686295
298360697,19414675
298360697,20627896
298360697,34423857
298360697,17477169
298360697,22904901
298360697,26186890
298360697,19292033
298360697,84987868
298360697,19929729
298360697,14562164
298360697,24684193
298360697,22761616
298360697,18055408
298360697,20311818
298360697,71922638
298360697,61495109
298360697,26253892
298360697,19525491
298360697,20980429
298360697,18944007
298360697,14691720
298360697,24784028
298360697,94081671
298360697,8665852
298360697,57050724
298360697,67843736
298360697,14582890
298360697,21783395
298360697,8665572
298360697,15391813
298360697,17163446
298360697,19584222
298360697,15896379
298360697,40754821
298360697,298197821
298360697,74580723
298360697,140125486
298360697,19083439
298360697,66673224
298360697,32572068
298360697,16171953
298360697,19026567
298360697,21495291
298360697,23011527
298360697,2509551
298360697,87460291
298360697,25843787
298360697,26276346
298360697,18135386
298360697,21214421
298360697,16838962
298360697,17626165
298360697,18803751
298360697,14903044
298360697,16529640
298360697,30041546
298360697,16569045
298360697,53149244
298360697,18975726
298360697,2043041
298360697,34076997
298360697,232855418
298360697,20609141
298360697,122439708
298360697,75511224
298360697,8655852
298360697,3373791
298360697,260377859
298360697,189085583
298360697,24042063
298360697,14518090
298360697,158916355
298360697,19391470
298360697,140091998
298360697,17411980
298360697,14270254
298360697,17624543
298360697,18717426
298360697,31237480
298360697,17311493
298360697,92795518
298360697,25067168
298360697,7109022
298360697,14482511
298360697,2561091
298360697,1652541
298360697,19910996
