2997682252,516405086
2997682252,2820825394
2997682252,521324920
2997682252,1964254400
2997682252,3098765800
2997682252,3087451365
2997682252,2695932170
2997682252,106364715
2997682252,237413314
2997682252,2997437767
2997682252,404803109
2997682252,586671909
2997682252,3029060332
2997682252,3037212425
2997682252,1148504095
2997682252,93618138
2997682252,3012791315
2997682252,2476957783
2997682252,316550832
2997682252,1946023880
2997682252,2858807777
2997682252,200046449
2997682252,576581291
2997682252,2440908180
2997682252,2870575612
2997682252,340825503
2997682252,594617995
2997682252,3017795002
2997682252,403627473
2997682252,626224351
2997682252,2267495922
2997682252,394318595
2997682252,187126693
2997682252,383723482
2997682252,935504606
2997682252,1010808594
2997682252,1496660214
2997682252,2369256776
2997682252,306414651
2997682252,1430304474
2997682252,186560768
2997682252,2363968446
2997682252,346504552
2997682252,2853800986
2997682252,2905098441
2997682252,142336713
2997682252,592110077
2997682252,991189244
2997682252,2533435106
2997682252,1395035448
2997682252,223139226
2997682252,1977974251
2997682252,2762915536
2997682252,418027266
2997682252,1705885393
2997682252,246716461
2997682252,2667793842
2997682252,115077998
2997682252,925869919
2997682252,557751625
2997682252,2960860246
2997682252,125803050
2997682252,205437050
2997682252,2590070251
2997682252,104822480
2997682252,426612275
2997682252,2991676397
2997682252,2327356922
2997682252,2260266292
2997682252,2909848373
2997682252,2393311530
2997682252,2875284701
2997682252,2803595268
2997682252,2339427847
2997682252,264107729
2997682252,301458256
2997682252,2950079540
2997682252,2607642404
2997682252,2799280404
2997682252,47350606
2997682252,561623634
2997682252,1167163494
2997682252,2723720064
2997682252,14525982
2997682252,2827528004
2997682252,2402449758
2997682252,2236413235
2997682252,1267307600
2997682252,303760268
2997682252,221801234
2997682252,1157754666
2997682252,2893556452
2997682252,242878475
2997682252,2215576828
2997682252,19391273
2997682252,2949940471
2997682252,2918762527
2997682252,753755084
2997682252,2461432297
2997682252,491722490
2997682252,2950670623
2997682252,366149356
2997682252,266001690
2997682252,45777152
2997682252,509190853
2997682252,1026458005
2997682252,108234197
2997682252,2279324496
2997682252,1197281100
2997682252,746974585
2997682252,420475251
2997682252,2911393319
2997682252,778279243
2997682252,2893333396
2997682252,754675910
2997682252,946772016
2997682252,580822040
2997682252,1225229076
2997682252,2447738125
2997682252,2950100870
2997682252,14784765
2997682252,249288138
2997682252,2940595360
2997682252,1536545978
2997682252,594735988
2997682252,419008875
2997682252,301308940
2997682252,519567603
2997682252,1510686793
2997682252,270294865
2997682252,948552829
2997682252,215109390
2997682252,270032402
2997682252,396515997
2997682252,541697427
2997682252,1216538480
2997682252,2949668156
2997682252,392780492
2997682252,305447437
2997682252,2487298267
2997682252,80530730
2997682252,619686997
2997682252,173665005
2997682252,838753242
2997682252,1253931494
2997682252,2949451465
2997682252,274090298
2997682252,193079282
2997682252,261764261
2997682252,249601317
2997682252,2827111214
2997682252,33284329
2997682252,560391681
2997682252,1443604814
2997682252,303304938
2997682252,2937270443
2997682252,119012804
2997682252,538424831
2997682252,391051589
2997682252,2718265125
2997682252,2475490628
2997682252,412352642
2997682252,2237286734
2997682252,622100444
2997682252,26586771
2997682252,720701520
2997682252,270279992
2997682252,585941934
2997682252,2315119148
2997682252,1958927894
2997682252,475111694
2997682252,2196018439
2997682252,424458814
2997682252,133371674
2997682252,304534520
2997682252,708806238
2997682252,542608157
2997682252,212746983
2997682252,86031609
2997682252,230512159
2997682252,487443153
2997682252,989650374
2997682252,780717692
2997682252,2949141839
2997682252,312919152
2997682252,2391826105
2997682252,2893334333
2997682252,916898954
2997682252,327325722
2997682252,403506146
2997682252,372007159
2997682252,636035098
2997682252,2672897840
2997682252,51004246
2997682252,333939858
2997682252,86110218
2997682252,466360039
2997682252,1402814036
2997682252,539130256
2997682252,265911511
2997682252,525316169
2997682252,1217835853
2997682252,1008630384
2997682252,2924632939
2997682252,1089145333
2997682252,424621609
2997682252,335267403
2997682252,2722185202
2997682252,2594638160
2997682252,157257876
2997682252,519375400
2997682252,86379470
2997682252,2554340894
2997682252,2366176860
2997682252,2353653462
2997682252,2579747416
2997682252,2590172239
2997682252,110964882
2997682252,146571497
2997682252,324413835
2997682252,1481960185
2997682252,851195214
2997682252,435282922
2997682252,401495432
2997682252,73120723
2997682252,2315654938
2997682252,177735736
2997682252,139481894
2997682252,30244902
2997682252,34583416
2997682252,30914064
2997682252,1970072180
2997682252,700611344
2997682252,66697682
2997682252,222054058
2997682252,220919365
2997682252,56037218
2997682252,217862320
2997682252,223832541
2997682252,237237794
2997682252,1197913842
2997682252,2843029697
2997682252,266601231
2997682252,253499949
2997682252,237242278
2997682252,125628451
2997682252,354256296
2997682252,163559269
2997682252,405039749
2997682252,705760986
2997682252,163016961
2997682252,232124120
2997682252,59572886
2997682252,188683472
2997682252,15287119
2997682252,231000704
2997682252,33398564
2997682252,1469344380
2997682252,241496045
2997682252,2707436346
2997682252,195415139
2997682252,15673317
2997682252,105451020
2997682252,52401992
2997682252,33915734
2997682252,263780425
2997682252,98851441
2997682252,19565216
2997682252,19963431
2997682252,424475792
2997682252,12322752
2997682252,108908254
2997682252,2969481791
2997682252,74992460
2997682252,498965677
2997682252,33906088
2997682252,525225033
2997682252,287124992
2997682252,423318287
2997682252,62807385
2997682252,82310285
2997682252,62763758
2997682252,278421317
2997682252,237861110
2997682252,2600345748
2997682252,1362032965
2997682252,2306498448
2997682252,1017074971
2997682252,1017177926
2997682252,128320066
2997682252,72887574
2997682252,42474579
2997682252,110476224
2997682252,344812266
2997682252,612742754
2997682252,138452134
2997682252,158772619
2997682252,33473077
2997682252,549066206
2997682252,314560448
2997682252,163884954
2997682252,274941650
2997682252,253127353
2997682252,300167242
2997682252,122346851
2997682252,169411324
2997682252,140024706
2997682252,255943732
2997682252,291745825
2997682252,250091047
2997682252,159953423
2997682252,270652116
2997682252,403324434
2997682252,991560608
2997682252,8283082
2997682252,470429146
2997682252,17471979
2997682252,169890456
2997682252,122095560
2997682252,156011259
2997682252,117662694
2997682252,133363030
2997682252,604647597
2997682252,398836690
2997682252,2502397397
2997682252,103550181
2997682252,262140937
2997682252,15217919
2997682252,796684728
2997682252,223547920
2997682252,2822552123
2997682252,14399483
2997682252,2556652706
2997682252,149272215
2997682252,59712913
2997682252,2790264043
2997682252,2992596424
2997682252,884143206
2997682252,329074432
2997682252,244005312
2997682252,2996368982
2997682252,2994025707
2997682252,1022162551
2997682252,478078267
2997682252,2576726245
2997682252,2499184717
2997682252,372786313
2997682252,383561727
2997682252,107645252
2997682252,40003271
2997682252,44128619
2997682252,271618617
2997682252,17208756
2997682252,491255490
2997682252,726425298
2997682252,198793430
2997682252,914600838
2997682252,275430095
2997682252,262541531
2997682252,333474615
2997682252,458570552
2997682252,97467741
2997682252,747088176
2997682252,63251811
2997682252,2978662720
2997682252,111933542
2997682252,135756049
2997682252,107017154
2997682252,142379501
2997682252,327604180
2997682252,148516500
2997682252,395586741
2997682252,189179939
2997682252,424267461
2997682252,117146008
2997682252,626262647
2997682252,249133011
2997682252,300144495
2997682252,280444955
2997682252,277554242
2997682252,156932849
2997682252,194934827
2997682252,14457019
2997682252,196629105
2997682252,624550135
2997682252,19923515
2997682252,121385551
2997682252,17230018
2997682252,1853896891
2997682252,80066696
2997682252,138055707
2997682252,138023605
2997682252,1969093668
2997682252,230537167
2997682252,369672557
2997682252,31430065
2997682252,55631242
2997682252,13708782
2997682252,481930317
2997682252,247440645
2997682252,48579013
2997682252,54711948
2997682252,364335734
2997682252,142910541
2997682252,22811495
2997682252,57983020
2997682252,57986415
2997682252,57981270
2997682252,1640169925
2997682252,102480916
2997682252,82084630
2997682252,16514160
2997682252,282985674
2997682252,106397073
2997682252,117345704
2997682252,20013148
2997682252,338899906
2997682252,22954354
2997682252,79939248
2997682252,166940182
2997682252,104434158
2997682252,81100158
2997682252,41472396
2997682252,376815544
2997682252,472900967
2997682252,154605679
2997682252,36483808
2997682252,27909036
2997682252,46452468
2997682252,277180205
2997682252,65186457
2997682252,205575837
2997682252,2410910904
2997682252,425368614
2997682252,205389092
2997682252,131587159
2997682252,950383890
2997682252,485209825
2997682252,1107327776
2997682252,2320176526
2997682252,1876170152
2997682252,2984757994
2997682252,104191345
2997682252,1061436655
2997682252,994748959
2997682252,75855320
2997682252,113378280
2997682252,196220926
2997682252,45549089
2997682252,102510923
2997682252,18847632
2997682252,313423617
2997682252,281497546
2997682252,44409004
2997682252,254274083
2997682252,54955489
2997682252,71266682
2997682252,23976386
2997682252,218846504
2997682252,58751559
2997682252,267311284
2997682252,145992645
2997682252,105082141
2997682252,406872715
2997682252,245792560
2997682252,249243667
2997682252,65370249
2997682252,29977367
2997682252,9706822
2997682252,196572692
2997682252,43910684
2997682252,13426312
2997682252,39321874
2997682252,535707261
2997682252,14056551
2997682252,101772207
2997682252,2507590754
2997682252,193612192
2997682252,269794924
2997682252,927787106
2997682252,295608887
2997682252,270345803
2997682252,630071778
2997682252,14436317
2997682252,279649054
2997682252,2811564359
2997682252,222241634
2997682252,293428648
2997682252,54961149
2997682252,529578490
2997682252,26729931
2997682252,102646663
2997682252,73345173
2997682252,65369125
2997682252,15648827
2997682252,458030609
2997682252,816178
2997682252,7996082
2997682252,1948039771
2997682252,2841137914
2997682252,14306573
2997682252,122353251
2997682252,14872237
2997682252,31090827
2997682252,182764833
2997682252,23791197
2997682252,242796587
2997682252,113512735
2997682252,111275676
2997682252,164213765
2997682252,99792462
2997682252,119776110
2997682252,105256551
2997682252,113759611
2997682252,6809022
2997682252,35280742
2997682252,114744371
2997682252,59435213
2997682252,385858147
2997682252,250807201
2997682252,121389491
2997682252,58945663
2997682252,187490838
2997682252,225834298
2997682252,85603854
2997682252,29749448
2997682252,24702915
2997682252,43152482
2997682252,47288005
2997682252,57912874
2997682252,40255499
2997682252,57099808
2997682252,402863857
2997682252,426738834
2997682252,342171958
2997682252,2288138575
2997682252,25555639
2997682252,26618506
2997682252,213244929
2997682252,11904592
2997682252,166772945
2997682252,108670198
2997682252,90836187
2997682252,482389606
2997682252,184018871
2997682252,2910718461
2997682252,2275826014
2997682252,158342368
