3003636580,416293357
3003636580,18871499
3003636580,163488155
3003636580,509390561
3003636580,592810541
3003636580,180675592
3003636580,105000893
3003636580,437884516
3003636580,317380812
3003636580,410209590
3003636580,354342530
3003636580,205829856
3003636580,62329978
3003636580,975691388
3003636580,367037499
3003636580,1478037943
3003636580,317709568
3003636580,2827224994
3003636580,537314683
3003636580,30605124
3003636580,188498105
3003636580,358859825
3003636580,2479812026
3003636580,402920490
3003636580,2802163754
3003636580,18060393
3003636580,484781186
3003636580,387914765
3003636580,305771112
3003636580,569183730
3003636580,280033508
3003636580,269291245
3003636580,389362332
3003636580,1346341158
3003636580,575558887
3003636580,103317494
3003636580,2243204587
3003636580,379644120
3003636580,17065714
3003636580,260288806
3003636580,227712275
3003636580,256655573
3003636580,331735673
3003636580,406365921
3003636580,16888662
3003636580,224171476
3003636580,47453985
3003636580,2922825947
3003636580,121762103
3003636580,209996135
3003636580,126625322
3003636580,491224671
3003636580,1243454886
3003636580,403735458
3003636580,547462172
3003636580,304402565
3003636580,2966418315
3003636580,518255748
3003636580,383149491
3003636580,492684283
3003636580,330866199
3003636580,2239479319
3003636580,472857729
3003636580,320861221
3003636580,330384423
3003636580,302504337
3003636580,519497004
3003636580,20611290
3003636580,274972570
3003636580,329561922
3003636580,24347886
3003636580,370624032
3003636580,416482268
3003636580,2744192412
3003636580,49282232
3003636580,212501054
3003636580,282649697
3003636580,753675486
3003636580,18801570
3003636580,394921088
3003636580,1560601932
3003636580,179111606
3003636580,226159061
3003636580,166001705
3003636580,245827644
3003636580,299724272
3003636580,368146779
3003636580,107981392
3003636580,244946026
3003636580,459374240
3003636580,321552872
3003636580,133853744
3003636580,2445651721
3003636580,18693863
3003636580,297898638
3003636580,999842072
3003636580,1336017817
3003636580,228149416
3003636580,1091525978
3003636580,36633819
3003636580,347047263
3003636580,233243276
3003636580,955997516
3003636580,1051075182
3003636580,470321789
3003636580,1540784461
3003636580,1699622880
3003636580,2335652862
3003636580,383760082
3003636580,1332372637
3003636580,2839909750
3003636580,376818756
3003636580,1945040096
3003636580,534533324
3003636580,2817048375
3003636580,1241590940
3003636580,358403444
3003636580,95417521
3003636580,1111371709
3003636580,769092926
3003636580,989396815
3003636580,583248021
3003636580,50222449
3003636580,2458575606
3003636580,64807533
3003636580,438257018
3003636580,207915386
3003636580,1952227238
3003636580,415633297
3003636580,602870930
3003636580,18392747
3003636580,100852805
3003636580,297503309
3003636580,2207342054
3003636580,101349261
3003636580,397518810
3003636580,716564287
3003636580,213085459
3003636580,1046394948
3003636580,388450910
3003636580,335656872
3003636580,103363620
3003636580,1239716832
3003636580,737017867
3003636580,2392940612
3003636580,29089123
3003636580,277070661
3003636580,2830210722
3003636580,2804354974
3003636580,461804159
3003636580,2769909609
3003636580,313862626
3003636580,1292472228
3003636580,49937205
3003636580,1643198198
3003636580,1558788162
3003636580,1543308986
3003636580,756986604
3003636580,512269720
3003636580,2506878732
3003636580,1878826458
3003636580,233490639
3003636580,337306845
3003636580,297877342
3003636580,979059487
3003636580,1078987628
3003636580,1476199632
3003636580,325761567
3003636580,2714409963
3003636580,249407532
3003636580,529588045
3003636580,551284396
3003636580,545160890
3003636580,21523394
3003636580,172496404
3003636580,250143195
3003636580,31412490
3003636580,363067598
3003636580,2188352634
3003636580,150604604
3003636580,507853918
3003636580,367841848
3003636580,15380183
3003636580,72907618
3003636580,86977729
3003636580,821138114
3003636580,1001869826
3003636580,22001679
3003636580,1832604186
3003636580,310975630
3003636580,343401424
3003636580,1544986266
3003636580,1415822150
3003636580,2838156431
3003636580,1439389430
3003636580,287815294
3003636580,2884251088
3003636580,2343451476
3003636580,495933228
3003636580,597769981
3003636580,17235107
3003636580,510947965
3003636580,229614822
3003636580,2259028170
3003636580,608098644
3003636580,170023958
3003636580,1071664585
3003636580,727985466
3003636580,2267809050
3003636580,405096709
3003636580,1643357994
3003636580,120460544
3003636580,26549233
3003636580,1011632773
3003636580,105633290
3003636580,117099117
3003636580,297930165
3003636580,15071813
3003636580,1346899057
3003636580,7425062
3003636580,29687449
3003636580,1879779392
3003636580,330196261
3003636580,157959691
3003636580,22687782
3003636580,535266710
3003636580,1538435664
3003636580,394742242
3003636580,2215324790
3003636580,405610287
3003636580,281528958
3003636580,2897740149
3003636580,551119313
3003636580,161709979
3003636580,2767159485
3003636580,706510086
3003636580,2966072825
3003636580,581307769
3003636580,539153350
3003636580,119809611
3003636580,317868878
3003636580,51983996
3003636580,875005237
3003636580,476022997
3003636580,2938237127
3003636580,635465752
3003636580,99573111
3003636580,402974067
3003636580,2462472255
3003636580,58984091
3003636580,389341854
3003636580,44691098
3003636580,2358351127
3003636580,473004794
3003636580,2444079919
3003636580,102634547
3003636580,621321093
3003636580,1360001508
3003636580,286734047
3003636580,274571679
3003636580,401225015
3003636580,94853080
3003636580,211011537
3003636580,372954481
3003636580,535315559
3003636580,847177500
3003636580,612633532
3003636580,343936322
3003636580,439864380
3003636580,14788231
3003636580,518502971
3003636580,2951077293
3003636580,89203746
3003636580,164667958
3003636580,1656935802
3003636580,61221890
3003636580,117624961
3003636580,1593927438
3003636580,222613173
3003636580,267243127
3003636580,2888201051
3003636580,407939042
3003636580,20785332
3003636580,1922406386
3003636580,309605410
3003636580,1351360772
3003636580,247489508
3003636580,73618312
3003636580,2554326913
3003636580,560463644
3003636580,447862664
3003636580,798996056
3003636580,450513661
3003636580,1066640575
3003636580,1579634202
3003636580,1228211624
3003636580,1401933979
3003636580,34903889
3003636580,15056768
3003636580,91777549
3003636580,2707071231
3003636580,926234035
3003636580,130884030
3003636580,231579470
3003636580,18107046
3003636580,13766852
3003636580,172669478
3003636580,119014566
3003636580,242270803
3003636580,18934391
3003636580,31875085
3003636580,2786227298
3003636580,159195305
3003636580,272077143
3003636580,29452472
3003636580,104809303
3003636580,287880388
3003636580,298601472
3003636580,296758462
3003636580,298608216
3003636580,344370506
3003636580,478471446
3003636580,252519360
3003636580,576997703
3003636580,297221637
3003636580,2466169762
3003636580,2178159456
3003636580,265645925
3003636580,22689719
3003636580,237719164
3003636580,2192270316
3003636580,306784300
3003636580,79528454
3003636580,849513518
3003636580,288635407
3003636580,1954975766
3003636580,301650424
3003636580,395191593
3003636580,390731066
3003636580,2225392801
3003636580,2857350508
3003636580,17743334
3003636580,552293362
3003636580,2372681844
3003636580,41090013
3003636580,974332909
3003636580,712356151
3003636580,90836754
3003636580,2972005762
3003636580,202223950
3003636580,18406605
3003636580,82435806
3003636580,498789120
3003636580,47613714
3003636580,17462252
3003636580,2446934605
3003636580,26992878
3003636580,2940917567
3003636580,2970184834
3003636580,539544615
3003636580,406886896
3003636580,2841127289
3003636580,573452798
3003636580,226998348
3003636580,361850631
3003636580,12405582
3003636580,374065122
3003636580,2359352246
3003636580,439016556
3003636580,244955108
3003636580,127978583
3003636580,309868698
3003636580,2434472160
3003636580,1704899358
3003636580,2350299362
3003636580,1728198787
3003636580,2359475888
3003636580,315185209
3003636580,145581022
3003636580,339877479
3003636580,2340156271
3003636580,2983857046
3003636580,1823837222
3003636580,553835337
3003636580,361159739
3003636580,527456566
3003636580,242768624
3003636580,1119303541
3003636580,253956099
3003636580,2178243007
3003636580,254619863
3003636580,2390043456
3003636580,368800682
3003636580,543493001
3003636580,2177904902
3003636580,2969679155
3003636580,98190715
3003636580,2962140729
3003636580,2967795196
3003636580,267790532
3003636580,1315242811
3003636580,2965995238
3003636580,24637896
3003636580,1270348844
3003636580,367335261
3003636580,2974837480
3003636580,935226294
3003636580,298019454
3003636580,438378943
3003636580,2980865940
3003636580,2811491963
3003636580,71000118
3003636580,2200853882
3003636580,312577484
3003636580,2961725871
3003636580,20849208
3003636580,537175155
3003636580,2961769113
3003636580,404337301
3003636580,597939440
3003636580,837964387
3003636580,256422922
3003636580,2842906775
3003636580,16275609
3003636580,1412565253
3003636580,19617886
3003636580,2456602898
3003636580,2814643357
3003636580,798283038
3003636580,519457079
3003636580,2975032769
3003636580,30766751
3003636580,2964429819
3003636580,584986050
3003636580,197393149
3003636580,2392828086
3003636580,342837573
3003636580,21998001
3003636580,2427879955
3003636580,2476789608
3003636580,47375691
3003636580,888289790
3003636580,2380760600
3003636580,16200240
3003636580,371330388
3003636580,25296448
3003636580,1398277688
3003636580,630311428
3003636580,378630231
3003636580,2969746702
3003636580,28066013
3003636580,18050553
3003636580,1150883178
3003636580,422974675
3003636580,406321550
3003636580,1701576919
3003636580,45557114
3003636580,16696924
3003636580,544153184
3003636580,18610414
3003636580,2462965644
3003636580,70098292
3003636580,1313476644
3003636580,1568428801
3003636580,432217251
3003636580,957575934
3003636580,2445149178
3003636580,68134010
3003636580,487731215
3003636580,292229281
3003636580,401094586
3003636580,377580310
3003636580,2406961490
3003636580,328057804
3003636580,2396783706
3003636580,2904946467
3003636580,47744559
3003636580,2495313374
3003636580,18000215
3003636580,1479520285
3003636580,948552829
3003636580,19902293
3003636580,544317327
3003636580,15589213
3003636580,215722940
3003636580,2975960188
3003636580,197732726
3003636580,2166975168
3003636580,122049418
3003636580,109038925
3003636580,23858197
3003636580,19400486
3003636580,507152530
3003636580,108336704
3003636580,49747689
3003636580,2803595268
3003636580,122901091
3003636580,38424544
3003636580,396571963
3003636580,15841461
3003636580,104144952
3003636580,2563657040
3003636580,72275541
3003636580,1189193760
3003636580,28937618
3003636580,94839382
3003636580,143454033
3003636580,124146925
3003636580,859708974
3003636580,19472578
3003636580,545165129
3003636580,268400722
3003636580,23380974
3003636580,48354581
3003636580,626379121
3003636580,422848877
3003636580,735649130
3003636580,97422315
3003636580,14477736
3003636580,24184892
3003636580,204069781
3003636580,1534407277
3003636580,9959512
3003636580,2317618969
3003636580,19658379
3003636580,1231077175
3003636580,1590784286
3003636580,398316424
3003636580,1589250782
3003636580,28900869
3003636580,19583545
3003636580,55318194
3003636580,34652171
3003636580,423534981
3003636580,121132874
3003636580,152577854
3003636580,474454582
3003636580,120452311
3003636580,1275607484
3003636580,97292633
3003636580,201660658
3003636580,327217391
3003636580,426106176
3003636580,782027876
3003636580,2945611895
3003636580,2217349206
3003636580,1476671570
3003636580,36806703
3003636580,270850017
3003636580,472079320
3003636580,245320407
3003636580,22628924
3003636580,47436725
3003636580,169426475
3003636580,783214
3003636580,63796828
3003636580,2322374534
3003636580,2408884578
3003636580,2294572579
3003636580,2332143937
3003636580,37631819
3003636580,16600393
3003636580,17675072
3003636580,2265964188
3003636580,201201906
3003636580,23339387
3003636580,610381717
3003636580,748851762
3003636580,494478539
3003636580,792226416
3003636580,809752652
3003636580,761862806
3003636580,2382179366
3003636580,360844323
3003636580,14824411
3003636580,2459752261
3003636580,339205288
3003636580,501615481
3003636580,2470564854
3003636580,17289752
3003636580,1468396627
3003636580,14275129
3003636580,132958138
3003636580,230203433
3003636580,537106554
3003636580,318478792
3003636580,43325643
3003636580,593500153
3003636580,10773
3003636580,491722490
3003636580,309022429
3003636580,2428505125
3003636580,25494061
3003636580,82430950
3003636580,393562501
3003636580,60838833
3003636580,789462536
3003636580,2288138575
3003636580,25555639
3003636580,443929333
3003636580,177127824
3003636580,1562958930
3003636580,13482112
3003636580,110703138
3003636580,38942494
3003636580,226885974
3003636580,101543728
3003636580,1565814866
3003636580,1219458530
3003636580,484795764
3003636580,409164869
3003636580,2152481676
3003636580,297963914
3003636580,604295870
3003636580,242893694
3003636580,28528873
3003636580,1660468830
3003636580,131560833
3003636580,207712196
3003636580,198584248
3003636580,52732962
3003636580,145654849
3003636580,44845906
3003636580,47596365
3003636580,551136040
3003636580,39490506
3003636580,249601317
3003636580,19391273
3003636580,197347851
3003636580,398359939
3003636580,334315400
3003636580,417017633
3003636580,562675766
3003636580,18014884
3003636580,522429718
3003636580,332156075
3003636580,47350606
3003636580,311643125
3003636580,408566492
3003636580,332960442
3003636580,18071978
3003636580,609216756
3003636580,828812172
3003636580,124212537
3003636580,250058740
3003636580,717672097
3003636580,154588112
3003636580,257873007
3003636580,87818409
3003636580,350390941
3003636580,349090550
3003636580,135465222
3003636580,220934962
3003636580,125064855
3003636580,136333369
3003636580,21100986
3003636580,18834081
3003636580,806736306
3003636580,593679848
3003636580,533082734
3003636580,838753242
3003636580,385411771
3003636580,419586186
3003636580,309360843
3003636580,1285599505
3003636580,55163303
3003636580,14944724
3003636580,46467119
3003636580,20338373
3003636580,1378916480
3003636580,631973249
3003636580,752511446
3003636580,137041926
3003636580,18914328
3003636580,924071359
3003636580,406854916
3003636580,1390197259
3003636580,193199677
3003636580,526374412
3003636580,202140100
3003636580,2292454922
3003636580,158342368
3003636580,334602996
3003636580,275882593
3003636580,838177081
3003636580,124424289
3003636580,113899804
3003636580,1358223463
3003636580,332061286
3003636580,173015156
3003636580,906193634
3003636580,917816940
3003636580,18935303
3003636580,2482539785
3003636580,131895435
3003636580,25165720
3003636580,128557599
3003636580,599169733
3003636580,60068064
3003636580,82374530
3003636580,2529946808
3003636580,40896488
3003636580,114138719
3003636580,119424400
3003636580,18800393
3003636580,85404693
3003636580,877744351
3003636580,52626712
3003636580,8618902
3003636580,1002122730
3003636580,369415667
3003636580,208715480
3003636580,301494872
3003636580,140700826
3003636580,601346104
3003636580,171176292
3003636580,24459371
3003636580,138179295
3003636580,888360846
3003636580,191133129
3003636580,1278486620
3003636580,556818149
3003636580,89657033
3003636580,14984877
3003636580,90734501
3003636580,511880901
3003636580,229391469
3003636580,73617252
3003636580,490684927
3003636580,18607505
3003636580,23734025
3003636580,259257136
3003636580,851668458
3003636580,116760461
3003636580,57952540
3003636580,17038843
3003636580,99734381
3003636580,362954200
3003636580,131550454
3003636580,1197039834
3003636580,1252694100
3003636580,2547579492
3003636580,424369311
3003636580,16375916
3003636580,786380845
3003636580,193669011
3003636580,242444669
3003636580,73283887
3003636580,34955514
3003636580,20233786
3003636580,17514413
3003636580,399538625
3003636580,218206904
3003636580,444079775
3003636580,98737633
3003636580,56670447
3003636580,2527012519
3003636580,27637678
3003636580,86506462
3003636580,2869633806
3003636580,171003397
3003636580,81886393
3003636580,14803212
3003636580,255108701
3003636580,14726770
3003636580,188266729
3003636580,15078790
3003636580,752915690
3003636580,17927498
3003636580,31686486
3003636580,2267201354
3003636580,109692636
3003636580,395760557
3003636580,59804598
3003636580,58473208
3003636580,390270925
3003636580,199038209
3003636580,714294530
3003636580,81495923
3003636580,200520405
3003636580,443840018
3003636580,2336698141
3003636580,426464754
3003636580,37438776
3003636580,1135642459
3003636580,146342185
3003636580,29685219
3003636580,259175992
3003636580,231788168
3003636580,151545991
3003636580,193661585
3003636580,75140902
3003636580,29197276
3003636580,60353580
3003636580,568309844
3003636580,14811038
3003636580,296317195
3003636580,235046669
3003636580,68007981
3003636580,383639798
3003636580,17697300
3003636580,120007491
3003636580,33478850
3003636580,21450057
3003636580,514100089
3003636580,389449900
3003636580,389652830
3003636580,173117397
3003636580,56642415
3003636580,1012281254
3003636580,472159257
3003636580,320233285
3003636580,77528520
3003636580,298715857
3003636580,474108247
3003636580,27474851
3003636580,155498394
3003636580,76600991
3003636580,63942200
3003636580,38014087
3003636580,48308257
3003636580,28550424
3003636580,431584055
3003636580,14856056
3003636580,1617320119
3003636580,18138592
3003636580,176721854
3003636580,566183991
3003636580,37301022
3003636580,523441997
3003636580,84321066
3003636580,37682101
3003636580,795873097
3003636580,140590313
3003636580,518375766
3003636580,517565800
3003636580,64986443
3003636580,898518404
3003636580,365319447
3003636580,387290112
3003636580,15077932
3003636580,16930009
3003636580,28561310
3003636580,387184559
3003636580,16363876
3003636580,302134702
3003636580,259212845
3003636580,861739124
3003636580,18912905
3003636580,81156313
3003636580,459093506
3003636580,436377740
3003636580,574532725
3003636580,600774106
3003636580,529293596
3003636580,98616286
3003636580,18943612
3003636580,205828253
3003636580,88441453
3003636580,255977764
3003636580,34942627
3003636580,142371628
3003636580,107171955
3003636580,29950115
3003636580,15883361
3003636580,170644232
3003636580,387846139
3003636580,18533988
3003636580,531918063
3003636580,77712736
3003636580,171453209
3003636580,96380831
3003636580,34363555
3003636580,302819733
3003636580,454780169
3003636580,890560250
3003636580,75254621
3003636580,174655194
3003636580,136161734
3003636580,65334095
3003636580,929967643
3003636580,34257081
3003636580,17703765
3003636580,694853
3003636580,85131019
3003636580,117414350
3003636580,418970679
3003636580,180805095
3003636580,76678751
3003636580,439951770
3003636580,19153350
3003636580,39870136
3003636580,30098791
3003636580,81804053
3003636580,17941645
3003636580,1513022622
3003636580,1349330876
3003636580,279996235
3003636580,5609462
3003636580,10228272
3003636580,548376843
3003636580,188302967
3003636580,33807517
3003636580,580258919
3003636580,22939318
3003636580,170758687
3003636580,258729654
3003636580,258856650
3003636580,86273929
3003636580,315368192
3003636580,2461206926
3003636580,1029137870
3003636580,61451585
3003636580,1283008465
3003636580,40016564
3003636580,59113012
3003636580,243613685
3003636580,84583235
3003636580,15562419
3003636580,237705385
3003636580,538941892
3003636580,821726239
3003636580,15363393
3003636580,104014417
3003636580,231807647
3003636580,10993312
3003636580,306379011
3003636580,256919504
3003636580,95635290
3003636580,21188472
3003636580,1341471
3003636580,1719141410
3003636580,342864030
3003636580,306128071
3003636580,18568242
3003636580,35415330
3003636580,868637460
3003636580,310846173
3003636580,2871792319
3003636580,545504439
3003636580,14258906
3003636580,23749981
3003636580,48957413
3003636580,804821492
3003636580,559797583
3003636580,387234346
3003636580,284729595
3003636580,74959051
3003636580,122328627
3003636580,97975444
3003636580,403331236
3003636580,548845041
3003636580,266653425
3003636580,18674484
3003636580,706862808
3003636580,39554364
3003636580,199743355
3003636580,296891040
3003636580,97742128
3003636580,18449062
3003636580,19109539
3003636580,25584888
3003636580,97984818
3003636580,391979513
3003636580,71214433
3003636580,124690469
3003636580,217566159
3003636580,186060772
3003636580,115650417
3003636580,402066521
3003636580,198442665
3003636580,199636537
3003636580,196498971
3003636580,214844359
3003636580,238509479
3003636580,315871225
3003636580,278020879
3003636580,289527193
3003636580,27931380
3003636580,294027922
3003636580,301531998
3003636580,111924018
3003636580,18937701
3003636580,56988142
3003636580,2173563649
3003636580,337126547
3003636580,54598058
3003636580,104298598
3003636580,216888261
3003636580,276615932
3003636580,173856120
3003636580,260916710
3003636580,373909732
3003636580,282945845
3003636580,494807351
3003636580,17389650
3003636580,313983834
3003636580,327267369
3003636580,26315349
