3017773835,3763604489
3017773835,1616547714
3017773835,3236714991
3017773835,2340731598
3017773835,182384817
3017773835,2259371544
3017773835,2346068401
3017773835,2801237403
3017773835,3081911819
3017773835,3300219920
3017773835,2808450362
3017773835,398098007
3017773835,249045619
3017773835,95759547
3017773835,3148653058
3017773835,625578357
3017773835,1444709479
3017773835,439345236
3017773835,553616314
3017773835,2643281986
3017773835,1163257633
3017773835,3128441667
3017773835,2726555800
3017773835,2234397242
3017773835,2618581383
3017773835,2876439971
3017773835,3244987335
3017773835,2437219548
3017773835,254087945
3017773835,591653555
3017773835,91884963
3017773835,2934231280
3017773835,76028271
3017773835,427679886
3017773835,87171878
3017773835,558702172
3017773835,1550484793
3017773835,44409004
3017773835,3176625115
3017773835,2427238903
3017773835,2218600958
3017773835,390291839
3017773835,3174531928
3017773835,2599705015
3017773835,2809293690
3017773835,3221408935
3017773835,187476053
3017773835,2191042867
3017773835,480062406
3017773835,1530894998
3017773835,3221141729
3017773835,1280413488
3017773835,522701657
3017773835,2902156208
3017773835,279414166
3017773835,2902062601
3017773835,3292048132
3017773835,26258618
3017773835,3001577560
3017773835,3236148478
3017773835,3074984453
3017773835,2792409146
3017773835,27193112
3017773835,1416858218
3017773835,240005520
3017773835,3217342110
3017773835,3283438949
3017773835,2911436188
3017773835,1352172372
3017773835,2907157445
3017773835,2865288079
3017773835,1347575665
3017773835,292592490
3017773835,3146522762
3017773835,2883611825
3017773835,256212676
3017773835,3093930190
3017773835,2468404567
3017773835,2459199644
3017773835,3028064553
3017773835,381937225
3017773835,3219728058
3017773835,3033631767
3017773835,1375860338
3017773835,2792814350
3017773835,2852586606
3017773835,3245991177
3017773835,370189997
3017773835,3117284636
3017773835,1360384860
3017773835,2790532695
3017773835,45890496
3017773835,157472033
3017773835,873837498
3017773835,3023692764
3017773835,2917394612
3017773835,3221348521
3017773835,3186199560
3017773835,3193986559
3017773835,18310869
3017773835,17943171
3017773835,3236648037
3017773835,626757849
3017773835,3194663094
3017773835,3018236758
3017773835,3192013503
3017773835,3019126721
3017773835,3233597943
3017773835,46647558
3017773835,205556014
3017773835,2591961536
3017773835,1142565727
3017773835,193449207
3017773835,2734151423
3017773835,3229325829
3017773835,3022829838
3017773835,1191257509
3017773835,327667321
3017773835,2991277705
3017773835,385625684
3017773835,3258973234
3017773835,33631256
3017773835,7288532
3017773835,3016075704
3017773835,3019599947
3017773835,3246177201
3017773835,2866644908
3017773835,131526042
3017773835,3159176038
3017773835,2984033572
3017773835,91627679
3017773835,45571759
3017773835,137439295
3017773835,1163213364
3017773835,3245292094
3017773835,25689715
3017773835,2272710357
3017773835,3171204229
3017773835,3195248982
3017773835,167760471
3017773835,2202737274
3017773835,2982270003
3017773835,2914495930
3017773835,2343837990
3017773835,1391911867
3017773835,2659721094
3017773835,64293519
3017773835,24523347
3017773835,505229441
3017773835,821785831
3017773835,2932392425
3017773835,2885174556
3017773835,340650651
3017773835,3128825768
3017773835,15852410
3017773835,3009418139
3017773835,160192827
3017773835,2905279307
3017773835,2891118304
3017773835,2889971646
3017773835,2962989555
3017773835,2984592485
3017773835,322095077
3017773835,463449110
3017773835,2999028841
3017773835,1228545349
3017773835,2825575655
3017773835,2958507377
3017773835,391103500
3017773835,21384852
3017773835,2885532683
3017773835,33495086
3017773835,2751651118
3017773835,3020911937
3017773835,1128625165
3017773835,2556976483
3017773835,2182438333
3017773835,3249035043
3017773835,3195739577
3017773835,2693070115
3017773835,59617171
3017773835,331400291
3017773835,2924121694
3017773835,3029630775
3017773835,3044928642
3017773835,2496888150
3017773835,2564026700
3017773835,3185895230
3017773835,160047813
3017773835,879749444
3017773835,3244876007
3017773835,3241431657
3017773835,3100266157
3017773835,452341879
3017773835,69832233
3017773835,2922510686
3017773835,592249348
3017773835,123851126
3017773835,286864534
3017773835,433115572
3017773835,2993948560
3017773835,905633726
3017773835,134153879
3017773835,348415862
3017773835,129187387
3017773835,2455736782
3017773835,3253484049
3017773835,3226203069
3017773835,3226338059
3017773835,2210349080
3017773835,2494990256
3017773835,23777613
3017773835,2631383639
3017773835,40938611
3017773835,2687402868
3017773835,398667483
3017773835,192051237
3017773835,3196227423
3017773835,1205356970
3017773835,182220456
3017773835,3103694366
3017773835,1007689958
3017773835,837371528
3017773835,3246181853
3017773835,1431763800
3017773835,3142667950
3017773835,3185809728
3017773835,30357579
3017773835,2812529014
3017773835,2891278975
3017773835,259883061
3017773835,348298339
3017773835,3195259586
3017773835,147511713
3017773835,3014848228
3017773835,3114759624
3017773835,2931925367
3017773835,2483344482
3017773835,232964565
3017773835,545808541
3017773835,51617148
3017773835,49449609
3017773835,1003395247
3017773835,542413332
3017773835,544902419
3017773835,549099372
3017773835,555753306
3017773835,555809304
3017773835,556671141
3017773835,151156781
3017773835,391002799
3017773835,360836043
3017773835,38785125
3017773835,445613897
3017773835,840793572
3017773835,162090694
3017773835,317285375
3017773835,28410586
3017773835,198464511
3017773835,45621556
3017773835,350273244
3017773835,486606714
3017773835,149998801
3017773835,352404273
3017773835,274839400
3017773835,430856656
3017773835,953489592
3017773835,123748234
3017773835,459179677
3017773835,304771157
3017773835,360734431
3017773835,955910940
3017773835,122822121
3017773835,1236616566
3017773835,507463030
3017773835,570608126
3017773835,1189586378
3017773835,560908527
3017773835,23135992
3017773835,19478383
3017773835,65577676
3017773835,1734381
3017773835,65589378
3017773835,37322450
3017773835,1397641946
3017773835,3024900437
3017773835,2206706407
3017773835,18539631
3017773835,17518569
3017773835,3112642146
3017773835,2929732584
3017773835,1406240875
3017773835,132013518
3017773835,3248495764
3017773835,976626854
3017773835,3249200933
3017773835,418317407
3017773835,3249694995
3017773835,3193912207
3017773835,497043529
3017773835,3193877906
3017773835,3249784156
3017773835,3249568277
3017773835,3249689175
3017773835,1677760928
3017773835,3193876682
3017773835,1761059383
3017773835,3249709181
3017773835,3193764162
3017773835,532559568
3017773835,3249717047
3017773835,139882202
3017773835,3192906595
3017773835,3193877216
3017773835,3193821348
3017773835,1438051963
3017773835,3249771184
3017773835,14926925
3017773835,265442811
3017773835,196671417
3017773835,335640139
3017773835,1141081634
3017773835,398890067
3017773835,41068311
3017773835,3183022470
3017773835,617599747
3017773835,1190152867
3017773835,3248514033
3017773835,16529873
3017773835,510068777
3017773835,180505807
3017773835,20265542
3017773835,115512512
3017773835,206105134
3017773835,413487212
3017773835,23445711
3017773835,163261637
3017773835,73248594
3017773835,505858605
3017773835,21577628
3017773835,43869790
3017773835,99975127
3017773835,11994692
3017773835,52551600
3017773835,69344401
3017773835,62290422
3017773835,25535042
3017773835,16513161
3017773835,41878061
3017773835,22827600
3017773835,93230391
3017773835,15683146
3017773835,884742217
3017773835,22662733
3017773835,26486870
3017773835,36008570
3017773835,31239408
3017773835,19704615
3017773835,16269521
3017773835,50707383
3017773835,50640639
3017773835,14780915
3017773835,24886570
3017773835,628677784
3017773835,100220864
3017773835,28706024
3017773835,19018401
3017773835,18228898
3017773835,30011832
3017773835,35762475
3017773835,308470015
3017773835,361961997
3017773835,413386648
3017773835,21295531
3017773835,358996059
3017773835,41935184
3017773835,1873384980
3017773835,1056576632
3017773835,15820664
3017773835,147277903
3017773835,20823773
3017773835,15155074
3017773835,26465424
3017773835,27711339
3017773835,19081001
3017773835,108382988
3017773835,9695312
3017773835,16998020
3017773835,74580436
3017773835,234053160
3017773835,97837399
3017773835,27706753
3017773835,19416763
3017773835,140830740
3017773835,26604704
3017773835,171275005
3017773835,40838623
3017773835,119875281
3017773835,847123669
3017773835,49636886
3017773835,69656547
3017773835,116710152
3017773835,54930650
3017773835,21891735
3017773835,19661294
3017773835,14583400
3017773835,67995848
3017773835,20565284
3017773835,39025860
3017773835,23497233
3017773835,16213013
3017773835,421957377
3017773835,118527732
3017773835,29286670
3017773835,77692824
3017773835,7111412
3017773835,162741534
3017773835,326889905
3017773835,18396706
3017773835,143958468
3017773835,115633811
3017773835,43003845
3017773835,54187575
3017773835,24063070
3017773835,75916180
3017773835,297047872
3017773835,69610339
3017773835,27251814
3017773835,19373710
3017773835,217518231
3017773835,68412310
3017773835,14216203
3017773835,125381483
3017773835,66528154
3017773835,301931359
3017773835,18130181
3017773835,19562228
3017773835,19980906
3017773835,43383705
3017773835,255388236
3017773835,15340816
3017773835,101858534
3017773835,27760317
3017773835,74712538
3017773835,89634510
3017773835,35944242
3017773835,25889980
3017773835,29939911
3017773835,268414482
3017773835,1719991688
3017773835,303970254
3017773835,365445243
3017773835,25516907
3017773835,249829280
3017773835,21219666
3017773835,545443555
3017773835,21433995
3017773835,274536137
3017773835,17842661
3017773835,260839822
3017773835,82714804
3017773835,49608424
3017773835,18271625
3017773835,13618402
3017773835,224267898
3017773835,19320889
3017773835,87148957
3017773835,65033956
3017773835,24788654
3017773835,885434768
3017773835,499067498
3017773835,21195592
3017773835,475002175
3017773835,430328795
3017773835,5943942
3017773835,1385338651
3017773835,1912297292
3017773835,508766980
3017773835,16171898
3017773835,338084918
3017773835,99561176
3017773835,16807528
3017773835,6208002
3017773835,113078447
3017773835,182417583
3017773835,50731560
3017773835,30686649
3017773835,180720955
3017773835,28828862
3017773835,2220700525
3017773835,305164015
3017773835,997355762
3017773835,1879558020
3017773835,470320074
3017773835,23412165
3017773835,50352671
3017773835,27677597
3017773835,18516444
3017773835,200638031
3017773835,14365353
3017773835,135810304
3017773835,22287453
3017773835,734671472
3017773835,626013365
3017773835,119055535
3017773835,999435482
3017773835,259344725
3017773835,566374898
3017773835,17643683
3017773835,2321306858
3017773835,888701149
3017773835,1199023009
3017773835,2306438958
3017773835,16119842
3017773835,205437050
3017773835,90415370
3017773835,2425151
3017773835,17230018
3017773835,2199672766
3017773835,19570296
3017773835,156695280
3017773835,283153969
3017773835,384461043
3017773835,285717505
3017773835,30101738
3017773835,723274946
3017773835,1942049240
3017773835,139544931
3017773835,339755472
3017773835,519708002
3017773835,743007607
3017773835,19820899
3017773835,355919404
3017773835,1712151590
3017773835,335534204
3017773835,2357018815
3017773835,361002793
3017773835,1641150530
3017773835,462495192
3017773835,114037310
3017773835,183239553
3017773835,560505581
3017773835,94917610
3017773835,21586867
3017773835,23670204
3017773835,336721495
3017773835,16190898
3017773835,24606987
3017773835,202682708
3017773835,767326152
3017773835,759076334
3017773835,343624271
3017773835,568653508
3017773835,281618999
3017773835,251866148
3017773835,702539270
3017773835,221486800
3017773835,1018579128
3017773835,985726806
3017773835,141864252
3017773835,1286063538
3017773835,1085783768
3017773835,24864581
3017773835,75531816
3017773835,325260518
3017773835,352689883
3017773835,101070936
3017773835,344795574
3017773835,72206903
3017773835,233986466
3017773835,204832963
3017773835,53453568
3017773835,313160143
3017773835,2415367669
3017773835,332638587
3017773835,52185456
3017773835,707780479
3017773835,2365519388
3017773835,859612471
3017773835,1137634801
3017773835,19247138
3017773835,270369094
3017773835,452138497
3017773835,1004820848
3017773835,20763370
3017773835,2164788343
3017773835,255009248
3017773835,546215152
3017773835,1843286742
3017773835,1674578383
3017773835,854759976
3017773835,525060895
3017773835,56214922
3017773835,50771868
3017773835,323634172
3017773835,141694727
3017773835,1275742334
3017773835,1686756452
3017773835,1246982250
3017773835,2550023839
3017773835,602096382
3017773835,352523476
3017773835,323166450
3017773835,2177536767
3017773835,556318336
3017773835,782948359
3017773835,1947445646
3017773835,183075111
3017773835,2597879107
3017773835,2657535421
3017773835,137200792
3017773835,263506236
3017773835,2414285335
3017773835,2593646413
3017773835,1650209348
3017773835,1729617366
3017773835,32688098
3017773835,52617625
3017773835,293853307
3017773835,981057535
3017773835,2505114834
3017773835,236738600
3017773835,251873156
3017773835,1703210119
3017773835,1322319715
3017773835,1611011814
3017773835,1625440034
3017773835,186883395
3017773835,286742737
3017773835,1441093243
3017773835,66339576
3017773835,296623811
3017773835,472967330
3017773835,2597498814
3017773835,102325442
3017773835,586671909
3017773835,1649633971
3017773835,252706698
3017773835,2210543927
3017773835,586189030
3017773835,206052014
3017773835,2720422680
3017773835,227626917
3017773835,316208515
3017773835,1876326937
3017773835,1520006918
3017773835,1121163822
3017773835,2299228863
3017773835,2647142409
3017773835,816242898
3017773835,1681324362
3017773835,843112550
3017773835,737331846
3017773835,753828066
3017773835,68468239
3017773835,259132164
3017773835,2802420188
3017773835,68695225
3017773835,2191098577
3017773835,213420720
3017773835,476234589
3017773835,50816045
3017773835,2533814315
3017773835,2204736145
3017773835,2700364534
3017773835,137992735
3017773835,1361619691
3017773835,8704332
3017773835,44233510
3017773835,514351241
3017773835,2906525890
3017773835,2784204232
3017773835,2589757303
3017773835,55269949
3017773835,260707610
3017773835,282123042
3017773835,222059661
3017773835,2434155446
3017773835,138534268
3017773835,1685947112
3017773835,2766210441
3017773835,551202882
3017773835,66651780
3017773835,622356817
3017773835,956061451
3017773835,52496551
3017773835,79822854
3017773835,3117638727
3017773835,3234552551
3017773835,70096167
3017773835,588938505
3017773835,15030767
3017773835,1202090827
3017773835,348664405
3017773835,309528017
3017773835,285019665
3017773835,82381798
3017773835,459275531
3017773835,18080585
3017773835,91985735
3017773835,63788496
3017773835,14538601
3017773835,23822236
3017773835,372475592
3017773835,65525881
3017773835,13334762
3017773835,16452121
3017773835,240254617
3017773835,850107536
3017773835,70266297
3017773835,354847710
3017773835,259403751
3017773835,326912209
3017773835,23890626
3017773835,167143411
3017773835,16689804
3017773835,567360618
3017773835,352053266
3017773835,27081406
3017773835,19540483
3017773835,13982132
3017773835,15808647
3017773835,23426889
3017773835,17369110
3017773835,15460048
3017773835,28421825
3017773835,33474655
3017773835,179822867
3017773835,1929677846
3017773835,3113411626
3017773835,248795646
3017773835,48289662
3017773835,3230724615
3017773835,18036441
3017773835,17995712
3017773835,39585367
3017773835,5695032
3017773835,16145473
3017773835,17093617
3017773835,3240586756
3017773835,18781059
3017773835,24714450
3017773835,274024406
3017773835,14230524
3017773835,18083786
3017773835,20182642
3017773835,50075587
3017773835,18682917
3017773835,25983654
3017773835,7717612
3017773835,301517975
3017773835,8724862
3017773835,19606528
3017773835,2387840556
3017773835,17813899
3017773835,278691695
3017773835,1344951
3017773835,46738745
3017773835,20717297
3017773835,14800270
3017773835,2735591
3017773835,26607731
3017773835,15492359
3017773835,16896485
3017773835,19407053
3017773835,3042006932
3017773835,1754641
3017773835,22425307
3017773835,45839850
3017773835,16184358
3017773835,20562637
3017773835,28140646
3017773835,2573216851
3017773835,67358777
3017773835,16275366
3017773835,15410226
3017773835,14691720
3017773835,15110357
3017773835,621523
3017773835,14796905
3017773835,3186995641
3017773835,624413
3017773835,11014272
3017773835,28164923
3017773835,18336706
3017773835,231043298
3017773835,16334857
3017773835,23186152
3017773835,32359921
3017773835,59486068
3017773835,21302527
3017773835,59736898
3017773835,20512828
3017773835,23051072
3017773835,583938358
3017773835,304909941
3017773835,2398625900
3017773835,1963312058
3017773835,290263087
3017773835,2338788056
3017773835,111416652
3017773835,14676620
3017773835,484962664
3017773835,19682451
3017773835,3237522093
3017773835,585716046
3017773835,17006157
3017773835,90320997
3017773835,91083585
3017773835,82322622
3017773835,16143542
3017773835,115044590
3017773835,229454266
3017773835,525208028
3017773835,28297965
3017773835,602601176
3017773835,108247668
3017773835,90636188
3017773835,14341277
3017773835,226087776
3017773835,575650860
3017773835,69008563
3017773835,971321917
3017773835,24871896
3017773835,368276033
3017773835,26235265
3017773835,432507102
3017773835,19291928
3017773835,20517081
3017773835,1533588679
3017773835,28089873
3017773835,36339032
3017773835,259760125
3017773835,2164968990
3017773835,28758915
3017773835,21417835
3017773835,948552829
3017773835,23366818
3017773835,1662057727
3017773835,211580813
3017773835,19875072
3017773835,25873011
3017773835,3239620702
3017773835,1950188826
3017773835,986878273
3017773835,3237835451
3017773835,440815012
3017773835,964212584
3017773835,499170272
3017773835,69542069
3017773835,27476141
3017773835,19315495
3017773835,1382404544
3017773835,34464376
3017773835,14166909
3017773835,2960408869
3017773835,3142023068
3017773835,51086473
3017773835,73992972
3017773835,19011738
3017773835,23959135
3017773835,36050801
3017773835,1117046706
3017773835,268439864
3017773835,29812822
3017773835,85603854
3017773835,38633321
3017773835,66740930
3017773835,184910040
3017773835,16409683
3017773835,19903099
3017773835,232855418
3017773835,31237480
3017773835,239313282
3017773835,245992215
3017773835,49573859
3017773835,15163518
3017773835,7428362
3017773835,26043177
3017773835,1142859176
3017773835,20793816
3017773835,14172201
3017773835,19691643
3017773835,84249568
3017773835,23976386
3017773835,20712514
3017773835,355689205
3017773835,82563701
3017773835,3155753569
3017773835,2998163131
3017773835,83782290
3017773835,3114078720
3017773835,3233397665
3017773835,3174382215
3017773835,2922143972
3017773835,3240316810
3017773835,556307001
3017773835,79320096
3017773835,3221636997
3017773835,119960958
3017773835,237742980
3017773835,20560841
3017773835,18066392
3017773835,247424262
3017773835,40855114
3017773835,3233889333
3017773835,546311167
3017773835,73704159
3017773835,182661710
3017773835,2929031861
3017773835,3187017546
3017773835,3170598854
3017773835,3187826649
3017773835,52744056
3017773835,73338748
3017773835,171840420
3017773835,34949757
3017773835,51566870
3017773835,82689705
3017773835,176210542
3017773835,65184429
3017773835,3230283508
3017773835,30439207
3017773835,550202880
3017773835,25308195
3017773835,22541249
3017773835,3184547750
3017773835,444838837
3017773835,38815826
3017773835,488731085
3017773835,65762141
3017773835,3159254285
3017773835,22615824
3017773835,282064204
3017773835,78912272
3017773835,38431215
3017773835,39603151
3017773835,74711686
3017773835,71843505
3017773835,20885390
3017773835,16838962
3017773835,48750532
3017773835,26037223
3017773835,26281917
3017773835,20683482
3017773835,28511855
3017773835,22695704
3017773835,19120191
3017773835,15574534
3017773835,44908881
3017773835,19568167
3017773835,44850810
3017773835,37807048
3017773835,37508790
3017773835,3230091832
3017773835,1023139638
3017773835,31983710
3017773835,63136550
3017773835,144866558
3017773835,19388771
3017773835,20696985
3017773835,25524289
3017773835,23122371
3017773835,500010484
3017773835,396487796
3017773835,47982751
3017773835,220995331
3017773835,25190574
3017773835,27839044
3017773835,48218522
3017773835,2774661320
3017773835,2861198068
3017773835,221474547
3017773835,932795072
3017773835,2360317959
3017773835,2409043382
3017773835,437955373
3017773835,3111727504
3017773835,3178028304
3017773835,342894187
3017773835,15393164
3017773835,635622629
3017773835,2795397446
3017773835,2913050432
3017773835,2260690748
3017773835,2986485783
3017773835,3182436805
3017773835,3212653325
3017773835,821294522
3017773835,3092039572
3017773835,3225996977
3017773835,2477325486
3017773835,20005556
3017773835,2937154833
3017773835,496136023
3017773835,19600252
3017773835,452155423
3017773835,1640169925
3017773835,740336334
3017773835,304596944
3017773835,280701704
3017773835,330446733
3017773835,185827887
3017773835,1964571728
3017773835,932429090
3017773835,136007061
3017773835,2533070650
3017773835,224223563
3017773835,344801362
3017773835,90836187
3017773835,158487331
3017773835,213745334
3017773835,112764971
3017773835,789605024
3017773835,343627165
3017773835,423384542
3017773835,627673190
3017773835,7996522
3017773835,16808626
3017773835,15095537
3017773835,90420314
3017773835,92002902
3017773835,442984214
3017773835,58386355
3017773835,44128516
3017773835,1354587091
3017773835,62780688
3017773835,65728343
3017773835,14313123
3017773835,75891845
3017773835,35094637
3017773835,78944377
3017773835,15012693
3017773835,53778621
3017773835,54973156
3017773835,77103484
3017773835,116540863
3017773835,253571173
3017773835,90558638
3017773835,62917505
3017773835,102482331
3017773835,47491330
3017773835,34140316
3017773835,42434332
3017773835,2903053840
3017773835,200267797
3017773835,972651
3017773835,145459615
3017773835,33884545
3017773835,124172948
3017773835,76931020
3017773835,15007299
3017773835,6015212
3017773835,18803751
3017773835,2862907217
3017773835,52236744
3017773835,19450907
3017773835,122178701
3017773835,23481693
3017773835,18724079
3017773835,23866837
3017773835,19716315
3017773835,17308753
3017773835,21856254
3017773835,14628959
3017773835,21200953
3017773835,72861485
3017773835,26332602
3017773835,14332852
3017773835,25383000
3017773835,93711247
3017773835,14342661
3017773835,259780382
3017773835,1718349402
3017773835,50090898
3017773835,75229951
3017773835,15813140
3017773835,31311757
3017773835,48359021
3017773835,38267947
3017773835,32468665
3017773835,87460291
3017773835,205974045
3017773835,28201743
3017773835,19393233
3017773835,2855685446
3017773835,38679388
3017773835,2367911
3017773835,56505125
3017773835,40076725
3017773835,19973332
3017773835,20536157
3017773835,21050755
3017773835,22179997
3017773835,19397785
3017773835,2851101362
3017773835,19650966
3017773835,2883841
3017773835,454395581
3017773835,2233420340
3017773835,57170795
3017773835,3135760316
3017773835,17852343
3017773835,12135162
3017773835,25589776
3017773835,19722435
3017773835,20275150
3017773835,23603092
3017773835,788524
3017773835,20717463
3017773835,22284074
3017773835,23614207
3017773835,2408540402
3017773835,3169382431
3017773835,17929376
3017773835,2432760766
3017773835,557870539
3017773835,3198524278
3017773835,3041545957
3017773835,3005989486
3017773835,410763798
3017773835,2264624702
3017773835,75915941
3017773835,31346031
3017773835,2650492818
3017773835,423592609
3017773835,2990840810
3017773835,190540159
3017773835,182485142
3017773835,17338014
3017773835,91317326
3017773835,731813719
3017773835,3173563742
3017773835,1661187108
3017773835,3201187624
3017773835,184171369
3017773835,2406277881
3017773835,1858232023
3017773835,431071870
3017773835,711935294
3017773835,2609520082
3017773835,2946962331
3017773835,3160247360
3017773835,715541041
3017773835,1400274944
3017773835,1955132936
3017773835,3154015891
3017773835,3044768903
3017773835,3123549414
3017773835,6398152
3017773835,933693476
3017773835,3164109342
3017773835,3114154118
3017773835,3199052133
3017773835,3101512507
3017773835,429804064
3017773835,46594418
3017773835,2568766986
3017773835,634915742
3017773835,14333754
3017773835,347111527
3017773835,16665516
3017773835,6017542
3017773835,196609435
3017773835,15531225
3017773835,66649066
3017773835,771383605
3017773835,3062291199
3017773835,37636997
3017773835,1387302414
3017773835,1265295037
3017773835,150613534
3017773835,47645546
3017773835,123109597
3017773835,19722343
3017773835,28596123
3017773835,470099591
3017773835,416552443
3017773835,82255652
3017773835,29679737
3017773835,544395196
3017773835,276900575
3017773835,16025112
3017773835,90368802
3017773835,255672054
3017773835,107122128
3017773835,85289376
3017773835,183201869
3017773835,16079505
3017773835,19977449
3017773835,366175068
3017773835,16831192
3017773835,19993545
3017773835,21034405
3017773835,16831165
3017773835,23945213
3017773835,309066576
3017773835,186439704
3017773835,459612808
3017773835,224359740
3017773835,2327359038
3017773835,192981351
3017773835,16511394
3017773835,1585589059
3017773835,54321626
3017773835,97225627
3017773835,54319466
3017773835,41139215
3017773835,23689478
3017773835,26007726
3017773835,33645850
3017773835,88803528
3017773835,48689089
3017773835,28165910
3017773835,43430484
3017773835,14219877
3017773835,15898172
3017773835,66403013
3017773835,91195372
3017773835,66408053
3017773835,25691305
3017773835,16529238
3017773835,453030125
3017773835,75016467
3017773835,42604302
3017773835,227653209
3017773835,10850192
3017773835,98955572
3017773835,66395780
3017773835,89183429
3017773835,212332850
3017773835,12221852
3017773835,349714440
3017773835,15676492
3017773835,258730549
3017773835,14614213
3017773835,17261818
3017773835,48476482
3017773835,38170974
3017773835,1545994664
3017773835,317373303
3017773835,54502344
3017773835,27650674
3017773835,2379366141
3017773835,323319539
3017773835,249090055
3017773835,102323621
3017773835,87984807
3017773835,27945356
3017773835,460364759
3017773835,48497136
3017773835,115097756
3017773835,249700990
3017773835,171314974
3017773835,384750535
3017773835,40425262
3017773835,46408217
3017773835,145746533
3017773835,571072597
3017773835,176863974
3017773835,105328660
3017773835,24343698
3017773835,20940081
3017773835,21568477
3017773835,45777849
3017773835,46279037
3017773835,26131703
3017773835,294636267
3017773835,18750157
3017773835,16185414
3017773835,31369541
3017773835,23733354
3017773835,116699912
3017773835,21086501
3017773835,97174186
3017773835,137074615
3017773835,104141653
3017773835,108342621
3017773835,78097360
3017773835,28920546
3017773835,22616156
3017773835,70169677
3017773835,23179472
3017773835,377249175
3017773835,424399944
3017773835,45991150
3017773835,301072005
3017773835,144457814
3017773835,148846858
3017773835,76286031
3017773835,18730634
3017773835,39225033
3017773835,256569627
3017773835,33432257
3017773835,392918817
3017773835,216148558
3017773835,113259973
3017773835,1109582052
3017773835,573726684
3017773835,989149765
3017773835,972836174
3017773835,125873555
3017773835,126089211
3017773835,21174888
3017773835,20884910
3017773835,486927315
3017773835,125077669
3017773835,52368140
3017773835,122396746
3017773835,27749259
3017773835,130151627
3017773835,15852417
3017773835,155705264
3017773835,19910996
3017773835,21001379
3017773835,22611082
3017773835,40101400
3017773835,237737133
3017773835,24693705
3017773835,22838300
3017773835,32351549
3017773835,45788610
3017773835,190946220
3017773835,16273831
3017773835,1559937942
3017773835,73365668
3017773835,28987332
3017773835,20013801
3017773835,35727881
3017773835,21787625
3017773835,17019152
3017773835,134234000
3017773835,59399268
3017773835,34914032
3017773835,361594753
3017773835,165534743
3017773835,15745368
3017773835,237348797
3017773835,121903645
3017773835,88784440
3017773835,1074480192
3017773835,216881337
3017773835,23022687
3017773835,1180379185
3017773835,237403203
3017773835,15976697
3017773835,196168350
3017773835,38495835
3017773835,110445334
3017773835,22047070
3017773835,41634520
3017773835,282280747
3017773835,312254799
3017773835,17454769
3017773835,282282694
3017773835,10774652
3017773835,146569971
3017773835,14669951
3017773835,15450996
3017773835,36683668
3017773835,357648167
3017773835,457984599
3017773835,20627896
3017773835,10168082
3017773835,152866991
3017773835,34889448
3017773835,3135241
3017773835,34927577
3017773835,20076659
3017773835,24234881
3017773835,19177501
3017773835,25657017
3017773835,8976052
3017773835,19405396
3017773835,20164477
3017773835,45190383
3017773835,32007916
3017773835,21213276
3017773835,2371130282
3017773835,31310158
3017773835,20600214
3017773835,15647676
3017773835,120944793
3017773835,22424763
3017773835,15113565
3017773835,17409240
3017773835,16129106
3017773835,106597684
3017773835,10126672
3017773835,8775672
3017773835,54885400
3017773835,20511502
3017773835,19611483
3017773835,66369181
3017773835,76640424
3017773835,30313925
3017773835,1615463502
3017773835,240299171
3017773835,9624742
3017773835,53149244
3017773835,97577359
3017773835,761801714
3017773835,249677516
3017773835,19589640
3017773835,504914052
3017773835,253167239
3017773835,49566762
3017773835,83466368
3017773835,19179687
3017773835,21866534
3017773835,1091109457
3017773835,492288571
3017773835,41330603
3017773835,92263845
3017773835,102773210
3017773835,2813202073
3017773835,304329674
3017773835,185682857
3017773835,34248609
3017773835,38704343
3017773835,260928758
3017773835,281098482
3017773835,19265059
3017773835,81918362
3017773835,25974040
3017773835,21707734
3017773835,148400592
3017773835,14607522
3017773835,17101388
3017773835,70993934
3017773835,20475285
3017773835,47559603
3017773835,126118232
3017773835,197446914
3017773835,20818437
3017773835,136338779
3017773835,23640660
3017773835,153154765
3017773835,21103366
3017773835,17092489
3017773835,23946350
3017773835,22972898
3017773835,191849753
3017773835,26916939
3017773835,115099953
3017773835,468583731
3017773835,16228398
3017773835,109720244
3017773835,32002507
3017773835,867351037
3017773835,16225240
3017773835,39275966
3017773835,70235774
3017773835,36728196
3017773835,47455788
3017773835,198618575
3017773835,31869934
3017773835,18954703
3017773835,80803819
3017773835,52446754
3017773835,125995973
3017773835,17356095
3017773835,991431661
3017773835,23132159
3017773835,346897755
3017773835,161801527
3017773835,217752780
3017773835,21055792
3017773835,17899109
3017773835,192594805
3017773835,1184353334
3017773835,89273104
3017773835,22537325
3017773835,50287595
3017773835,35127952
3017773835,16834046
3017773835,31957766
3017773835,25108518
3017773835,15532569
3017773835,21009460
3017773835,15174079
3017773835,84114313
3017773835,248817681
3017773835,540812894
3017773835,407002473
3017773835,88441571
3017773835,190470663
3017773835,105231326
3017773835,182721799
3017773835,38751529
3017773835,360230512
3017773835,67702044
3017773835,24274948
3017773835,160950277
3017773835,16027225
3017773835,74506358
3017773835,25150711
3017773835,88776580
3017773835,120153772
3017773835,208325262
3017773835,128246602
3017773835,123670791
3017773835,1960325822
3017773835,54015652
3017773835,192942213
3017773835,65150447
3017773835,57056537
3017773835,53096584
3017773835,17463923
3017773835,27648752
3017773835,11862072
3017773835,38146999
3017773835,359962497
3017773835,39511166
3017773835,517700642
3017773835,157157101
3017773835,1625723485
3017773835,2238520130
3017773835,473533854
3017773835,2874835756
3017773835,3082768652
3017773835,1149561828
3017773835,522246220
3017773835,3092940004
3017773835,3099555075
3017773835,30231730
3017773835,1428838872
3017773835,1898011363
3017773835,259666899
3017773835,226890990
3017773835,3098844676
3017773835,19277186
3017773835,19864303
3017773835,194643654
3017773835,2292454922
3017773835,334602996
3017773835,14856333
3017773835,17969699
3017773835,70985635
3017773835,56723973
3017773835,124690469
3017773835,47930935
3017773835,25059963
3017773835,21303235
3017773835,24399244
3017773835,244476866
3017773835,18758902
3017773835,114579672
3017773835,22321740
3017773835,104277809
3017773835,164263382
3017773835,364761686
3017773835,46003622
3017773835,515838635
3017773835,19923515
3017773835,20802277
3017773835,40297195
3017773835,148517828
3017773835,14436030
3017773835,51241574
3017773835,191750596
3017773835,22411875
3017773835,20319462
3017773835,7996082
3017773835,16569045
3017773835,19991434
3017773835,28828224
3017773835,22384691
3017773835,17918891
3017773835,9767422
3017773835,22230021
3017773835,18600155
3017773835,44654383
3017773835,19472578
3017773835,36699856
3017773835,21850078
3017773835,23947219
3017773835,23740339
3017773835,22184271
3017773835,30684725
3017773835,15633759
3017773835,16423109
3017773835,104205059
3017773835,15951863
3017773835,28116276
3017773835,20609141
3017773835,16348549
3017773835,21237045
3017773835,54377889
3017773835,15066760
3017773835,18847920
3017773835,105358412
3017773835,20431922
3017773835,167399649
3017773835,234520540
3017773835,296511906
3017773835,19292033
3017773835,23694165
3017773835,36184220
3017773835,117662694
3017773835,3554721
3017773835,17471979
3017773835,16029780
3017773835,17596622
3017773835,21424725
3017773835,20044737
3017773835,259348780
3017773835,13201312
3017773835,22900663
3017773835,17693232
3017773835,60633332
3017773835,24784028
3017773835,19713622
3017773835,14946308
3017773835,19184818
3017773835,146620155
3017773835,453893556
3017773835,14903044
3017773835,47622979
3017773835,783214
3017773835,10228272
3017773835,19649135
3017773835,103550181
3017773835,2246561438
3017773835,311032328
3017773835,1602172057
3017773835,2466339073
3017773835,3201270297
3017773835,2978891301
3017773835,2883236931
3017773835,398791609
3017773835,20891192
3017773835,266904916
3017773835,3130941303
3017773835,3130972403
3017773835,1205078628
3017773835,2866800046
3017773835,3050605589
3017773835,3207703143
3017773835,3175763342
3017773835,3172137590
3017773835,3175851127
3017773835,3175723502
3017773835,3152658041
3017773835,24150634
3017773835,206717989
3017773835,36329597
3017773835,157981564
3017773835,25390350
3017773835,102700680
3017773835,5120691
3017773835,169963553
3017773835,17137628
3017773835,25098482
3017773835,27830610
3017773835,27860681
3017773835,61731614
3017773835,15821039
3017773835,20596281
3017773835,11695472
3017773835,14361155
3017773835,2243997137
3017773835,230250992
3017773835,18671165
3017773835,18213483
3017773835,16153562
3017773835,14499829
3017773835,14700316
3017773835,20646711
3017773835,69231187
3017773835,14055301
3017773835,14159148
3017773835,33933259
3017773835,111949306
3017773835,14086764
3017773835,98165330
3017773835,19458129
3017773835,11859822
3017773835,2970792430
3017773835,101401845
3017773835,354489884
3017773835,17487884
3017773835,92088399
3017773835,25573099
3017773835,60751490
3017773835,107562560
3017773835,64788246
3017773835,339064364
3017773835,20549270
3017773835,27486706
3017773835,19964864
3017773835,316076492
3017773835,21527369
3017773835,59102196
3017773835,105898722
3017773835,161288528
3017773835,19612753
3017773835,153763519
3017773835,49195175
3017773835,15615035
3017773835,56093343
3017773835,48302014
3017773835,298360697
3017773835,14302335
3017773835,17637572
3017773835,17173144
3017773835,55859556
3017773835,17745219
3017773835,162089811
3017773835,17624959
3017773835,22176845
3017773835,377008435
3017773835,237241020
3017773835,266712846
3017773835,17087162
3017773835,21324165
3017773835,19814175
3017773835,21510894
3017773835,3310571
3017773835,17169390
3017773835,22941152
3017773835,17159484
3017773835,17063215
3017773835,257082921
3017773835,19356276
3017773835,552710238
3017773835,17155194
3017773835,19980148
3017773835,17087856
3017773835,17213053
3017773835,256577881
3017773835,71903005
3017773835,17062937
3017773835,17260980
3017773835,19504112
3017773835,89986710
3017773835,12497362
3017773835,17306424
3017773835,17087110
3017773835,17540625
3017773835,101664884
3017773835,222225064
3017773835,24914644
3017773835,17214382
3017773835,2374483448
3017773835,2943961358
3017773835,194802228
3017773835,3066945811
3017773835,3198364401
3017773835,60308451
3017773835,19784606
3017773835,218653131
3017773835,509459216
3017773835,2827362454
3017773835,3015232131
3017773835,1270365204
3017773835,21287076
3017773835,20740074
3017773835,23011527
3017773835,20781929
3017773835,19281286
3017773835,24590293
3017773835,140091998
3017773835,19024453
3017773835,2043041
3017773835,21204154
3017773835,20766350
3017773835,19391470
3017773835,133880286
3017773835,18625669
3017773835,1227920058
3017773835,166739404
3017773835,38977171
3017773835,1480251510
3017773835,18091904
3017773835,274119641
3017773835,21648020
3017773835,78150883
3017773835,20350081
3017773835,21112266
3017773835,15137836
3017773835,15677513
3017773835,14208199
3017773835,50300579
3017773835,505089852
3017773835,336116660
3017773835,14598850
3017773835,1362132925
3017773835,16951979
3017773835,492399548
3017773835,308226281
3017773835,355307031
3017773835,254830969
3017773835,103012173
3017773835,104288093
3017773835,104249727
3017773835,405123394
3017773835,101348410
3017773835,19247625
3017773835,112289040
3017773835,20351362
3017773835,20856282
3017773835,18944007
3017773835,19019970
3017773835,153694176
3017773835,17595890
3017773835,56783491
3017773835,34713362
3017773835,618336955
3017773835,79293791
3017773835,27260086
3017773835,23585685
3017773835,380399508
3017773835,18909186
3017773835,19331985
3017773835,23375688
3017773835,34076997
3017773835,7109022
3017773835,196795202
3017773835,50602093
3017773835,17980026
3017773835,14824849
3017773835,123754656
3017773835,14562960
3017773835,21111883
3017773835,17884125
3017773835,1690412382
3017773835,18949452
3017773835,146212505
3017773835,245823708
3017773835,21133007
3017773835,91478624
3017773835,4898091
3017773835,18863815
3017773835,457554412
3017773835,34352191
3017773835,19663485
3017773835,18948541
3017773835,87818409
3017773835,2097571
3017773835,82602399
3017773835,14511951
3017773835,5988062
3017773835,19709089
3017773835,85452649
3017773835,21492030
3017773835,283038024
3017773835,5402612
3017773835,3108351
3017773835,2826441116
3017773835,14293310
3017773835,17311493
3017773835,2467791
3017773835,759251
3017773835,34507480
3017773835,742143
3017773835,1615685677
3017773835,19686295
3017773835,124139163
3017773835,22904901
3017773835,34423857
3017773835,43565005
3017773835,94081671
3017773835,807095
3017773835,14995420
3017773835,16632149
3017773835,21309551
3017773835,21905142
3017773835,3373791
3017773835,16632219
3017773835,1881177722
3017773835,21783395
3017773835,19889294
3017773835,16631331
3017773835,14746456
3017773835,24696669
3017773835,14270254
3017773835,454843106
3017773835,20583613
3017773835,19271557
3017773835,21138477
3017773835,16451028
3017773835,16854780
3017773835,19405367
3017773835,121167080
3017773835,20843014
3017773835,22209176
3017773835,24742040
3017773835,24241544
3017773835,17624543
3017773835,22179835
3017773835,20015311
3017773835,18075140
3017773835,50393960
3017773835,382267114
3017773835,61559439
3017773835,2803191
3017773835,208214219
3017773835,15670515
3017773835,16206570
3017773835,74286565
3017773835,2395399387
3017773835,15749983
3017773835,267399199
3017773835,370870091
3017773835,150740603
3017773835,1533031687
3017773835,378197959
3017773835,3107698719
3017773835,345084900
3017773835,3051516230
3017773835,17850785
3017773835,1546230200
3017773835,185933542
3017773835,363680771
3017773835,85908999
3017773835,20448566
3017773835,18135386
3017773835,18679659
3017773835,395388847
3017773835,20809515
3017773835,19051022
3017773835,16171953
3017773835,20545055
3017773835,15005991
3017773835,19921389
3017773835,66834664
3017773835,328980753
3017773835,84279963
3017773835,19264748
3017773835,8662472
3017773835,19490380
3017773835,158314798
3017773835,181561712
3017773835,105119490
3017773835,209708391
3017773835,116485573
3017773835,2816952504
3017773835,1272580844
3017773835,2989144230
3017773835,264107729
3017773835,403245020
3017773835,403255314
3017773835,403246803
3017773835,2157064588
3017773835,2421989828
3017773835,475266956
3017773835,57022252
3017773835,21390437
3017773835,27195114
3017773835,25521487
3017773835,26257166
3017773835,21447363
3017773835,251716551
3017773835,26565946
3017773835,15485441
3017773835,25365536
3017773835,14758257
3017773835,382613598
3017773835,2557521
3017773835,23151437
3017773835,19186180
3017773835,19394887
3017773835,21389998
3017773835,428333
3017773835,15846407
3017773835,813286
3017773835,19564523
3017773835,181637383
3017773835,18221807
3017773835,26276346
3017773835,15392221
3017773835,2561091
3017773835,21390674
3017773835,70186440
3017773835,49781518
3017773835,414736352
3017773835,23263743
3017773835,19033555
3017773835,115485051
3017773835,8665572
3017773835,17919972
3017773835,15391813
3017773835,23421880
3017773835,155659213
3017773835,1558141890
3017773835,17163446
