3022068155,188736341
3022068155,4105139182
3022068155,825707342
3022068155,191583610
3022068155,137041926
3022068155,3306428037
3022068155,33622115
3022068155,42008209
3022068155,576242864
3022068155,2803595268
3022068155,19811190
3022068155,410070653
3022068155,10773
3022068155,9378802
3022068155,10257602
3022068155,13045342
3022068155,20925136
3022068155,40202517
3022068155,77528520
3022068155,126410054
3022068155,168668911
3022068155,222161899
3022068155,225443793
3022068155,235886373
3022068155,246941871
3022068155,279642533
3022068155,281093434
3022068155,342705072
3022068155,394659559
3022068155,466466267
3022068155,1141047558
3022068155,1856512344
3022068155,65933636
3022068155,19248800
3022068155,18803740
3022068155,18678493
3022068155,26017256
3022068155,22384691
3022068155,21138477
3022068155,14746456
3022068155,19883755
3022068155,123754656
3022068155,89986710
3022068155,126118232
3022068155,19075873
3022068155,13409752
3022068155,21424725
3022068155,19910996
3022068155,492288571
3022068155,19264748
3022068155,3373791
3022068155,1533588679
3022068155,1142859176
3022068155,26281917
3022068155,405123394
3022068155,1615685677
3022068155,484962664
3022068155,20843014
3022068155,2164968990
3022068155,22537325
3022068155,8724342
3022068155,21357208
3022068155,2388093285
3022068155,19650966
3022068155,15005991
3022068155,237742980
3022068155,242000903
3022068155,12553452
3022068155,317714224
3022068155,58951368
3022068155,1950188826
3022068155,20885390
3022068155,42137252
3022068155,124169976
3022068155,174318818
3022068155,14207824
3022068155,14903044
3022068155,19332953
3022068155,14333754
3022068155,18798877
3022068155,53668717
3022068155,17159484
3022068155,16569045
3022068155,19921389
3022068155,948552829
3022068155,948565483
3022068155,2043041
3022068155,18758902
3022068155,17169390
3022068155,94081671
3022068155,16451028
3022068155,242704372
3022068155,771383605
3022068155,83466368
3022068155,25098482
3022068155,17624543
3022068155,447080423
3022068155,23011527
3022068155,19472578
3022068155,20156774
3022068155,304909941
3022068155,742143
3022068155,2285659604
3022068155,25479894
3022068155,461647264
3022068155,64531101
3022068155,59918267
3022068155,2292454922
3022068155,1662057727
3022068155,23694165
3022068155,24241544
3022068155,16171953
3022068155,17063215
3022068155,21492030
3022068155,25059963
3022068155,21510894
3022068155,20319462
3022068155,17693232
3022068155,19292033
3022068155,55578503
3022068155,2217620251
3022068155,3310571
3022068155,2578434312
3022068155,2584286726
3022068155,846278574
3022068155,213713807
3022068155,2291631
3022068155,19247625
3022068155,22835502
3022068155,28988254
3022068155,225214022
3022068155,86439519
3022068155,21648020
3022068155,403291015
3022068155,547854121
3022068155,17844996
3022068155,2957724905
3022068155,54163330
3022068155,14944724
3022068155,539465072
3022068155,39483072
3022068155,14525982
3022068155,28565356
3022068155,196994616
3022068155,17675072
3022068155,169426475
3022068155,838753242
3022068155,21783395
3022068155,134812919
3022068155,52732962
3022068155,2561091
3022068155,17163446
3022068155,562675766
3022068155,806736306
3022068155,24637896
3022068155,631973249
3022068155,533082734
3022068155,124690469
3022068155,8665572
3022068155,14758257
3022068155,19391273
3022068155,39490506
3022068155,21100986
3022068155,104298598
3022068155,334602996
