30360274,2835594983
30360274,69032746
30360274,234467129
30360274,2519065502
30360274,2789655488
30360274,2862594749
30360274,1106482400
30360274,2757093256
30360274,37281164
30360274,98639150
30360274,384724514
30360274,77006492
30360274,419622371
30360274,555299478
30360274,3584633117
30360274,142282697
30360274,260928758
30360274,2617471956
30360274,192942213
30360274,2804154672
30360274,32359921
30360274,365946928
30360274,111659710
30360274,18424289
30360274,91478624
30360274,103065157
30360274,1536791610
30360274,2164968990
30360274,1692039991
30360274,26281917
30360274,18600155
30360274,17614849
30360274,419495021
30360274,45349095
30360274,348977450
30360274,50300579
30360274,25150711
30360274,94529866
30360274,462747348
30360274,17284228
30360274,234786485
30360274,250038860
30360274,158044902
30360274,242704372
30360274,1731731006
30360274,2969760609
30360274,38090709
30360274,2976771850
30360274,81119708
30360274,1339835893
30360274,49446130
30360274,235084558
30360274,2861232334
30360274,1963312058
30360274,1037152662
30360274,2867454101
30360274,19232649
30360274,2180126766
30360274,410070653
30360274,18238467
30360274,220958101
30360274,76914701
30360274,183213553
30360274,2786900559
30360274,2805926353
30360274,820190174
30360274,2650351980
30360274,2599249849
30360274,1545333888
30360274,370760631
30360274,2438273430
30360274,7197752
30360274,1586266080
30360274,232242473
30360274,2413938919
30360274,205750967
30360274,42183750
30360274,2220009464
30360274,18762875
30360274,460163041
30360274,1391776140
30360274,23746425
30360274,2803587655
30360274,575269517
30360274,115965532
30360274,67682243
30360274,1264575043
30360274,22284563
30360274,868637460
30360274,2242321034
30360274,1480749782
30360274,59772782
30360274,1468287842
30360274,1235219430
30360274,23424509
30360274,1994321
30360274,59486068
30360274,47636400
30360274,380648579
30360274,16887175
30360274,1615685677
30360274,19287037
30360274,242798113
30360274,15438913
30360274,1108577335
30360274,34423857
30360274,21001033
30360274,369068190
30360274,16343974
30360274,21100803
30360274,2097571
30360274,14138785
30360274,1690412382
30360274,990802033
30360274,454395581
30360274,2421073909
30360274,1311173616
30360274,19650966
30360274,108826934
30360274,555416759
30360274,12497362
30360274,1379662802
30360274,10228272
30360274,1011129121
30360274,153741027
30360274,28029492
30360274,36205090
30360274,886420428
30360274,19826509
30360274,70349639
30360274,948552829
30360274,324983207
30360274,361944198
30360274,1400804851
30360274,507688852
30360274,227818863
30360274,637087464
30360274,257666657
30360274,9207632
30360274,425167544
30360274,270293117
30360274,569921322
30360274,62499092
30360274,53887085
30360274,142981992
30360274,424898211
30360274,473036006
30360274,36683668
30360274,27860681
30360274,333964191
30360274,20596281
30360274,14810076
30360274,14331845
30360274,19592047
30360274,14353202
30360274,388876401
30360274,43507476
30360274,21332200
30360274,17133897
30360274,26792275
30360274,38630618
30360274,21114659
30360274,35810531
30360274,60783724
30360274,75797367
30360274,1147844713
30360274,430250670
30360274,400053935
30360274,206717989
30360274,49571224
30360274,848292949
30360274,570018183
30360274,994858092
30360274,1221643736
30360274,39056314
30360274,1259888714
30360274,29422232
30360274,161801527
30360274,1097836022
30360274,36918513
30360274,52009223
30360274,632743190
30360274,591776330
30360274,14691032
30360274,19106858
30360274,19666681
30360274,21713520
30360274,174357141
30360274,68641392
30360274,21440665
30360274,280552265
30360274,371154002
30360274,24881331
30360274,783214
30360274,19402238
30360274,33998183
30360274,21581503
30360274,15234407
30360274,39516018
30360274,257415817
30360274,233978509
30360274,1114731362
30360274,205253713
30360274,628559895
30360274,12133382
30360274,14341277
30360274,17101388
30360274,19875072
30360274,231392190
30360274,92739411
30360274,83167966
30360274,50344099
30360274,15012486
30360274,17776189
30360274,575160556
30360274,193301414
30360274,44890795
30360274,194048338
30360274,318332175
30360274,186052111
30360274,14437914
30360274,20543416
30360274,201201906
30360274,9300262
30360274,326732414
30360274,205315827
30360274,376716485
30360274,104205059
30360274,759251
30360274,15865878
30360274,35773039
30360274,22473844
30360274,109278136
30360274,16737050
30360274,20226248
30360274,14511951
30360274,281290006
30360274,7587032
30360274,20885390
30360274,788524
30360274,612473
30360274,51241574
30360274,22627258
30360274,17918545
30360274,18198832
30360274,16564324
30360274,114390197
30360274,49957834
30360274,19541556
30360274,11178902
30360274,6467332
30360274,621533
30360274,57044449
30360274,9624742
30360274,17292623
30360274,23361712
30360274,87818409
30360274,18549724
30360274,105168508
30360274,195663145
30360274,59394443
30360274,612001728
30360274,69329527
30360274,216314816
30360274,14630696
30360274,44411598
30360274,111554274
30360274,19964361
30360274,6310082
30360274,14704278
30360274,50591603
30360274,10138512
30360274,167116627
30360274,350958562
30360274,56392389
30360274,56405441
30360274,112474129
30360274,55355654
30360274,80802900
30360274,23116875
30360274,19976630
30360274,403761570
30360274,141137711
30360274,115102341
30360274,8884772
30360274,17220934
30360274,42626527
30360274,63136550
30360274,17980026
30360274,7911612
30360274,84344194
30360274,23748279
30360274,423010904
30360274,86129724
30360274,118680576
30360274,47983504
30360274,19822081
30360274,89784381
30360274,6897012
30360274,29707536
30360274,70429646
30360274,36329597
30360274,965741665
30360274,621874680
30360274,856010760
30360274,25067168
30360274,586606807
30360274,221675675
30360274,155507136
30360274,104298598
30360274,17380167
30360274,17061263
30360274,13623532
30360274,61097151
30360274,61536390
30360274,216094714
30360274,25115550
30360274,212172616
30360274,20582958
30360274,522135735
30360274,22362552
30360274,278030604
30360274,95631693
30360274,122994639
30360274,869894239
30360274,951333319
30360274,951326846
30360274,174794507
30360274,25157561
30360274,19692478
30360274,17369005
30360274,28579125
30360274,16812515
30360274,92969084
30360274,17423992
30360274,27681019
30360274,120181944
30360274,243236419
30360274,7348612
30360274,100189549
30360274,43092107
30360274,37998041
30360274,421121676
30360274,914281548
30360274,895621416
30360274,278427495
30360274,125985779
30360274,2467791
30360274,579815204
30360274,18949452
30360274,132577455
30360274,154174463
30360274,21223877
30360274,472079320
30360274,108631068
30360274,27054706
30360274,771383605
30360274,43317911
30360274,431733846
30360274,71843505
30360274,237742980
30360274,405123394
30360274,523471831
30360274,51681636
30360274,32429400
30360274,169426475
30360274,19864682
30360274,144830278
30360274,514854920
30360274,67442563
30360274,66705846
30360274,18382771
30360274,14481132
30360274,17477169
30360274,20511502
30360274,626411021
30360274,14116807
30360274,613378164
30360274,222468031
30360274,258790331
30360274,258269139
30360274,255542457
30360274,53879771
30360274,206208000
30360274,15071556
30360274,460966881
30360274,40573258
30360274,232855418
30360274,17087856
30360274,17092489
30360274,19064312
30360274,19658826
30360274,14647570
30360274,17089636
30360274,15862891
30360274,14330959
30360274,263160998
30360274,499811217
30360274,19600252
30360274,55578503
30360274,343447873
30360274,59736898
30360274,26757305
30360274,627740109
30360274,171969696
30360274,492288571
30360274,281525285
30360274,12529992
30360274,8774902
30360274,20864295
30360274,21155472
30360274,23366818
30360274,29582933
30360274,754108867
30360274,27338591
30360274,149949352
30360274,68455966
30360274,73371984
30360274,24819669
30360274,233292368
30360274,23727578
30360274,413304704
30360274,19627221
30360274,21739343
30360274,21335867
30360274,16459040
30360274,34603681
30360274,2043041
30360274,23529973
30360274,20843014
30360274,18021904
30360274,14582890
30360274,16688788
30360274,14866753
30360274,12528592
30360274,17306424
30360274,25999072
30360274,18749121
30360274,28773971
30360274,15935242
30360274,755040
30360274,17087162
30360274,19301487
30360274,19136302
30360274,22640024
30360274,26607731
30360274,12553452
30360274,19310887
30360274,32367818
30360274,13409752
30360274,14228369
30360274,18962507
30360274,22361996
30360274,17155194
30360274,40021419
30360274,18116357
30360274,19130138
30360274,20450232
30360274,19425634
30360274,20954762
30360274,16466027
30360274,33888921
30360274,92326135
30360274,19910996
30360274,27012567
30360274,23959135
30360274,20844171
30360274,20752411
30360274,14293310
30360274,11013952
30360274,1367531
30360274,2768501
30360274,14099719
30360274,8170292
30360274,4970411
30360274,27480379
30360274,30313925
30360274,17063215
30360274,69181624
30360274,3310571
30360274,155520880
30360274,499303858
30360274,26998889
30360274,26916939
30360274,17169390
30360274,28785486
30360274,24311786
30360274,57986415
30360274,65369125
30360274,17715048
30360274,7684882
30360274,6614102
30360274,1652541
30360274,50131114
30360274,42137252
30360274,19019970
30360274,214125777
30360274,17159484
30360274,21817509
30360274,19965362
30360274,330860720
30360274,255505618
30360274,17780822
30360274,20503242
30360274,28565356
30360274,24744541
30360274,272401679
30360274,177870676
30360274,211194716
30360274,145956794
30360274,116729780
30360274,3416421
30360274,64364175
30360274,22759754
30360274,19763668
30360274,21111483
30360274,20380673
30360274,20058825
30360274,19815027
30360274,20766350
30360274,37645197
30360274,14224719
30360274,121231924
30360274,16171953
30360274,87460291
30360274,42380944
30360274,2561091
30360274,19713622
30360274,7996082
30360274,27935844
30360274,43435899
30360274,742143
30360274,4898091
30360274,19923515
30360274,14604970
30360274,29214466
30360274,14281853
30360274,23694165
30360274,22537325
30360274,22941152
30360274,21424725
30360274,21138477
30360274,19314186
30360274,21324165
30360274,21492030
30360274,807095
30360274,19587963
30360274,8665852
30360274,19334929
30360274,15005991
30360274,19292033
30360274,19024453
30360274,18758902
30360274,16632149
30360274,84126402
30360274,19529590
30360274,54015652
30360274,29267341
30360274,2884771
30360274,18904973
30360274,20506901
30360274,181888506
30360274,311964822
30360274,218653131
30360274,166583088
30360274,636367254
30360274,20560841
30360274,22425307
30360274,19686295
30360274,21357208
30360274,91623867
30360274,5988062
30360274,98435229
30360274,25098482
30360274,239767060
30360274,4808861
30360274,62442994
30360274,220624198
30360274,16569045
30360274,182721799
30360274,15030767
30360274,82381798
30360274,14676620
30360274,19356276
30360274,19883755
30360274,7109022
30360274,19264748
30360274,21905142
30360274,20809515
30360274,34076997
30360274,19337148
30360274,21510894
30360274,20583613
30360274,23640660
30360274,22384691
30360274,19398282
30360274,14993191
30360274,20051350
30360274,68961917
30360274,88708920
30360274,17396836
30360274,14208199
30360274,10464872
30360274,111416652
30360274,125403342
30360274,40872043
30360274,34578176
30360274,80024060
30360274,19224439
30360274,47999622
30360274,250157926
30360274,119434647
30360274,54493347
30360274,34713362
30360274,59407061
30360274,317650146
30360274,56352258
30360274,3108351
30360274,18764854
30360274,31237480
30360274,17311493
30360274,70235774
30360274,14746456
30360274,21707498
30360274,172442746
30360274,22904901
30360274,42590805
30360274,114382257
30360274,404836757
30360274,14074515
30360274,28657802
30360274,14159148
30360274,16145473
30360274,17463923
30360274,17862883
30360274,14700117
30360274,114704955
30360274,14569869
30360274,20402945
30360274,20609518
30360274,24899436
30360274,58196347
30360274,22428439
30360274,46671396
30360274,140461867
30360274,21179585
30360274,112694236
30360274,104849271
30360274,74453123
30360274,17211968
30360274,17875811
30360274,14173315
30360274,90014101
30360274,85136881
30360274,16345369
30360274,14677919
30360274,17006157
30360274,6017542
30360274,38171370
30360274,469977506
30360274,211117755
30360274,255240646
30360274,388555493
30360274,15762708
30360274,27000767
30360274,174361486
30360274,25390350
30360274,18020811
30360274,8161232
30360274,50393960
30360274,17899109
30360274,225065715
30360274,212381958
30360274,83611277
30360274,178295677
30360274,20712514
30360274,16664803
30360274,19391470
30360274,18814998
30360274,234035533
30360274,23341062
30360274,196994616
30360274,259323371
30360274,125071209
30360274,29701712
30360274,52000483
30360274,106110469
30360274,377976301
30360274,73112681
30360274,19689047
30360274,42586014
30360274,19003991
30360274,36025743
30360274,38823427
30360274,19590009
30360274,45542386
30360274,31714599
30360274,312677640
30360274,469280888
30360274,217616314
30360274,159950527
30360274,123109597
30360274,481964948
30360274,5680622
30360274,34982466
30360274,88275967
30360274,14808226
30360274,21101201
30360274,20155682
30360274,22505142
30360274,188736341
30360274,17675072
30360274,65322179
30360274,21860687
30360274,20840441
30360274,81838067
30360274,53347647
30360274,199196447
30360274,157981564
30360274,109241118
30360274,206205469
30360274,198538431
30360274,105840904
30360274,50995683
30360274,180394103
30360274,392741474
30360274,529247064
30360274,268357486
30360274,177179008
30360274,80803819
30360274,104782747
30360274,28114871
30360274,93687642
30360274,18022037
30360274,22481098
30360274,229130969
30360274,304909941
30360274,83466368
30360274,198618575
30360274,468554685
30360274,48390963
30360274,358134245
30360274,376819013
30360274,300868924
30360274,17487476
30360274,17693232
30360274,24241544
30360274,150677740
30360274,22905057
30360274,278488385
30360274,20062102
30360274,23263743
30360274,9317652
30360274,29913589
30360274,21207962
30360274,50273744
30360274,25086986
30360274,19026567
30360274,17084160
30360274,18025537
30360274,6107422
30360274,1877831
30360274,87416722
30360274,31105169
30360274,17990493
30360274,16973333
30360274,16631331
30360274,25535042
30360274,23585685
30360274,16631801
30360274,17884125
30360274,16632219
30360274,43913865
30360274,121176422
30360274,20781929
30360274,21783395
30360274,15391813
30360274,17163446
30360274,8665572
30360274,277495114
30360274,26276346
30360274,19706280
30360274,16631693
30360274,124139163
30360274,19889294
30360274,15392221
30360274,94081671
30360274,259348780
30360274,123754656
30360274,19921389
30360274,19649877
30360274,19405367
30360274,16451028
30360274,3373791
30360274,25657017
30360274,17989888
30360274,19674652
30360274,19973332
30360274,18135386
30360274,17663550
30360274,19243648
30360274,21195865
30360274,813286
