3041231561,86917075
3041231561,160475676
3041231561,2796058913
3041231561,83388190
3041231561,2834264529
3041231561,216637862
3041231561,257859379
3041231561,415909637
3041231561,2802224980
3041231561,4805095372
3041231561,2696910775
3041231561,2921197888
3041231561,589552969
3041231561,475511859
3041231561,468271291
3041231561,33131869
3041231561,414368358
3041231561,262644933
3041231561,547180365
3041231561,2865462459
3041231561,227142836
3041231561,555993471
3041231561,3513575536
3041231561,2736097385
3041231561,1002677803
3041231561,103841173
3041231561,11611502
3041231561,1040021880
3041231561,228644029
3041231561,1157421739
3041231561,3407927069
3041231561,873897775
3041231561,558864442
3041231561,4304389035
3041231561,124125707
3041231561,265926349
3041231561,1428549980
3041231561,3234036770
3041231561,273828627
3041231561,74422070
3041231561,4621220680
3041231561,805752104
3041231561,11904592
3041231561,469258407
3041231561,250267265
3041231561,580753645
3041231561,17563196
3041231561,3391742675
3041231561,80245971
3041231561,2743200613
3041231561,3066335823
3041231561,631083522
3041231561,28775188
3041231561,307799483
3041231561,1381600855
3041231561,562710749
3041231561,303699204
3041231561,568586005
3041231561,151868115
3041231561,327816479
3041231561,264752608
3041231561,515817236
3041231561,629196194
3041231561,547773752
3041231561,2552108941
3041231561,531773791
3041231561,389543097
3041231561,159484859
3041231561,108923556
3041231561,3956975577
3041231561,2214670278
3041231561,576043836
3041231561,364826168
3041231561,161745309
3041231561,622058685
3041231561,3321713200
3041231561,298647267
3041231561,145549038
3041231561,1444934197
3041231561,4461867389
3041231561,198126502
3041231561,269891801
3041231561,192142654
3041231561,1485614120
3041231561,803240870
3041231561,3395256154
3041231561,3883876947
3041231561,870268532
3041231561,3436872664
3041231561,2637294181
3041231561,1267673982
3041231561,594063927
3041231561,3133324678
3041231561,3260431755
3041231561,171922374
3041231561,110423988
3041231561,275444451
3041231561,3553917797
3041231561,1350246788
3041231561,845970829
3041231561,82908840
3041231561,143073167
3041231561,22081347
3041231561,33522265
3041231561,208470789
3041231561,61312554
3041231561,2767444045
3041231561,1319390838
3041231561,1553849479
3041231561,28544069
3041231561,210462636
3041231561,984434180
3041231561,1372230546
3041231561,719768658
3041231561,994821055
3041231561,3008747025
3041231561,3034667127
3041231561,433573199
3041231561,32350515
3041231561,308423449
3041231561,255069488
3041231561,274442888
3041231561,292899917
3041231561,355805641
3041231561,842293998
3041231561,1924677866
3041231561,1200766632
3041231561,278079848
3041231561,3144712445
3041231561,524349943
3041231561,263806815
3041231561,107782392
3041231561,538064066
3041231561,241604589
3041231561,1528731276
3041231561,69700251
3041231561,329637389
3041231561,264963799
3041231561,1530596670
3041231561,127487853
3041231561,254706401
3041231561,398112138
3041231561,832636358
3041231561,392676960
3041231561,1099166270
3041231561,250569815
3041231561,1404230509
3041231561,560510629
3041231561,325465628
3041231561,215669436
3041231561,12921412
3041231561,213845719
3041231561,2496104803
3041231561,240251281
3041231561,894016711
3041231561,2762680149
3041231561,2539640223
3041231561,311402224
3041231561,305019111
3041231561,3598828947
3041231561,2937426875
3041231561,3381946815
3041231561,132523335
3041231561,365339642
3041231561,200466331
3041231561,19163995
3041231561,210540557
3041231561,17776811
3041231561,381155035
3041231561,163125655
3041231561,80694078
3041231561,122312865
3041231561,3192118307
3041231561,456271899
3041231561,153368604
3041231561,303769199
3041231561,3434460311
3041231561,297899244
3041231561,298616244
3041231561,1215817224
3041231561,197926298
3041231561,275983530
3041231561,3510626297
3041231561,2811839689
3041231561,3321457209
3041231561,3575132194
3041231561,165358929
3041231561,3336623393
3041231561,2916305152
3041231561,10301952
3041231561,290786602
3041231561,128332174
3041231561,58275638
3041231561,2160055297
3041231561,297876689
3041231561,608530971
3041231561,1147738609
3041231561,29956186
3041231561,307780834
3041231561,814873646
3041231561,54235496
3041231561,415766125
3041231561,628387505
3041231561,14557851
3041231561,501663220
3041231561,518380666
3041231561,3321428189
3041231561,229146802
3041231561,81067779
3041231561,39350230
3041231561,367355387
3041231561,3305448465
3041231561,252313078
3041231561,2948800881
3041231561,148516856
3041231561,904770006
3041231561,3707882691
3041231561,124167190
3041231561,969735883
3041231561,545409469
3041231561,361808735
3041231561,330361969
3041231561,198132103
3041231561,2587850581
3041231561,143367371
3041231561,172871793
3041231561,2455508138
3041231561,1291057117
3041231561,1627690544
3041231561,544354021
3041231561,2829136245
3041231561,3374563353
3041231561,247226275
3041231561,157659147
3041231561,121859642
3041231561,383390058
3041231561,16095251
3041231561,2231601391
3041231561,481271542
3041231561,1320588091
3041231561,822081248
3041231561,98931153
3041231561,895197390
3041231561,288290562
3041231561,165371594
3041231561,2188904977
3041231561,288453671
3041231561,121771208
3041231561,195011884
3041231561,104591148
3041231561,449127319
3041231561,16170562
3041231561,3131009573
3041231561,254567503
3041231561,845742942
3041231561,176155495
3041231561,2758265052
3041231561,1595952834
3041231561,1593721357
3041231561,106494679
3041231561,308223069
3041231561,112842798
3041231561,197790719
3041231561,387367220
3041231561,195690146
3041231561,302601229
3041231561,3395436645
3041231561,3383462535
3041231561,83596826
3041231561,21405042
3041231561,2914391590
3041231561,477214321
3041231561,2280541573
3041231561,246751531
3041231561,36049321
3041231561,15378937
3041231561,255251793
3041231561,2734847182
3041231561,377032968
3041231561,170823306
3041231561,906324236
3041231561,191742210
3041231561,272074651
3041231561,499089088
3041231561,3191084326
3041231561,2248574490
3041231561,3228884464
3041231561,230111302
3041231561,312297259
3041231561,265563582
3041231561,125445901
3041231561,91573433
3041231561,274967686
3041231561,854552658
3041231561,179955791
3041231561,197863865
3041231561,91544023
3041231561,233703586
3041231561,297907573
3041231561,1154075376
3041231561,255627690
3041231561,1153810166
3041231561,53033513
3041231561,113093689
3041231561,599136553
3041231561,460065842
3041231561,101578140
3041231561,252062942
3041231561,3303780633
3041231561,546324441
3041231561,397933814
3041231561,16362841
3041231561,166975196
3041231561,232505072
3041231561,64360515
3041231561,185182310
3041231561,185797884
3041231561,1307963730
3041231561,241200660
3041231561,360887604
3041231561,253612965
3041231561,14349708
3041231561,306240134
3041231561,2412940651
3041231561,270325529
3041231561,315309426
3041231561,317634666
3041231561,3384983247
3041231561,84566744
3041231561,1131129944
3041231561,385841628
3041231561,582710688
3041231561,28346111
3041231561,46065971
3041231561,1373073180
3041231561,1482083970
3041231561,247681430
3041231561,2799624571
3041231561,192856897
3041231561,223637481
3041231561,1170514248
3041231561,208080577
3041231561,210414600
3041231561,223406037
3041231561,453252869
3041231561,2151474824
3041231561,241308233
3041231561,3373425166
3041231561,237195855
3041231561,1393061659
3041231561,544510976
3041231561,306275224
3041231561,309150363
3041231561,6717232
3041231561,633700302
3041231561,13790122
3041231561,584208042
3041231561,294037098
3041231561,193083688
3041231561,886632734
3041231561,294780067
3041231561,227487898
3041231561,299062519
3041231561,11946772
3041231561,2173280739
3041231561,280429962
3041231561,943483878
3041231561,787292598
3041231561,16503006
3041231561,265428590
3041231561,567103789
3041231561,151668995
3041231561,301922810
3041231561,1020659276
3041231561,329105528
3041231561,376243089
3041231561,13155312
3041231561,1655589644
3041231561,1326564696
3041231561,247881139
3041231561,779897960
3041231561,19680237
3041231561,636832015
3041231561,2808139210
3041231561,476121786
3041231561,456939586
3041231561,821696756
3041231561,245818093
3041231561,227850569
3041231561,254972885
3041231561,349856128
3041231561,831349260
3041231561,115646362
3041231561,40445161
3041231561,309572236
3041231561,300751495
3041231561,369974249
3041231561,3370563911
3041231561,194247899
3041231561,167456248
3041231561,14765560
3041231561,15254216
3041231561,1196681280
3041231561,252547464
3041231561,1005122616
3041231561,253927746
3041231561,225029227
3041231561,3360624845
3041231561,97924644
3041231561,301888345
3041231561,1670281560
3041231561,2872260556
3041231561,3314845240
3041231561,201310672
3041231561,32529743
3041231561,213369916
3041231561,238108108
3041231561,398197885
3041231561,340290534
3041231561,1517482524
3041231561,440223606
3041231561,2330387118
3041231561,564437249
3041231561,1711394671
3041231561,476787039
3041231561,3063854375
3041231561,862785374
3041231561,73234996
3041231561,107116240
3041231561,397972887
3041231561,373817072
3041231561,327856420
3041231561,206865251
3041231561,255930217
3041231561,70643141
3041231561,327851885
3041231561,233655060
3041231561,241219547
3041231561,2592803186
3041231561,46361129
3041231561,14479046
3041231561,160916275
3041231561,215429773
3041231561,280397697
3041231561,315309005
3041231561,613591333
3041231561,2561820545
3041231561,2363260977
3041231561,3089819363
3041231561,53339554
3041231561,478529834
3041231561,637183981
3041231561,18014884
3041231561,34867057
3041231561,38395124
3041231561,36383320
3041231561,948552829
3041231561,14140057
3041231561,68440549
3041231561,245320407
3041231561,22628924
3041231561,37631819
3041231561,491722490
3041231561,10773
3041231561,309022429
3041231561,505889495
3041231561,3342501004
3041231561,596909268
3041231561,2904896141
3041231561,281618551
3041231561,112451668
3041231561,306079856
3041231561,256622474
3041231561,538921885
3041231561,2867774836
3041231561,707123100
3041231561,3294186946
3041231561,87256160
3041231561,59775384
3041231561,249294214
3041231561,2849058707
3041231561,142632892
3041231561,2348840054
3041231561,1563719389
3041231561,409169996
3041231561,2176118916
3041231561,222166021
3041231561,712933789
3041231561,407253722
3041231561,21660008
3041231561,1548418610
3041231561,163232459
3041231561,371405048
3041231561,245125169
3041231561,197721937
3041231561,18974277
3041231561,712902823
3041231561,3058644581
3041231561,318065268
3041231561,1597701205
3041231561,480394476
3041231561,889476536
3041231561,226915422
3041231561,1307838374
3041231561,3066037757
3041231561,2884965952
3041231561,343507680
3041231561,41795707
3041231561,321921961
3041231561,74264206
3041231561,610038762
3041231561,14943276
3041231561,2541923751
3041231561,1225902278
3041231561,16444025
3041231561,1074667320
3041231561,1568371884
3041231561,273136615
3041231561,3082489126
3041231561,424564416
3041231561,360562308
3041231561,1326324338
3041231561,845723778
3041231561,191386096
3041231561,17722198
3041231561,274058005
3041231561,14970635
3041231561,86975670
3041231561,1868590710
3041231561,3170575805
3041231561,2957364250
3041231561,1112367630
3041231561,3147449442
3041231561,14658542
3041231561,346036666
3041231561,180114416
3041231561,117563598
3041231561,2534351228
3041231561,1868190932
3041231561,734323879
3041231561,137472749
3041231561,2358627112
3041231561,2959929239
3041231561,325237370
3041231561,923751175
3041231561,197567986
3041231561,3184002267
3041231561,318359632
3041231561,295685269
3041231561,3182305947
3041231561,186396482
3041231561,3004299994
3041231561,394266186
3041231561,157809480
3041231561,1068498175
3041231561,714641780
3041231561,2766277149
3041231561,1442325253
3041231561,382926113
3041231561,252652420
3041231561,2173883809
3041231561,2829254171
3041231561,3122417861
3041231561,197041482
3041231561,122108335
3041231561,12975572
3041231561,414179398
3041231561,418555219
3041231561,474143511
3041231561,323115279
3041231561,3105280539
3041231561,3170263235
3041231561,166528003
3041231561,270885576
3041231561,926318802
3041231561,2319278436
3041231561,1326908287
3041231561,157993156
3041231561,1944389924
3041231561,1702788475
3041231561,308546718
3041231561,449419793
3041231561,1884163777
3041231561,555846535
3041231561,95883499
3041231561,52023212
3041231561,526560786
3041231561,14390742
3041231561,151043520
3041231561,132389495
3041231561,828025886
3041231561,1574757734
3041231561,3111938452
3041231561,3094026494
3041231561,251511441
3041231561,1308175370
3041231561,2299350944
3041231561,108330575
3041231561,232159624
3041231561,105578814
3041231561,101744237
3041231561,539004555
3041231561,178117805
3041231561,16448117
3041231561,523756244
3041231561,3088223159
3041231561,2421010076
3041231561,21393648
3041231561,160936287
3041231561,536139583
3041231561,404169021
3041231561,2559619688
3041231561,265255341
3041231561,75374202
3041231561,631727276
3041231561,225821916
3041231561,620955548
3041231561,2714524024
3041231561,3151365151
3041231561,2325775208
3041231561,1158542779
3041231561,221069590
3041231561,2159431275
3041231561,2885741572
3041231561,390417299
3041231561,390708129
3041231561,2972687337
3041231561,2348837142
3041231561,3092930392
3041231561,270292346
3041231561,376820832
3041231561,481868607
3041231561,258556280
3041231561,269496258
3041231561,1366515667
3041231561,198268897
3041231561,2427544598
3041231561,1908700746
3041231561,370614772
3041231561,2558966161
3041231561,179106161
3041231561,3108204094
3041231561,2308746312
3041231561,633601416
3041231561,279751260
3041231561,3121292770
3041231561,1021916731
3041231561,233649833
3041231561,2182942872
3041231561,225521852
3041231561,496232710
3041231561,725781001
3041231561,269822350
3041231561,567578571
3041231561,482827813
3041231561,2983277715
3041231561,147687643
3041231561,11599142
3041231561,628265823
3041231561,3011065413
3041231561,247888588
3041231561,205614861
3041231561,352424255
3041231561,14703532
3041231561,166309391
3041231561,121399124
3041231561,882455971
3041231561,553763657
3041231561,295659555
3041231561,245941316
3041231561,219234887
3041231561,233252706
3041231561,190837481
3041231561,130868184
3041231561,113613920
3041231561,262248809
3041231561,3015723177
3041231561,3029849635
3041231561,3028102366
3041231561,2991367405
3041231561,198975484
3041231561,1270557139
3041231561,595383038
3041231561,329927887
3041231561,879651134
3041231561,68412310
3041231561,82714804
3041231561,1178395218
3041231561,254055109
3041231561,2205687350
3041231561,618273434
3041231561,945474787
3041231561,217182528
3041231561,554578043
3041231561,198429443
3041231561,2335453211
3041231561,127843984
3041231561,277491979
3041231561,254142672
3041231561,339122051
3041231561,137299298
3041231561,1158074756
3041231561,601852634
3041231561,491537173
3041231561,155544328
3041231561,415509846
3041231561,393528706
3041231561,2575189923
3041231561,123505854
3041231561,635604999
3041231561,40139016
3041231561,179670866
3041231561,98765275
3041231561,1126867837
3041231561,180821354
3041231561,27760317
3041231561,234053160
3041231561,217518231
3041231561,18307793
3041231561,314792669
3041231561,41305464
3041231561,298043472
3041231561,1029119875
3041231561,551834721
3041231561,271017344
3041231561,18118659
3041231561,625788583
3041231561,22678194
3041231561,577106927
3041231561,247257494
3041231561,234088625
3041231561,123842746
3041231561,55396496
3041231561,718755538
3041231561,1965660362
3041231561,929553332
3041231561,149278362
3041231561,2482669500
3041231561,2843939313
3041231561,302295464
3041231561,322761599
3041231561,248781738
3041231561,455714638
3041231561,2886771544
3041231561,783405493
3041231561,749858970
3041231561,180585563
3041231561,715832241
3041231561,592912272
3041231561,2283421083
3041231561,257586817
3041231561,107196523
3041231561,251584941
3041231561,14773568
3041231561,137764376
3041231561,340231799
3041231561,333294174
3041231561,15056194
3041231561,121498203
3041231561,346596907
3041231561,825832368
3041231561,772357639
3041231561,1107183348
3041231561,163834964
3041231561,208996267
3041231561,181587157
3041231561,226134018
3041231561,144916208
3041231561,300795441
3041231561,276197422
3041231561,245084991
3041231561,329028389
3041231561,210958885
3041231561,931893816
3041231561,86604697
3041231561,222799060
3041231561,251724002
3041231561,884498365
3041231561,1643545729
3041231561,571825745
3041231561,2641248796
3041231561,220738976
3041231561,1017869467
3041231561,292432249
3041231561,2944260837
3041231561,2964865421
3041231561,300558082
3041231561,631963109
3041231561,399767304
3041231561,449105354
3041231561,1470379021
3041231561,559536470
3041231561,118658200
3041231561,151085945
3041231561,252710916
3041231561,312019670
3041231561,2353604232
3041231561,1917921242
3041231561,575025787
3041231561,53082390
3041231561,1276139618
3041231561,230399201
3041231561,2959388927
3041231561,131887659
3041231561,594062638
3041231561,112714082
3041231561,271623338
3041231561,254230849
3041231561,301659160
3041231561,546174296
3041231561,885209132
3041231561,329795253
3041231561,316743831
3041231561,233940216
3041231561,365651103
3041231561,382567368
3041231561,14848306
3041231561,1131296461
3041231561,102728977
3041231561,301682093
3041231561,1307701160
3041231561,2256848100
3041231561,2292571404
3041231561,363858617
3041231561,1242076525
3041231561,118034723
3041231561,388224730
3041231561,247511774
3041231561,71842689
3041231561,383827058
3041231561,1479041924
3041231561,539065569
3041231561,449645005
3041231561,230990403
3041231561,263555510
3041231561,448308039
3041231561,223212833
3041231561,1880765413
3041231561,97129639
3041231561,708573582
3041231561,2484626804
3041231561,3006509793
3041231561,914474358
3041231561,26974891
3041231561,113653992
3041231561,309616614
3041231561,230014961
3041231561,218163129
3041231561,222259975
3041231561,345911713
3041231561,205389591
3041231561,247705940
3041231561,143764294
3041231561,118812986
3041231561,190608713
3041231561,68385771
3041231561,215264738
3041231561,26208520
3041231561,49684592
3041231561,117876977
3041231561,236538366
3041231561,15006636
3041231561,283945396
3041231561,271436575
3041231561,284053968
3041231561,270880229
3041231561,294614436
3041231561,313799086
3041231561,272043197
3041231561,17199998
3041231561,110645702
3041231561,60871301
3041231561,538131567
3041231561,582653208
3041231561,424946429
3041231561,486901438
3041231561,113171531
3041231561,238712565
3041231561,538934119
3041231561,1344346315
3041231561,1527249624
3041231561,121454115
3041231561,2465894352
3041231561,14651084
3041231561,53424502
3041231561,204834557
3041231561,220397129
3041231561,252765640
3041231561,2860894000
3041231561,2919435483
3041231561,624010153
3041231561,2873870154
3041231561,1347062083
3041231561,615929945
3041231561,2571178472
3041231561,430142420
3041231561,2848882517
3041231561,1225821158
3041231561,2811477893
3041231561,1252764865
3041231561,140196438
3041231561,115476363
3041231561,488482246
3041231561,165959462
3041231561,133869787
3041231561,330544364
3041231561,14088938
3041231561,2890898596
3041231561,300894040
3041231561,260451268
3041231561,214940213
3041231561,108459787
3041231561,244062120
3041231561,169606752
3041231561,2279303587
3041231561,627542686
3041231561,90985843
3041231561,267043024
3041231561,199235993
3041231561,704664604
3041231561,13553912
3041231561,2787600064
3041231561,2924420971
3041231561,12915812
3041231561,835487587
3041231561,133642958
3041231561,280960719
3041231561,591536279
3041231561,239305820
3041231561,2385535999
3041231561,1013998189
3041231561,131434797
3041231561,219809662
3041231561,199880678
3041231561,2886783208
3041231561,2240711215
3041231561,2825163326
3041231561,1154008670
3041231561,300984512
3041231561,14048756
3041231561,2906731917
3041231561,2898865108
3041231561,80949775
3041231561,117115868
3041231561,59762703
3041231561,2253687908
3041231561,592098584
3041231561,217893352
3041231561,1659089706
3041231561,2963854102
3041231561,2595117013
3041231561,553800537
3041231561,2891790849
3041231561,2984448922
3041231561,3030413963
3041231561,1259510743
3041231561,2777743726
3041231561,2949536632
3041231561,3012136695
3041231561,1287131167
3041231561,2247365556
3041231561,2706436583
3041231561,2801691130
3041231561,2706268874
3041231561,1311005030
3041231561,253050797
3041231561,125459780
3041231561,1048658598
3041231561,187866323
3041231561,341996522
3041231561,233148850
3041231561,15761000
3041231561,453770784
3041231561,2312664650
3041231561,2782120142
3041231561,2755430545
3041231561,46086728
3041231561,2813546938
3041231561,1728451099
3041231561,2987971145
3041231561,2598371530
3041231561,706224563
3041231561,623517406
3041231561,569205137
3041231561,16655296
3041231561,927879386
3041231561,482389606
3041231561,784574954
3041231561,108670198
3041231561,1471778347
3041231561,221170045
3041231561,998323814
3041231561,325513789
3041231561,848050412
3041231561,2449347374
3041231561,527253368
3041231561,509055034
3041231561,430849958
3041231561,1471938541
3041231561,1513026276
3041231561,1488610591
3041231561,216061902
3041231561,533387106
3041231561,282521345
3041231561,633251264
3041231561,16496272
3041231561,878663407
3041231561,17235541
3041231561,1098455892
3041231561,491542846
3041231561,2919587314
3041231561,2924796099
3041231561,544400986
3041231561,900223045
3041231561,418624235
3041231561,241849611
3041231561,2530844533
3041231561,120083112
3041231561,140535491
3041231561,96344999
3041231561,47303679
3041231561,247239647
3041231561,12826622
3041231561,906025495
3041231561,12000212
3041231561,888435758
3041231561,2308360280
3041231561,970666500
3041231561,337201466
3041231561,1383913902
3041231561,322644676
3041231561,238150230
3041231561,220711833
3041231561,2569525124
3041231561,344655830
3041231561,1053365665
3041231561,196302056
3041231561,618030201
3041231561,250772009
3041231561,220981667
3041231561,78630656
3041231561,583713315
3041231561,722848350
3041231561,36701404
3041231561,428923166
3041231561,197852009
3041231561,277990632
3041231561,487987677
3041231561,267966400
3041231561,15045963
3041231561,955249152
3041231561,397932698
3041231561,2227371295
3041231561,1040230273
3041231561,372785576
3041231561,148839445
3041231561,338909600
3041231561,2317648140
3041231561,2344794517
3041231561,421212720
3041231561,1705360764
3041231561,91568783
3041231561,72273394
3041231561,204733915
3041231561,235205124
3041231561,502282610
3041231561,59577219
3041231561,299300002
3041231561,419731813
3041231561,96639908
3041231561,436149954
3041231561,362954905
3041231561,3044812319
3041231561,621020880
3041231561,542467907
3041231561,246856633
3041231561,60611916
3041231561,559512717
3041231561,854525137
3041231561,2897298443
3041231561,67677854
3041231561,984737136
3041231561,2760370730
3041231561,220378649
3041231561,367033587
3041231561,198472806
3041231561,198178583
3041231561,2875762816
3041231561,916465153
3041231561,233306985
3041231561,216036759
3041231561,19002571
3041231561,253784228
3041231561,544319087
3041231561,91337201
3041231561,1528947522
3041231561,176403231
3041231561,90584973
3041231561,115724669
3041231561,56341472
3041231561,420977993
3041231561,169538164
3041231561,605751716
3041231561,116282586
3041231561,100082171
3041231561,127498428
3041231561,3026197961
3041231561,2978274629
3041231561,371923461
3041231561,1322132432
3041231561,113410298
3041231561,1957436785
3041231561,266793262
3041231561,851539956
3041231561,204004194
3041231561,605752037
3041231561,151388377
3041231561,256479795
3041231561,211095841
3041231561,184019347
3041231561,252010366
3041231561,527909657
3041231561,1027017140
3041231561,859558740
3041231561,84644954
3041231561,2794107508
3041231561,30638897
3041231561,214112280
3041231561,463260500
3041231561,12824222
3041231561,246825025
3041231561,15354231
3041231561,14335904
3041231561,363696047
3041231561,14336062
3041231561,14274516
3041231561,2347190174
3041231561,112987883
3041231561,189971995
3041231561,275460372
3041231561,29953076
3041231561,190558045
3041231561,174295598
3041231561,325025786
3041231561,2380755711
3041231561,198524760
3041231561,168195769
3041231561,99792462
3041231561,105451020
3041231561,13426312
3041231561,74992460
3041231561,153170209
3041231561,35726000
3041231561,3031094145
3041231561,279286152
3041231561,325675360
3041231561,70102248
3041231561,213229697
3041231561,327358881
3041231561,2447552066
3041231561,1919790469
3041231561,2476080582
3041231561,614197212
3041231561,540859970
3041231561,366563668
3041231561,229416225
3041231561,297102887
3041231561,100819476
3041231561,2319472380
3041231561,2777680919
3041231561,50470716
3041231561,62276127
3041231561,255092527
3041231561,121553637
3041231561,249364151
3041231561,347860611
3041231561,523205139
3041231561,415702173
3041231561,84053338
3041231561,31416615
3041231561,91796121
3041231561,301306806
3041231561,2240825840
3041231561,249337145
3041231561,301024118
3041231561,291256465
3041231561,109628173
3041231561,266543752
3041231561,339599672
3041231561,215260800
3041231561,373260857
3041231561,280484896
3041231561,155010520
3041231561,363087477
3041231561,521095224
3041231561,574441239
3041231561,256362261
3041231561,522166295
3041231561,105438860
3041231561,256025198
3041231561,613502009
3041231561,601887686
3041231561,493594003
3041231561,122375549
3041231561,27675374
3041231561,216755042
3041231561,2386743913
3041231561,94208950
3041231561,335619451
3041231561,158201610
3041231561,117385136
3041231561,486863594
3041231561,585685537
3041231561,1205246035
3041231561,215707523
3041231561,1541554483
3041231561,47318916
3041231561,193858234
3041231561,195679677
3041231561,124570832
3041231561,294868010
3041231561,1099047811
3041231561,2507114928
3041231561,257463385
3041231561,275489002
3041231561,115793824
3041231561,788524
3041231561,16589206
3041231561,115754870
3041231561,64643056
3041231561,146004695
3041231561,264816224
3041231561,90276737
3041231561,254104901
3041231561,212294959
3041231561,194064099
3041231561,91971274
3041231561,121895918
3041231561,279012531
3041231561,110981483
3041231561,40652687
3041231561,115052736
3041231561,823092199
3041231561,540075163
3041231561,247285778
3041231561,385333579
3041231561,299336752
3041231561,111859039
3041231561,228898850
3041231561,529180021
3041231561,1542831644
