306885979,625849778
306885979,273416711
306885979,177342424
306885979,948552829
306885979,2993751197
306885979,577466504
306885979,80949775
306885979,31416615
306885979,3101519122
306885979,31408520
306885979,566397606
306885979,2497329002
306885979,1582853809
306885979,2832246523
306885979,389346048
306885979,3170617820
306885979,33203801
306885979,389738946
306885979,457817191
306885979,3413045956
306885979,16631801
306885979,934027824
306885979,18466967
306885979,4816
306885979,572470115
306885979,1926728760
306885979,252217006
306885979,606776750
306885979,1405489724
306885979,2773590678
306885979,302666251
306885979,3359246625
306885979,4970411
306885979,133371674
306885979,3168171
306885979,102095809
306885979,350411337
306885979,34262462
306885979,115618332
306885979,2566535282
306885979,121859642
306885979,51241574
306885979,1142859176
306885979,64643056
306885979,1633259659
306885979,325405501
306885979,1937682438
306885979,3880912360
306885979,6769622
306885979,9524342
306885979,181233011
306885979,2701608870
306885979,46678624
306885979,44333533
306885979,30878232
306885979,958982450
306885979,78786140
306885979,2916305152
306885979,2898865108
306885979,3395436645
306885979,91796121
306885979,1360135513
306885979,22366636
306885979,245320407
306885979,535707261
306885979,388858648
306885979,2324946854
306885979,169880157
306885979,162584608
306885979,18199849
306885979,33472982
306885979,173180537
306885979,19712523
306885979,568791994
306885979,63873759
306885979,15804774
306885979,17328366
306885979,2713223209
306885979,415217885
306885979,49793
306885979,107238136
306885979,3127512208
306885979,16668834
306885979,39776107
306885979,52782073
306885979,91687715
306885979,395515726
306885979,480557521
306885979,326894168
306885979,154962588
306885979,2910853983
306885979,3353138554
306885979,14525982
306885979,21810329
306885979,1170518132
306885979,17006157
306885979,16705752
306885979,14677919
306885979,2924681722
306885979,16686144
306885979,15352674
306885979,63362222
306885979,94672253
306885979,21390437
306885979,74580436
306885979,404877094
306885979,3077660152
306885979,262852176
306885979,434048606
306885979,1590797148
306885979,33805522
306885979,524920756
306885979,788524
306885979,87818409
306885979,20922014
306885979,19247625
306885979,322765040
306885979,11904592
306885979,17484680
306885979,14758257
306885979,2832562473
306885979,408847389
306885979,1633453286
306885979,19198198
306885979,913447502
306885979,49423975
306885979,170254080
306885979,14706299
306885979,14662473
306885979,17776811
306885979,3087068219
306885979,14504859
306885979,431685578
306885979,1308305978
306885979,2260089781
306885979,14492722
306885979,215455741
306885979,2405344614
306885979,225138968
306885979,1543121
306885979,437047566
306885979,1518266449
306885979,1257925873
306885979,2306821909
306885979,408481052
306885979,2477503298
306885979,7849082
306885979,494070281
306885979,1179525037
306885979,16629918
306885979,624947324
306885979,20494984
306885979,33804533
306885979,2923474228
306885979,449646757
306885979,286584046
306885979,1775731
306885979,994687082
306885979,866935050
306885979,233763289
306885979,151535146
306885979,35831704
306885979,18800265
306885979,15687399
306885979,53371665
306885979,198829810
306885979,2179032722
306885979,111429640
306885979,29758446
306885979,19811190
306885979,36969785
306885979,14746456
306885979,2147753754
306885979,387885262
306885979,14267393
306885979,215707523
306885979,742143
306885979,807095
306885979,5392522
306885979,4365311
306885979,612331433
306885979,16579721
306885979,440335330
306885979,954518936
306885979,179215614
306885979,17554682
306885979,314304719
306885979,611823
306885979,132970024
306885979,115763683
306885979,84404991
306885979,2436389418
306885979,380675989
306885979,531428881
306885979,793926
306885979,14485018
306885979,79033767
306885979,395477244
306885979,264859672
306885979,2788139989
306885979,2888611828
306885979,538021652
306885979,719856027
306885979,2493599652
306885979,20491193
306885979,113034662
306885979,340019230
306885979,251762696
306885979,6572712
306885979,2500107144
306885979,422760584
306885979,182764833
306885979,87077721
306885979,2561992429
306885979,14851597
306885979,1004902207
306885979,382267114
306885979,1344951
306885979,2480951
306885979,8633582
306885979,12579252
306885979,107471115
306885979,24253645
306885979,1660468830
306885979,1408457989
306885979,488150425
306885979,2526229286
306885979,1416260550
306885979,130742583
306885979,402676244
306885979,629523445
306885979,35803
306885979,2542021621
306885979,2543588034
306885979,2292454922
306885979,41324376
306885979,162417472
306885979,816653
306885979,75079616
306885979,419710142
306885979,15212527
306885979,714415578
306885979,153067700
306885979,1198594368
306885979,2188363915
306885979,249748466
306885979,1357422194
306885979,1197619002
306885979,27295136
306885979,15029296
306885979,1852042940
306885979,17919972
306885979,1412569722
306885979,813286
306885979,14861285
306885979,1636590253
306885979,12964542
306885979,24241544
306885979,428248880
306885979,139055344
306885979,395208061
306885979,137300635
306885979,287722747
306885979,1286063538
306885979,12369372
306885979,2292590983
306885979,1280737226
306885979,8694172
306885979,1615685677
306885979,15027362
306885979,86185816
306885979,274626857
306885979,16669898
306885979,1944746616
306885979,22207520
306885979,435209645
306885979,326245871
306885979,1375643814
306885979,1724746850
306885979,540656351
306885979,1391514366
306885979,829203098
306885979,14509057
306885979,455878480
306885979,372089835
306885979,429199308
306885979,360228931
306885979,557236743
306885979,35761106
306885979,84351228
306885979,98882438
306885979,251462660
306885979,19904728
306885979,480872962
306885979,1538993988
306885979,328980753
306885979,36134459
306885979,1452766470
306885979,297659697
306885979,249298399
306885979,456888809
306885979,323658169
306885979,1435440998
306885979,17169390
306885979,1323276860
306885979,25147755
306885979,32137829
306885979,1099376989
306885979,210865411
306885979,216037051
306885979,20874701
306885979,50417871
306885979,120118721
306885979,827679002
306885979,193575342
306885979,124758442
306885979,6207162
306885979,147845476
306885979,1014211423
306885979,512352048
306885979,541023928
306885979,14660710
306885979,583953525
306885979,177224922
306885979,1094699442
306885979,258855967
306885979,724186104
306885979,493820857
306885979,60971837
306885979,868793395
306885979,15492359
306885979,380474627
306885979,13334762
306885979,74594552
306885979,11084702
306885979,545075508
306885979,1248443226
306885979,17588076
306885979,519570971
306885979,253402294
306885979,21112266
306885979,352053266
306885979,125249726
306885979,1095116696
306885979,1024303238
306885979,132173688
306885979,20108560
306885979,106275917
306885979,23549434
306885979,326076631
306885979,148073806
306885979,21452391
306885979,73375191
306885979,579041168
306885979,118067663
306885979,322764946
306885979,20015311
306885979,18460325
306885979,414834355
306885979,250205792
306885979,741770449
306885979,556546054
306885979,254696085
306885979,272358339
306885979,36833548
306885979,39836343
306885979,14395119
306885979,237241020
306885979,1048990886
306885979,121347988
306885979,385398634
306885979,17332724
306885979,31170589
306885979,34750516
306885979,572418804
306885979,1013690173
306885979,45250134
306885979,784304
306885979,114864028
306885979,71040264
306885979,301448225
306885979,32612020
306885979,166767883
306885979,3374231
306885979,19979838
306885979,14795047
306885979,131520733
306885979,235466223
306885979,162180116
306885979,614197169
306885979,482466516
306885979,21950225
306885979,505830918
306885979,872208828
306885979,250538028
306885979,14903044
306885979,375899637
306885979,241100784
306885979,158342368
306885979,15371154
306885979,16618332
306885979,568652009
306885979,20845323
306885979,69656547
306885979,396804579
306885979,163795893
306885979,23093117
306885979,12918302
306885979,51125296
306885979,106128444
306885979,138034438
306885979,18957941
306885979,21943447
306885979,100248580
306885979,13496142
306885979,24280252
306885979,737653452
306885979,21114634
306885979,191518698
306885979,14362622
306885979,50160932
306885979,371520762
306885979,20516485
306885979,74168234
306885979,434155123
306885979,18491287
306885979,141301260
306885979,18038269
306885979,9639502
306885979,14353392
306885979,21948943
306885979,130189387
306885979,19952246
306885979,336116660
306885979,14259322
306885979,15108422
306885979,19618421
306885979,590093556
306885979,17482498
306885979,404562144
306885979,14089203
306885979,25109624
306885979,124808420
306885979,136543208
306885979,301660456
306885979,48462490
306885979,151967211
306885979,85562303
306885979,16876983
306885979,52702323
306885979,259040133
306885979,317275675
306885979,34744655
306885979,60400996
306885979,28472234
306885979,206155636
306885979,20197768
306885979,287165538
306885979,80322499
306885979,21153793
306885979,6604072
306885979,18955916
306885979,15234407
306885979,569326512
306885979,251705703
306885979,36548519
306885979,238139417
306885979,74428159
306885979,115512512
306885979,183387449
306885979,15329104
306885979,17843835
306885979,1391451
306885979,326260097
306885979,491715731
306885979,245459170
306885979,541700165
306885979,19757915
306885979,37736234
306885979,222210727
306885979,499167697
306885979,386510575
306885979,70689510
306885979,248000975
306885979,132619519
306885979,139930250
306885979,35281752
306885979,85645755
306885979,24772669
306885979,394170953
306885979,418582335
306885979,278735890
306885979,240353024
306885979,43372222
306885979,27754294
306885979,19656482
306885979,94176783
306885979,209133822
306885979,54956736
306885979,29547943
306885979,182094740
306885979,389021166
306885979,365445243
306885979,82714804
306885979,181426388
306885979,70490696
306885979,22667853
306885979,22184631
306885979,376731408
306885979,266505040
306885979,131003583
306885979,52634006
306885979,185752781
306885979,206105134
306885979,21194972
306885979,22493307
306885979,23780652
306885979,35203857
306885979,26465424
306885979,23859156
306885979,21681783
306885979,85311558
306885979,110573670
306885979,143958468
306885979,65609714
306885979,21196272
306885979,8350382
306885979,86322440
306885979,18396706
306885979,18057465
306885979,18923343
306885979,25677545
306885979,22131151
306885979,19238548
306885979,44883983
306885979,103666927
306885979,29381527
306885979,6208072
306885979,110509537
306885979,36686415
306885979,66561957
306885979,20048111
306885979,74966064
306885979,12866742
306885979,10373612
306885979,454399099
306885979,2960221
306885979,18449418
306885979,123337390
306885979,543687019
306885979,10671602
306885979,8959292
306885979,5135521
306885979,135444732
306885979,124570832
306885979,28399797
306885979,19952303
306885979,28409658
306885979,11994692
306885979,20470215
306885979,29054474
306885979,40299828
306885979,51337479
306885979,21050755
306885979,17808932
306885979,244185782
306885979,14673400
306885979,36766518
306885979,390100238
306885979,19735921
306885979,14768019
306885979,482116817
306885979,119875281
306885979,342858066
306885979,481396330
306885979,3468981
306885979,18518096
306885979,161471125
306885979,42480139
306885979,434941213
306885979,23747279
306885979,14075928
306885979,14058018
306885979,223343314
306885979,19002481
306885979,35005086
306885979,105571819
306885979,150618484
306885979,21999730
306885979,178030441
306885979,22559032
306885979,189376144
306885979,128637475
306885979,7996082
306885979,27372234
306885979,24361909
306885979,21862494
306885979,19274945
306885979,132130882
306885979,422868223
306885979,65135642
306885979,27760317
306885979,54999357
306885979,10810102
306885979,113707249
306885979,24856646
306885979,26509645
306885979,65120103
306885979,46956561
306885979,16589206
306885979,86196231
306885979,27532670
306885979,70855738
306885979,67728650
306885979,218446185
306885979,287308021
306885979,174381739
306885979,43383705
306885979,64814367
306885979,28136539
306885979,236712027
306885979,151786208
306885979,135523498
306885979,34045434
306885979,315300545
306885979,216744325
306885979,317306916
306885979,42690723
306885979,21901518
306885979,21139359
306885979,369793906
306885979,154172526
306885979,260839822
306885979,77120610
306885979,276908268
306885979,14749606
306885979,33544352
306885979,165179878
306885979,40310762
306885979,361538119
306885979,15276137
306885979,85709108
306885979,169686021
306885979,19980906
306885979,20172395
306885979,19117213
306885979,73407846
306885979,339002325
306885979,20107089
306885979,20591744
306885979,24159061
306885979,52820773
306885979,20618678
306885979,23263743
306885979,2561091
306885979,74966051
306885979,73170495
306885979,73078355
306885979,14089195
306885979,89986710
306885979,294270876
306885979,20164413
306885979,102215999
306885979,87075439
306885979,108382988
306885979,5827292
306885979,93171197
306885979,277141498
306885979,17937654
306885979,18718737
