307972072,4827353393
307972072,2609211145
307972072,3102473860
307972072,255404668
307972072,3384310361
307972072,2595397003
307972072,2872403457
307972072,4362551242
307972072,855673520
307972072,1510021603
307972072,4363635989
307972072,1390593091
307972072,4327171221
307972072,429347690
307972072,242492168
307972072,306069058
307972072,94549979
307972072,35717480
307972072,140897183
307972072,241186051
307972072,3922015221
307972072,359454688
307972072,843070514
307972072,1546317559
307972072,1113158923
307972072,372072891
307972072,582286332
307972072,1613008987
307972072,2233307005
307972072,21185883
307972072,3938691435
307972072,2210914326
307972072,76849994
307972072,58821552
307972072,3298437245
307972072,1947328194
307972072,2746169640
307972072,31218899
307972072,38146999
307972072,17463923
307972072,2617471956
307972072,1963312058
307972072,495064635
307972072,82355306
307972072,2251689488
307972072,2809929767
307972072,104350579
307972072,339693596
307972072,124498292
307972072,92558081
307972072,1180539462
307972072,1378583214
307972072,252124716
307972072,2586432836
307972072,76686789
307972072,105254122
307972072,306245721
307972072,173890622
307972072,831481729
307972072,211093750
307972072,14049061
307972072,16936481
307972072,190389335
307972072,147979486
307972072,52524273
307972072,417827591
307972072,87704709
307972072,2890149432
307972072,3291410230
307972072,2798288803
307972072,518464615
307972072,53426056
307972072,364911013
307972072,911203116
307972072,2969760609
307972072,192881357
307972072,138467892
307972072,165231292
307972072,2231911820
307972072,193869889
307972072,154683173
307972072,443816182
307972072,76932591
307972072,1067734812
307972072,912084145
307972072,440954376
307972072,62985394
307972072,2916305152
307972072,1219563962
307972072,541697427
307972072,303760268
307972072,535707261
307972072,481397009
307972072,141149868
307972072,180279696
307972072,237782479
307972072,221045627
307972072,34901229
307972072,42400789
307972072,204826199
307972072,2755183484
307972072,280973617
307972072,467581610
307972072,3028247758
307972072,466054991
307972072,2165067685
307972072,396243525
307972072,789317797
307972072,151975234
307972072,86170699
307972072,3459737428
307972072,2174989686
307972072,3300683417
307972072,115503551
307972072,16555392
307972072,2961769113
307972072,1035375253
307972072,806736306
307972072,549301183
307972072,531655941
307972072,1372939538
307972072,252274577
307972072,3147985041
307972072,3225098121
307972072,1909844834
307972072,3238914208
307972072,3805631901
307972072,141395517
307972072,2228424470
307972072,3342994893
307972072,3351345863
307972072,1415746572
307972072,48468283
307972072,147963969
307972072,42008209
307972072,2803595268
307972072,2811491963
307972072,2456602898
307972072,546704966
307972072,101793849
307972072,3290597305
307972072,3381993621
307972072,3388427770
307972072,197544821
307972072,23933654
307972072,206112997
307972072,47947690
307972072,839467159
307972072,2834993914
307972072,119804910
307972072,379481082
307972072,3434010593
307972072,531595007
307972072,1852627782
307972072,177770335
307972072,584958222
307972072,278635975
307972072,16857253
307972072,254433240
307972072,228245400
307972072,258607131
307972072,1338284947
307972072,209697545
307972072,3072889187
307972072,467779586
307972072,2305567070
307972072,1207966542
307972072,280901090
307972072,1151150773
307972072,2921788528
307972072,1599131593
307972072,2733349157
307972072,261748007
307972072,78071299
307972072,2862097384
307972072,2178648412
307972072,7135912
307972072,2188542098
307972072,525436041
307972072,16787206
307972072,238133586
307972072,2836517765
307972072,371381075
307972072,1008494557
307972072,267859308
307972072,195734501
307972072,3413133369
307972072,47250979
307972072,546755809
307972072,2204263431
307972072,382101410
307972072,406636175
307972072,136750249
307972072,269862460
307972072,303941159
307972072,144866342
307972072,3042293675
307972072,2569308973
307972072,2847713738
307972072,2869995479
307972072,853052360
307972072,2976459821
307972072,2992596789
307972072,2891556852
307972072,58899916
307972072,603864949
307972072,2444574164
307972072,187495266
307972072,2998552953
307972072,2867316249
307972072,1137353412
307972072,3313969241
307972072,3327640869
307972072,733029210
307972072,914890506
307972072,882710166
307972072,2487503829
307972072,259326782
307972072,499699049
307972072,269261088
307972072,3122836108
307972072,324576479
307972072,3397837384
307972072,1167267452
307972072,2372503296
307972072,21029069
307972072,2881315439
307972072,2828663670
307972072,593026851
307972072,2276746319
307972072,307975286
307972072,286829276
307972072,456561509
307972072,301347738
307972072,197958210
307972072,449818902
307972072,3022393217
307972072,3177611242
307972072,500950354
307972072,133829815
307972072,1963139197
307972072,980135934
307972072,274207983
307972072,347657314
307972072,1537520216
307972072,121454115
307972072,811606574
307972072,2558484630
307972072,38839573
307972072,858718512
307972072,2358908726
307972072,260770315
307972072,74626513
307972072,2348945065
307972072,149685788
307972072,37243646
307972072,741404372
307972072,499962568
307972072,107708544
307972072,429122255
307972072,2347362492
307972072,1702687182
307972072,3188172458
307972072,3254757135
307972072,119890744
307972072,39922872
307972072,2448248076
307972072,300047826
307972072,323306871
307972072,993187128
307972072,33744825
307972072,142874805
307972072,1499290922
307972072,49797080
307972072,1061334733
307972072,1435861448
307972072,2806482400
307972072,561444532
307972072,15065712
307972072,80224000
307972072,205754412
307972072,364461302
307972072,1631719405
307972072,523514012
307972072,2414893988
307972072,3089660241
307972072,2998378439
307972072,242638628
307972072,2795203509
307972072,176276685
307972072,3166103583
307972072,106436910
307972072,200140664
307972072,948544681
307972072,332968439
307972072,992653747
307972072,965424762
307972072,39773339
307972072,156627597
307972072,28355210
307972072,3004236202
307972072,20474834
307972072,14861745
307972072,3118346369
307972072,254670266
307972072,2148679880
307972072,14790628
307972072,214628356
307972072,2745633727
307972072,2798647034
307972072,2768860224
307972072,179276513
307972072,372794459
307972072,86032990
307972072,209785437
307972072,2262511344
307972072,982606574
307972072,3022068155
307972072,553397129
307972072,960265610
307972072,116716199
307972072,3073888126
307972072,245074453
307972072,3063967990
307972072,2850871192
307972072,3075434741
307972072,409476383
307972072,50728506
307972072,2863146301
307972072,3033373417
307972072,20876806
307972072,14335586
307972072,104298598
307972072,124690469
307972072,491722490
307972072,2923542070
307972072,293117914
307972072,2305069772
307972072,1579738172
307972072,87920683
307972072,1474783112
307972072,161913667
307972072,1952124984
307972072,1347111643
307972072,2787217377
307972072,2776068275
307972072,2787282922
307972072,2932390913
307972072,2932264935
307972072,42372786
307972072,35877137
307972072,280293287
307972072,14484020
307972072,2668767710
307972072,339728756
307972072,244337935
307972072,443424564
307972072,413183138
307972072,287738453
307972072,2253551
307972072,2834836463
307972072,41932106
307972072,18458454
307972072,32443366
307972072,259007338
307972072,91601683
307972072,18060813
307972072,387923567
307972072,2327437890
307972072,14505184
307972072,2762155400
307972072,2653306196
307972072,2890884760
307972072,1243147873
307972072,2791161580
307972072,1553956729
307972072,14651725
307972072,2754744193
307972072,2194944541
307972072,2782130712
307972072,270135358
307972072,858358740
307972072,1226388188
307972072,186602988
307972072,486436105
307972072,1319164070
307972072,248760009
307972072,229114172
307972072,14389093
307972072,23222634
307972072,238252890
307972072,1864448106
307972072,2319444577
307972072,415709023
307972072,435289099
307972072,611997299
307972072,280768201
307972072,303761794
307972072,326789213
307972072,716088020
307972072,54903471
307972072,132801344
307972072,16143105
307972072,93399665
307972072,311880926
307972072,912733502
307972072,2459564876
307972072,109573130
307972072,213680930
307972072,1284378187
307972072,192851940
307972072,43317911
307972072,2795000459
307972072,73416019
307972072,20127219
307972072,104728023
307972072,2300202186
307972072,84534979
307972072,401119642
307972072,30050899
307972072,261846555
307972072,475041312
307972072,110457825
307972072,199400127
307972072,184756856
307972072,2163569276
307972072,2803207232
307972072,2613612890
307972072,2317100748
307972072,2755262083
307972072,169426475
307972072,138300234
307972072,18091706
307972072,300772477
307972072,15300520
307972072,58113946
307972072,59490293
307972072,78990577
307972072,16883630
307972072,428885306
307972072,29161746
307972072,70650192
307972072,2711555881
307972072,147460116
307972072,58825008
307972072,381203864
307972072,49064205
307972072,591578907
307972072,2625066030
307972072,2582708770
307972072,564266536
307972072,2327403103
307972072,20446539
307972072,480512865
307972072,243114541
307972072,231502837
307972072,61514276
307972072,285260307
307972072,189904563
307972072,424554009
307972072,126760901
307972072,1630968721
307972072,317666671
307972072,2494602991
307972072,1441509038
307972072,1024803949
307972072,379991898
307972072,386075930
307972072,237814250
307972072,48368621
307972072,280227352
307972072,2604081976
307972072,99987341
307972072,2584682713
307972072,2490951972
307972072,2491945110
307972072,2421319417
307972072,404368708
307972072,307879207
307972072,2444293417
307972072,285849669
307972072,151395664
307972072,59486068
307972072,27804980
307972072,34985699
307972072,205172946
307972072,86301869
307972072,24006034
307972072,124136234
307972072,27762615
307972072,105270431
307972072,2457227251
307972072,427811541
307972072,899135460
307972072,149025400
307972072,2326789799
307972072,540390588
307972072,181233482
307972072,1588420945
307972072,61731614
307972072,294334147
307972072,1070877486
307972072,1429819598
307972072,38053584
307972072,2385756877
307972072,1666983972
307972072,333437121
307972072,409664655
307972072,201237767
307972072,45365156
307972072,1929872886
307972072,2533124690
307972072,2294210518
307972072,263572557
307972072,145442448
307972072,2372778417
307972072,478448085
307972072,986654305
307972072,1454211144
307972072,462752042
307972072,608131707
307972072,864660962
307972072,398094340
307972072,23767849
307972072,403802054
307972072,187521390
307972072,1336742078
307972072,2494514730
307972072,566400451
307972072,224872151
307972072,386097836
307972072,727211732
307972072,443926264
307972072,28224485
307972072,528884683
307972072,2435472444
307972072,1492759764
307972072,2305851060
307972072,309022429
307972072,2479536367
307972072,297889364
307972072,1852602380
307972072,1156391948
307972072,330998313
307972072,455780489
307972072,359287411
307972072,790334898
307972072,851108442
307972072,242448965
307972072,322181801
307972072,166783358
307972072,1288792658
307972072,1725825366
307972072,147616950
307972072,29323913
307972072,349729773
307972072,419890786
307972072,900461972
307972072,176264564
307972072,94170637
307972072,876087968
307972072,63670539
307972072,2347465792
307972072,355041200
307972072,972767558
307972072,137062334
307972072,435328652
307972072,1039815438
307972072,282834254
307972072,2422064396
307972072,1074297002
307972072,884578543
307972072,240712581
307972072,2343126057
307972072,1141076666
307972072,2415685538
307972072,1482333253
307972072,2218561764
307972072,197095948
307972072,18144466
307972072,111416652
307972072,176493622
307972072,144259716
307972072,1112394613
307972072,95641309
307972072,1117793756
307972072,46973540
307972072,448786360
307972072,144094124
307972072,98968600
307972072,542474732
307972072,20842845
307972072,421020318
307972072,412301168
307972072,2259224310
307972072,437704851
307972072,488314260
307972072,135110897
307972072,20593641
307972072,80802900
307972072,38869114
307972072,59215690
307972072,507688852
307972072,2371868623
307972072,253956099
307972072,328636979
307972072,306099659
307972072,266033134
307972072,73672296
307972072,277185028
307972072,717289976
307972072,84944278
307972072,228205338
307972072,2253955782
307972072,2374550600
307972072,611359059
307972072,1096011415
307972072,2376248576
307972072,2203493001
307972072,1106287585
307972072,249306959
307972072,244075317
307972072,2361383022
307972072,156651229
307972072,1332053070
307972072,62561317
307972072,219857529
307972072,583493048
307972072,243748519
307972072,499587379
307972072,222153850
307972072,2292454922
307972072,2304856490
307972072,1640710316
307972072,24744541
307972072,1058561100
307972072,21851584
307972072,388760487
307972072,465615714
307972072,248642170
307972072,538021652
307972072,913447502
307972072,2298911338
307972072,427629671
307972072,1282963680
307972072,608947370
307972072,1726498526
307972072,38659819
307972072,1465601282
307972072,105155795
307972072,444359402
307972072,2254063405
307972072,82587708
307972072,530934744
307972072,319272633
307972072,231229341
307972072,2294548675
307972072,1129150892
307972072,1038037806
307972072,2266378329
307972072,856396950
307972072,115754870
307972072,116679270
307972072,555866339
307972072,131574396
307972072,1855496984
307972072,215996236
307972072,995851280
307972072,176237519
307972072,21708948
307972072,450437149
307972072,41131859
307972072,352657123
307972072,286645048
307972072,47915658
307972072,980527856
307972072,114727364
307972072,430180759
307972072,1038123319
307972072,276189327
307972072,136034867
307972072,1590155894
307972072,248751645
307972072,80811754
307972072,1911305473
307972072,291843324
307972072,19701628
307972072,744749312
307972072,1701467274
307972072,434121232
307972072,36364025
307972072,1956909679
307972072,869663604
307972072,206028618
307972072,351021374
307972072,3459051
307972072,105082141
307972072,64643056
307972072,2233173716
307972072,1227784902
307972072,434515160
307972072,1668513595
307972072,465893020
307972072,49849732
307972072,137893881
307972072,437625739
307972072,433023447
307972072,339018570
307972072,462141559
307972072,1867491996
307972072,438417161
307972072,330007691
307972072,14830116
307972072,16596200
307972072,563017887
307972072,490570020
307972072,1149406363
307972072,120396109
307972072,506032332
307972072,1960819759
307972072,13870942
307972072,442074771
307972072,58273342
307972072,31177357
307972072,1239876049
307972072,42304398
307972072,1721577756
307972072,1894141290
307972072,25014406
307972072,540701081
307972072,20675211
307972072,267094480
307972072,244879054
307972072,49682880
307972072,35444713
307972072,97224073
307972072,242691168
307972072,74186246
307972072,87675068
307972072,117777690
307972072,319675272
307972072,65045121
307972072,576517764
307972072,245350086
307972072,456773859
307972072,74770782
307972072,1004826906
307972072,1607920945
307972072,229993663
307972072,542359831
307972072,125095427
307972072,1326000379
307972072,2229750870
307972072,197618096
307972072,104852933
307972072,51842872
307972072,198554964
307972072,1039845192
307972072,1037989794
307972072,1038047041
307972072,1129182492
307972072,1039965872
307972072,1004818034
307972072,1129237154
307972072,1004498408
307972072,1038027055
307972072,1006643730
307972072,1004879935
307972072,1038180043
307972072,1037968398
307972072,1037993712
307972072,1418746004
307972072,2191966333
307972072,339066942
307972072,273227443
307972072,324417428
307972072,19003727
307972072,250657766
307972072,141865350
307972072,195577952
307972072,487964326
307972072,460445352
307972072,593654216
307972072,87502184
307972072,244644560
307972072,293043618
307972072,1947769320
307972072,39055126
307972072,20844602
307972072,46365884
307972072,195441538
307972072,319301541
307972072,104020962
307972072,1135279753
307972072,11162772
307972072,1596404600
307972072,112990334
307972072,173955464
307972072,407802731
307972072,74198943
307972072,246894251
307972072,351895474
307972072,1638631634
307972072,1640742642
307972072,1883946380
307972072,98805447
307972072,325778264
307972072,203805111
307972072,1893164533
307972072,1972890612
307972072,1942238184
307972072,1894105524
307972072,50038380
307972072,260743284
307972072,339225586
307972072,701801359
307972072,613844845
307972072,452479267
307972072,260780350
307972072,148181691
307972072,119881872
307972072,758578434
307972072,1426667298
307972072,1705752876
307972072,1051003344
307972072,138260405
307972072,186574619
307972072,42107055
307972072,218992297
307972072,990802033
307972072,323702919
307972072,199196447
307972072,1093039670
307972072,532027594
307972072,1861259574
307972072,19673700
307972072,496651076
307972072,67772968
307972072,258010375
307972072,21021891
307972072,1020695228
307972072,1039955053
307972072,965091709
307972072,1566527300
307972072,319758194
307972072,1949495336
307972072,1948479349
307972072,1316957329
307972072,1078579574
307972072,220173221
307972072,139727749
307972072,131301812
307972072,1855467800
307972072,1881177722
307972072,122448174
307972072,119844526
307972072,529480578
307972072,741100118
307972072,38342685
307972072,961836403
307972072,1470839462
307972072,197851807
307972072,87361629
307972072,94144199
307972072,197165725
307972072,947078040
307972072,349328689
307972072,192662920
307972072,1660707427
307972072,1632940981
307972072,31290887
307972072,344688175
307972072,121039771
307972072,397547184
307972072,22971125
307972072,197207602
307972072,364383398
307972072,4008771
307972072,605555898
307972072,500180846
307972072,1524042055
307972072,1498352491
307972072,238096056
307972072,16513356
307972072,305005228
307972072,14287409
307972072,1654542769
307972072,197211681
307972072,94540683
307972072,368035011
307972072,567337040
307972072,149583300
307972072,100285837
307972072,149238897
307972072,53585826
307972072,22730200
307972072,494386072
307972072,350597119
307972072,612842470
307972072,46172413
307972072,312686914
307972072,94892408
307972072,300184486
307972072,218618200
307972072,51824897
307972072,1445837484
307972072,245307662
307972072,1004836928
307972072,1002552456
307972072,991320181
307972072,1002419779
307972072,236255444
307972072,153139530
307972072,355809231
307972072,345053613
307972072,500874117
307972072,148496608
307972072,387618120
307972072,1522230877
307972072,700735225
307972072,502037475
307972072,201778988
307972072,579248061
307972072,1161114727
307972072,304063713
307972072,1313191310
307972072,876610586
307972072,42479903
307972072,40673381
307972072,257617472
307972072,1594312117
307972072,1367005214
307972072,1149555212
307972072,1019703007
307972072,158583209
307972072,1157998860
307972072,38718122
307972072,1536830666
307972072,378020025
307972072,399607308
307972072,461647264
307972072,239149232
307972072,240388566
307972072,947871415
307972072,557130323
307972072,1487900216
307972072,211871686
307972072,214731619
307972072,264380418
307972072,370368531
307972072,213787737
307972072,98781946
307972072,95448533
307972072,458575000
307972072,147751821
307972072,197063670
307972072,303715211
307972072,1454645708
307972072,125630768
307972072,20844907
307972072,85332482
307972072,116407245
307972072,244098882
307972072,49296124
307972072,137887327
307972072,94081750
307972072,48170456
307972072,110630477
307972072,325231319
307972072,368146906
307972072,934905620
307972072,372082549
307972072,141022749
307972072,51678300
307972072,937341810
307972072,1354093526
307972072,121241340
307972072,805932474
307972072,545541525
307972072,610579679
307972072,413091006
307972072,998503340
307972072,373642650
307972072,287445260
307972072,135521289
307972072,545416010
307972072,362075098
307972072,153686381
307972072,157728546
307972072,486951615
307972072,237296595
307972072,246507155
307972072,363752019
307972072,276397899
307972072,327524667
307972072,35977487
307972072,203555695
307972072,201957241
307972072,516619310
307972072,522484955
307972072,115170714
307972072,111972548
307972072,1064244859
307972072,127659284
307972072,305447437
307972072,606415374
307972072,259402712
307972072,222929165
307972072,73521313
307972072,53509023
307972072,145207061
307972072,116896889
307972072,1197438062
307972072,109095354
307972072,937240586
307972072,18283791
307972072,306322771
307972072,20230015
307972072,304876789
307972072,48657376
307972072,607512745
307972072,248831098
307972072,546965793
307972072,465091695
307972072,62000981
307972072,451591562
307972072,64692928
307972072,386993086
307972072,242091208
307972072,82114479
307972072,1432013785
307972072,1365536275
307972072,150430782
307972072,92320343
307972072,574594301
307972072,405641706
307972072,217616314
307972072,242501087
307972072,1035066650
307972072,24150634
307972072,401008179
307972072,209835076
307972072,1042718413
307972072,183391396
307972072,80803819
307972072,95293570
307972072,251290516
307972072,110403389
307972072,630320617
307972072,563350368
307972072,378020859
307972072,248264581
307972072,293597186
307972072,222231985
307972072,223900991
307972072,207735455
307972072,949995494
307972072,388396381
307972072,946032374
307972072,165180252
307972072,305250015
307972072,163452733
307972072,162253948
307972072,494425148
307972072,197159581
307972072,320287812
307972072,368566261
307972072,21100803
307972072,259988486
307972072,386497675
307972072,1473121710
307972072,183622298
307972072,18338160
307972072,703730552
307972072,217819308
307972072,1037306616
307972072,770196074
307972072,344130339
307972072,53084890
307972072,115660898
307972072,1074715758
307972072,473347939
307972072,1092684408
307972072,1050984931
307972072,97452391
307972072,267404344
307972072,168502031
307972072,273752536
307972072,347950488
307972072,818045598
307972072,495266619
307972072,968346391
307972072,97720041
307972072,17675072
307972072,606582192
307972072,140073123
307972072,1418050879
307972072,575099907
307972072,321441038
307972072,761862806
307972072,382678485
307972072,510465696
307972072,501099397
307972072,461579515
307972072,441158803
307972072,244157119
307972072,128024952
307972072,362276063
307972072,1055513570
307972072,271909038
307972072,21112266
307972072,1062834895
307972072,25048816
307972072,129863001
307972072,176108622
307972072,71541564
307972072,93495485
307972072,238995046
307972072,293033743
307972072,295333715
307972072,927290354
307972072,263760525
307972072,62437668
307972072,171228312
307972072,325635790
307972072,23361712
307972072,198618575
307972072,482536808
307972072,227021934
307972072,318021080
307972072,345347039
307972072,1408552021
307972072,237289387
307972072,311620555
307972072,345527663
307972072,269461553
307972072,457602787
307972072,1002631230
307972072,1039836116
307972072,1403073954
307972072,1387925532
307972072,462990477
307972072,57986021
307972072,464150104
307972072,220032702
307972072,338667650
307972072,851357874
307972072,250715174
307972072,279126898
307972072,1403660113
307972072,133373873
307972072,268457536
307972072,198756401
307972072,151898031
307972072,235712666
307972072,97003915
307972072,153167118
307972072,48855325
307972072,190790312
307972072,406665268
307972072,53269515
307972072,247264565
307972072,447246856
307972072,352473288
307972072,222650133
307972072,111741421
307972072,263588855
307972072,716335118
307972072,97056406
307972072,46700541
307972072,1092248911
307972072,304909941
307972072,206717989
307972072,22675391
307972072,382001962
307972072,141742681
307972072,196994616
307972072,22481098
307972072,1362543679
307972072,533215142
307972072,430125586
307972072,283352311
307972072,334786886
307972072,267032554
307972072,148794399
307972072,47838611
307972072,560386815
307972072,1151807564
307972072,1384793485
307972072,1393229425
307972072,1019128652
307972072,150175943
307972072,498225211
307972072,1432902236
307972072,369439287
307972072,147542441
307972072,254936770
307972072,398958253
307972072,38252092
307972072,19029918
307972072,174372437
307972072,102095809
307972072,490806656
307972072,219939829
307972072,399453864
307972072,95517630
307972072,20618678
307972072,404894090
307972072,20929745
307972072,428337918
307972072,626571239
307972072,1071343794
307972072,142530837
307972072,1180050122
307972072,49673609
307972072,235029658
307972072,212968729
307972072,285137536
307972072,138212728
307972072,405996527
307972072,77302589
307972072,509158856
307972072,616289024
307972072,776192652
307972072,1283980478
307972072,482389606
307972072,266110646
307972072,252635567
307972072,564021994
307972072,141943563
307972072,61144873
307972072,385486396
307972072,263221913
307972072,947936041
307972072,176627597
307972072,148536271
307972072,258970849
307972072,854662140
307972072,213715038
307972072,585858647
307972072,121385551
307972072,108579997
307972072,485505777
307972072,580963064
307972072,145730532
307972072,130738007
307972072,308651878
307972072,39779052
307972072,304319774
307972072,144990834
307972072,6301442
307972072,951333319
307972072,1064438202
307972072,381765738
307972072,260228964
307972072,1243282393
307972072,962085350
307972072,452474576
307972072,884667570
307972072,236401550
307972072,130030030
307972072,107430967
307972072,334299056
307972072,93484066
307972072,855813589
307972072,91687715
307972072,571962943
307972072,377004611
307972072,226310818
307972072,17006157
307972072,123246161
307972072,328468742
307972072,947601090
307972072,374392774
307972072,241056520
307972072,71618317
307972072,363055803
307972072,579194463
307972072,156593609
307972072,280988929
307972072,189039244
307972072,109601997
307972072,247258043
307972072,135323871
307972072,58693020
307972072,321618284
307972072,181928569
307972072,368569541
307972072,1101636493
307972072,106891797
307972072,112747809
307972072,450757446
307972072,145969179
307972072,474045353
307972072,526289684
307972072,490403945
307972072,88708920
307972072,540406824
307972072,596420812
307972072,207260279
307972072,437048106
307972072,249813840
307972072,540849537
307972072,66509519
307972072,57070840
307972072,55816222
307972072,154375912
307972072,23807076
307972072,15728939
307972072,597734650
307972072,1355316283
307972072,308592377
307972072,374722093
307972072,212237670
307972072,167476454
307972072,206724521
307972072,8204452
307972072,420976969
307972072,423427851
307972072,1077592520
307972072,95688658
307972072,780717692
307972072,989699988
307972072,437411372
307972072,254997586
307972072,155225528
307972072,30502925
307972072,838753242
307972072,418582985
307972072,347344077
307972072,410163657
307972072,293620618
307972072,945946526
307972072,354369488
307972072,342363193
307972072,284708299
307972072,29837045
307972072,132570884
307972072,143177134
307972072,753642638
307972072,762211328
307972072,992316505
307972072,358823600
307972072,591012145
307972072,360682978
307972072,75612423
307972072,291238168
307972072,291220589
307972072,486112828
307972072,138115098
307972072,38387771
307972072,90103081
307972072,20507534
307972072,362721307
307972072,953195322
307972072,624995677
307972072,600170473
307972072,119768822
307972072,301424273
307972072,1074060618
307972072,794291773
307972072,378253705
307972072,705817681
307972072,792226416
307972072,344145794
307972072,348514673
307972072,134895754
307972072,1101386803
307972072,1084467181
307972072,1125317700
307972072,510783386
307972072,112103858
307972072,494225997
307972072,302726531
307972072,831838747
307972072,1328868283
307972072,1331184840
307972072,110832518
307972072,128262354
307972072,1127063526
307972072,1335566941
307972072,223250529
307972072,24870470
307972072,1276381399
307972072,267506332
307972072,43645800
307972072,724671888
307972072,467797091
307972072,121604993
307972072,1128067351
307972072,122971079
307972072,147770103
307972072,506254306
307972072,720701520
307972072,41484416
307972072,1031305242
307972072,567538455
307972072,271067527
307972072,104918337
307972072,1285599505
307972072,1324919532
307972072,575846937
307972072,80676099
307972072,436067155
307972072,241846147
307972072,268957322
307972072,96723618
307972072,399621605
307972072,986787403
307972072,1258939334
307972072,197118153
307972072,560816005
307972072,219012622
307972072,19019970
307972072,21668133
307972072,42353677
307972072,82761720
307972072,96461487
307972072,623009914
307972072,113174516
307972072,204198030
307972072,407197375
307972072,292912153
307972072,108670198
307972072,257858870
307972072,207507776
307972072,268485186
307972072,376761934
307972072,629231935
307972072,168211828
307972072,408091829
307972072,1073891402
307972072,472429865
307972072,1024365918
307972072,555133754
307972072,1224239220
307972072,1252764865
307972072,121293866
307972072,185593082
307972072,15529670
307972072,15484198
307972072,14815420
307972072,94566436
307972072,47636400
307972072,586015709
307972072,322249419
307972072,270563992
307972072,31380558
307972072,285086862
307972072,96169634
307972072,133663801
307972072,197041714
307972072,335260607
307972072,146203287
307972072,1189400742
307972072,87281380
307972072,1222614720
307972072,56745657
307972072,806391222
307972072,368937847
307972072,303813766
307972072,133371674
307972072,187864310
307972072,467690840
307972072,104219645
307972072,802657610
307972072,424621609
307972072,138691828
307972072,222643714
307972072,215707523
307972072,44091448
307972072,443008944
307972072,364421211
307972072,322323039
307972072,210148155
307972072,741070106
307972072,100731315
307972072,1135278714
307972072,592021844
307972072,891088770
307972072,277228155
307972072,14436317
307972072,157981564
307972072,962525688
307972072,82210494
307972072,21179585
307972072,37014782
307972072,196768495
307972072,221959284
307972072,14159148
307972072,478911214
307972072,62259828
307972072,618389004
307972072,255041595
307972072,1108467037
307972072,1161363606
307972072,136372603
307972072,170069351
307972072,482053201
307972072,157369762
307972072,76699270
307972072,39522911
307972072,618167210
307972072,404127899
307972072,601901443
307972072,286808635
307972072,126832572
307972072,60077187
307972072,202829724
307972072,34586817
307972072,422502823
307972072,1022742194
307972072,274703361
307972072,271933511
307972072,533257020
307972072,620052148
307972072,58535652
307972072,1123520809
307972072,126680070
307972072,1041926774
307972072,137658566
307972072,29416670
307972072,897581580
307972072,251463542
307972072,33442154
307972072,148860339
307972072,267382481
307972072,110704484
307972072,56107736
307972072,49339742
307972072,266087792
307972072,435168110
307972072,701167788
307972072,636965875
307972072,387606019
307972072,193636982
307972072,16579721
307972072,946366844
307972072,307870505
307972072,1003119758
307972072,299681641
307972072,391989334
307972072,20508973
307972072,412347725
307972072,18531889
307972072,948552829
307972072,133184048
307972072,246839553
307972072,282768438
307972072,277153832
307972072,271975968
307972072,36182334
307972072,552092242
307972072,628716214
307972072,62876310
307972072,1095792572
307972072,24732180
307972072,58918768
307972072,441986424
307972072,140134231
307972072,44467600
307972072,208128256
307972072,1051314522
307972072,121704763
307972072,324503693
307972072,292232684
307972072,141137711
307972072,368248701
307972072,279665311
307972072,251800523
307972072,358225467
307972072,73130161
307972072,135430876
307972072,40056514
307972072,951480480
307972072,174704484
307972072,1040782171
307972072,119383183
307972072,376186166
307972072,518077619
307972072,451806951
307972072,939367022
307972072,876330686
307972072,45013575
307972072,145556011
307972072,235886373
307972072,272701723
307972072,225252691
307972072,143959720
307972072,247326053
307972072,636417793
307972072,239471570
307972072,460199741
307972072,491343921
307972072,298461465
307972072,37718646
307972072,17199998
307972072,82637844
307972072,51806144
307972072,869507689
307972072,948565483
307972072,569140565
307972072,509190853
307972072,542669436
307972072,91695480
307972072,72296404
307972072,368765699
307972072,906400872
307972072,27054706
307972072,57044449
307972072,376819013
307972072,17487476
307972072,320259242
307972072,74395519
307972072,468554685
307972072,36806703
307972072,27431056
307972072,158342368
307972072,266078762
307972072,71341401
307972072,99052611
307972072,50134116
307972072,282934900
307972072,122138868
307972072,174689439
307972072,51678610
307972072,500134554
307972072,193101543
307972072,244175447
307972072,190443872
307972072,133733307
307972072,629402386
307972072,522395947
307972072,309572236
307972072,168049617
307972072,231187535
307972072,435680804
307972072,36033454
307972072,64039369
307972072,618856370
307972072,172884537
307972072,864545256
307972072,116401494
307972072,121738611
307972072,458368775
307972072,365942872
307972072,53796795
307972072,366306712
307972072,269236792
307972072,46088934
307972072,252136117
307972072,247895631
307972072,255436086
307972072,376465044
307972072,51546210
307972072,17029532
307972072,488978867
307972072,263080553
307972072,172189559
307972072,302601669
307972072,187677909
307972072,37294647
307972072,132512470
307972072,823279483
307972072,171650522
307972072,396909661
307972072,56502954
307972072,98708202
307972072,207138024
307972072,334264609
307972072,461623561
307972072,312132134
307972072,368677104
307972072,260036621
307972072,202675636
307972072,279876160
307972072,92564226
307972072,427288938
307972072,211836488
307972072,314472089
307972072,234035533
307972072,277029825
307972072,104227735
307972072,126344168
307972072,418807918
307972072,849389666
307972072,89431845
307972072,259194408
307972072,304275943
307972072,76161257
307972072,246372950
307972072,47399805
307972072,34798360
307972072,86761616
307972072,292870578
307972072,36911970
307972072,150372271
307972072,104927840
307972072,141981922
307972072,75447857
307972072,338532498
307972072,525351497
307972072,380961080
307972072,140453391
307972072,293973479
307972072,624119134
307972072,155315876
307972072,55435693
307972072,102097897
307972072,22007357
307972072,19472578
307972072,237299254
307972072,621695114
307972072,301512681
307972072,308373453
307972072,398933451
307972072,247290681
307972072,239790869
307972072,140634413
307972072,17141364
307972072,568067823
307972072,241252324
307972072,204406337
307972072,20479813
307972072,181199293
307972072,548683892
307972072,424618544
307972072,77596046
307972072,80122680
307972072,28370890
307972072,325180819
307972072,295018313
307972072,62517318
307972072,316881831
307972072,76560128
307972072,8077952
307972072,82119937
307972072,95178042
307972072,16589206
307972072,119181458
307972072,189040383
307972072,26208520
307972072,813286
307972072,278458079
307972072,206158727
307972072,11904592
307972072,259780884
307972072,613452670
307972072,380841357
307972072,580822040
307972072,11041512
307972072,14559995
307972072,242796283
307972072,285849695
307972072,334014498
307972072,22424645
307972072,19667156
307972072,53506020
307972072,535529575
307972072,44706484
307972072,332264734
307972072,28066013
307972072,532669620
307972072,20986770
307972072,60838833
307972072,38424544
307972072,23480849
307972072,19205809
307972072,572470115
307972072,179304336
307972072,39490506
307972072,586201913
307972072,397527110
307972072,425124422
307972072,702857215
307972072,303725175
307972072,86110218
307972072,108880635
307972072,301388743
307972072,538934119
307972072,166507237
307972072,46467119
307972072,224815356
307972072,235964108
307972072,251352812
307972072,184441451
307972072,10652262
307972072,280718308
307972072,487748282
307972072,90725961
307972072,219239298
307972072,417911580
307972072,252023871
307972072,20043573
307972072,141493488
307972072,192346160
307972072,36626651
307972072,455338723
307972072,35726000
307972072,102094084
307972072,437502212
307972072,629155424
307972072,426933659
307972072,138814032
307972072,381893772
307972072,369083907
307972072,8565932
307972072,94594788
307972072,41383814
307972072,244086871
307972072,165237907
307972072,38175511
307972072,162000598
307972072,287277445
307972072,108645834
307972072,127477641
307972072,327325722
307972072,17464221
307972072,402792488
307972072,46522376
307972072,22428439
307972072,85362553
307972072,32861321
307972072,121183700
307972072,21001033
307972072,338985020
307972072,115476363
307972072,334602996
307972072,437086098
307972072,71000118
307972072,25651254
307972072,29413858
307972072,19491190
307972072,47625891
307972072,42497567
307972072,162910835
307972072,397243910
307972072,311599736
307972072,109938650
307972072,106764040
307972072,23339387
307972072,330911756
307972072,68940196
307972072,19341180
307972072,366242593
307972072,137984519
307972072,536166764
307972072,537449162
307972072,28364148
307972072,99901258
307972072,525416576
307972072,53029114
307972072,216783643
307972072,267842310
307972072,267939039
307972072,504619030
307972072,116407356
307972072,280649394
307972072,84880944
307972072,148970624
307972072,37716380
307972072,14163474
307972072,51254405
307972072,2561091
307972072,472966889
307972072,148819696
307972072,14944724
307972072,231141229
307972072,402048293
307972072,21100986
307972072,127847155
307972072,338889569
307972072,476084058
307972072,138298916
307972072,130694070
307972072,151190865
307972072,621874680
307972072,474327889
307972072,92233525
307972072,23424509
307972072,25739068
307972072,120151106
307972072,16717501
307972072,29701712
307972072,17990493
307972072,19391273
307972072,77963355
307972072,36349838
307972072,47350606
307972072,14333754
307972072,270850017
307972072,24637896
307972072,14824411
307972072,296912924
307972072,202792190
307972072,128637475
307972072,226345306
307972072,138200175
307972072,209780362
307972072,271212705
307972072,101895924
307972072,315287790
307972072,198516419
307972072,516491055
307972072,498267865
307972072,41453771
307972072,23339701
307972072,428950383
307972072,342014943
307972072,38395124
307972072,126860178
307972072,471168015
307972072,203027759
307972072,364321011
307972072,471178431
307972072,315314184
307972072,145101474
307972072,539420478
307972072,495058666
307972072,420682490
307972072,150617469
307972072,122017106
307972072,376123595
307972072,111593507
307972072,185971121
307972072,235068143
307972072,35777570
307972072,186052612
307972072,327947791
307972072,540721019
307972072,262412814
307972072,311601642
307972072,91311810
307972072,17676713
307972072,29707536
307972072,108359730
307972072,17364400
307972072,562854016
307972072,525397508
307972072,231127952
307972072,545438586
307972072,250662935
307972072,501565684
307972072,20451618
307972072,136188769
307972072,546658829
307972072,305854673
307972072,461957277
307972072,268191776
307972072,400344551
307972072,21101201
307972072,14808226
307972072,303926402
307972072,62552542
307972072,199695777
307972072,381268219
307972072,382231341
307972072,281798145
307972072,19976004
307972072,114704955
307972072,303183895
307972072,85829421
307972072,204368725
307972072,385901563
307972072,148409816
307972072,16935292
307972072,225445834
307972072,319102523
307972072,189376144
307972072,250323361
307972072,314247700
307972072,232353334
307972072,151043323
307972072,282735842
307972072,144631870
307972072,46850556
307972072,218648911
307972072,29303096
307972072,18014884
307972072,11243382
307972072,24184892
307972072,363360444
307972072,26380122
307972072,307574103
307972072,197492504
307972072,319915629
307972072,104857771
307972072,372983978
307972072,32409886
307972072,96090970
307972072,223418611
307972072,35022597
307972072,343944326
307972072,299416334
307972072,329686497
307972072,80820758
307972072,246641871
307972072,335972576
307972072,301184150
307972072,300504472
307972072,23761908
307972072,301135264
307972072,301954185
307972072,301096788
