30839131,20013973
30839131,40446161
30839131,544389588
30839131,561122363
30839131,213307616
30839131,438602228
30839131,3103892153
30839131,33252286
30839131,342772952
30839131,3439243384
30839131,1670751492
30839131,2215977878
30839131,2803591753
30839131,19965913
30839131,1473069499
30839131,2576365273
30839131,151141958
30839131,842328415
30839131,58767090
30839131,2396006202
30839131,2782507855
30839131,1608295104
30839131,58779612
30839131,59788326
30839131,3718954223
30839131,990802033
30839131,460163041
30839131,19003645
30839131,377346055
30839131,3722465415
30839131,336007986
30839131,48333598
30839131,135432853
30839131,1672010726
30839131,83593936
30839131,24553022
30839131,1371668696
30839131,948552829
30839131,22007357
30839131,281768682
30839131,3431135019
30839131,3042231323
30839131,3425868143
30839131,3402722639
30839131,3309770109
30839131,3369585760
30839131,218423826
30839131,2437285398
30839131,3312567028
30839131,599399505
30839131,240664803
30839131,589067658
30839131,16283478
30839131,21868154
30839131,97469609
30839131,2884662260
30839131,185223709
30839131,46368200
30839131,200903720
30839131,50438622
30839131,593708630
30839131,499158805
30839131,1368333523
30839131,411038465
30839131,587982005
30839131,2980985795
30839131,2879955712
30839131,2799657196
30839131,3078614566
30839131,257216911
30839131,242822343
30839131,86197337
30839131,839961756
30839131,20423769
30839131,610847692
30839131,2804198512
30839131,235123149
30839131,1640862162
30839131,2950623909
30839131,1992831
30839131,2915299047
30839131,14830931
30839131,975781932
30839131,544973686
30839131,307985653
30839131,297987111
30839131,382646721
30839131,1360229455
30839131,370317011
30839131,1453645412
30839131,117382161
30839131,1299643704
30839131,184775025
30839131,539151820
30839131,606272398
30839131,125983533
30839131,40227205
30839131,185802790
30839131,248684946
30839131,3049601715
30839131,273969688
30839131,42739208
30839131,273666444
30839131,175382460
30839131,30247200
30839131,2899536501
30839131,1967474647
30839131,2431758980
30839131,21196759
30839131,3015064731
30839131,224557686
30839131,2238324110
30839131,116729780
30839131,2838250691
30839131,342964178
30839131,429844775
30839131,21385190
30839131,22361996
30839131,2903085683
30839131,138496444
30839131,700074963
30839131,579976927
30839131,19179847
30839131,2896082817
30839131,413207230
30839131,480808114
30839131,2480998605
30839131,80925017
30839131,95405867
30839131,388296976
30839131,1044338209
30839131,307545079
30839131,198522367
30839131,105842463
30839131,297522407
30839131,305236970
30839131,63194187
30839131,81063819
30839131,222628269
30839131,385881980
30839131,154082412
30839131,212206083
30839131,1058190380
30839131,2197349300
30839131,468516393
30839131,2401564993
30839131,1253951312
30839131,1260521084
30839131,1569142699
30839131,486700437
30839131,411287111
30839131,125910395
30839131,313903560
30839131,23188759
30839131,2873757323
30839131,956538403
30839131,2332053439
30839131,1241305154
30839131,279046903
30839131,277692252
30839131,562339148
30839131,269230167
30839131,22929534
30839131,98139168
30839131,411474522
30839131,106097923
30839131,14621371
30839131,217864341
30839131,162445872
30839131,1857187530
30839131,1383849264
30839131,395185591
30839131,2447546506
30839131,888381853
30839131,470995034
30839131,40753142
30839131,1073662237
30839131,428543269
30839131,209246658
30839131,48711683
30839131,394023839
30839131,411678905
30839131,2866523230
30839131,928312772
30839131,334111568
30839131,522157793
30839131,14691032
30839131,2713933101
30839131,2398625900
30839131,14073484
30839131,2587318838
30839131,2343795830
30839131,263276483
30839131,2499225031
30839131,2555449212
30839131,19349699
30839131,1910982625
30839131,24926951
30839131,2679502970
30839131,136369886
30839131,2699185392
30839131,300927431
30839131,1490673811
30839131,488331488
30839131,2154762446
30839131,21281181
30839131,247306723
30839131,98073029
30839131,90736001
30839131,1603576730
30839131,20319462
30839131,19650966
30839131,17363477
30839131,2589125089
30839131,21688884
30839131,1927916960
30839131,21713520
30839131,2573216851
30839131,398241429
30839131,16303106
30839131,19397785
30839131,23585685
30839131,70186440
30839131,212205321
30839131,19246359
30839131,824153233
30839131,333992072
30839131,254489771
30839131,19875072
30839131,160983113
30839131,24443284
30839131,63746832
30839131,14276189
30839131,30043148
30839131,208155240
30839131,222177693
30839131,114782468
30839131,20608910
30839131,20043961
30839131,33792634
30839131,20571559
30839131,389060072
30839131,91381345
30839131,71294756
30839131,69181624
30839131,15224867
30839131,346726501
30839131,16271167
30839131,17325090
30839131,56863435
30839131,16681542
30839131,89787662
30839131,18588116
30839131,16299754
30839131,108617810
30839131,27901418
30839131,42350663
30839131,16913085
30839131,21357079
30839131,139847909
30839131,16460393
30839131,15473020
30839131,84075302
30839131,629560444
30839131,60399491
30839131,197590314
30839131,19589640
30839131,27559871
30839131,66231028
30839131,19976435
30839131,57037786
30839131,59463376
30839131,35856635
30839131,24516161
30839131,18720890
30839131,71903005
30839131,20427137
30839131,102333960
30839131,27764255
30839131,92797872
30839131,132915407
30839131,73112556
30839131,16459040
30839131,15185848
30839131,17063215
30839131,237241020
30839131,3373791
30839131,17918663
30839131,15566901
30839131,25562183
30839131,21614631
30839131,19682451
30839131,208120290
30839131,14282672
30839131,57707481
30839131,85136881
30839131,116716199
30839131,20164477
30839131,22384691
30839131,407008173
30839131,24145340
30839131,514854920
30839131,14159148
30839131,56405441
30839131,1690412382
30839131,214125777
30839131,30360274
30839131,20115463
30839131,40426994
30839131,14293310
30839131,26281917
30839131,80803819
30839131,1585476722
30839131,742143
30839131,14511951
30839131,21258827
30839131,2097571
30839131,14224719
30839131,5402612
30839131,1652541
30839131,19248800
30839131,257415817
30839131,27013292
30839131,51241574
30839131,22537325
30839131,268357486
30839131,259323371
30839131,20609518
30839131,500704345
30839131,206205469
30839131,296253874
30839131,460005853
30839131,410070653
30839131,28114871
30839131,258790331
30839131,19044557
30839131,24150634
30839131,18055408
30839131,17258874
30839131,110966797
30839131,358134245
30839131,861144656
30839131,48390963
30839131,198538431
30839131,521646421
30839131,17159484
30839131,106145926
30839131,290263087
30839131,211376476
30839131,593556512
30839131,22481098
30839131,42935670
30839131,206717989
30839131,22941152
30839131,53879771
30839131,32821327
30839131,440806053
30839131,248568868
30839131,150633655
30839131,833820320
30839131,1434218700
30839131,1253827106
30839131,1035088734
30839131,409652566
30839131,157118833
30839131,707921005
30839131,25869750
30839131,130430423
30839131,1558116900
30839131,52371281
30839131,1090403245
30839131,492081691
30839131,2474797405
30839131,20639521
30839131,260280345
30839131,141137711
30839131,1128116406
30839131,18487396
30839131,66705846
30839131,596940844
30839131,449573473
30839131,100080235
30839131,246591801
30839131,21390437
30839131,2464661338
30839131,1966868401
30839131,39516018
30839131,2217908346
30839131,61159137
30839131,19825909
30839131,49685629
30839131,606325697
30839131,593990592
30839131,510413227
30839131,154544589
30839131,50235991
30839131,432657686
30839131,848831221
30839131,53017384
30839131,119434647
30839131,177179008
30839131,300868924
30839131,199196447
30839131,157981564
30839131,198618575
30839131,53347647
30839131,196994616
30839131,169426475
30839131,376819013
30839131,1262320285
30839131,47922754
30839131,73847521
30839131,440810430
30839131,545343465
30839131,1605512862
30839131,204752573
30839131,17006157
30839131,2351519437
30839131,259348780
30839131,28160998
30839131,123754656
30839131,41602160
30839131,395388847
30839131,18600155
30839131,54015652
30839131,18975726
30839131,70349639
30839131,218653131
30839131,1019510833
30839131,135569863
30839131,2340296416
30839131,1353117870
30839131,362470265
30839131,1935725611
30839131,324607387
30839131,1201547533
30839131,2328735464
30839131,2336849528
30839131,48799954
30839131,1044352747
30839131,171009273
30839131,363090666
30839131,200147730
30839131,967914462
30839131,216314816
30839131,886504362
30839131,2202838202
30839131,370067163
30839131,2381129132
30839131,383671566
30839131,49573859
30839131,35094637
30839131,19394887
30839131,31248489
30839131,115485051
30839131,20766350
30839131,19967417
30839131,18896151
30839131,19663485
30839131,405123394
30839131,23640660
30839131,23694165
30839131,14746456
30839131,18758902
30839131,53039176
30839131,19292033
30839131,22425307
30839131,17308753
30839131,3310571
30839131,17169390
30839131,19310887
30839131,28029492
30839131,23780232
30839131,771383605
30839131,19472578
30839131,150677740
30839131,63136550
30839131,16632149
30839131,25535042
30839131,21898041
30839131,14592723
30839131,25928253
30839131,20809515
30839131,21905142
30839131,17693232
30839131,15100565
30839131,50300579
30839131,492288571
30839131,38221730
30839131,517472338
30839131,838930250
30839131,994090862
30839131,19563852
30839131,1464757501
30839131,18964273
30839131,82381798
30839131,14333754
30839131,87460291
30839131,19165467
30839131,15326324
30839131,183216420
30839131,624582615
30839131,20137281
30839131,15662464
30839131,8984292
30839131,15723971
30839131,182721799
30839131,62960607
30839131,16631693
30839131,17093617
30839131,16380856
30839131,177736182
30839131,17413907
30839131,124139163
30839131,280552265
30839131,283039088
30839131,908817920
30839131,50347145
30839131,1223197086
30839131,449760629
30839131,1362028758
30839131,827169590
30839131,415132850
30839131,427250013
30839131,599994307
30839131,40047002
30839131,854505078
30839131,1124745530
30839131,561494602
30839131,388016244
30839131,587485815
30839131,424479928
30839131,1281001034
30839131,1024599144
30839131,962548111
30839131,20280065
30839131,1381575236
30839131,1330457336
30839131,852940200
30839131,71259433
30839131,84128595
30839131,67442563
30839131,24175193
30839131,70235774
30839131,1061338303
30839131,117023019
30839131,408491810
30839131,20732710
30839131,39111982
30839131,183254309
30839131,184756856
30839131,29994840
30839131,230447447
30839131,122312272
30839131,190960735
30839131,45546544
30839131,105233969
30839131,165691815
30839131,1007282389
30839131,426173381
30839131,224295092
30839131,551894305
30839131,204801722
30839131,19534955
30839131,94081671
30839131,18058609
30839131,47395588
30839131,30313925
30839131,34076997
30839131,49781518
30839131,20586517
30839131,19921389
30839131,17884125
30839131,23415190
30839131,15005991
30839131,428333
30839131,20511502
30839131,20843014
30839131,33611297
30839131,17624543
30839131,14946308
30839131,5988062
30839131,21323268
30839131,15391813
30839131,19965362
30839131,103065157
30839131,41991527
30839131,759251
30839131,813286
30839131,23469895
30839131,56973687
30839131,452525370
30839131,64473945
30839131,92655778
30839131,40445123
30839131,24871986
30839131,20374554
30839131,14399076
30839131,437958130
30839131,267848181
30839131,564731762
30839131,28228196
30839131,593226120
30839131,595557547
30839131,605607770
30839131,39599578
30839131,143279865
30839131,16581604
30839131,17553433
30839131,193149849
30839131,199451833
30839131,183744853
30839131,112023806
30839131,19399441
30839131,263617020
30839131,55643408
30839131,338632928
30839131,307418369
30839131,33183005
30839131,60427250
30839131,17906684
30839131,19177501
30839131,239415478
30839131,276099167
30839131,42073701
30839131,68799516
30839131,48444054
30839131,217013522
30839131,156752577
30839131,51540549
30839131,254807872
30839131,263092307
30839131,263645194
30839131,7789612
30839131,23976386
30839131,68857938
30839131,74791047
30839131,683293
30839131,190951250
30839131,37479208
30839131,45479611
30839131,30963710
30839131,246465222
30839131,253955201
30839131,258559506
30839131,257446729
30839131,19889294
30839131,142698063
30839131,14499829
30839131,19658936
30839131,621543
30839131,22019881
30839131,15587500
30839131,16616061
30839131,6519522
30839131,15368404
30839131,15134240
30839131,6794502
30839131,146569971
30839131,59769395
30839131,15091978
30839131,20436059
30839131,43909630
30839131,44918155
30839131,20746250
30839131,44783853
30839131,18683406
30839131,16300786
30839131,118828764
30839131,1769551
30839131,20629893
30839131,23128066
30839131,103067293
30839131,106419970
30839131,59135084
30839131,34651221
30839131,218492383
30839131,63726308
30839131,111354912
30839131,13787352
30839131,33659010
30839131,18170896
30839131,22708797
30839131,10791192
30839131,19277186
30839131,17002395
30839131,26077026
30839131,27922157
30839131,22752559
30839131,18999585
30839131,11856422
30839131,36412963
30839131,125403342
30839131,39102997
30839131,23492012
30839131,17793097
30839131,39230578
30839131,22904901
30839131,21707734
30839131,71922638
30839131,807095
30839131,201433258
30839131,30582632
30839131,28808968
30839131,37958399
30839131,20599255
30839131,19903099
30839131,21182676
30839131,23421880
30839131,47617770
30839131,14761795
30839131,50393960
30839131,82282572
30839131,11518842
30839131,29214466
30839131,21783395
30839131,20583613
30839131,19265059
30839131,77229379
30839131,26276346
30839131,23263743
30839131,22419201
30839131,19528381
30839131,19591090
30839131,18717426
30839131,22820759
30839131,21324165
30839131,24241544
30839131,3550091
30839131,30041546
30839131,93862250
30839131,125313444
30839131,34423857
30839131,19033555
30839131,16854780
30839131,21112266
30839131,15392221
30839131,69712872
30839131,8665572
30839131,19019970
30839131,16451028
30839131,31237480
30839131,21138477
30839131,22276903
30839131,43435899
30839131,136293558
30839131,33838201
30839131,33584794
30839131,36303200
30839131,20536157
30839131,10228272
30839131,7996082
30839131,2561091
30839131,34690211
30839131,4898091
30839131,17163446
30839131,16664803
30839131,17865352
30839131,19393139
30839131,19111618
30839131,19264748
30839131,19973332
30839131,21821458
30839131,17477169
30839131,20560841
30839131,15683146
30839131,24458803
30839131,18135386
30839131,20781929
30839131,22167237
30839131,17311493
30839131,19649877
30839131,18268835
30839131,24881331
30839131,26017256
30839131,21817509
30839131,18764854
30839131,18382771
30839131,25657017
30839131,21318946
30839131,19674652
30839131,37895682
30839131,29075993
30839131,128223250
30839131,67028142
30839131,78311231
30839131,35591824
30839131,30198424
30839131,18584921
30839131,9242832
30839131,15492359
30839131,19391470
30839131,88892222
30839131,126047644
30839131,35798784
30839131,119714426
30839131,128168963
30839131,119162557
30839131,9995532
30839131,21195865
30839131,132218641
30839131,37350839
30839131,15861740
30839131,93687642
30839131,21425125
30839131,17989888
30839131,19689047
30839131,52055508
30839131,39760340
30839131,51032020
30839131,51300315
30839131,26032699
30839131,16825914
30839131,22633202
30839131,23924970
30839131,64182005
30839131,64788744
30839131,65038663
30839131,20139503
30839131,61223842
30839131,48835999
30839131,40073621
30839131,40768776
30839131,40732863
30839131,49947785
30839131,14975487
30839131,52720519
30839131,53142818
30839131,47024098
30839131,53938069
30839131,56168353
30839131,58992026
30839131,59250878
30839131,21997712
30839131,24673608
30839131,63213258
30839131,63172458
30839131,22478563
30839131,62615041
30839131,22616246
30839131,19722435
