3084929001,778413176
3084929001,147610206
3084929001,132360268
3084929001,981588014
3084929001,1671187903
3084929001,2792557771
3084929001,311032328
3084929001,368600084
3084929001,1326736190
3084929001,3447672321
3084929001,2353691906
3084929001,16672021
3084929001,394657050
3084929001,1108856407
3084929001,766816741
3084929001,4268266173
3084929001,146904949
3084929001,1644228493
3084929001,27158041
3084929001,17326959
3084929001,254630801
3084929001,4472476635
3084929001,4449919888
3084929001,1518565375
3084929001,146527889
3084929001,3001724220
3084929001,159917376
3084929001,124779370
3084929001,112822128
3084929001,123916637
3084929001,931804723
3084929001,144801356
3084929001,19029918
3084929001,134864087
3084929001,374109924
3084929001,210935992
3084929001,173558425
3084929001,188358180
3084929001,193101543
3084929001,3229838691
3084929001,190037399
3084929001,171632853
3084929001,326512684
3084929001,333497657
3084929001,2537953394
3084929001,1482333253
3084929001,2704380739
3084929001,186851803
3084929001,593789869
3084929001,221972744
3084929001,295751970
3084929001,1446488246
3084929001,196340158
3084929001,344940001
3084929001,555684585
3084929001,86219321
3084929001,152325528
3084929001,366713453
3084929001,161308045
3084929001,3273302810
3084929001,133398816
3084929001,1319334054
3084929001,1705649064
3084929001,2332059306
3084929001,268072514
3084929001,3091376321
3084929001,2852464335
3084929001,31133330
3084929001,97354141
3084929001,170981688
3084929001,3073634489
3084929001,220433012
3084929001,290789612
3084929001,525264466
3084929001,2484652189
3084929001,45013575
3084929001,146887578
3084929001,3131430028
3084929001,150415910
3084929001,218314577
3084929001,1532058048
3084929001,158539518
3084929001,2798179152
3084929001,2910840034
3084929001,795581616
3084929001,1924383264
3084929001,182925466
3084929001,162128428
3084929001,19722366
3084929001,199807745
3084929001,1864359570
3084929001,181134611
3084929001,190443872
3084929001,351754203
3084929001,131574396
3084929001,507419507
3084929001,171650522
3084929001,134910253
3084929001,38078904
3084929001,317444374
3084929001,8565932
3084929001,201753083
3084929001,216106179
3084929001,594197276
3084929001,198991734
3084929001,70724306
3084929001,59604175
3084929001,121039771
3084929001,182644738
3084929001,123937349
3084929001,596743018
3084929001,179960598
3084929001,103629069
3084929001,144307376
3084929001,53108902
3084929001,196362385
3084929001,2193878394
3084929001,153973953
3084929001,208413101
3084929001,145685744
3084929001,1252764865
3084929001,48187686
3084929001,482389606
3084929001,948552829
3084929001,2916009329
3084929001,3029251635
3084929001,2953955753
3084929001,412199931
3084929001,209675212
3084929001,12146252
3084929001,87726517
3084929001,724235414
3084929001,186210456
3084929001,216821966
3084929001,142526936
3084929001,150884948
3084929001,1581921480
3084929001,25555639
3084929001,153900887
3084929001,61081201
3084929001,162255990
3084929001,209780362
3084929001,202860708
3084929001,158342368
3084929001,2288138575
3084929001,270168698
3084929001,144929758
3084929001,244175447
3084929001,153169998
3084929001,148752676
3084929001,627904763
3084929001,267355099
3084929001,138814032
3084929001,137810514
3084929001,1961403428
3084929001,132638001
3084929001,148753334
3084929001,369120654
3084929001,172795770
3084929001,519497576
3084929001,150903507
3084929001,143852870
3084929001,119998164
3084929001,175184120
3084929001,178086357
3084929001,177342424
3084929001,143175654
3084929001,27515656
3084929001,143186743
3084929001,67334466
3084929001,537300529
