3130309443,3018055374
3130309443,280336507
3130309443,271409574
3130309443,88441571
3130309443,1621815577
3130309443,432321542
3130309443,49795223
3130309443,239590766
3130309443,982817934
3130309443,188959036
3130309443,18977759
3130309443,15332026
3130309443,83485684
3130309443,100358168
3130309443,59993190
3130309443,26853182
3130309443,37543640
3130309443,391925740
3130309443,170583272
3130309443,2423096812
3130309443,161038831
3130309443,2563762520
3130309443,902301871
3130309443,16666746
3130309443,85021053
3130309443,314575733
3130309443,25122921
3130309443,180924717
3130309443,252862758
3130309443,1068677802
3130309443,14745870
3130309443,148347316
3130309443,56778015
3130309443,390956655
3130309443,2508740448
3130309443,501039576
3130309443,2430916860
3130309443,1948462927
3130309443,47915362
3130309443,351506154
3130309443,446439196
3130309443,237376611
3130309443,207331978
3130309443,95695777
3130309443,2837926739
3130309443,2369564863
3130309443,2719608084
3130309443,2717955420
3130309443,1384866925
3130309443,576885027
3130309443,114274188
3130309443,325022140
3130309443,18016469
3130309443,405845819
3130309443,263127650
3130309443,56547005
3130309443,1684787094
3130309443,188144759
3130309443,265628095
3130309443,768910214
3130309443,247453946
3130309443,15665878
3130309443,942178110
3130309443,1203373566
3130309443,514022306
3130309443,49134769
3130309443,553636326
3130309443,153836844
3130309443,79314105
3130309443,523895440
3130309443,3115522816
3130309443,3106453569
3130309443,284298422
3130309443,2950586109
3130309443,2987108944
3130309443,2200874847
3130309443,155350206
3130309443,194428879
3130309443,327510759
3130309443,1270962968
3130309443,2605679917
3130309443,417999723
3130309443,112817876
3130309443,306854969
3130309443,1555649119
3130309443,255682167
3130309443,75370354
3130309443,280969415
3130309443,56641350
3130309443,2855895593
3130309443,2784043980
3130309443,617182483
3130309443,1116854136
3130309443,324132039
3130309443,2976654059
3130309443,202503419
3130309443,1200328969
3130309443,353989862
3130309443,1133922385
3130309443,2916646093
3130309443,306720533
3130309443,20199169
3130309443,258556959
3130309443,19064408
3130309443,2929420324
3130309443,572643089
3130309443,139366642
3130309443,159836857
3130309443,1117599547
3130309443,389581902
3130309443,2692610781
3130309443,628191918
3130309443,177563853
3130309443,74915362
3130309443,379371673
3130309443,863460552
3130309443,505386939
3130309443,92690641
3130309443,448203698
3130309443,1100342040
3130309443,1460846220
3130309443,586953538
3130309443,14658441
3130309443,2342304199
3130309443,37654987
3130309443,1884665622
3130309443,453394831
3130309443,2800473921
3130309443,2473355919
3130309443,539156580
3130309443,2539145820
3130309443,196143489
3130309443,522518086
3130309443,273554658
3130309443,60933986
3130309443,2383142874
3130309443,298884082
3130309443,3069820366
3130309443,2382773496
3130309443,362916003
3130309443,206720945
3130309443,2182289077
3130309443,798779833
3130309443,2354625684
3130309443,385970628
3130309443,2498703975
3130309443,380058756
3130309443,393754677
3130309443,481234766
3130309443,2795731648
3130309443,2635025767
3130309443,24248219
3130309443,628779593
3130309443,525677604
3130309443,1089917850
3130309443,1867545458
3130309443,1496387354
3130309443,546004440
3130309443,713427612
3130309443,110285697
3130309443,1537898071
3130309443,27078161
3130309443,380523997
3130309443,49957443
3130309443,615470872
3130309443,32495131
3130309443,860055470
3130309443,197495727
3130309443,499453411
3130309443,2172133068
3130309443,227728527
3130309443,22329544
3130309443,96338290
3130309443,2925170066
3130309443,2788103360
3130309443,32648067
3130309443,44132769
3130309443,399534505
3130309443,456462273
3130309443,421358835
3130309443,33751199
3130309443,2776427772
3130309443,3124412109
3130309443,2991344921
3130309443,15088465
3130309443,324851433
3130309443,179739181
3130309443,170695746
3130309443,1345019419
3130309443,1308001550
3130309443,2328665010
3130309443,90867109
3130309443,2588066755
3130309443,2348384719
3130309443,2805467300
3130309443,2167899195
3130309443,60463506
3130309443,289745782
3130309443,24449241
3130309443,29900352
3130309443,491437408
3130309443,2283049465
3130309443,360477395
3130309443,379493016
3130309443,2745777313
3130309443,3021175430
3130309443,7809112
3130309443,2846620537
3130309443,1145042486
3130309443,278938586
3130309443,387605424
3130309443,245720682
3130309443,74748578
3130309443,1018963783
3130309443,2833760769
3130309443,282533810
3130309443,506583233
3130309443,119496949
3130309443,285965053
3130309443,25045805
3130309443,2382657882
3130309443,2147490641
3130309443,1036756046
3130309443,541589186
3130309443,374692126
3130309443,1862422560
3130309443,2247928058
3130309443,1232089772
3130309443,1196419998
3130309443,2419673893
3130309443,2999183170
3130309443,225162104
3130309443,1941622166
3130309443,536538982
3130309443,3108384506
3130309443,370155792
3130309443,34568038
3130309443,268003960
3130309443,2241391176
3130309443,255367414
3130309443,460305032
3130309443,1582506954
3130309443,38944789
3130309443,46477409
3130309443,109254331
3130309443,485124967
3130309443,20646435
3130309443,51955412
3130309443,325791952
3130309443,891114254
3130309443,33528435
3130309443,311576297
3130309443,377229085
3130309443,594735764
3130309443,233362135
3130309443,308949965
3130309443,717285362
3130309443,2815089986
3130309443,2226651938
3130309443,1324809594
3130309443,301536209
3130309443,460699768
3130309443,211971090
3130309443,911440993
3130309443,1163090066
3130309443,301146324
3130309443,189617115
3130309443,404074938
3130309443,20733930
3130309443,529010699
3130309443,31257972
3130309443,1466036630
3130309443,3079729280
3130309443,119502597
3130309443,21043723
3130309443,808650354
3130309443,2828409654
3130309443,15250661
3130309443,823497751
3130309443,379902238
3130309443,17472479
3130309443,191422379
3130309443,53490707
3130309443,2875547303
3130309443,205709091
3130309443,1496162744
3130309443,232805968
3130309443,1739143135
3130309443,65794147
3130309443,1156230678
3130309443,582675338
3130309443,513482916
3130309443,34813458
3130309443,1399665326
3130309443,705451876
3130309443,24399660
3130309443,1659022418
3130309443,2413026841
3130309443,764166072
3130309443,272218368
3130309443,454961573
3130309443,778383188
3130309443,2336615222
3130309443,296456026
3130309443,2513907842
3130309443,14163577
3130309443,25953093
3130309443,1367258070
3130309443,2216130431
3130309443,2477371176
3130309443,346096390
3130309443,531872166
3130309443,17770659
3130309443,40353894
3130309443,2966931245
3130309443,2287521847
3130309443,418731189
3130309443,72190061
3130309443,2521748297
3130309443,349796751
3130309443,537570342
3130309443,14931832
3130309443,273572595
3130309443,145112324
3130309443,1048832762
3130309443,2179577552
3130309443,453727548
3130309443,998425398
3130309443,8834412
3130309443,2747448581
3130309443,36682844
3130309443,31490311
3130309443,2893991
3130309443,2899121939
3130309443,254293426
3130309443,33684563
3130309443,1444772641
3130309443,771977774
3130309443,339362615
3130309443,574860146
3130309443,423559593
3130309443,53103353
3130309443,280463458
3130309443,429632340
3130309443,510301970
3130309443,93280916
3130309443,47289910
3130309443,2747537036
3130309443,43575990
3130309443,560471801
3130309443,65462418
3130309443,618302791
3130309443,133296888
3130309443,2765450028
3130309443,233657187
3130309443,489449994
3130309443,416205910
3130309443,396109736
3130309443,2381151809
3130309443,2713688703
3130309443,52795973
3130309443,2238622555
3130309443,15174710
3130309443,21806064
3130309443,14085367
3130309443,119358270
3130309443,122880879
3130309443,259865785
3130309443,208189808
3130309443,797749220
3130309443,232980131
3130309443,241634539
3130309443,948552829
3130309443,316826853
3130309443,2313418640
3130309443,38495884
3130309443,98936574
3130309443,337824024
3130309443,2326437494
3130309443,1545788730
3130309443,40249873
3130309443,246797147
3130309443,53749016
3130309443,42558786
3130309443,20267195
3130309443,34747504
3130309443,389798724
3130309443,2795957397
3130309443,569665572
3130309443,25908346
3130309443,123116948
3130309443,224798821
3130309443,177162213
3130309443,2991680846
3130309443,604676748
3130309443,2740174936
3130309443,23180169
3130309443,429297207
3130309443,58323318
3130309443,1020987296
3130309443,15344157
3130309443,577711131
3130309443,46684496
3130309443,139264039
3130309443,8637122
3130309443,2998655740
3130309443,164160570
3130309443,46927431
3130309443,287980751
3130309443,36865012
3130309443,228824962
3130309443,1279385311
3130309443,1038479881
3130309443,305821203
3130309443,2969424470
3130309443,45182279
3130309443,32574978
3130309443,1011868602
3130309443,2911396602
3130309443,88053142
3130309443,478672109
3130309443,352824528
3130309443,103510905
3130309443,248942722
3130309443,210752794
3130309443,2231626974
3130309443,1075308734
3130309443,186780312
3130309443,111026350
3130309443,2358697314
3130309443,197296994
3130309443,2434695528
3130309443,150212862
3130309443,459575951
3130309443,2937629592
3130309443,31016848
3130309443,17563531
3130309443,257537116
3130309443,2885602614
3130309443,234619852
3130309443,704818937
3130309443,394994979
3130309443,2967905734
3130309443,2684738857
3130309443,357557096
3130309443,2660948137
3130309443,31559124
3130309443,312102256
3130309443,7901142
3130309443,221893466
3130309443,23530150
3130309443,2801111716
3130309443,1880324616
3130309443,498366948
3130309443,43721877
3130309443,32495555
3130309443,21080647
3130309443,43384586
3130309443,68906906
3130309443,501230897
3130309443,152356091
3130309443,453598493
3130309443,1956218850
3130309443,2313894878
3130309443,113622962
3130309443,273483018
3130309443,2189229457
3130309443,129941034
3130309443,1204287228
3130309443,2180248827
3130309443,39083057
3130309443,2331331699
3130309443,18690139
3130309443,2539692772
3130309443,2944330194
3130309443,19908156
3130309443,18632884
3130309443,574508945
3130309443,22722935
3130309443,14519015
3130309443,14954441
3130309443,16301171
3130309443,2350333249
3130309443,1268081923
3130309443,234140659
3130309443,3088423055
3130309443,2742202765
3130309443,1917558739
3130309443,30049064
3130309443,222864554
3130309443,251024167
3130309443,2542358154
3130309443,2584141254
3130309443,2438426963
3130309443,245556508
3130309443,209517865
3130309443,3012793267
3130309443,1123149523
3130309443,604478378
3130309443,16314248
3130309443,1741694364
3130309443,23556379
3130309443,866838283
3130309443,2204249563
3130309443,2819314887
3130309443,468716965
3130309443,912974293
3130309443,630796314
3130309443,2886570024
3130309443,320914056
3130309443,3014251705
3130309443,2927364247
3130309443,577571175
3130309443,23280261
3130309443,192123520
3130309443,861287130
3130309443,1253754266
3130309443,86587925
3130309443,20189613
3130309443,2484433986
3130309443,171200749
3130309443,1066655329
3130309443,317586618
3130309443,378370442
3130309443,138848875
3130309443,1095635868
3130309443,321654673
3130309443,41871452
3130309443,395578461
3130309443,2835056727
3130309443,36035287
3130309443,1235619416
3130309443,146736394
3130309443,1041072355
3130309443,45674320
3130309443,22826694
3130309443,951181872
3130309443,1370056878
3130309443,356974620
3130309443,706811762
3130309443,18660448
3130309443,78978220
3130309443,1488159120
3130309443,482502031
3130309443,446323870
3130309443,529439702
3130309443,474173927
3130309443,255531287
3130309443,871834292
3130309443,413511436
3130309443,2664586687
3130309443,403771434
3130309443,2531087773
3130309443,20674926
3130309443,35828765
3130309443,29627646
3130309443,2645508641
3130309443,1021367280
3130309443,386059751
3130309443,2442011593
3130309443,62069769
3130309443,2865704564
3130309443,169076352
3130309443,174867968
3130309443,2265666310
3130309443,390885799
3130309443,3097189664
3130309443,594295851
3130309443,2922062528
3130309443,187912842
3130309443,26012079
3130309443,29368194
3130309443,2722004991
3130309443,59797465
3130309443,407907020
3130309443,40669708
3130309443,350331626
3130309443,946518139
3130309443,1090318284
3130309443,2801964437
3130309443,14667160
3130309443,502373993
3130309443,239826755
3130309443,1691649139
3130309443,324719378
3130309443,1190265804
3130309443,2749994399
3130309443,354276683
3130309443,2170443528
3130309443,2877112099
3130309443,171213946
3130309443,2847350359
3130309443,288595791
3130309443,315542362
3130309443,303902398
3130309443,2978328262
3130309443,2912246226
3130309443,225999244
3130309443,887765574
3130309443,101488126
3130309443,100676186
3130309443,2733326949
3130309443,1250198521
3130309443,3063827253
3130309443,54215003
3130309443,2374264382
3130309443,2529369194
3130309443,261621272
3130309443,219355854
3130309443,206453385
3130309443,3082451500
3130309443,47461501
3130309443,11594612
3130309443,22676335
3130309443,1491192668
3130309443,185810019
3130309443,2264061570
3130309443,2200489578
3130309443,2639102142
3130309443,66038345
3130309443,2239498417
3130309443,14699024
3130309443,1454893184
3130309443,334506918
3130309443,469827982
3130309443,15705538
3130309443,107186239
3130309443,1587233990
3130309443,34664379
3130309443,3047350853
3130309443,711661999
3130309443,365122474
3130309443,2283331981
3130309443,86151810
3130309443,246644821
3130309443,401650165
3130309443,499455211
3130309443,66658324
3130309443,177951261
3130309443,122467348
3130309443,383943798
3130309443,101357415
3130309443,950534928
3130309443,255826265
3130309443,2954453815
3130309443,391087241
3130309443,2702625458
3130309443,324141563
3130309443,1604456378
3130309443,579279056
3130309443,1434817212
3130309443,415568160
3130309443,3015056469
3130309443,2779471753
3130309443,42652645
3130309443,113051754
3130309443,194524491
3130309443,38876862
3130309443,2491477495
3130309443,1591949886
3130309443,2970915251
3130309443,72208768
3130309443,135394878
3130309443,440263972
3130309443,188301679
3130309443,3091390426
3130309443,2500624684
3130309443,1022835746
3130309443,600277940
3130309443,2992396462
3130309443,338682228
3130309443,1556210647
3130309443,385209681
3130309443,19002513
3130309443,22815781
3130309443,473260391
3130309443,3041831404
3130309443,2164972336
3130309443,488904431
3130309443,8928302
3130309443,182607490
3130309443,18205260
3130309443,189739671
3130309443,617205323
3130309443,190640054
3130309443,361182194
3130309443,38547708
3130309443,173495003
3130309443,1420725224
3130309443,149925742
3130309443,1635311762
3130309443,357879129
3130309443,28128409
3130309443,1327496538
3130309443,278713217
3130309443,35348897
3130309443,397444636
3130309443,175070236
3130309443,275323287
3130309443,255202091
3130309443,216596667
3130309443,30225022
3130309443,1554413384
3130309443,97884015
3130309443,24438825
3130309443,389305111
3130309443,25161226
3130309443,1241656992
3130309443,114363962
3130309443,2546996959
3130309443,548621252
3130309443,519718043
3130309443,713361782
3130309443,267530930
3130309443,2745597643
3130309443,474887823
3130309443,309656268
3130309443,2820341269
3130309443,292215726
3130309443,561690156
3130309443,294773547
3130309443,310223657
3130309443,727799834
3130309443,281522957
3130309443,27584514
3130309443,1667210599
3130309443,368518498
3130309443,216800970
3130309443,245450796
3130309443,119321679
3130309443,2826223174
3130309443,713894526
3130309443,320390336
3130309443,187281070
3130309443,38719221
3130309443,2174650705
3130309443,2792773754
3130309443,2418307766
3130309443,22918949
3130309443,2198230172
3130309443,263322599
3130309443,497463899
3130309443,27511040
3130309443,2813108871
3130309443,528612788
3130309443,899235049
3130309443,273527263
3130309443,2863913759
3130309443,345219510
3130309443,191128277
3130309443,51320411
3130309443,28369153
3130309443,1828363278
3130309443,461257930
3130309443,120176582
3130309443,313336233
3130309443,14239737
3130309443,45156993
3130309443,20569651
3130309443,306324521
3130309443,262759072
3130309443,541208867
3130309443,459923218
3130309443,178568673
3130309443,289959254
3130309443,2293487491
3130309443,2418108368
3130309443,20218572
3130309443,766035416
3130309443,87270331
3130309443,18324048
3130309443,80319402
3130309443,50843982
3130309443,2545346679
3130309443,2431070528
3130309443,14227327
3130309443,23500881
3130309443,382038351
3130309443,3081597406
3130309443,270218801
3130309443,421847218
3130309443,2573657045
3130309443,35013620
3130309443,23028896
3130309443,23324240
3130309443,212483336
3130309443,185333846
3130309443,229201462
3130309443,2950632130
3130309443,344597877
3130309443,1852116582
3130309443,312644410
3130309443,54163857
3130309443,20658212
3130309443,47833728
3130309443,276092722
3130309443,2327372822
3130309443,73718771
3130309443,485481599
3130309443,1093942950
3130309443,295272875
3130309443,2332564351
3130309443,273692750
3130309443,85283415
3130309443,3043477396
3130309443,31239603
3130309443,374633743
3130309443,2405378612
3130309443,2580582104
3130309443,2448731496
3130309443,1014622820
3130309443,123205565
3130309443,1255894542
3130309443,2893907297
3130309443,33836273
3130309443,208186080
3130309443,331393536
3130309443,185854466
3130309443,2258681096
3130309443,42752722
3130309443,16933554
3130309443,517526708
3130309443,2372496690
3130309443,3073800376
3130309443,37208326
3130309443,3063964331
3130309443,397584147
3130309443,194689970
3130309443,1897397066
3130309443,555190808
3130309443,82274285
3130309443,487887376
3130309443,398979984
3130309443,40342129
3130309443,2312540082
3130309443,129707433
3130309443,181645818
3130309443,19920822
3130309443,27445904
3130309443,41344511
3130309443,22779823
3130309443,899160997
3130309443,2265936275
3130309443,360374091
3130309443,63150510
3130309443,39841031
3130309443,32345758
3130309443,11910912
3130309443,78250421
3130309443,18146336
3130309443,555583935
3130309443,498167125
3130309443,17872419
3130309443,31885535
3130309443,317329114
3130309443,20965926
3130309443,2341330476
3130309443,32212958
3130309443,105974236
3130309443,43301668
3130309443,2225319323
3130309443,595730055
3130309443,17089868
3130309443,50314783
3130309443,633928725
3130309443,809497220
3130309443,1578208243
3130309443,228802412
3130309443,480960789
3130309443,439130406
3130309443,1663706126
3130309443,1697123221
3130309443,1351154054
3130309443,3038596496
3130309443,22221184
3130309443,551645354
3130309443,1177515841
3130309443,2187617077
3130309443,146209258
3130309443,2813908164
3130309443,580103715
3130309443,107837123
3130309443,854114136
3130309443,2902526344
3130309443,2666712880
3130309443,2897753977
3130309443,200984633
3130309443,319614304
3130309443,81364719
3130309443,3053502034
3130309443,24827501
3130309443,628730211
3130309443,65287461
3130309443,2862263271
3130309443,1720400120
3130309443,630437934
3130309443,340732994
3130309443,341504812
3130309443,730726717
3130309443,19237173
3130309443,128290224
3130309443,1885180225
3130309443,45949970
3130309443,726534258
3130309443,700077727
3130309443,3120204196
3130309443,2431641404
3130309443,161981983
3130309443,226874891
3130309443,285037993
3130309443,1584406447
3130309443,31513770
3130309443,2489826049
3130309443,263121733
3130309443,2213530531
3130309443,885706218
3130309443,293132440
3130309443,563341219
3130309443,244195616
3130309443,36508326
3130309443,525861173
3130309443,145349397
3130309443,51755600
3130309443,114324723
3130309443,632275978
3130309443,44800167
3130309443,321052794
3130309443,281048256
3130309443,383112441
3130309443,46671524
3130309443,274911006
3130309443,2752695621
3130309443,551341278
3130309443,960736752
3130309443,600676739
3130309443,2525671218
3130309443,2652060043
3130309443,22992264
3130309443,227264962
3130309443,2342818927
3130309443,11234562
3130309443,219218844
3130309443,106959218
3130309443,1542652664
3130309443,406838630
3130309443,2829058387
3130309443,573255325
3130309443,504141657
3130309443,2913218229
3130309443,1211631936
3130309443,30420864
3130309443,287629347
3130309443,386566905
3130309443,2399944969
3130309443,438038260
3130309443,128592485
3130309443,1318573524
3130309443,371532861
3130309443,2901025788
3130309443,554176380
3130309443,122870987
3130309443,1305473316
3130309443,2491523563
3130309443,1931681018
3130309443,62466890
3130309443,124263489
3130309443,1158314846
3130309443,30434371
3130309443,30350075
3130309443,579273315
3130309443,341359613
3130309443,518875647
3130309443,2769020573
3130309443,1110284683
3130309443,2485294575
3130309443,60832546
3130309443,20214170
3130309443,2392152907
3130309443,246376174
3130309443,208704666
3130309443,736633716
3130309443,1920810228
3130309443,2284881504
3130309443,514768166
3130309443,202937973
3130309443,836134525
3130309443,1547273112
3130309443,616334199
3130309443,135339042
3130309443,113271149
3130309443,62913565
3130309443,2412971276
3130309443,1726046556
3130309443,434607138
3130309443,98695529
3130309443,823203732
3130309443,2750955454
3130309443,71649643
3130309443,45833900
3130309443,2854995744
3130309443,3083644399
3130309443,184738655
3130309443,2291732533
3130309443,2969561818
3130309443,3041771397
3130309443,57158276
3130309443,402957330
3130309443,3083441758
3130309443,341422666
3130309443,579570476
3130309443,450235463
3130309443,15668875
3130309443,1115688524
3130309443,345698303
3130309443,2991344729
3130309443,376285425
3130309443,136962066
3130309443,204036523
3130309443,125903932
3130309443,3026653234
3130309443,802888610
3130309443,85630569
3130309443,1567852172
3130309443,3068053695
3130309443,2439047330
3130309443,2361618777
3130309443,356740432
3130309443,456788156
3130309443,1451777042
3130309443,359279453
3130309443,556551795
3130309443,2435413567
3130309443,81305559
3130309443,982939620
3130309443,1976610601
3130309443,577652051
3130309443,1547168490
3130309443,371492044
3130309443,580289796
3130309443,3037014399
3130309443,601661532
3130309443,30977232
3130309443,476353375
3130309443,2897586550
3130309443,2268640134
3130309443,1234989258
3130309443,228268155
3130309443,1443231998
3130309443,212949007
3130309443,2503397485
3130309443,292668086
3130309443,1093283353
3130309443,17960331
3130309443,1138364317
3130309443,1426825214
3130309443,240008417
3130309443,520253823
3130309443,1528315736
3130309443,2776931634
3130309443,145694312
3130309443,162580727
3130309443,1055080658
3130309443,31083978
3130309443,2227797054
3130309443,1663203410
3130309443,19078064
3130309443,607045093
3130309443,2856010294
3130309443,519634043
3130309443,14145846
3130309443,1519817474
3130309443,1005635479
3130309443,1368720054
3130309443,392623980
3130309443,45401748
3130309443,21231740
3130309443,189843602
3130309443,1673199080
3130309443,2859563458
3130309443,276071673
3130309443,190166906
3130309443,184934696
3130309443,269544680
3130309443,33744454
3130309443,252855573
3130309443,34020265
3130309443,1522653108
3130309443,476918244
3130309443,25691741
3130309443,180120675
3130309443,1918458674
3130309443,264765210
3130309443,2956066257
3130309443,2769872396
3130309443,30775599
3130309443,142819024
3130309443,37506815
3130309443,2400155430
3130309443,275215038
3130309443,128071154
3130309443,540557147
3130309443,285309021
3130309443,1373267972
3130309443,287618880
3130309443,2351284300
3130309443,504625171
3130309443,2959125194
3130309443,313011023
3130309443,515212781
3130309443,27758335
3130309443,471132555
3130309443,327238660
3130309443,471784551
3130309443,351065252
3130309443,2207783860
3130309443,723233515
3130309443,2701095499
3130309443,294028805
3130309443,248064136
3130309443,550500607
3130309443,577197190
3130309443,517964873
3130309443,2586998556
3130309443,272651307
3130309443,3047528007
3130309443,193209221
3130309443,14594262
3130309443,886055990
3130309443,306850441
3130309443,23803265
3130309443,20689461
3130309443,1664498172
3130309443,281290617
3130309443,384922425
3130309443,260929159
3130309443,36310864
3130309443,1410663703
3130309443,2762075302
3130309443,34259389
3130309443,50621093
3130309443,622301287
3130309443,227054258
3130309443,1216834404
3130309443,909198990
3130309443,423817935
3130309443,2183313733
3130309443,1891302211
3130309443,120061812
3130309443,175035751
3130309443,76405675
3130309443,1315950452
3130309443,608759194
3130309443,100168695
3130309443,65621954
3130309443,1440388490
3130309443,395549714
3130309443,739272306
3130309443,436828723
3130309443,15306886
3130309443,2991111095
3130309443,31114893
3130309443,1891951
3130309443,1373726323
3130309443,320892377
3130309443,2534578448
3130309443,2849812659
3130309443,375834369
3130309443,69351660
3130309443,168641414
3130309443,145145188
3130309443,718035971
3130309443,2698421834
3130309443,615156915
3130309443,390733743
3130309443,26062057
3130309443,1409928553
3130309443,2732491460
3130309443,2250995496
3130309443,116016515
3130309443,18603111
3130309443,219682508
3130309443,212020451
3130309443,250953849
3130309443,266763129
3130309443,1902231691
3130309443,822620330
3130309443,2908441178
3130309443,429564516
3130309443,1200421652
3130309443,1291055018
3130309443,201823393
3130309443,1562333539
3130309443,253672875
3130309443,775951554
3130309443,14465220
3130309443,3115537007
3130309443,421500157
3130309443,20273312
3130309443,435476390
3130309443,23261715
3130309443,2156072999
3130309443,51089691
3130309443,1236736002
3130309443,1589889272
3130309443,60976401
3130309443,329993613
3130309443,279424457
3130309443,3019429198
3130309443,363922827
3130309443,435847562
3130309443,549878862
3130309443,804897378
3130309443,1369272212
3130309443,306510469
3130309443,604988376
3130309443,1648745868
3130309443,54333132
3130309443,8885922
3130309443,2347370478
3130309443,275458363
3130309443,1661967774
3130309443,252244719
3130309443,126681658
3130309443,334727153
3130309443,518834852
3130309443,1031980002
3130309443,19884236
3130309443,2677080563
3130309443,1065981584
3130309443,77300706
3130309443,166976517
3130309443,129557792
3130309443,357911164
3130309443,21365593
3130309443,16669916
3130309443,1024535870
3130309443,319594637
3130309443,14521979
3130309443,2801608930
3130309443,2663703668
3130309443,556922959
3130309443,2801334731
3130309443,316131489
3130309443,21049852
3130309443,55142105
3130309443,616034249
3130309443,755426353
3130309443,1937362849
3130309443,10403842
3130309443,2974681637
3130309443,2279693826
3130309443,343581018
3130309443,287664992
3130309443,404240393
3130309443,1793641866
3130309443,3070172637
3130309443,2437448389
3130309443,2446066286
3130309443,95997568
3130309443,2503662311
3130309443,178522695
3130309443,565488913
3130309443,536796038
3130309443,1919875136
3130309443,919854463
3130309443,345518388
3130309443,395100290
3130309443,629701007
3130309443,66359327
3130309443,2197133484
3130309443,368727197
3130309443,461117155
3130309443,482362453
3130309443,1319769522
3130309443,1357974931
3130309443,558751692
3130309443,1077224460
3130309443,522603070
3130309443,964003728
3130309443,2278628472
3130309443,631263887
3130309443,552613418
3130309443,17535561
3130309443,186090550
3130309443,23224743
3130309443,2803882160
3130309443,289058341
3130309443,2911026834
3130309443,15472426
3130309443,709891200
3130309443,86336795
3130309443,2935360949
3130309443,1325935694
3130309443,2859443173
3130309443,2906655506
3130309443,271426365
3130309443,536601429
3130309443,1083738127
3130309443,44933229
3130309443,70123062
3130309443,118613399
3130309443,163539747
3130309443,35014262
3130309443,38959433
3130309443,720899318
3130309443,476386762
3130309443,101224627
3130309443,179197309
3130309443,2487483735
3130309443,234023624
3130309443,2892407546
3130309443,3101872845
3130309443,211624413
3130309443,417147285
3130309443,332053743
3130309443,867829358
3130309443,100891481
3130309443,477548630
3130309443,17962556
3130309443,35877887
3130309443,2715128692
3130309443,1328335878
3130309443,1003174388
3130309443,1080494257
3130309443,260726157
3130309443,51224634
3130309443,16411981
3130309443,338688232
3130309443,261395971
3130309443,1036688322
3130309443,451550155
3130309443,1555429345
3130309443,250765327
3130309443,194727898
3130309443,542946143
3130309443,61615663
3130309443,88103477
3130309443,133135119
3130309443,3036911119
3130309443,2667218856
3130309443,193169650
3130309443,607363619
3130309443,1584381
3130309443,213199071
3130309443,414038777
3130309443,955969070
3130309443,350727421
3130309443,128258493
3130309443,193633774
3130309443,1117528086
3130309443,397742804
3130309443,1936175154
3130309443,1008985027
3130309443,255396891
3130309443,526083739
3130309443,19969037
3130309443,2292746436
3130309443,2950542357
3130309443,2776157414
3130309443,763325125
3130309443,846945457
3130309443,294775506
3130309443,956476459
3130309443,3048395699
3130309443,2869434224
3130309443,259563390
3130309443,293922817
3130309443,20104750
3130309443,2870096177
3130309443,387813149
3130309443,618205788
3130309443,2561384380
3130309443,3004847224
3130309443,2652975040
3130309443,1638920197
3130309443,482838115
3130309443,623417069
3130309443,165833395
3130309443,421972267
3130309443,7230
3130309443,1111850017
3130309443,630135359
3130309443,2173074698
3130309443,232657251
3130309443,22926828
3130309443,16226848
3130309443,1649652782
3130309443,338819399
3130309443,244437889
3130309443,2851168828
3130309443,135973489
3130309443,237476797
3130309443,2479709029
3130309443,575632956
3130309443,2373073274
3130309443,1876045614
3130309443,3087537685
3130309443,631430817
3130309443,22818335
3130309443,77271866
3130309443,72015724
3130309443,576520788
3130309443,937853904
3130309443,2208579119
3130309443,3022069647
3130309443,22089863
3130309443,201806181
3130309443,2332175406
3130309443,816716820
3130309443,1398907218
3130309443,2443723658
3130309443,381956033
3130309443,2660120936
3130309443,330282959
3130309443,53834715
3130309443,15024468
3130309443,604592658
3130309443,65392288
3130309443,567075806
3130309443,34589258
3130309443,68014075
3130309443,2590147053
3130309443,2771006904
3130309443,125837501
3130309443,525960432
3130309443,1318418390
3130309443,68739089
3130309443,2979710548
3130309443,335660433
3130309443,605351322
3130309443,2954907988
3130309443,227661877
3130309443,492345689
3130309443,1460288238
3130309443,2516323568
3130309443,807406496
3130309443,32158630
3130309443,1578690073
3130309443,1128651434
3130309443,554880228
3130309443,69335999
3130309443,563623451
3130309443,297976552
3130309443,301451308
3130309443,385748435
3130309443,284664881
3130309443,2396586044
3130309443,1206151860
3130309443,218648241
3130309443,351385477
3130309443,477806980
3130309443,1961055722
3130309443,55111133
3130309443,1081522950
3130309443,522207498
3130309443,396581735
3130309443,525543683
3130309443,3058009356
3130309443,3121723295
3130309443,419634784
3130309443,336036892
3130309443,2232527743
3130309443,87692378
3130309443,1977007362
3130309443,587055304
3130309443,251930554
3130309443,39273771
3130309443,1417767769
3130309443,199025374
3130309443,380496376
3130309443,85431442
3130309443,1265232276
3130309443,3061779205
3130309443,301841129
3130309443,255149873
3130309443,15491782
3130309443,786907364
3130309443,2866458139
3130309443,376191056
3130309443,1738012662
3130309443,64341859
3130309443,241059725
3130309443,1168666868
3130309443,26577968
3130309443,16190409
3130309443,497905662
3130309443,20757047
3130309443,2473125194
3130309443,15063974
3130309443,381141867
3130309443,181932208
3130309443,164493066
3130309443,2256684926
3130309443,860722130
3130309443,467038656
3130309443,632992708
3130309443,378210008
3130309443,485816032
3130309443,865350751
3130309443,1206666044
3130309443,1279158090
3130309443,344998580
3130309443,15822062
3130309443,2901766480
3130309443,316000918
3130309443,22547596
3130309443,489510019
3130309443,1344975438
3130309443,3021748564
3130309443,78207189
3130309443,108770048
3130309443,97941504
3130309443,1614655218
3130309443,21175969
3130309443,101616902
3130309443,503539478
3130309443,2247765384
3130309443,1411796617
3130309443,107176588
3130309443,2199371197
3130309443,2462284615
3130309443,345539025
3130309443,196879879
3130309443,20297468
3130309443,2841818770
3130309443,832242360
3130309443,233142007
3130309443,3028330755
3130309443,2391660673
3130309443,21035751
3130309443,38499586
3130309443,30894708
3130309443,108726852
3130309443,2370055660
3130309443,1317818491
3130309443,2825586036
3130309443,17000529
3130309443,1380303582
3130309443,36626202
3130309443,331874679
3130309443,1900839960
3130309443,247674508
3130309443,2867404119
3130309443,633659682
3130309443,27180331
3130309443,1202418907
3130309443,2440792229
3130309443,347748343
3130309443,1126387286
3130309443,550172600
3130309443,862870446
3130309443,760544600
3130309443,120501491
3130309443,1865720497
3130309443,2530028725
3130309443,400113611
3130309443,53720712
3130309443,1937533447
3130309443,2194916400
3130309443,2211464678
3130309443,415775876
3130309443,2865911657
3130309443,30939067
3130309443,176193148
3130309443,212271184
3130309443,150865332
3130309443,17783890
3130309443,2872237988
3130309443,122343016
3130309443,107874875
3130309443,56946440
3130309443,24973996
3130309443,211907814
3130309443,495771738
3130309443,576667479
3130309443,183954907
3130309443,89077801
3130309443,733019598
3130309443,58498945
3130309443,1620925790
3130309443,85027837
3130309443,147000659
3130309443,2276392692
3130309443,574929780
3130309443,2784779869
3130309443,3120095655
3130309443,1535953938
3130309443,85039505
3130309443,244235429
3130309443,2478812612
3130309443,2694762565
3130309443,967329475
3130309443,1545670423
3130309443,2959162659
3130309443,401915110
3130309443,1292979787
3130309443,81934803
3130309443,18486450
3130309443,19466856
3130309443,2882862698
3130309443,2475949015
3130309443,1852366417
3130309443,53092290
3130309443,402433461
3130309443,363853844
3130309443,701628758
3130309443,113024201
3130309443,3112952244
3130309443,455878942
3130309443,2239478610
3130309443,715103514
3130309443,1856938566
3130309443,1473177564
3130309443,580429773
3130309443,1485967046
3130309443,1446779172
3130309443,1430775019
3130309443,1392746510
3130309443,520119211
3130309443,618502297
3130309443,21171265
3130309443,260200465
3130309443,2369238042
3130309443,1895230382
3130309443,373272497
3130309443,2809028771
3130309443,380557349
3130309443,757779504
3130309443,2948484383
3130309443,571760451
3130309443,621868735
3130309443,823953750
3130309443,369305618
3130309443,2499422431
3130309443,2536729281
3130309443,2906511658
3130309443,24312627
3130309443,1890066090
3130309443,301198764
3130309443,2384148815
3130309443,25356862
3130309443,393814112
3130309443,53506909
3130309443,3059700288
3130309443,279775332
3130309443,28022967
3130309443,462335089
3130309443,136694119
3130309443,85112093
3130309443,2841808935
3130309443,120283337
3130309443,3102457121
3130309443,619358377
3130309443,72840807
3130309443,874083889
3130309443,1615188792
3130309443,43364743
3130309443,1961395818
3130309443,219600659
3130309443,966212785
3130309443,88608775
3130309443,2208040742
3130309443,1682767428
3130309443,191173280
3130309443,361822785
3130309443,344072718
3130309443,80735465
3130309443,17064644
3130309443,2623627367
3130309443,925112018
3130309443,1499039748
3130309443,55378888
3130309443,3087075674
3130309443,157632134
3130309443,3082610890
3130309443,735397250
3130309443,16838902
3130309443,3097842598
3130309443,3112774498
3130309443,252599526
3130309443,1018879951
3130309443,2912722840
3130309443,949277076
3130309443,402809655
3130309443,754532504
3130309443,1194822222
3130309443,499962568
3130309443,3002028418
3130309443,173116082
3130309443,114264404
3130309443,50122227
3130309443,145257180
3130309443,802677391
3130309443,195882717
3130309443,3052201127
3130309443,443989352
3130309443,2393568930
3130309443,310034544
3130309443,412928559
3130309443,1077005726
3130309443,106108082
3130309443,136856560
3130309443,186805821
3130309443,384945332
3130309443,515539018
3130309443,266662939
3130309443,379652103
3130309443,269165774
3130309443,3027402828
3130309443,302812178
3130309443,1141079744
3130309443,143196284
3130309443,2959222412
3130309443,2532436941
3130309443,177545565
3130309443,318793934
3130309443,2984436546
3130309443,1085722045
3130309443,125320747
3130309443,146720742
3130309443,277620936
3130309443,1908796153
3130309443,204827032
3130309443,335222352
3130309443,401696481
3130309443,366653444
3130309443,40179922
3130309443,406376279
3130309443,50486503
3130309443,1209923947
3130309443,246538232
3130309443,20220173
3130309443,751340406
3130309443,2332504438
3130309443,468854769
3130309443,75416398
3130309443,434471676
3130309443,1965279536
3130309443,22009483
3130309443,2722993801
3130309443,355350475
3130309443,2953534783
3130309443,130859358
3130309443,251264866
3130309443,228176071
3130309443,1720616173
3130309443,545992592
3130309443,174247197
3130309443,70969663
3130309443,1635260660
3130309443,1726363154
3130309443,435916991
3130309443,1618113480
3130309443,2421750253
3130309443,1962989058
3130309443,199774657
3130309443,324009511
3130309443,1212409922
3130309443,554409323
3130309443,28898561
3130309443,361553681
3130309443,484942299
3130309443,14569203
3130309443,93691600
3130309443,841647078
3130309443,2436876356
3130309443,28626958
3130309443,899439308
3130309443,442735870
3130309443,1051236956
3130309443,2449954020
3130309443,19319140
3130309443,2475705388
3130309443,254176291
3130309443,1652111180
3130309443,338288298
3130309443,2202500416
3130309443,124727478
3130309443,2170214082
3130309443,137579647
3130309443,213723182
3130309443,377112137
3130309443,61875599
3130309443,250898588
3130309443,997693430
3130309443,3119525865
3130309443,2713495058
3130309443,2955279590
3130309443,72164403
3130309443,337758035
3130309443,250809086
3130309443,42413762
3130309443,2795610655
3130309443,293999274
3130309443,1633948171
3130309443,149295158
3130309443,559915563
3130309443,3019612025
3130309443,523745889
3130309443,56603471
3130309443,164747494
3130309443,2324283722
3130309443,2393311357
3130309443,156822111
3130309443,1535713075
3130309443,811739942
3130309443,389815689
3130309443,247793842
3130309443,2685351031
3130309443,177899691
3130309443,2998811323
3130309443,1045922695
3130309443,353822419
3130309443,272344856
3130309443,378247111
3130309443,190821862
3130309443,63075085
3130309443,570177130
3130309443,76241567
3130309443,2449859281
3130309443,423011081
3130309443,3050282753
3130309443,3090463233
3130309443,2938871590
3130309443,2985707394
3130309443,2957792801
3130309443,281371718
3130309443,2810340106
3130309443,3068353861
3130309443,19902408
3130309443,1640874127
3130309443,618552921
3130309443,2256605437
3130309443,2544082066
3130309443,1346412320
3130309443,624866469
3130309443,501135847
3130309443,3000176149
3130309443,110335919
3130309443,1166404213
3130309443,634569839
3130309443,295355516
3130309443,2273641899
3130309443,107935261
3130309443,45220682
3130309443,76129278
3130309443,24913865
3130309443,316241853
3130309443,2896157171
3130309443,459866127
3130309443,559019452
3130309443,1185675378
3130309443,477724455
3130309443,1089258324
3130309443,22355561
3130309443,2611990297
3130309443,355614056
3130309443,1360720818
3130309443,1924723676
3130309443,177931203
3130309443,3060818584
3130309443,65251246
3130309443,387202796
3130309443,459600005
3130309443,44893154
3130309443,520931346
3130309443,1065656372
3130309443,2593331129
3130309443,308238244
3130309443,2550889388
3130309443,874336274
3130309443,1955268432
3130309443,1317784410
3130309443,1345305852
3130309443,1161374568
3130309443,2662404691
3130309443,147031794
3130309443,1186606560
3130309443,2691836582
3130309443,2454288728
3130309443,106856364
3130309443,2883017996
3130309443,589602361
3130309443,2961299093
3130309443,2922115406
3130309443,182075145
3130309443,853432218
