320915056,731223740
320915056,3063825971
320915056,2180126766
320915056,14511951
320915056,380648579
320915056,2467791
320915056,599065130
320915056,3308456165
320915056,14293310
320915056,1652541
320915056,19472578
320915056,6017542
320915056,105082141
320915056,57986415
320915056,14677919
320915056,2382060517
320915056,121385551
320915056,26729931
320915056,10012122
320915056,31090827
320915056,2285292157
320915056,19923515
320915056,14436030
320915056,7996082
320915056,14746456
320915056,492288571
320915056,19713622
320915056,771383605
320915056,16994529
320915056,1115874631
320915056,111416652
320915056,19875072
320915056,487118986
320915056,450946343
320915056,17006157
320915056,1662057727
320915056,384969961
320915056,2994469282
320915056,1952585444
320915056,163817776
320915056,3044738957
320915056,866498616
320915056,125995973
320915056,198618575
320915056,206717989
320915056,80803819
320915056,80052879
320915056,2245678489
320915056,21417835
320915056,393852070
320915056,36329597
320915056,169426475
320915056,2805926353
320915056,73181712
320915056,9624742
320915056,1339835893
320915056,21114659
320915056,18814998
320915056,15007149
320915056,1877831
320915056,26688378
320915056,26792275
320915056,80473367
320915056,83795099
320915056,169963553
320915056,153810519
320915056,348974190
320915056,950249762
320915056,6467332
320915056,14224719
320915056,25098482
320915056,103065157
320915056,27860681
320915056,932196612
320915056,124690469
320915056,21182676
320915056,14353202
320915056,31237480
320915056,8884772
320915056,1699269805
320915056,410812215
320915056,504914052
320915056,27457788
320915056,1023096199
320915056,2825993232
320915056,20058825
320915056,104298598
320915056,334602996
320915056,4898091
320915056,91478624
320915056,1097836022
320915056,1114731362
320915056,14758257
320915056,5988062
320915056,16153562
320915056,148517828
320915056,14700316
320915056,33933259
320915056,46003622
320915056,104277809
320915056,18332190
320915056,69231187
320915056,515838635
320915056,21401523
320915056,56377143
320915056,81838067
320915056,759251
320915056,205622130
320915056,53347647
320915056,856010760
320915056,42378378
320915056,18022037
320915056,19527964
320915056,93687642
320915056,17602896
320915056,115618332
320915056,266677514
320915056,771943484
320915056,35860484
320915056,24150634
320915056,29312953
320915056,157981564
320915056,196994616
320915056,376819013
320915056,17675072
320915056,74580436
320915056,74594552
320915056,64338016
320915056,37019708
320915056,742143
320915056,87818409
320915056,42869268
320915056,5402612
320915056,10228272
320915056,84091503
320915056,788524
320915056,30835585
320915056,786764
320915056,65181374
320915056,397013770
320915056,685513
320915056,823905
320915056,16017475
320915056,168710489
320915056,236699098
320915056,280845215
320915056,218994728
320915056,22780877
320915056,17311493
320915056,25535042
320915056,1201661238
320915056,96109537
320915056,490982935
320915056,70349639
320915056,16548023
320915056,155913407
320915056,16171953
320915056,21076042
320915056,8665852
320915056,14842285
320915056,16451028
320915056,94081671
320915056,21066857
320915056,19663485
320915056,17884125
320915056,17163446
320915056,15391813
320915056,16631693
320915056,16632149
320915056,216566780
320915056,19910996
320915056,17711659
320915056,18049879
320915056,19814175
320915056,15392221
320915056,20015311
320915056,64839161
320915056,19921389
320915056,20809515
320915056,123754656
320915056,155520880
320915056,15846407
320915056,26276346
320915056,70186440
320915056,2561091
320915056,155659213
320915056,115485051
320915056,23683605
320915056,16838962
320915056,20448566
320915056,14529811
320915056,847123669
320915056,19019970
320915056,20781929
320915056,21783395
320915056,16631331
320915056,8665572
320915056,16632219
320915056,23585685
320915056,306025835
320915056,23263743
320915056,14847636
320915056,19051022
320915056,14183379
320915056,500704345
320915056,19394887
320915056,21323268
320915056,443009837
320915056,634063000
320915056,40872043
320915056,22904901
320915056,187723641
320915056,50602093
320915056,411115599
320915056,49781518
320915056,121167080
320915056,15683146
320915056,19490380
320915056,16854780
320915056,217518231
320915056,352988506
320915056,34423857
320915056,17540485
320915056,14159148
320915056,17220934
320915056,14099695
320915056,30313925
320915056,409486555
320915056,813286
320915056,164437001
320915056,19186180
320915056,335299650
320915056,21390674
320915056,15155074
320915056,807095
320915056,428333
320915056,122178701
320915056,58601997
320915056,90368802
