3248126327,141255641
3248126327,264413309
3248126327,580684522
3248126327,948552829
3248126327,4524136761
3248126327,974491260
3248126327,137969630
3248126327,2875013951
3248126327,58569513
3248126327,325071311
3248126327,279077639
3248126327,2712778534
3248126327,191012755
3248126327,3377082531
3248126327,3280866802
3248126327,19876616
3248126327,96946088
3248126327,64721604
3248126327,175048556
3248126327,968615065
3248126327,11904592
3248126327,3825304516
3248126327,576900685
3248126327,466372572
3248126327,414732821
3248126327,193111432
3248126327,4119160593
3248126327,487922219
3248126327,135894569
3248126327,494780823
3248126327,108670198
3248126327,626612446
3248126327,1488544838
3248126327,1643728009
3248126327,4428474316
3248126327,1227667620
3248126327,115611795
3248126327,87485942
3248126327,219939829
3248126327,4089959487
3248126327,789758492
3248126327,614480344
3248126327,197491841
3248126327,191102437
3248126327,257541444
3248126327,408515538
3248126327,3089660009
3248126327,3180482847
3248126327,319086427
3248126327,3739792642
3248126327,3676526843
3248126327,4150515514
3248126327,525416576
3248126327,4125652529
3248126327,3319851585
3248126327,158342368
3248126327,24506246
3248126327,1027220612
3248126327,17339358
3248126327,249742250
3248126327,168195769
3248126327,82135336
3248126327,2483641710
3248126327,3941217616
3248126327,930629959
3248126327,3312147922
3248126327,609101854
3248126327,271067527
3248126327,3492168077
3248126327,2864990267
3248126327,3395436645
3248126327,820497732
3248126327,286769934
3248126327,3694910241
3248126327,38381308
3248126327,260207343
3248126327,1360135513
3248126327,17776811
3248126327,3318697901
3248126327,251061556
3248126327,3252725111
3248126327,100466498
3248126327,3656930597
3248126327,178145292
3248126327,2768244011
3248126327,241712478
3248126327,266219453
3248126327,3461857588
3248126327,816178
3248126327,25122127
3248126327,3445810593
3248126327,792226416
3248126327,745336573
3248126327,2565338246
3248126327,209695618
3248126327,3293847389
3248126327,531383314
3248126327,2430735150
3248126327,245675337
3248126327,2870782718
3248126327,2432194602
3248126327,456110139
3248126327,404353275
3248126327,3220799117
3248126327,255133435
3248126327,35977487
3248126327,117777690
3248126327,295868794
3248126327,31142379
3248126327,970562978
3248126327,164325147
3248126327,797028270
3248126327,2969482959
3248126327,326433724
3248126327,303760268
3248126327,153170209
3248126327,2975032769
3248126327,2292454922
3248126327,154375912
3248126327,45013575
3248126327,14525982
3248126327,110403389
3248126327,90725961
3248126327,104250408
3248126327,2971329225
3248126327,475585621
3248126327,79677947
3248126327,246267360
3248126327,257486480
3248126327,29230342
3248126327,289890054
3248126327,2816433530
3248126327,137762046
3248126327,393476699
3248126327,1276139618
3248126327,520227099
3248126327,2910853983
3248126327,102095809
3248126327,87361629
3248126327,213589457
3248126327,3300580257
3248126327,203262579
3248126327,115476363
3248126327,35970513
3248126327,404368708
3248126327,1319390838
3248126327,122375549
3248126327,408481052
3248126327,535707261
3248126327,106831009
3248126327,277402869
3248126327,289667313
3248126327,3946571
3248126327,191958583
3248126327,112796335
3248126327,250620677
3248126327,3187806567
3248126327,18521502
3248126327,204086002
3248126327,276632609
3248126327,360102402
3248126327,35726000
3248126327,500769793
3248126327,362565198
3248126327,550660399
3248126327,158201610
3248126327,1101515659
3248126327,1257925873
3248126327,1091698410
3248126327,2184681223
3248126327,555993471
3248126327,912364213
3248126327,3246426604
3248126327,184983346
3248126327,289437195
3248126327,1320945770
