329099587,4364830939
329099587,48591465
329099587,113035227
329099587,583036311
329099587,487118986
329099587,7827962
329099587,2799672678
329099587,352733131
329099587,2331911568
329099587,97180279
329099587,2327152890
329099587,2994268493
329099587,1884521988
329099587,994299121
329099587,210863292
329099587,378677945
329099587,159655811
329099587,141621363
329099587,2767590820
329099587,3300052996
329099587,138064726
329099587,3143443906
329099587,2791475831
329099587,140886484
329099587,130563392
329099587,290401936
329099587,124273405
329099587,21783395
329099587,144685000
329099587,2642513337
329099587,14757754
329099587,595962365
329099587,948552829
329099587,158342368
329099587,1872350011
329099587,138279132
329099587,246430081
329099587,76681248
329099587,469749072
329099587,168492310
329099587,620393340
329099587,109342830
329099587,138960614
329099587,2401555975
329099587,138241529
329099587,65623163
329099587,158056540
329099587,297439138
329099587,2447443687
329099587,1375298952
329099587,1917668592
329099587,2455118215
329099587,1665404540
329099587,1423824241
329099587,221137559
329099587,293854524
329099587,801502237
329099587,173478787
329099587,1747333177
329099587,582185202
329099587,138901003
329099587,109278681
329099587,138761505
329099587,95448533
329099587,73521313
329099587,248704171
329099587,1197438062
329099587,612584462
329099587,193118168
329099587,308699483
329099587,342363193
329099587,156711834
329099587,1862320063
329099587,338579267
329099587,539975569
329099587,556122117
329099587,154962588
329099587,2159417581
329099587,1324777885
329099587,143573654
329099587,219519254
329099587,162797048
329099587,856396950
329099587,2358315624
329099587,818104891
329099587,1897906512
329099587,569882132
329099587,952046245
329099587,871814642
329099587,2240186558
329099587,1201530348
329099587,84012298
329099587,510830319
329099587,431921424
329099587,1486461811
329099587,128719170
329099587,573806615
329099587,2334652701
329099587,2367139213
329099587,72890027
329099587,2362114252
329099587,588314280
329099587,1557007688
329099587,197144628
329099587,138547040
329099587,357226977
329099587,1437371977
329099587,470976631
329099587,855520554
329099587,2269957419
329099587,109671663
329099587,43208158
329099587,133939549
329099587,115120068
329099587,413383927
329099587,1043427463
329099587,255803389
329099587,277073102
329099587,211272093
329099587,231604317
329099587,1275197851
329099587,245022080
329099587,196261195
329099587,143088373
329099587,40562333
329099587,146608044
329099587,411194006
329099587,165148117
329099587,123047238
329099587,330612536
329099587,464208320
329099587,77583365
329099587,247014857
329099587,246771480
329099587,278588834
329099587,10373802
329099587,324119839
329099587,367429955
329099587,1032870308
329099587,252682538
329099587,262714661
329099587,141656847
329099587,93208879
329099587,414757620
329099587,257543836
329099587,2351582038
329099587,240089612
329099587,1558599020
329099587,137879454
329099587,374675835
329099587,1631420318
329099587,305296420
329099587,140463683
329099587,96680285
329099587,2335964828
329099587,176108622
329099587,109636627
329099587,632388994
329099587,530900765
329099587,804918740
329099587,186741419
329099587,792658736
329099587,1337277145
329099587,1955572699
329099587,1624583250
329099587,433683219
329099587,138018060
329099587,381675713
329099587,376163221
329099587,138865701
329099587,161609025
329099587,138949657
329099587,462856628
329099587,350261715
329099587,1202870888
329099587,534967815
329099587,711313813
329099587,1606215626
329099587,498329510
329099587,833907972
329099587,1652874246
329099587,396281302
329099587,1404181524
329099587,928685730
329099587,1465282970
329099587,338086455
329099587,124277854
329099587,2325885564
329099587,233158937
329099587,390244687
329099587,148371483
329099587,150377047
329099587,223149823
329099587,108478892
329099587,191267139
329099587,146155293
329099587,561363588
329099587,277277222
329099587,167607460
329099587,392960530
329099587,1727322504
329099587,289125760
329099587,139260984
329099587,108522092
329099587,1046123828
329099587,138814032
329099587,209780362
329099587,196322420
329099587,294580458
329099587,206757046
329099587,597568921
329099587,505731001
329099587,1340499456
329099587,68054073
329099587,150050617
329099587,145634908
329099587,302222514
329099587,103726426
329099587,1084546940
329099587,254703223
329099587,1431096187
329099587,1385908644
329099587,1683696156
329099587,117797322
329099587,220016599
329099587,301519468
329099587,121488887
329099587,207552800
329099587,156024305
329099587,85412926
329099587,391421738
329099587,184459862
329099587,148981689
329099587,1173388099
329099587,228950020
329099587,1431759750
329099587,109468833
329099587,193767078
329099587,112813561
329099587,338577916
329099587,603177022
329099587,95061633
329099587,146540671
329099587,569969283
329099587,910375273
329099587,1096203877
329099587,1220197172
329099587,1228654754
329099587,433656198
329099587,1057708950
329099587,311665931
329099587,1062130226
329099587,139844461
329099587,96662833
329099587,1304948641
329099587,245969509
329099587,138511539
329099587,196506470
329099587,1078030213
329099587,358444031
329099587,108824141
329099587,151684101
329099587,1076774330
329099587,1468609272
329099587,108699656
329099587,141648849
329099587,2155111181
329099587,233527423
329099587,894541285
329099587,94186386
329099587,841624284
329099587,114017313
329099587,435040183
329099587,142746815
329099587,108690733
329099587,177986196
329099587,825333360
329099587,447401314
329099587,238415745
329099587,1365824222
329099587,140320615
329099587,1368581065
329099587,612318010
329099587,115148628
329099587,218305667
329099587,64859197
329099587,230692738
329099587,145073531
329099587,349816850
329099587,355626472
329099587,149959442
329099587,90657668
329099587,106891797
329099587,195616848
329099587,430142420
329099587,360585654
329099587,141299261
329099587,488781663
329099587,128262354
329099587,301188806
329099587,244714785
329099587,499316501
329099587,235609285
329099587,143630582
329099587,296627795
329099587,1014384037
329099587,292333734
329099587,410187321
329099587,1228312916
329099587,1073159618
329099587,426609796
329099587,329160272
329099587,1062836612
329099587,977563782
329099587,350954957
329099587,365817127
329099587,148048636
329099587,332386304
329099587,1268240036
329099587,505386431
329099587,1873453646
329099587,1584324409
329099587,754303814
329099587,1020091712
329099587,141366314
329099587,73531510
329099587,154165638
329099587,375817234
329099587,323992194
329099587,250382045
329099587,142898397
329099587,1245056952
329099587,197562439
329099587,139901117
329099587,67782146
329099587,60179570
329099587,144301976
329099587,214950389
329099587,237401375
329099587,118843576
329099587,109125458
329099587,1260538362
329099587,109693264
329099587,829858160
329099587,140551952
329099587,110277319
329099587,200774115
329099587,144348525
329099587,140788676
329099587,82145257
329099587,349130021
329099587,498361137
329099587,271917824
329099587,108306637
329099587,1198663194
329099587,1280297270
329099587,375757402
329099587,369192962
329099587,145001738
329099587,296195048
329099587,875974340
329099587,423553377
329099587,1419636096
329099587,115660898
329099587,1012130533
329099587,1275962490
329099587,318838621
329099587,341729855
329099587,426911622
329099587,859035996
329099587,320093636
329099587,329991270
329099587,185744442
329099587,314227954
329099587,880316581
329099587,112040812
329099587,214966919
329099587,147218833
329099587,414939924
329099587,499782503
329099587,592877857
329099587,139221664
329099587,128879667
329099587,149004973
329099587,175511121
329099587,83219668
329099587,781182949
329099587,124574855
329099587,628010750
329099587,139198142
329099587,1203319896
329099587,289360895
329099587,857475968
329099587,243463260
329099587,71630762
329099587,1254671606
329099587,1081461996
329099587,1370717300
329099587,1187064439
329099587,202797626
329099587,1370702624
329099587,452343014
329099587,72964655
329099587,576712794
329099587,135015344
329099587,145388564
329099587,108731188
329099587,129046541
329099587,1281153908
329099587,141033691
329099587,809301452
329099587,1376242308
329099587,139043091
329099587,211866757
329099587,143210390
329099587,437520431
329099587,210927749
329099587,364935041
329099587,275654345
329099587,295369481
329099587,115284713
329099587,128722414
329099587,143110595
329099587,437495772
329099587,186327054
329099587,53786635
329099587,193945083
329099587,116272497
329099587,957725936
329099587,428663460
329099587,135592214
329099587,148380822
329099587,110023872
329099587,350880575
329099587,585992252
329099587,138269676
329099587,139930933
329099587,81774868
329099587,130174062
329099587,339265290
329099587,108771433
329099587,139601072
329099587,134632126
329099587,113241768
329099587,86828204
329099587,133472301
329099587,1273665482
329099587,1363182919
329099587,141458139
329099587,137993224
329099587,108366935
329099587,365842964
329099587,565048581
329099587,1337847667
329099587,1279145941
329099587,105024138
329099587,301633199
329099587,746428250
329099587,476834745
329099587,245390091
329099587,565859934
329099587,1222551666
329099587,389626462
329099587,157305641
329099587,132013428
329099587,181675541
329099587,49817039
329099587,141519669
329099587,67065002
329099587,140235272
329099587,144013527
329099587,496467790
329099587,142875579
329099587,137888809
329099587,555048474
329099587,88691251
329099587,115142052
329099587,53366895
329099587,718124828
329099587,75931520
329099587,545641659
329099587,154340213
329099587,108660193
329099587,110189565
329099587,138052963
329099587,1377201014
329099587,142082905
329099587,145856537
329099587,305125243
329099587,107874858
329099587,596932497
329099587,139264497
329099587,108825407
329099587,1296496320
329099587,135037213
329099587,1284925152
329099587,965349444
329099587,142836738
329099587,172913816
329099587,91367280
329099587,843805118
329099587,610374370
329099587,115084910
329099587,1276329114
329099587,541013388
329099587,336799646
329099587,108504650
329099587,75558245
329099587,110088807
329099587,84929288
329099587,161865744
329099587,148489100
329099587,1343116177
329099587,256086285
329099587,143666952
329099587,133967837
329099587,341318507
329099587,191154210
329099587,123602634
329099587,90782782
329099587,72414387
329099587,138121301
329099587,76137688
329099587,1400990034
329099587,141300397
329099587,149289053
329099587,762039211
329099587,574607782
329099587,143665790
329099587,142433717
329099587,146951409
329099587,114880615
329099587,375470463
329099587,92341132
329099587,108414559
329099587,211039212
329099587,70187344
329099587,373642650
329099587,307069010
329099587,271098491
329099587,143959720
329099587,593765274
329099587,26932840
329099587,261943809
329099587,34586817
329099587,1035994254
329099587,105082141
329099587,115378925
329099587,364061894
329099587,197096642
329099587,46978518
329099587,306314308
329099587,195425158
329099587,93335826
329099587,124062981
329099587,183534414
329099587,102767241
329099587,116284829
329099587,198339690
329099587,108196938
329099587,351662074
329099587,222294001
329099587,129863001
329099587,100731315
329099587,122498057
329099587,119881872
329099587,139145785
329099587,87361629
329099587,142904992
329099587,71275544
329099587,136082905
329099587,239471570
329099587,17485551
329099587,450200372
329099587,86761616
329099587,525264466
329099587,587060118
329099587,76651032
329099587,18219976
329099587,14594813
329099587,5520952
329099587,45013575
329099587,1252764865
329099587,108505438
329099587,141735585
329099587,134629415
329099587,118864905
329099587,4774881
329099587,108805075
329099587,209641108
329099587,128637475
