3290230487,20618678
3290230487,1662057727
3290230487,19472578
3290230487,60916506
3290230487,95178042
3290230487,19903099
3290230487,257666657
3290230487,3087068219
3290230487,3044738957
3290230487,31237480
3290230487,1690412382
3290230487,15005991
3290230487,601031921
3290230487,15391813
3290230487,21112266
3290230487,14746456
3290230487,123754656
3290230487,19019970
3290230487,19921389
3290230487,24241544
3290230487,21389998
3290230487,19663485
3290230487,8665852
3290230487,17884125
3290230487,17163446
3290230487,16451028
3290230487,17311493
3290230487,22903765
3290230487,15392221
