3296522809,385039748
3296522809,2769975411
3296522809,35831316
3296522809,3242791678
3296522809,2427737694
3296522809,831897763
3296522809,83263717
3296522809,14594698
3296522809,43462979
3296522809,39175111
3296522809,2884146389
3296522809,15669034
3296522809,70799317
3296522809,151019599
3296522809,2743546306
3296522809,915767929
3296522809,2873369030
3296522809,3305816080
3296522809,52430198
3296522809,54319658
3296522809,56377143
3296522809,2222232708
3296522809,47334775
3296522809,69663389
3296522809,118115446
3296522809,21615542
3296522809,1162023864
3296522809,3066053338
3296522809,22384691
3296522809,2938213690
3296522809,17693232
3296522809,2949023181
3296522809,432446773
3296522809,2844449105
3296522809,2929445908
3296522809,19392223
3296522809,3041671799
3296522809,3373865613
3296522809,14183379
3296522809,359515048
3296522809,39259044
3296522809,301631989
3296522809,18101982
3296522809,14607522
3296522809,1416124496
3296522809,3300614183
3296522809,3062378884
3296522809,1434053852
3296522809,731382451
3296522809,290772665
3296522809,2289526376
3296522809,2257999606
3296522809,2994998523
3296522809,493097688
3296522809,2423491189
3296522809,3377024896
3296522809,14582890
3296522809,1930959812
3296522809,3360189082
3296522809,3077941995
3296522809,18803751
3296522809,379071632
3296522809,2699519000
3296522809,20717463
3296522809,22536947
3296522809,2862722523
3296522809,14313123
3296522809,2297229226
3296522809,20237019
3296522809,1257726295
3296522809,3078491810
3296522809,2350767066
3296522809,3334413821
3296522809,33872866
3296522809,600179495
3296522809,34304970
3296522809,45615081
3296522809,2310279398
3296522809,3038842294
3296522809,956257758
3296522809,215084558
3296522809,36380440
3296522809,3221806875
3296522809,39349216
3296522809,1311558655
3296522809,23458084
3296522809,2325519926
3296522809,1077924978
3296522809,636332128
3296522809,2413017810
3296522809,2995818442
3296522809,1140747307
3296522809,1549243428
3296522809,19713622
3296522809,28089873
3296522809,2754268514
3296522809,1481957514
3296522809,137303100
3296522809,55823045
3296522809,3384873369
3296522809,20475285
3296522809,23565726
3296522809,25069076
3296522809,126118232
3296522809,48302014
3296522809,163982176
3296522809,82235906
3296522809,3293957261
3296522809,114033939
3296522809,898418228
3296522809,3124730133
3296522809,2533489015
3296522809,11664092
3296522809,1193059748
3296522809,3087127611
3296522809,40705534
3296522809,3319315456
3296522809,21769623
3296522809,167399649
3296522809,403504899
3296522809,2599831086
3296522809,487065954
3296522809,104856659
3296522809,14389761
3296522809,1270650481
3296522809,26266891
3296522809,21016387
3296522809,1226337714
3296522809,3304600743
3296522809,2993476936
3296522809,241100784
3296522809,30945830
3296522809,494362620
3296522809,1494258350
3296522809,17440412
3296522809,11862072
3296522809,111887189
3296522809,346895264
3296522809,1310459502
3296522809,25494975
3296522809,17624959
3296522809,14660826
3296522809,71868160
3296522809,3317303555
3296522809,2859118085
3296522809,396609534
3296522809,2624299231
3296522809,295932016
3296522809,541255566
3296522809,396894374
3296522809,3031378642
3296522809,79147813
3296522809,2174252699
3296522809,2414070872
3296522809,90735643
3296522809,17745219
3296522809,204422438
3296522809,231703688
3296522809,20884910
3296522809,363370721
3296522809,2724700994
3296522809,1536087474
3296522809,100746902
3296522809,258494221
3296522809,475311020
3296522809,2841832947
3296522809,1455261
3296522809,581005574
3296522809,362506197
3296522809,132031651
3296522809,1066909872
3296522809,1435291280
3296522809,2708829955
3296522809,17637572
3296522809,51679632
3296522809,30087437
3296522809,1412720658
3296522809,2812936934
3296522809,23409448
3296522809,989362550
3296522809,24566469
3296522809,3044738957
3296522809,44644692
3296522809,24279390
3296522809,757775772
3296522809,1235632694
3296522809,2907870629
3296522809,762072931
3296522809,22480199
3296522809,165010801
3296522809,2389401762
3296522809,19716315
3296522809,3044956761
3296522809,38299404
3296522809,1224327601
3296522809,1367489305
3296522809,21438024
3296522809,389736367
3296522809,19083439
3296522809,71530380
3296522809,16911419
3296522809,526315971
3296522809,47903269
3296522809,469325834
3296522809,14946308
3296522809,38400294
3296522809,23617610
3296522809,864541693
3296522809,36786482
3296522809,759251
3296522809,122354696
3296522809,80691846
3296522809,93847902
3296522809,2266449391
3296522809,299189769
3296522809,6346082
3296522809,2262898614
3296522809,169686021
3296522809,1589634168
3296522809,19923144
3296522809,794110602
3296522809,52135730
3296522809,16303106
3296522809,1912117148
3296522809,2934452290
3296522809,1238897528
3296522809,394600810
3296522809,2455097209
3296522809,1845968514
3296522809,1030694869
3296522809,236699098
3296522809,1483024080
3296522809,63452015
3296522809,2982628528
3296522809,15457785
3296522809,157140968
3296522809,74404502
3296522809,35936474
3296522809,17397658
3296522809,554523137
3296522809,24696669
3296522809,2970094888
3296522809,154023356
3296522809,1382404544
3296522809,19534202
3296522809,19108238
3296522809,2497708617
3296522809,2528768236
3296522809,700528695
3296522809,754108867
3296522809,391306391
3296522809,787950086
3296522809,2190831163
3296522809,22176845
3296522809,2869790291
3296522809,66359307
3296522809,25155186
3296522809,2790802182
3296522809,30973
3296522809,16193162
3296522809,807095
3296522809,504628889
3296522809,23375688
3296522809,1598558840
3296522809,508678165
3296522809,86406337
3296522809,255240646
3296522809,140091998
3296522809,283038024
3296522809,2876650035
3296522809,543043594
3296522809,943422660
3296522809,264164654
3296522809,171261225
3296522809,15951863
3296522809,237241020
3296522809,227802983
3296522809,1336605338
3296522809,68949211
3296522809,1117359968
3296522809,542923119
3296522809,761801714
3296522809,22424763
3296522809,544980546
3296522809,63961281
3296522809,25150711
3296522809,24246633
3296522809,42469553
3296522809,382632147
3296522809,17827029
3296522809,461393205
3296522809,296408517
3296522809,229224374
3296522809,2960101137
3296522809,16290016
3296522809,21425405
3296522809,233034916
3296522809,298360697
3296522809,64230553
3296522809,584366271
3296522809,113606059
3296522809,95693963
3296522809,1062558625
3296522809,2435310141
3296522809,224284480
3296522809,1634213640
3296522809,77826352
3296522809,23671297
3296522809,56221681
3296522809,38275780
3296522809,555416759
3296522809,19415798
3296522809,54884436
3296522809,55051675
3296522809,361376201
3296522809,352686923
3296522809,113714309
3296522809,1007432648
3296522809,1096233655
3296522809,256675420
3296522809,218653131
3296522809,813909716
3296522809,291557868
3296522809,311606579
3296522809,22473054
3296522809,30472798
3296522809,25481707
3296522809,20448566
3296522809,2285292157
3296522809,2263571841
3296522809,2249951831
3296522809,1210300506
3296522809,329789735
3296522809,2193009746
3296522809,634024501
3296522809,73480693
3296522809,90183755
3296522809,849522234
3296522809,520616690
3296522809,331707065
3296522809,63218040
3296522809,1957554378
3296522809,911323074
3296522809,3010384528
3296522809,1663338932
3296522809,1252917283
3296522809,51408749
3296522809,136271609
3296522809,67420766
3296522809,442204983
3296522809,40266854
3296522809,61457123
3296522809,86633830
3296522809,2950049757
3296522809,61455260
3296522809,180363363
3296522809,377008435
3296522809,909774924
3296522809,277196843
3296522809,296511906
3296522809,116596951
3296522809,37431353
3296522809,97546678
3296522809,1255030290
3296522809,34076997
3296522809,55655615
3296522809,14790899
3296522809,19044557
3296522809,139930250
3296522809,1435440998
3296522809,18135386
3296522809,24787524
3296522809,14903044
3296522809,54078222
3296522809,21890926
3296522809,239093860
3296522809,111481870
3296522809,14623674
3296522809,15867973
3296522809,123754656
3296522809,42850472
3296522809,34423857
3296522809,14519038
3296522809,15005991
3296522809,45150700
3296522809,200066875
3296522809,249869615
3296522809,54587420
3296522809,216444984
3296522809,1690412382
3296522809,47589786
3296522809,197927483
3296522809,14402212
3296522809,18966867
3296522809,18064372
3296522809,22204459
3296522809,24688868
3296522809,24733102
3296522809,120229413
3296522809,783204546
3296522809,1600989234
3296522809,14259322
3296522809,19932481
3296522809,47476545
3296522809,308121056
3296522809,17074714
3296522809,14790817
3296522809,2299367423
3296522809,1023139638
3296522809,1889832038
3296522809,268439864
3296522809,19184818
3296522809,14166909
3296522809,21910850
3296522809,52185601
3296522809,283022830
3296522809,238327175
3296522809,150970628
3296522809,75105324
3296522809,3092058627
3296522809,12334752
3296522809,15651878
3296522809,75511224
3296522809,2442300531
3296522809,41265813
3296522809,304329674
3296522809,1423829588
3296522809,1005158101
3296522809,24510463
3296522809,17624543
3296522809,14791251
3296522809,19602869
3296522809,369002891
3296522809,449857467
3296522809,19643918
3296522809,60874084
3296522809,51566870
3296522809,17118292
3296522809,79875086
3296522809,398064722
3296522809,2310116088
3296522809,334345606
3296522809,2236607947
3296522809,386244525
3296522809,120793307
3296522809,613412461
3296522809,44609080
3296522809,19106722
3296522809,34738598
3296522809,836214343
3296522809,229075280
3296522809,18345027
3296522809,1020848227
3296522809,25192228
3296522809,48516549
3296522809,53631933
3296522809,53472481
3296522809,14920785
3296522809,60585431
3296522809,51558446
3296522809,19450907
3296522809,18734645
3296522809,10228272
3296522809,19924704
3296522809,25311045
3296522809,160786918
3296522809,92088399
3296522809,46040232
3296522809,24279632
3296522809,30921080
3296522809,21390674
3296522809,115485051
3296522809,19092699
3296522809,29087407
3296522809,563093420
3296522809,88409003
3296522809,95023423
3296522809,20843626
3296522809,22900663
3296522809,438296720
3296522809,360230512
3296522809,408757046
3296522809,56457275
3296522809,257992237
3296522809,339064364
3296522809,41601050
3296522809,190470663
3296522809,65356757
3296522809,19593583
3296522809,132900363
3296522809,1407892861
3296522809,1183584528
3296522809,375673540
3296522809,20322929
3296522809,126960544
3296522809,19896045
3296522809,19148184
3296522809,20609141
3296522809,899155963
3296522809,54880025
3296522809,61610685
3296522809,21495291
3296522809,32959253
3296522809,19426551
3296522809,20428049
3296522809,86184083
3296522809,188242820
3296522809,20973069
3296522809,52674982
3296522809,138755736
3296522809,101628629
3296522809,18354906
3296522809,268414482
3296522809,18847920
3296522809,592021063
3296522809,8757362
3296522809,111949306
3296522809,116362700
3296522809,14176375
3296522809,358852522
3296522809,261440719
3296522809,16740819
3296522809,20000222
3296522809,98957692
3296522809,32572068
3296522809,23106525
3296522809,23415190
3296522809,64896516
3296522809,23313704
3296522809,771222132
3296522809,421477898
3296522809,120944793
3296522809,27356140
3296522809,117110737
3296522809,14400582
3296522809,19535591
3296522809,43080167
3296522809,20521915
3296522809,23132159
3296522809,301697842
3296522809,19745590
3296522809,304869811
3296522809,12323012
3296522809,21214421
3296522809,19179687
3296522809,60117372
3296522809,1127317652
3296522809,14856333
3296522809,47450772
3296522809,14235815
3296522809,127311168
3296522809,391290162
3296522809,10159762
3296522809,21409325
3296522809,43675318
3296522809,9090042
3296522809,59388944
3296522809,22264540
3296522809,208610451
3296522809,20676778
3296522809,161288528
3296522809,17173144
3296522809,19509051
3296522809,20597486
3296522809,301105535
3296522809,31135408
3296522809,18731737
3296522809,19964864
3296522809,22034151
3296522809,749043
3296522809,201812923
3296522809,98165330
3296522809,13919162
3296522809,102716130
3296522809,46387635
3296522809,206847322
3296522809,19398663
3296522809,27254906
3296522809,19290986
3296522809,14660710
3296522809,21648020
3296522809,37722481
3296522809,88632542
3296522809,376255141
3296522809,21294212
3296522809,21407241
3296522809,15041964
3296522809,162089811
3296522809,20477177
3296522809,20627896
3296522809,17411980
3296522809,23837271
3296522809,20164413
3296522809,25272222
3296522809,6417782
3296522809,87065252
3296522809,107562560
3296522809,20319462
3296522809,316076492
3296522809,19682772
3296522809,26186890
3296522809,19674338
3296522809,20328076
3296522809,1775581
3296522809,117449223
3296522809,16490124
3296522809,47344545
3296522809,25268679
3296522809,17626165
3296522809,22153474
3296522809,19633026
3296522809,84078415
3296522809,810427
3296522809,70233
3296522809,25814474
3296522809,20115463
3296522809,27520512
3296522809,30362529
3296522809,15252509
3296522809,14383599
3296522809,271558274
3296522809,19612753
3296522809,72046844
3296522809,119959446
3296522809,22758266
3296522809,64788246
3296522809,49938269
3296522809,43767463
3296522809,266828775
3296522809,55273823
3296522809,16053570
3296522809,47622979
3296522809,44743638
3296522809,232922891
3296522809,18979674
3296522809,22904901
3296522809,99795732
3296522809,19393233
3296522809,16349463
3296522809,23011527
3296522809,25801550
3296522809,14350650
3296522809,60543210
3296522809,205974045
3296522809,19591633
3296522809,22087169
3296522809,37675597
3296522809,27486706
3296522809,10799642
3296522809,266712846
3296522809,22007615
3296522809,19569273
3296522809,1943411
3296522809,20234476
3296522809,346837439
3296522809,50628520
3296522809,354489884
3296522809,143187939
3296522809,14620343
3296522809,20560841
3296522809,49195175
3296522809,19133646
3296522809,20665688
3296522809,153763519
3296522809,38185007
3296522809,38494370
3296522809,50300579
3296522809,807666
3296522809,14445680
3296522809,19693285
3296522809,21189876
3296522809,751873
3296522809,16630152
3296522809,19647912
3296522809,28628651
3296522809,30304549
3296522809,20433967
3296522809,71953
3296522809,20717827
3296522809,33041180
3296522809,21050755
3296522809,14239113
3296522809,21527369
3296522809,2677731
3296522809,19414506
3296522809,19626386
3296522809,12924692
3296522809,57699908
3296522809,689753
3296522809,16613217
3296522809,22695694
3296522809,39145982
3296522809,15677513
3296522809,29005342
3296522809,8628562
3296522809,20510999
3296522809,38677803
3296522809,20305035
3296522809,15273523
3296522809,754624
3296522809,19389421
3296522809,25051454
3296522809,14967833
3296522809,65510854
3296522809,20730094
3296522809,59102196
3296522809,19766386
3296522809,18640943
3296522809,14397192
3296522809,14243202
3296522809,15312679
3296522809,2509551
3296522809,56093343
3296522809,61193412
3296522809,14562960
3296522809,14691720
3296522809,48750532
3296522809,20549270
3296522809,42476895
3296522809,37636997
3296522809,18212997
3296522809,36654027
3296522809,6865052
3296522809,43901270
3296522809,14598850
3296522809,67291976
3296522809,15798656
3296522809,28826421
3296522809,18021904
3296522809,14460422
3296522809,14426349
3296522809,25573099
3296522809,60751490
3296522809,12026062
3296522809,19674853
3296522809,24784028
3296522809,15851094
3296522809,24452293
3296522809,39377054
3296522809,17487884
3296522809,19349086
3296522809,14354145
3296522809,18936919
3296522809,15615035
3296522809,9509342
3296522809,14444454
3296522809,50257024
3296522809,24783322
3296522809,18016856
3296522809,18297088
3296522809,14871249
3296522809,77719347
3296522809,14213711
3296522809,23578277
3296522809,790613
3296522809,580753687
3296522809,50439294
3296522809,69374550
3296522809,25262689
3296522809,821045162
3296522809,22814076
3296522809,16511499
3296522809,22282596
3296522809,113692894
3296522809,14714110
3296522809,32917862
3296522809,20595384
3296522809,41358979
3296522809,2902093151
3296522809,49653486
3296522809,30089951
3296522809,343619636
3296522809,9633882
3296522809,30472038
3296522809,471946728
3296522809,22208238
3296522809,19469347
3296522809,1360011
3296522809,343566987
3296522809,27209226
3296522809,46150998
3296522809,12221012
3296522809,18972986
3296522809,164273032
3296522809,20717237
3296522809,146619636
3296522809,492791568
3296522809,227533034
3296522809,212999713
3296522809,12229942
3296522809,19458129
3296522809,45263223
3296522809,14766090
3296522809,247371736
3296522809,17731243
3296522809,13943
3296522809,14100630
3296522809,9810452
3296522809,81918529
3296522809,13848272
3296522809,35821279
3296522809,39242584
3296522809,21137687
3296522809,343573
3296522809,29299775
3296522809,1562999677
3296522809,9274492
3296522809,19405396
3296522809,22133432
3296522809,404590040
3296522809,54662822
3296522809,20783632
3296522809,12379862
3296522809,708513
3296522809,20643817
3296522809,19395960
3296522809,260007142
3296522809,23429390
3296522809,17367528
3296522809,20044737
3296522809,20450232
3296522809,41667125
3296522809,62557485
3296522809,24791743
3296522809,19805034
3296522809,32873023
3296522809,16986932
3296522809,20381668
3296522809,19158251
3296522809,83193303
3296522809,24935130
3296522809,303582949
3296522809,18957407
3296522809,14367209
3296522809,21349569
3296522809,765557
3296522809,52782073
3296522809,20766350
3296522809,66628314
3296522809,14208758
3296522809,17042969
3296522809,62020324
3296522809,622573
3296522809,20758990
3296522809,19451823
3296522809,19745586
3296522809,216190320
3296522809,723263
3296522809,51500961
3296522809,18055408
3296522809,2190722108
3296522809,2227729488
3296522809,18909186
3296522809,358939661
3296522809,621568616
3296522809,508789114
3296522809,494415497
3296522809,49781518
3296522809,22677822
3296522809,18973489
3296522809,8802752
3296522809,16451028
3296522809,15835287
3296522809,26102409
3296522809,58603510
3296522809,27914085
3296522809,158487331
3296522809,15392221
3296522809,9604032
3296522809,14594813
3296522809,90420314
3296522809,23083404
3296522809,35765232
3296522809,29797128
3296522809,41043596
3296522809,34171224
3296522809,246225682
3296522809,91561315
3296522809,26257166
3296522809,19564523
3296522809,17919972
3296522809,25521487
3296522809,34507480
3296522809,14270254
3296522809,46011743
3296522809,37331559
3296522809,40713101
3296522809,16632219
3296522809,18863815
3296522809,60865434
3296522809,18219976
3296522809,20432727
3296522809,26565946
3296522809,48332360
3296522809,10842792
3296522809,21783395
3296522809,16854780
3296522809,16631331
3296522809,19264748
3296522809,36152770
3296522809,16804762
3296522809,19281986
3296522809,15427049
3296522809,126676337
3296522809,65151248
3296522809,454843106
3296522809,24989174
3296522809,1558141890
3296522809,18944007
3296522809,19033555
3296522809,26276346
3296522809,14758257
3296522809,19732375
3296522809,54341363
3296522809,3373791
3296522809,19247625
3296522809,2557521
3296522809,6741632
3296522809,79293791
3296522809,17240425
3296522809,16171953
3296522809,21390437
3296522809,21447363
3296522809,148507894
3296522809,17093617
3296522809,52471614
3296522809,107472906
3296522809,14128609
3296522809,33804533
3296522809,9317502
3296522809,20781929
3296522809,813286
3296522809,59156773
3296522809,9459622
3296522809,428333
3296522809,18137030
3296522809,12341422
3296522809,19814175
3296522809,19875944
3296522809,14502789
3296522809,27195114
3296522809,43023158
3296522809,20843014
3296522809,17715048
3296522809,18075140
3296522809,344801362
3296522809,23976386
3296522809,15846407
3296522809,51658431
3296522809,16632149
3296522809,57022252
3296522809,382613598
3296522809,20712514
3296522809,23151437
3296522809,38664139
3296522809,25365536
3296522809,15485441
3296522809,28602624
3296522809,15683146
3296522809,20856282
3296522809,17980026
3296522809,24915307
3296522809,21066857
3296522809,8665852
3296522809,85908999
3296522809,14230524
3296522809,22827600
3296522809,18679659
3296522809,19394887
3296522809,19967197
3296522809,22780877
3296522809,19490380
3296522809,97488105
3296522809,16513161
3296522809,83134773
3296522809,25319819
3296522809,56487239
3296522809,15391813
3296522809,19903099
3296522809,27260086
3296522809,21182676
3296522809,19186180
3296522809,35718347
3296522809,50751556
3296522809,19663485
3296522809,2561091
3296522809,19405367
3296522809,17311493
3296522809,124139163
3296522809,8665572
3296522809,14842285
3296522809,23263743
3296522809,19889294
3296522809,23421880
3296522809,19867777
3296522809,17163446
3296522809,41878061
