3297818033,70235774
3297818033,19875072
3297818033,22904901
3297818033,126680303
3297818033,2904304114
3297818033,450874614
3297818033,42753302
3297818033,18678493
3297818033,334961502
3297818033,21447363
3297818033,2411448705
3297818033,3555338667
3297818033,421200751
3297818033,25365536
3297818033,1385551370
3297818033,8662472
3297818033,18075140
3297818033,2503323631
3297818033,18671165
3297818033,1645800366
3297818033,192608058
3297818033,3976766235
3297818033,22176845
3297818033,251096510
3297818033,2537484651
3297818033,2353694533
3297818033,321547423
3297818033,9624742
3297818033,19051022
3297818033,164015923
3297818033,2780569080
3297818033,3320028232
3297818033,2460737275
3297818033,16727535
3297818033,2289011799
3297818033,14995420
3297818033,548482109
3297818033,606434253
3297818033,3047788649
3297818033,2615534718
3297818033,19405367
3297818033,19814175
3297818033,30313925
3297818033,15439395
3297818033,402630393
3297818033,930204296
3297818033,23083404
3297818033,1400849503
3297818033,564126599
3297818033,46390215
3297818033,20856282
3297818033,19033555
3297818033,21138477
3297818033,813286
3297818033,382613598
3297818033,15005991
3297818033,24241544
3297818033,23263743
3297818033,14746456
3297818033,1615685677
3297818033,5402612
3297818033,15846407
3297818033,17624543
3297818033,5988062
3297818033,115485051
3297818033,22903765
3297818033,1558141890
3297818033,15485441
3297818033,20809515
3297818033,26257166
3297818033,19650966
3297818033,7996082
3297818033,57022252
3297818033,17311493
3297818033,19713622
3297818033,49781518
3297818033,17693232
3297818033,19394887
3297818033,611227644
3297818033,807095
3297818033,3817434742
3297818033,19247625
3297818033,27195114
3297818033,19564523
3297818033,25521487
3297818033,16854780
3297818033,14270254
3297818033,395388847
3297818033,19186180
3297818033,20843014
3297818033,428333
3297818033,21389998
3297818033,20781929
3297818033,3395514262
3297818033,123754656
3297818033,16631331
3297818033,40019154
3297818033,21390437
3297818033,70186440
3297818033,454843106
3297818033,22384691
3297818033,21390674
3297818033,97488105
3297818033,2410686424
3297818033,3138582118
3297818033,17919972
3297818033,2557521
3297818033,21492030
3297818033,155659213
3297818033,181637383
3297818033,16171953
3297818033,251716551
3297818033,414736352
3297818033,2994469282
3297818033,21783395
3297818033,759251
3297818033,1690412382
3297818033,19490380
3297818033,18221807
3297818033,3373791
3297818033,1652541
3297818033,1583978808
3297818033,19686295
3297818033,16548023
3297818033,3152734882
3297818033,3220764979
3297818033,21417835
3297818033,1142859176
3297818033,1662057727
3297818033,3483917657
3297818033,948552829
3297818033,4051904483
3297818033,16951979
3297818033,25535042
3297818033,16632219
3297818033,16632149
3297818033,14758257
3297818033,83134773
3297818033,10373612
3297818033,16513161
3297818033,8665572
3297818033,14230524
3297818033,26276346
3297818033,18679659
3297818033,41878061
3297818033,22827600
3297818033,8665852
3297818033,93230391
3297818033,16451028
3297818033,28602624
3297818033,21066857
3297818033,2561091
3297818033,23421880
3297818033,124139163
3297818033,19264748
3297818033,27260086
3297818033,17163446
3297818033,23585685
3297818033,14842285
3297818033,7109022
3297818033,15392221
3297818033,18135386
3297818033,50751556
3297818033,19663485
3297818033,94081671
3297818033,17884125
3297818033,15391813
3297818033,19921389
3297818033,19889294
