3302800989,16680962
3302800989,61966978
3302800989,3678391
3302800989,276957340
3302800989,436323642
3302800989,1922100414
3302800989,283827104
3302800989,465914503
3302800989,252016748
3302800989,2280398815
3302800989,1484770104
3302800989,2375180016
3302800989,15165493
3302800989,15165502
3302800989,562907908
3302800989,20479813
3302800989,16929108
3302800989,3253989191
3302800989,15473958
3302800989,19725644
3302800989,338985020
3302800989,8350912
3302800989,68440549
3302800989,24744541
3302800989,3214594091
3302800989,1994321
3302800989,4970411
3302800989,380648579
3302800989,572225652
3302800989,2958649660
3302800989,4552751955
3302800989,4475137300
3302800989,2909109363
3302800989,38159069
3302800989,42228473
3302800989,313911238
3302800989,117388746
3302800989,39776107
3302800989,54901338
3302800989,118154727
3302800989,59412175
3302800989,14363353
3302800989,19110632
3302800989,173992307
3302800989,36184220
3302800989,5988062
3302800989,16029780
3302800989,13201312
3302800989,85839993
3302800989,8283082
3302800989,621573
3302800989,19402238
3302800989,1435461
3302800989,21581503
3302800989,16365636
3302800989,15066760
3302800989,14780915
3302800989,117662694
3302800989,17842366
3302800989,18244358
3302800989,155659213
3302800989,627673190
3302800989,8159472
3302800989,1432977446
3302800989,789605024
3302800989,140070953
3302800989,19230601
3302800989,713993413
3302800989,5402612
3302800989,19404587
3302800989,101894425
3302800989,525141297
3302800989,28718939
3302800989,28492159
3302800989,198951064
3302800989,314792669
3302800989,27150723
3302800989,39887890
3302800989,45707366
3302800989,24963961
3302800989,118483749
3302800989,45316175
3302800989,606264558
3302800989,21163600
3302800989,236956880
3302800989,428333
3302800989,380405306
3302800989,54546430
3302800989,14615871
3302800989,166252256
3302800989,352145373
3302800989,95023423
3302800989,19875072
3302800989,19051022
3302800989,97488105
3302800989,14856333
3302800989,1023139638
3302800989,454843106
3302800989,1382404544
3302800989,3040424454
3302800989,34423857
3302800989,19713622
3302800989,20448566
3302800989,19033555
3302800989,19564523
3302800989,49781518
3302800989,31594288
3302800989,86233091
3302800989,73249951
3302800989,19663485
3302800989,17595890
3302800989,168213572
3302800989,2240432905
3302800989,87769890
3302800989,295099602
3302800989,153028130
3302800989,35441526
3302800989,459954236
3302800989,51241574
3302800989,16451028
3302800989,17163446
3302800989,15460048
3302800989,70725281
3302800989,104277809
3302800989,21783395
3302800989,23585685
3302800989,24241544
3302800989,77234791
3302800989,395388847
3302800989,29722444
3302800989,17884125
3302800989,26276346
3302800989,19889294
3302800989,2545601563
3302800989,1582853809
3302800989,16303106
3302800989,16895274
3302800989,108568373
3302800989,336116660
3302800989,265902729
3302800989,32122637
3302800989,2893939156
3302800989,19921389
3302800989,17311493
3302800989,3395647805
3302800989,2191277311
3302800989,159894847
3302800989,14166909
3302800989,788524
3302800989,87818409
3302800989,14145739
3302800989,224709177
3302800989,526548465
3302800989,3258947212
3302800989,16460916
3302800989,19705747
3302800989,21241276
3302800989,20448733
3302800989,19773713
3302800989,61037301
3302800989,14677919
3302800989,158414847
3302800989,52364719
3302800989,284756738
3302800989,30547095
3302800989,501617939
3302800989,262122491
3302800989,11162772
3302800989,18812864
3302800989,27007714
3302800989,379123973
3302800989,9459622
3302800989,141266003
3302800989,570988281
3302800989,17624543
3302800989,40872043
3302800989,3253746021
3302800989,16951979
3302800989,16589206
3302800989,19179687
3302800989,986878273
3302800989,14330619
3302800989,21112266
3302800989,51111107
3302800989,3351166179
3302800989,2197487762
3302800989,25557666
3302800989,36392123
3302800989,60916506
3302800989,883283635
3302800989,14333754
3302800989,20978436
3302800989,19362464
3302800989,3087068219
3302800989,2201496073
3302800989,38170974
3302800989,54502344
3302800989,27650674
3302800989,323319539
3302800989,317373303
3302800989,2650413864
3302800989,1949495336
3302800989,17006157
3302800989,771383605
3302800989,1662057727
3302800989,948552829
3302800989,399455783
3302800989,163853523
3302800989,233600977
3302800989,360857182
3302800989,421944319
3302800989,862483279
3302800989,320134516
3302800989,91360256
3302800989,122089763
3302800989,48348735
3302800989,1110553549
3302800989,77785503
3302800989,16145097
3302800989,41806795
3302800989,94818435
3302800989,30034124
3302800989,26024010
3302800989,17054817
3302800989,149197471
3302800989,14987728
3302800989,25524832
3302800989,48148030
3302800989,91355096
3302800989,2967811570
3302800989,1652541
3302800989,297380894
3302800989,139556944
3302800989,138358313
3302800989,20608701
3302800989,123754656
3302800989,13787402
3302800989,15110431
3302800989,19472578
3302800989,22007357
3302800989,20794341
3302800989,27737212
3302800989,43869790
3302800989,289856710
3302800989,3020420903
3302800989,111014684
3302800989,70564412
3302800989,18700629
3302800989,34960648
3302800989,8963722
3302800989,19722699
3302800989,14647570
3302800989,17248121
3302800989,21436960
3302800989,17384099
3302800989,103865085
3302800989,487833518
3302800989,32372834
3302800989,19658826
3302800989,180200031
3302800989,138725262
3302800989,34554134
3302800989,15431856
3302800989,24919888
3302800989,21138477
3302800989,1273844659
3302800989,17471979
3302800989,11348282
3302800989,15234407
3302800989,415585111
3302800989,124690469
3302800989,334602996
3302800989,1484787162
3302800989,82104476
3302800989,527526077
3302800989,92727851
3302800989,243662948
3302800989,52344859
3302800989,1690412382
3302800989,19251758
3302800989,584983536
3302800989,19405367
3302800989,16854780
3302800989,19247625
3302800989,23263743
3302800989,46444980
3302800989,2360170550
3302800989,325581008
3302800989,20163851
3302800989,27688281
3302800989,3180880093
3302800989,296965667
3302800989,36087347
3302800989,3310206052
3302800989,14583400
3302800989,106332067
3302800989,238475531
3302800989,19114743
3302800989,2836755090
3302800989,61004103
3302800989,3459051
3302800989,19386622
3302800989,23025730
3302800989,21394379
3302800989,17778709
3302800989,300114634
3302800989,71975446
3302800989,84635940
3302800989,40075175
3302800989,36217563
3302800989,116153066
3302800989,105122619
3302800989,1545994664
3302800989,21861760
3302800989,17809593
3302800989,22851484
3302800989,1615685677
3302800989,51338539
3302800989,2301763806
3302800989,15683146
3302800989,16630978
3302800989,361273250
3302800989,217071937
3302800989,420215306
3302800989,31237480
3302800989,200244473
3302800989,142685138
3302800989,94520746
3302800989,382566932
3302800989,596509757
3302800989,46631364
3302800989,176354638
3302800989,16171953
3302800989,14746456
3302800989,180733809
3302800989,288333760
3302800989,14836197
3302800989,82831947
3302800989,42220353
3302800989,17329538
3302800989,14857290
3302800989,485511296
3302800989,65187067
3302800989,14571755
3302800989,17158140
3302800989,19980499
3302800989,14123683
3302800989,1337785291
3302800989,259925559
3302800989,74173892
3302800989,344634424
3302800989,206144838
3302800989,155693183
3302800989,602008132
3302800989,862827186
3302800989,15392221
3302800989,94081671
3302800989,2561091
3302800989,21389998
3302800989,8665852
3302800989,19186180
3302800989,21066857
