3335804601,3352418925
3335804601,247314828
3335804601,403991138
3335804601,39056314
3335804601,1950188826
3335804601,19777078
3335804601,121787937
3335804601,27426035
3335804601,22929061
3335804601,18972986
3335804601,27905598
3335804601,105164381
3335804601,29186200
3335804601,26102409
3335804601,122078946
3335804601,66740930
3335804601,18049879
3335804601,21585387
3335804601,45119096
3335804601,226531436
3335804601,78323166
3335804601,103813600
3335804601,157981564
3335804601,2217620251
3335804601,29840295
3335804601,19248106
3335804601,117778179
3335804601,3586063332
3335804601,31187615
3335804601,1482682405
3335804601,524643600
3335804601,24060589
3335804601,18222378
3335804601,784680583
3335804601,20300608
3335804601,21066857
3335804601,84128595
3335804601,111252305
3335804601,20163851
3335804601,31237480
3335804601,19971002
3335804601,233600977
3335804601,39776107
3335804601,52782073
3335804601,601031921
3335804601,478671055
3335804601,137524817
3335804601,130655300
3335804601,251705703
3335804601,349021323
3335804601,749372341
3335804601,12135162
3335804601,17919972
3335804601,20234637
3335804601,20536157
3335804601,65522706
3335804601,66515223
3335804601,49573859
3335804601,27260086
3335804601,16098642
3335804601,27943891
3335804601,18033062
3335804601,24894496
3335804601,46740920
3335804601,18649764
3335804601,33990291
3335804601,604795300
3335804601,54403121
3335804601,330510986
3335804601,22179997
3335804601,1414227914
3335804601,22940219
3335804601,300392950
3335804601,172542995
3335804601,28301551
3335804601,89288695
3335804601,47404677
3335804601,103890509
3335804601,878086172
3335804601,2485505982
3335804601,182033179
3335804601,819685194
3335804601,771383605
3335804601,21856254
3335804601,3044738957
3335804601,48203492
3335804601,244800486
3335804601,62203990
3335804601,267425142
3335804601,16125042
3335804601,159113258
3335804601,53643297
3335804601,24342206
3335804601,80480330
3335804601,31451582
3335804601,18018384
3335804601,20727819
3335804601,14497313
3335804601,82778942
3335804601,173998684
3335804601,549445941
3335804601,807289412
3335804601,18027276
3335804601,226887759
3335804601,1363300766
3335804601,130491582
3335804601,393852070
3335804601,20710809
3335804601,103775538
3335804601,31133860
3335804601,94677188
3335804601,297153161
3335804601,35338217
3335804601,135032268
3335804601,101842264
3335804601,216108231
3335804601,375477662
3335804601,627683371
3335804601,115705413
3335804601,1264564686
3335804601,1241937762
3335804601,30070288
3335804601,14436030
3335804601,22791595
3335804601,97637425
3335804601,94538695
3335804601,19398521
3335804601,30089572
3335804601,72950235
3335804601,12804422
3335804601,15057943
3335804601,15592792
3335804601,239505770
3335804601,14584903
3335804601,53132331
3335804601,69314411
3335804601,303710764
3335804601,2493199232
3335804601,499968955
3335804601,279189207
3335804601,18676177
3335804601,498086098
3335804601,66711648
3335804601,343627165
3335804601,380648579
3335804601,22695704
3335804601,1269425228
3335804601,89447929
3335804601,330446733
3335804601,353786894
3335804601,3138341447
3335804601,42626527
3335804601,271028583
3335804601,572470115
3335804601,948552829
3335804601,334602996
3335804601,5402612
3335804601,6107422
3335804601,18814998
3335804601,428333
3335804601,17169453
3335804601,20781929
3335804601,18135386
3335804601,24423418
3335804601,39623638
3335804601,27737538
3335804601,72475439
3335804601,401043959
3335804601,373471064
3335804601,60395240
3335804601,50157639
3335804601,22482043
3335804601,87055402
3335804601,7996082
3335804601,252714294
3335804601,557659549
3335804601,227693475
3335804601,76640424
3335804601,2970383645
3335804601,3043961807
3335804601,15748165
3335804601,19343904
3335804601,3209554499
3335804601,19712523
3335804601,17311493
3335804601,1662057727
3335804601,16867043
3335804601,2420692812
3335804601,149460595
3335804601,2751908314
3335804601,426796052
3335804601,1010310818
3335804601,149308566
3335804601,915333703
3335804601,3105279798
3335804601,4027765453
3335804601,3246179146
3335804601,69916615
3335804601,20928181
3335804601,15309965
3335804601,14842285
3335804601,791205006
3335804601,14932455
3335804601,12044602
3335804601,86422542
3335804601,80700514
3335804601,50826280
3335804601,145499533
3335804601,280518595
3335804601,297169759
3335804601,62971680
3335804601,18142856
3335804601,50517206
3335804601,153810519
3335804601,97739866
3335804601,16537989
3335804601,26585095
3335804601,205622130
3335804601,1568105364
3335804601,36042554
3335804601,7587032
3335804601,788524
3335804601,14138785
3335804601,15438913
3335804601,16887175
3335804601,34655603
3335804601,103065157
3335804601,14224719
3335804601,491234880
3335804601,3238238683
3335804601,410811457
3335804601,19230601
3335804601,62588600
3335804601,268383434
3335804601,209253668
3335804601,434046754
3335804601,239098915
3335804601,166767883
3335804601,626372660
3335804601,278175819
3335804601,2585396407
3335804601,224305359
3335804601,31122496
3335804601,17910893
3335804601,47381607
3335804601,364455943
3335804601,374717113
3335804601,17696167
3335804601,391594129
3335804601,81172502
3335804601,207923746
3335804601,3318800851
3335804601,34430522
3335804601,5520952
3335804601,2485157162
3335804601,28253929
3335804601,461922813
3335804601,146509611
3335804601,29416653
3335804601,340367987
3335804601,606211203
3335804601,218148412
3335804601,543336842
3335804601,19904728
3335804601,2711035300
3335804601,1833085472
3335804601,3971995253
3335804601,15846407
3335804601,28706024
3335804601,21447363
3335804601,15485441
3335804601,26053643
3335804601,15488353
3335804601,459362167
3335804601,68258567
3335804601,360081636
3335804601,1272156098
3335804601,1075378297
3335804601,793913496
3335804601,2252683543
3335804601,465675838
3335804601,3047300345
3335804601,14333649
3335804601,29214466
3335804601,19490380
3335804601,20062102
3335804601,23780652
3335804601,19024453
3335804601,28879048
3335804601,19771833
3335804601,24141542
3335804601,180203868
3335804601,357286380
3335804601,369692162
3335804601,2340843427
3335804601,917555706
3335804601,3604379896
3335804601,32939851
3335804601,329927842
3335804601,365498780
3335804601,475671755
3335804601,205011496
3335804601,313913938
3335804601,386420143
3335804601,19689986
3335804601,551388736
3335804601,348288809
3335804601,444987701
3335804601,126383762
3335804601,21829681
3335804601,191165672
3335804601,186027867
3335804601,833687593
3335804601,821045162
3335804601,423384542
3335804601,376378883
3335804601,2317800996
3335804601,454862443
3335804601,710064516
3335804601,366592246
3335804601,394581283
3335804601,444838837
3335804601,19596687
3335804601,533085085
3335804601,403580183
3335804601,142204481
3335804601,230845588
3335804601,252753618
3335804601,285332860
3335804601,3402846189
3335804601,728935476
3335804601,60916506
3335804601,21112266
3335804601,20380673
3335804601,277495114
3335804601,17884125
3335804601,8665852
3335804601,27935844
3335804601,20712514
3335804601,124139163
3335804601,73249951
3335804601,90891909
3335804601,61457123
3335804601,94081671
3335804601,14885860
3335804601,15764001
3335804601,7302282
3335804601,21254264
3335804601,56798334
3335804601,28370738
3335804601,11856342
3335804601,16877611
3335804601,1428219750
3335804601,25564838
3335804601,20336900
3335804601,92911662
3335804601,72362869
3335804601,1615685677
3335804601,20479813
3335804601,32309662
3335804601,14075928
3335804601,16973333
3335804601,2916305152
3335804601,105001940
3335804601,41203685
3335804601,65992743
3335804601,1090316724
3335804601,471281387
3335804601,221522855
3335804601,776112300
3335804601,955586480
3335804601,735563450
3335804601,10228272
3335804601,32729193
3335804601,1598631030
3335804601,23494080
3335804601,434945612
3335804601,167322596
3335804601,67686246
3335804601,132341780
3335804601,44496963
3335804601,114883965
3335804601,204489416
3335804601,18918483
3335804601,29989813
3335804601,374476617
3335804601,250895750
3335804601,22720074
3335804601,15677036
3335804601,592237373
3335804601,326961987
3335804601,3031877842
3335804601,25503709
3335804601,20845323
3335804601,16631693
3335804601,20794341
3335804601,26276346
3335804601,124690469
3335804601,6273552
3335804601,4898091
3335804601,69032746
3335804601,3376281958
3335804601,15738599
3335804601,17469289
3335804601,65289126
3335804601,3313788715
3335804601,16409683
3335804601,221244167
3335804601,15157374
3335804601,836213647
3335804601,228354940
3335804601,257356599
3335804601,21785446
3335804601,23559586
3335804601,27417018
3335804601,77841951
3335804601,8943
3335804601,43879803
3335804601,1000262514
3335804601,224744107
3335804601,616983934
3335804601,937885172
3335804601,15391813
3335804601,53082082
3335804601,2253627049
3335804601,8460572
3335804601,13353862
3335804601,38142665
3335804601,8350912
3335804601,24744541
3335804601,92273395
3335804601,5894372
3335804601,85626417
3335804601,220998706
3335804601,348785149
3335804601,1582853809
3335804601,15754281
3335804601,40076725
3335804601,2233154425
3335804601,373416209
3335804601,887115338
3335804601,19562228
3335804601,8979742
3335804601,18785600
3335804601,108361327
3335804601,28420827
3335804601,18785430
3335804601,394721978
3335804601,2893175013
3335804601,64681939
3335804601,55587591
3335804601,94237414
3335804601,71843942
3335804601,112741136
3335804601,194236759
3335804601,14914311
3335804601,213445057
3335804601,248289687
3335804601,932759947
3335804601,47506568
3335804601,538021652
3335804601,525264466
3335804601,131574396
3335804601,22178780
3335804601,283090686
3335804601,5885732
3335804601,1373313666
3335804601,423868716
3335804601,171165627
3335804601,1252764865
3335804601,329746058
3335804601,21856114
3335804601,25836321
3335804601,50751556
3335804601,453214520
3335804601,1279217094
3335804601,266192063
3335804601,884742217
3335804601,783214
3335804601,240714255
3335804601,212560938
3335804601,1350422797
3335804601,289085333
3335804601,1035148302
3335804601,240456162
3335804601,386144968
3335804601,527883269
3335804601,1064528635
3335804601,459287850
3335804601,31594288
3335804601,887267652
3335804601,2709190700
3335804601,19247625
3335804601,834212389
3335804601,300114634
3335804601,3107968609
3335804601,2422665828
3335804601,2924001904
3335804601,198560066
3335804601,36361155
3335804601,174889139
3335804601,1282303320
3335804601,60865434
3335804601,525208028
3335804601,1658576336
3335804601,180990505
3335804601,23440052
3335804601,213969309
3335804601,85616395
3335804601,58528137
3335804601,17471979
3335804601,507672047
3335804601,15762708
3335804601,58531272
3335804601,364612474
3335804601,21889608
3335804601,80500654
3335804601,372525649
3335804601,14498713
3335804601,37491129
3335804601,1833657181
3335804601,2097571
3335804601,17573212
3335804601,2411221668
3335804601,31702589
3335804601,386615517
3335804601,54575503
3335804601,79758113
3335804601,25100180
3335804601,33995409
3335804601,607366320
3335804601,217160945
3335804601,35982046
3335804601,27115071
3335804601,90552683
3335804601,604714508
3335804601,201923339
3335804601,48417131
3335804601,316756361
3335804601,703808448
3335804601,1198406491
3335804601,233266490
3335804601,3099613624
3335804601,932429090
3335804601,740336334
3335804601,333534411
3335804601,329789735
3335804601,1227930450
3335804601,955885435
3335804601,322744081
3335804601,1704998570
3335804601,143672012
3335804601,2491702663
3335804601,2747226137
3335804601,2372379259
3335804601,500089281
3335804601,28725783
3335804601,169531833
3335804601,121254571
3335804601,36806880
3335804601,14824849
3335804601,62591681
3335804601,26265033
3335804601,31943671
3335804601,17992258
3335804601,37788181
3335804601,163536030
3335804601,183310940
3335804601,2214472333
3335804601,91919470
3335804601,2858807777
3335804601,18667907
3335804601,26565946
3335804601,211643924
3335804601,20106852
3335804601,104969057
3335804601,27042513
3335804601,15687962
3335804601,11348282
3335804601,17399269
3335804601,259392555
3335804601,244236742
3335804601,701625379
3335804601,25545512
3335804601,14790966
3335804601,245992215
3335804601,728918606
3335804601,62939388
3335804601,468480896
3335804601,33946296
3335804601,320671615
3335804601,246778006
3335804601,13201312
3335804601,12626962
3335804601,136361303
3335804601,16029780
3335804601,33933259
3335804601,15279429
3335804601,16096416
3335804601,20646711
3335804601,14575014
3335804601,82714804
3335804601,19117213
3335804601,108382988
3335804601,43522180
3335804601,2444728176
3335804601,27760317
3335804601,55573873
3335804601,583108053
3335804601,41305464
3335804601,98765275
3335804601,78384543
3335804601,96398870
3335804601,84911904
3335804601,102678215
3335804601,44943200
3335804601,53262205
3335804601,20557346
3335804601,498854419
3335804601,257434149
3335804601,3191055137
3335804601,66787145
3335804601,561703066
3335804601,21241276
3335804601,28195724
3335804601,20563871
3335804601,743472216
3335804601,427885919
3335804601,140980601
3335804601,122034654
3335804601,17262076
3335804601,80684541
3335804601,3373745219
3335804601,12116282
3335804601,84108491
3335804601,129343479
3335804601,428967237
3335804601,14451605
3335804601,2946260913
3335804601,3511681
3335804601,22949812
3335804601,108424962
3335804601,19592306
3335804601,152200919
3335804601,62644363
3335804601,13482062
3335804601,20609518
3335804601,1244760109
3335804601,21021321
3335804601,19705747
3335804601,48434848
3335804601,2919832335
3335804601,53093801
3335804601,45707366
3335804601,26763420
3335804601,43383705
3335804601,18847632
3335804601,46909910
3335804601,6207392
3335804601,24243022
3335804601,28206360
3335804601,381232503
3335804601,31239408
3335804601,500704345
3335804601,67418441
3335804601,216264820
3335804601,287834630
3335804601,265982289
3335804601,242346557
3335804601,609007971
3335804601,3233626836
3335804601,14063426
3335804601,353715697
3335804601,16727535
3335804601,185827887
3335804601,130122646
3335804601,273984297
3335804601,426738834
3335804601,1662472286
3335804601,26330200
3335804601,213745334
3335804601,85603854
3335804601,138372303
3335804601,63136550
3335804601,19472578
3335804601,21707734
3335804601,19264748
3335804601,22904901
3335804601,19889294
3335804601,43565005
3335804601,283038024
3335804601,25535042
3335804601,15005991
3335804601,411115599
3335804601,505089852
3335804601,82602399
3335804601,19331985
3335804601,16632149
3335804601,78150883
3335804601,43865255
3335804601,43869610
3335804601,19988328
3335804601,38344185
3335804601,161456486
3335804601,21879024
3335804601,541566047
3335804601,28421825
3335804601,274649460
3335804601,133093395
3335804601,174593833
3335804601,325830217
3335804601,284602545
3335804601,19731770
3335804601,2884771
3335804601,304909941
3335804601,83795099
3335804601,14159148
3335804601,69231187
3335804601,27830610
3335804601,304876789
3335804601,326516279
3335804601,3059502472
3335804601,2927291565
3335804601,23746926
3335804601,69554298
3335804601,288785053
3335804601,49560260
3335804601,498334266
3335804601,88703900
3335804601,52422878
3335804601,30531696
3335804601,70349639
3335804601,28492159
3335804601,34808655
3335804601,203144854
3335804601,20348431
3335804601,183398746
3335804601,2387840556
3335804601,22685200
3335804601,15966494
3335804601,2792893307
3335804601,21915474
3335804601,26257166
3335804601,610450858
3335804601,2988096474
3335804601,245871948
3335804601,6207762
3335804601,34955691
3335804601,116589491
3335804601,23006794
3335804601,54951973
3335804601,932196612
3335804601,169426475
3335804601,25053299
3335804601,2835594983
3335804601,376819013
3335804601,43323409
3335804601,44527648
3335804601,20702052
3335804601,81945172
3335804601,143084813
3335804601,28718939
3335804601,29049111
3335804601,177329899
3335804601,16660662
3335804601,139791861
3335804601,2550023839
3335804601,2903853446
3335804601,43901270
3335804601,142261464
3335804601,353707177
3335804601,74426840
3335804601,2233240370
3335804601,267208152
3335804601,225341947
3335804601,220315378
3335804601,328980753
3335804601,454843106
3335804601,15683146
3335804601,50602093
3335804601,121167080
3335804601,290762891
3335804601,18671165
3335804601,1061047657
3335804601,236980532
3335804601,1651824314
3335804601,1178944580
3335804601,485801262
3335804601,2369316842
3335804601,1039815788
3335804601,28966604
3335804601,290078349
3335804601,70443471
3335804601,53225463
3335804601,289046042
3335804601,1522994466
3335804601,1117993734
3335804601,422868223
3335804601,471861846
3335804601,283894108
3335804601,471287735
3335804601,589116067
3335804601,3247497561
3335804601,2541999628
3335804601,45112524
3335804601,789605024
3335804601,3069645028
3335804601,24696137
3335804601,449502885
3335804601,19405174
3335804601,51024865
3335804601,62513246
3335804601,52551600
3335804601,17446621
3335804601,78637056
3335804601,92367751
3335804601,185314895
3335804601,110827653
3335804601,27457788
3335804601,19554706
3335804601,17681513
3335804601,158414847
3335804601,60972923
3335804601,149103331
3335804601,8236062
3335804601,124003770
3335804601,45564482
3335804601,366220777
3335804601,51285915
3335804601,700262653
3335804601,2239776558
3335804601,243835805
3335804601,59247894
3335804601,607788559
3335804601,110783489
3335804601,59258132
3335804601,38078047
3335804601,2715403902
3335804601,2820666877
3335804601,57107124
3335804601,241227689
3335804601,599458095
3335804601,701615052
3335804601,419177567
3335804601,612792060
3335804601,494422305
3335804601,1337785291
3335804601,344634424
3335804601,179149890
3335804601,15537451
3335804601,233990070
3335804601,74518740
3335804601,1964571728
3335804601,8159472
3335804601,140070953
3335804601,71610295
3335804601,2330330082
3335804601,550202880
3335804601,2326857668
3335804601,575565118
3335804601,219294551
3335804601,539228988
3335804601,1334928384
3335804601,468668318
3335804601,411469404
3335804601,18936161
3335804601,32359921
3335804601,2815728328
3335804601,57778499
3335804601,524140262
3335804601,18307793
3335804601,71876190
3335804601,155927976
3335804601,15962096
3335804601,634706405
3335804601,321962760
3335804601,512700138
3335804601,863405239
3335804601,240872962
3335804601,15290441
3335804601,110895343
3335804601,20515264
3335804601,68412310
3335804601,82454811
3335804601,44674348
3335804601,74745816
3335804601,18897091
3335804601,39184406
3335804601,340900939
3335804601,509356800
3335804601,25569217
3335804601,322531834
3335804601,573747512
3335804601,50393960
3335804601,2826858770
3335804601,79001239
3335804601,36293631
3335804601,82782150
3335804601,2898842084
3335804601,40139016
3335804601,54999357
3335804601,7313362
3335804601,14511951
3335804601,16664681
3335804601,222210727
3335804601,16460916
3335804601,20554419
3335804601,52046703
3335804601,33940662
3335804601,217377091
3335804601,14641297
3335804601,22841280
3335804601,17161990
3335804601,65804700
3335804601,92022555
3335804601,15475088
3335804601,87597365
3335804601,44409004
3335804601,2528625228
3335804601,19397785
3335804601,23617610
3335804601,14230524
3335804601,268414482
3335804601,2561091
3335804601,87818409
3335804601,18949452
3335804601,2467791
3335804601,5988062
3335804601,14293310
3335804601,3108351
3335804601,807095
3335804601,43869790
3335804601,115485051
3335804601,41878061
3335804601,19033555
3335804601,70186440
3335804601,23421880
3335804601,251716551
3335804601,71339449
3335804601,8665572
3335804601,1450178198
3335804601,19186180
3335804601,963264620
3335804601,42984662
3335804601,64926647
3335804601,1542395126
3335804601,135039839
3335804601,333552268
3335804601,578350580
3335804601,1542377702
3335804601,359099321
3335804601,2281080026
3335804601,260294255
3335804601,154035811
3335804601,21783395
3335804601,19689047
3335804601,25982907
3335804601,21905142
3335804601,16451028
3335804601,26102973
3335804601,20884910
3335804601,19973332
3335804601,2512424461
3335804601,19921389
3335804601,34352191
3335804601,17163446
3335804601,23585685
3335804601,55951070
3335804601,151412125
3335804601,14758257
3335804601,21456666
3335804601,40872043
3335804601,2908627661
3335804601,19564523
3335804601,49781518
3335804601,19394887
3335804601,22903765
3335804601,2301763806
3335804601,15095537
3335804601,18213483
3335804601,25560344
3335804601,33914344
3335804601,976501
3335804601,33872240
3335804601,29619031
3335804601,82465604
3335804601,54376478
3335804601,24741784
3335804601,36738420
3335804601,25165748
3335804601,81818106
3335804601,15809522
3335804601,21375127
3335804601,138643214
3335804601,66905764
3335804601,447192317
3335804601,180755368
3335804601,1137596628
3335804601,77550826
3335804601,19257569
3335804601,437280711
3335804601,72581909
3335804601,20154994
3335804601,707913
3335804601,77344534
3335804601,32668921
3335804601,44730484
3335804601,342415420
3335804601,175462295
3335804601,16812787
3335804601,19058681
3335804601,250831586
3335804601,61391304
3335804601,138600717
3335804601,285282053
3335804601,20177956
3335804601,35936474
3335804601,53153263
3335804601,409486555
3335804601,28006093
3335804601,259379883
3335804601,23083404
3335804601,133143832
3335804601,150846769
3335804601,28669612
3335804601,50811932
3335804601,205415788
3335804601,2693017400
3335804601,76122124
3335804601,17461978
3335804601,243405235
3335804601,323120520
3335804601,516771605
3335804601,989495850
3335804601,421460784
3335804601,41284429
3335804601,398282459
3335804601,17135313
3335804601,27064748
3335804601,127613663
3335804601,15891115
3335804601,38709939
3335804601,56378022
3335804601,21113023
3335804601,48504743
3335804601,29484644
3335804601,15220473
3335804601,25341996
3335804601,34676063
3335804601,14840869
3335804601,18086960
3335804601,23990483
3335804601,23560015
3335804601,15291335
3335804601,203162990
3335804601,21904217
3335804601,20255162
3335804601,17243213
3335804601,27150723
3335804601,19114743
3335804601,238475531
3335804601,95955871
3335804601,217518231
3335804601,24429991
3335804601,71026122
3335804601,36169080
3335804601,35798784
3335804601,491715731
3335804601,22667853
3335804601,27758112
3335804601,539004555
3335804601,178117805
3335804601,1706002693
3335804601,314792669
3335804601,140699869
3335804601,26284208
3335804601,1618558825
3335804601,246639380
3335804601,20683840
3335804601,1126867837
3335804601,35913487
3335804601,26540417
3335804601,15392221
3335804601,395388847
3335804601,1690412382
3335804601,21287076
3335804601,236108227
3335804601,2745557490
3335804601,35773039
3335804601,14677919
3335804601,151123001
3335804601,1278393014
3335804601,2720621997
3335804601,16343974
3335804601,40293333
3335804601,24929621
3335804601,35865024
3335804601,41229669
3335804601,17879692
3335804601,124631720
3335804601,101894425
3335804601,16618332
3335804601,20448733
3335804601,136140018
3335804601,42629261
3335804601,1596956599
3335804601,807608628
3335804601,20930556
3335804601,183387449
3335804601,139092348
3335804601,16951979
3335804601,19663485
3335804601,17595890
3335804601,1895388408
3335804601,115700178
3335804601,151129779
3335804601,151138798
3335804601,112915037
3335804601,193494089
3335804601,926875862
3335804601,221521761
3335804601,70006177
3335804601,52135300
3335804601,43949085
3335804601,29206353
3335804601,73571504
3335804601,26136956
3335804601,15635604
3335804601,20416406
3335804601,267956849
3335804601,254218516
3335804601,76834934
3335804601,34616510
3335804601,29307276
3335804601,42562446
3335804601,32453930
3335804601,25073877
3335804601,2232111613
3335804601,939698184
3335804601,1536791610
3335804601,378632811
3335804601,759251
3335804601,32511920
3335804601,331283041
3335804601,53853197
3335804601,17351972
3335804601,17159397
3335804601,2557521
3335804601,198975780
3335804601,124335068
3335804601,46880833
3335804601,2206679028
3335804601,577988221
3335804601,186009251
3335804601,214153705
3335804601,2657289133
3335804601,175083215
3335804601,165160853
3335804601,111116063
3335804601,412237956
3335804601,1155233203
3335804601,91478624
3335804601,569858803
3335804601,100830721
3335804601,50374439
3335804601,133880286
3335804601,1916164788
3335804601,31269003
3335804601,15155074
3335804601,297047872
3335804601,2367911
3335804601,25589776
3335804601,39479083
3335804601,246481013
3335804601,166790597
3335804601,241747585
3335804601,25743813
3335804601,30047168
3335804601,42519612
3335804601,1432977446
3335804601,344801362
3335804601,158487331
3335804601,42384760
3335804601,163559269
3335804601,17049258
3335804601,760494572
3335804601,415859364
3335804601,21701757
3335804601,22601929
3335804601,1260366252
3335804601,246225682
3335804601,200163448
3335804601,248900032
3335804601,136007061
3335804601,29479000
3335804601,26589987
3335804601,224223563
3335804601,90836187
3335804601,627673190
3335804601,191690176
3335804601,25365536
3335804601,75974281
3335804601,16854780
3335804601,51468445
3335804601,18075140
3335804601,16153562
3335804601,3459051
3335804601,19712205
3335804601,986878273
3335804601,125100410
3335804601,27604942
3335804601,20843014
3335804601,163853523
3335804601,18730195
3335804601,109353927
3335804601,2779473113
3335804601,1286063538
3335804601,23446053
3335804601,11994692
3335804601,50640639
3335804601,21195592
3335804601,18761347
3335804601,50707383
3335804601,89986710
3335804601,24590293
3335804601,93230391
3335804601,26486870
3335804601,46113237
3335804601,61004103
3335804601,18679659
3335804601,85321222
3335804601,190364901
3335804601,17597716
3335804601,148832411
3335804601,211675127
3335804601,16631331
3335804601,16632219
3335804601,16631801
3335804601,46365884
3335804601,106876550
3335804601,23439801
3335804601,15565190
3335804601,50372842
3335804601,74712538
3335804601,2188934334
3335804601,43469093
3335804601,39887890
3335804601,18479513
3335804601,377284797
3335804601,411570224
3335804601,102570694
3335804601,166665318
3335804601,9695312
3335804601,262673613
3335804601,197117628
3335804601,301672010
3335804601,45316175
3335804601,21163600
3335804601,95956928
3335804601,17450410
3335804601,35094637
3335804601,268439864
3335804601,79293791
3335804601,1093090866
3335804601,30313925
3335804601,813286
3335804601,1339835893
3335804601,336116660
3335804601,606264558
3335804601,1330457336
3335804601,36947388
3335804601,63296944
3335804601,43192807
3335804601,43283406
3335804601,24523660
3335804601,43128684
3335804601,14780915
3335804601,48410093
3335804601,234053160
3335804601,32625314
3335804601,23043294
3335804601,22473316
3335804601,55533619
3335804601,29465290
3335804601,22487286
3335804601,19773713
3335804601,32418920
3335804601,310463188
3335804601,180821354
3335804601,29319128
3335804601,21584475
3335804601,43969388
3335804601,236956880
3335804601,22832029
3335804601,24963961
3335804601,14401698
3335804601,1711406461
3335804601,22549812
3335804601,78644388
3335804601,118483749
3335804601,168767461
3335804601,185449401
3335804601,139848744
3335804601,57982473
3335804601,89014429
3335804601,2717886660
3335804601,134174892
3335804601,115682368
3335804601,151112363
3335804601,105251590
3335804601,20162957
3335804601,480782173
3335804601,1514171023
3335804601,309880851
3335804601,620398542
3335804601,155659213
3335804601,1548317628
3335804601,175334594
3335804601,108668217
3335804601,53144764
3335804601,21024748
3335804601,393723853
3335804601,898533499
3335804601,40468025
3335804601,132130882
3335804601,256675420
3335804601,350163849
3335804601,615274676
3335804601,254098644
3335804601,17241998
3335804601,17901282
3335804601,6446742
3335804601,115093611
3335804601,262310943
3335804601,267009091
3335804601,288000034
3335804601,314120493
3335804601,349157263
3335804601,368703433
3335804601,24529777
3335804601,533486574
3335804601,533408363
3335804601,533501223
3335804601,122555803
3335804601,28265228
3335804601,380482353
3335804601,221573745
3335804601,515722353
3335804601,23089228
3335804601,32117870
3335804601,70725301
3335804601,739417207
3335804601,467169923
3335804601,222177340
3335804601,221517001
3335804601,45675029
3335804601,355708717
3335804601,1195370804
3335804601,17733320
3335804601,1222639789
3335804601,1222616833
3335804601,1357803824
3335804601,892245979
3335804601,59319830
3335804601,179932936
3335804601,472872558
3335804601,195508960
3335804601,3000574186
3335804601,456066070
3335804601,141664648
3335804601,7517222
3335804601,34338927
3335804601,37774152
3335804601,214537859
3335804601,529653086
3335804601,240848082
3335804601,170424259
3335804601,2242915207
3335804601,731364698
3335804601,25319414
3335804601,19923144
3335804601,1059194370
3335804601,20346956
3335804601,727305176
3335804601,601774069
3335804601,505605766
3335804601,577466504
3335804601,2811941773
3335804601,259925559
3335804601,156132825
3335804601,3066070240
3335804601,3010384528
3335804601,1150722620
3335804601,3199745237
3335804601,596940844
3335804601,153067700
3335804601,21390437
3335804601,3352418925
3335804601,247314828
3335804601,403991138
3335804601,39056314
3335804601,1950188826
3335804601,19777078
3335804601,121787937
3335804601,27426035
3335804601,22929061
3335804601,18972986
3335804601,27905598
3335804601,105164381
3335804601,29186200
3335804601,26102409
3335804601,122078946
3335804601,66740930
3335804601,18049879
3335804601,21585387
3335804601,45119096
3335804601,226531436
3335804601,78323166
3335804601,103813600
3335804601,157981564
3335804601,2217620251
3335804601,29840295
3335804601,19248106
3335804601,117778179
3335804601,3586063332
3335804601,31187615
3335804601,1482682405
3335804601,524643600
3335804601,24060589
3335804601,18222378
3335804601,784680583
3335804601,20300608
3335804601,21066857
3335804601,84128595
3335804601,111252305
3335804601,20163851
3335804601,31237480
3335804601,19971002
3335804601,233600977
3335804601,39776107
3335804601,52782073
3335804601,601031921
3335804601,478671055
3335804601,137524817
3335804601,130655300
3335804601,251705703
3335804601,349021323
3335804601,749372341
3335804601,12135162
3335804601,17919972
3335804601,20234637
3335804601,20536157
3335804601,65522706
3335804601,66515223
3335804601,49573859
3335804601,27260086
3335804601,16098642
3335804601,27943891
3335804601,18033062
3335804601,24894496
3335804601,46740920
3335804601,18649764
3335804601,33990291
3335804601,604795300
3335804601,54403121
3335804601,330510986
3335804601,22179997
3335804601,1414227914
3335804601,22940219
3335804601,300392950
3335804601,172542995
3335804601,28301551
3335804601,89288695
3335804601,47404677
3335804601,103890509
3335804601,878086172
3335804601,2485505982
3335804601,182033179
3335804601,819685194
3335804601,771383605
3335804601,21856254
3335804601,3044738957
3335804601,48203492
3335804601,244800486
3335804601,62203990
3335804601,267425142
3335804601,16125042
3335804601,159113258
3335804601,53643297
3335804601,24342206
3335804601,80480330
3335804601,31451582
3335804601,18018384
3335804601,20727819
3335804601,14497313
3335804601,82778942
3335804601,173998684
3335804601,549445941
3335804601,807289412
3335804601,18027276
3335804601,226887759
3335804601,1363300766
3335804601,130491582
3335804601,393852070
3335804601,20710809
3335804601,103775538
3335804601,31133860
3335804601,94677188
3335804601,297153161
3335804601,35338217
3335804601,135032268
3335804601,101842264
3335804601,216108231
3335804601,375477662
3335804601,627683371
3335804601,115705413
3335804601,1264564686
3335804601,1241937762
3335804601,30070288
3335804601,14436030
3335804601,22791595
3335804601,97637425
3335804601,94538695
3335804601,19398521
3335804601,30089572
3335804601,72950235
3335804601,12804422
3335804601,15057943
3335804601,15592792
3335804601,239505770
3335804601,14584903
3335804601,53132331
3335804601,69314411
3335804601,303710764
3335804601,2493199232
3335804601,499968955
3335804601,279189207
3335804601,18676177
3335804601,498086098
3335804601,66711648
3335804601,343627165
3335804601,380648579
3335804601,22695704
3335804601,1269425228
3335804601,89447929
3335804601,330446733
3335804601,353786894
3335804601,3138341447
3335804601,42626527
3335804601,271028583
3335804601,572470115
3335804601,948552829
3335804601,334602996
3335804601,5402612
3335804601,6107422
3335804601,18814998
3335804601,428333
3335804601,17169453
3335804601,20781929
3335804601,18135386
3335804601,24423418
3335804601,39623638
3335804601,27737538
3335804601,72475439
3335804601,401043959
3335804601,373471064
3335804601,60395240
3335804601,50157639
3335804601,22482043
3335804601,87055402
3335804601,7996082
3335804601,252714294
3335804601,557659549
3335804601,227693475
3335804601,76640424
3335804601,2970383645
3335804601,3043961807
3335804601,15748165
3335804601,19343904
3335804601,3209554499
3335804601,19712523
3335804601,17311493
3335804601,1662057727
3335804601,16867043
3335804601,2420692812
3335804601,149460595
3335804601,2751908314
3335804601,426796052
3335804601,1010310818
3335804601,149308566
3335804601,915333703
3335804601,3105279798
3335804601,4027765453
3335804601,3246179146
3335804601,69916615
3335804601,20928181
3335804601,15309965
3335804601,14842285
3335804601,791205006
3335804601,14932455
3335804601,12044602
3335804601,86422542
3335804601,80700514
3335804601,50826280
3335804601,145499533
3335804601,280518595
3335804601,297169759
3335804601,62971680
3335804601,18142856
3335804601,50517206
3335804601,153810519
3335804601,97739866
3335804601,16537989
3335804601,26585095
3335804601,205622130
3335804601,1568105364
3335804601,36042554
3335804601,7587032
3335804601,788524
3335804601,14138785
3335804601,15438913
3335804601,16887175
3335804601,34655603
3335804601,103065157
3335804601,14224719
3335804601,491234880
3335804601,3238238683
3335804601,410811457
3335804601,19230601
3335804601,62588600
3335804601,268383434
3335804601,209253668
3335804601,434046754
3335804601,239098915
3335804601,166767883
3335804601,626372660
3335804601,278175819
3335804601,2585396407
3335804601,224305359
3335804601,31122496
3335804601,17910893
3335804601,47381607
3335804601,364455943
3335804601,374717113
3335804601,17696167
3335804601,391594129
3335804601,81172502
3335804601,207923746
3335804601,3318800851
3335804601,34430522
3335804601,5520952
3335804601,2485157162
3335804601,28253929
3335804601,461922813
3335804601,146509611
3335804601,29416653
3335804601,340367987
3335804601,606211203
3335804601,218148412
3335804601,543336842
3335804601,19904728
3335804601,2711035300
3335804601,1833085472
3335804601,3971995253
3335804601,15846407
3335804601,28706024
3335804601,21447363
3335804601,15485441
3335804601,26053643
3335804601,15488353
3335804601,459362167
3335804601,68258567
3335804601,360081636
3335804601,1272156098
3335804601,1075378297
3335804601,793913496
3335804601,2252683543
3335804601,465675838
3335804601,3047300345
3335804601,14333649
3335804601,29214466
3335804601,19490380
3335804601,20062102
3335804601,23780652
3335804601,19024453
3335804601,28879048
3335804601,19771833
3335804601,24141542
3335804601,180203868
3335804601,357286380
3335804601,369692162
3335804601,2340843427
3335804601,917555706
3335804601,3604379896
3335804601,32939851
3335804601,329927842
3335804601,365498780
3335804601,475671755
3335804601,205011496
3335804601,313913938
3335804601,386420143
3335804601,19689986
3335804601,551388736
3335804601,348288809
3335804601,444987701
3335804601,126383762
3335804601,21829681
3335804601,191165672
3335804601,186027867
3335804601,833687593
3335804601,821045162
3335804601,423384542
3335804601,376378883
3335804601,2317800996
3335804601,454862443
3335804601,710064516
3335804601,366592246
3335804601,394581283
3335804601,444838837
3335804601,19596687
3335804601,533085085
3335804601,403580183
3335804601,142204481
3335804601,230845588
3335804601,252753618
3335804601,285332860
3335804601,3402846189
3335804601,728935476
3335804601,60916506
3335804601,21112266
3335804601,20380673
3335804601,277495114
3335804601,17884125
3335804601,8665852
3335804601,27935844
3335804601,20712514
3335804601,124139163
3335804601,73249951
3335804601,90891909
3335804601,61457123
3335804601,94081671
3335804601,14885860
3335804601,15764001
3335804601,7302282
3335804601,21254264
3335804601,56798334
3335804601,28370738
3335804601,11856342
3335804601,16877611
3335804601,1428219750
3335804601,25564838
3335804601,20336900
3335804601,92911662
3335804601,72362869
3335804601,1615685677
3335804601,20479813
3335804601,32309662
3335804601,14075928
3335804601,16973333
3335804601,2916305152
3335804601,105001940
3335804601,41203685
3335804601,65992743
3335804601,1090316724
3335804601,471281387
3335804601,221522855
3335804601,776112300
3335804601,955586480
3335804601,735563450
3335804601,10228272
3335804601,32729193
3335804601,1598631030
3335804601,23494080
3335804601,434945612
3335804601,167322596
3335804601,67686246
3335804601,132341780
3335804601,44496963
3335804601,114883965
3335804601,204489416
3335804601,18918483
3335804601,29989813
3335804601,374476617
3335804601,250895750
3335804601,22720074
3335804601,15677036
3335804601,592237373
3335804601,326961987
3335804601,3031877842
3335804601,25503709
3335804601,20845323
3335804601,16631693
3335804601,20794341
3335804601,26276346
3335804601,124690469
3335804601,6273552
3335804601,4898091
3335804601,69032746
3335804601,3376281958
3335804601,15738599
3335804601,17469289
3335804601,65289126
3335804601,3313788715
3335804601,16409683
3335804601,221244167
3335804601,15157374
3335804601,836213647
3335804601,228354940
3335804601,257356599
3335804601,21785446
3335804601,23559586
3335804601,27417018
3335804601,77841951
3335804601,8943
3335804601,43879803
3335804601,1000262514
3335804601,224744107
3335804601,616983934
3335804601,937885172
3335804601,15391813
3335804601,53082082
3335804601,2253627049
3335804601,8460572
3335804601,13353862
3335804601,38142665
3335804601,8350912
3335804601,24744541
3335804601,92273395
3335804601,5894372
3335804601,85626417
3335804601,220998706
3335804601,348785149
3335804601,1582853809
3335804601,15754281
3335804601,40076725
3335804601,2233154425
3335804601,373416209
3335804601,887115338
3335804601,19562228
3335804601,8979742
3335804601,18785600
3335804601,108361327
3335804601,28420827
3335804601,18785430
3335804601,394721978
3335804601,2893175013
3335804601,64681939
3335804601,55587591
3335804601,94237414
3335804601,71843942
3335804601,112741136
3335804601,194236759
3335804601,14914311
3335804601,213445057
3335804601,248289687
3335804601,932759947
3335804601,47506568
3335804601,538021652
3335804601,525264466
3335804601,131574396
3335804601,22178780
3335804601,283090686
3335804601,5885732
3335804601,1373313666
3335804601,423868716
3335804601,171165627
3335804601,1252764865
3335804601,329746058
3335804601,21856114
3335804601,25836321
3335804601,50751556
3335804601,453214520
3335804601,1279217094
3335804601,266192063
3335804601,884742217
3335804601,783214
3335804601,240714255
3335804601,212560938
3335804601,1350422797
3335804601,289085333
3335804601,1035148302
3335804601,240456162
3335804601,386144968
3335804601,527883269
3335804601,1064528635
3335804601,459287850
3335804601,31594288
3335804601,887267652
3335804601,2709190700
3335804601,19247625
3335804601,834212389
3335804601,300114634
3335804601,3107968609
3335804601,2422665828
3335804601,2924001904
3335804601,198560066
3335804601,36361155
3335804601,174889139
3335804601,1282303320
3335804601,60865434
3335804601,525208028
3335804601,1658576336
3335804601,180990505
3335804601,23440052
3335804601,213969309
3335804601,85616395
3335804601,58528137
3335804601,17471979
3335804601,507672047
3335804601,15762708
3335804601,58531272
3335804601,364612474
3335804601,21889608
3335804601,80500654
3335804601,372525649
3335804601,14498713
3335804601,37491129
3335804601,1833657181
3335804601,2097571
3335804601,17573212
3335804601,2411221668
3335804601,31702589
3335804601,386615517
3335804601,54575503
3335804601,79758113
3335804601,25100180
3335804601,33995409
3335804601,607366320
3335804601,217160945
3335804601,35982046
3335804601,27115071
3335804601,90552683
3335804601,604714508
3335804601,201923339
3335804601,48417131
3335804601,316756361
3335804601,703808448
3335804601,1198406491
3335804601,233266490
3335804601,3099613624
3335804601,932429090
3335804601,740336334
3335804601,333534411
3335804601,329789735
3335804601,1227930450
3335804601,955885435
3335804601,322744081
3335804601,1704998570
3335804601,143672012
3335804601,2491702663
3335804601,2747226137
3335804601,2372379259
3335804601,500089281
3335804601,28725783
3335804601,169531833
3335804601,121254571
3335804601,36806880
3335804601,14824849
3335804601,62591681
3335804601,26265033
3335804601,31943671
3335804601,17992258
3335804601,37788181
3335804601,163536030
3335804601,183310940
3335804601,2214472333
3335804601,91919470
3335804601,2858807777
3335804601,18667907
3335804601,26565946
3335804601,211643924
3335804601,20106852
3335804601,104969057
3335804601,27042513
3335804601,15687962
3335804601,11348282
3335804601,17399269
3335804601,259392555
3335804601,244236742
3335804601,701625379
3335804601,25545512
3335804601,14790966
3335804601,245992215
3335804601,728918606
3335804601,62939388
3335804601,468480896
3335804601,33946296
3335804601,320671615
3335804601,246778006
3335804601,13201312
3335804601,12626962
3335804601,136361303
3335804601,16029780
3335804601,33933259
3335804601,15279429
3335804601,16096416
3335804601,20646711
3335804601,14575014
3335804601,82714804
3335804601,19117213
3335804601,108382988
3335804601,43522180
3335804601,2444728176
3335804601,27760317
3335804601,55573873
3335804601,583108053
3335804601,41305464
3335804601,98765275
3335804601,78384543
3335804601,96398870
3335804601,84911904
3335804601,102678215
3335804601,44943200
3335804601,53262205
3335804601,20557346
3335804601,498854419
3335804601,257434149
3335804601,3191055137
3335804601,66787145
3335804601,561703066
3335804601,21241276
3335804601,28195724
3335804601,20563871
3335804601,743472216
3335804601,427885919
3335804601,140980601
3335804601,122034654
3335804601,17262076
3335804601,80684541
3335804601,3373745219
3335804601,12116282
3335804601,84108491
3335804601,129343479
3335804601,428967237
3335804601,14451605
3335804601,2946260913
3335804601,3511681
3335804601,22949812
3335804601,108424962
3335804601,19592306
3335804601,152200919
3335804601,62644363
3335804601,13482062
3335804601,20609518
3335804601,1244760109
3335804601,21021321
3335804601,19705747
3335804601,48434848
3335804601,2919832335
3335804601,53093801
3335804601,45707366
3335804601,26763420
3335804601,43383705
3335804601,18847632
3335804601,46909910
3335804601,6207392
3335804601,24243022
3335804601,28206360
3335804601,381232503
3335804601,31239408
3335804601,500704345
3335804601,67418441
3335804601,216264820
3335804601,287834630
3335804601,265982289
3335804601,242346557
3335804601,609007971
3335804601,3233626836
3335804601,14063426
3335804601,353715697
3335804601,16727535
3335804601,185827887
3335804601,130122646
3335804601,273984297
3335804601,426738834
3335804601,1662472286
3335804601,26330200
3335804601,213745334
3335804601,85603854
3335804601,138372303
3335804601,63136550
3335804601,19472578
3335804601,21707734
3335804601,19264748
3335804601,22904901
3335804601,19889294
3335804601,43565005
3335804601,283038024
3335804601,25535042
3335804601,15005991
3335804601,411115599
3335804601,505089852
3335804601,82602399
3335804601,19331985
3335804601,16632149
3335804601,78150883
3335804601,43865255
3335804601,43869610
3335804601,19988328
3335804601,38344185
3335804601,161456486
3335804601,21879024
3335804601,541566047
3335804601,28421825
3335804601,274649460
3335804601,133093395
3335804601,174593833
3335804601,325830217
3335804601,284602545
3335804601,19731770
3335804601,2884771
3335804601,304909941
3335804601,83795099
3335804601,14159148
3335804601,69231187
3335804601,27830610
3335804601,304876789
3335804601,326516279
3335804601,3059502472
3335804601,2927291565
3335804601,23746926
3335804601,69554298
3335804601,288785053
3335804601,49560260
3335804601,498334266
3335804601,88703900
3335804601,52422878
3335804601,30531696
3335804601,70349639
3335804601,28492159
3335804601,34808655
3335804601,203144854
3335804601,20348431
3335804601,183398746
3335804601,2387840556
3335804601,22685200
3335804601,15966494
3335804601,2792893307
3335804601,21915474
3335804601,26257166
3335804601,610450858
3335804601,2988096474
3335804601,245871948
3335804601,6207762
3335804601,34955691
3335804601,116589491
3335804601,23006794
3335804601,54951973
3335804601,932196612
3335804601,169426475
3335804601,25053299
3335804601,2835594983
3335804601,376819013
3335804601,43323409
3335804601,44527648
3335804601,20702052
3335804601,81945172
3335804601,143084813
3335804601,28718939
3335804601,29049111
3335804601,177329899
3335804601,16660662
3335804601,139791861
3335804601,2550023839
3335804601,2903853446
3335804601,43901270
3335804601,142261464
3335804601,353707177
3335804601,74426840
3335804601,2233240370
3335804601,267208152
3335804601,225341947
3335804601,220315378
3335804601,328980753
3335804601,454843106
3335804601,15683146
3335804601,50602093
3335804601,121167080
3335804601,290762891
3335804601,18671165
3335804601,1061047657
3335804601,236980532
3335804601,1651824314
3335804601,1178944580
3335804601,485801262
3335804601,2369316842
3335804601,1039815788
3335804601,28966604
3335804601,290078349
3335804601,70443471
3335804601,53225463
3335804601,289046042
3335804601,1522994466
3335804601,1117993734
3335804601,422868223
3335804601,471861846
3335804601,283894108
3335804601,471287735
3335804601,589116067
3335804601,3247497561
3335804601,2541999628
3335804601,45112524
3335804601,789605024
3335804601,3069645028
3335804601,24696137
3335804601,449502885
3335804601,19405174
3335804601,51024865
3335804601,62513246
3335804601,52551600
3335804601,17446621
3335804601,78637056
3335804601,92367751
3335804601,185314895
3335804601,110827653
3335804601,27457788
3335804601,19554706
3335804601,17681513
3335804601,158414847
3335804601,60972923
3335804601,149103331
3335804601,8236062
3335804601,124003770
3335804601,45564482
3335804601,366220777
3335804601,51285915
3335804601,700262653
3335804601,2239776558
3335804601,243835805
3335804601,59247894
3335804601,607788559
3335804601,110783489
3335804601,59258132
3335804601,38078047
3335804601,2715403902
3335804601,2820666877
3335804601,57107124
3335804601,241227689
3335804601,599458095
3335804601,701615052
3335804601,419177567
3335804601,612792060
3335804601,494422305
3335804601,1337785291
3335804601,344634424
3335804601,179149890
3335804601,15537451
3335804601,233990070
3335804601,74518740
3335804601,1964571728
3335804601,8159472
3335804601,140070953
3335804601,71610295
3335804601,2330330082
3335804601,550202880
3335804601,2326857668
3335804601,575565118
3335804601,219294551
3335804601,539228988
3335804601,1334928384
3335804601,468668318
3335804601,411469404
3335804601,18936161
3335804601,32359921
3335804601,2815728328
3335804601,57778499
3335804601,524140262
3335804601,18307793
3335804601,71876190
3335804601,155927976
3335804601,15962096
3335804601,634706405
3335804601,321962760
3335804601,512700138
3335804601,863405239
3335804601,240872962
3335804601,15290441
3335804601,110895343
3335804601,20515264
3335804601,68412310
3335804601,82454811
3335804601,44674348
3335804601,74745816
3335804601,18897091
3335804601,39184406
3335804601,340900939
3335804601,509356800
3335804601,25569217
3335804601,322531834
3335804601,573747512
3335804601,50393960
3335804601,2826858770
3335804601,79001239
3335804601,36293631
3335804601,82782150
3335804601,2898842084
3335804601,40139016
3335804601,54999357
3335804601,7313362
3335804601,14511951
3335804601,16664681
3335804601,222210727
3335804601,16460916
3335804601,20554419
3335804601,52046703
3335804601,33940662
3335804601,217377091
3335804601,14641297
3335804601,22841280
3335804601,17161990
3335804601,65804700
3335804601,92022555
3335804601,15475088
3335804601,87597365
3335804601,44409004
3335804601,2528625228
3335804601,19397785
3335804601,23617610
3335804601,14230524
3335804601,268414482
3335804601,2561091
3335804601,87818409
3335804601,18949452
3335804601,2467791
3335804601,5988062
3335804601,14293310
3335804601,3108351
3335804601,807095
3335804601,43869790
3335804601,115485051
3335804601,41878061
3335804601,19033555
3335804601,70186440
3335804601,23421880
3335804601,251716551
3335804601,71339449
3335804601,8665572
3335804601,1450178198
3335804601,19186180
3335804601,963264620
3335804601,42984662
3335804601,64926647
3335804601,1542395126
3335804601,135039839
3335804601,333552268
3335804601,578350580
3335804601,1542377702
3335804601,359099321
3335804601,2281080026
3335804601,260294255
3335804601,154035811
3335804601,21783395
3335804601,19689047
3335804601,25982907
3335804601,21905142
3335804601,16451028
3335804601,26102973
3335804601,20884910
3335804601,19973332
3335804601,2512424461
3335804601,19921389
3335804601,34352191
3335804601,17163446
3335804601,23585685
3335804601,55951070
3335804601,151412125
3335804601,14758257
3335804601,21456666
3335804601,40872043
3335804601,2908627661
3335804601,19564523
3335804601,49781518
3335804601,19394887
3335804601,22903765
3335804601,2301763806
3335804601,15095537
3335804601,18213483
3335804601,25560344
3335804601,33914344
3335804601,976501
3335804601,33872240
3335804601,29619031
3335804601,82465604
3335804601,54376478
3335804601,24741784
3335804601,36738420
3335804601,25165748
3335804601,81818106
3335804601,15809522
3335804601,21375127
3335804601,138643214
3335804601,66905764
3335804601,447192317
3335804601,180755368
3335804601,1137596628
3335804601,77550826
3335804601,19257569
3335804601,437280711
3335804601,72581909
3335804601,20154994
3335804601,707913
3335804601,77344534
3335804601,32668921
3335804601,44730484
3335804601,342415420
3335804601,175462295
3335804601,16812787
3335804601,19058681
3335804601,250831586
3335804601,61391304
3335804601,138600717
3335804601,285282053
3335804601,20177956
3335804601,35936474
3335804601,53153263
3335804601,409486555
3335804601,28006093
3335804601,259379883
3335804601,23083404
3335804601,133143832
3335804601,150846769
3335804601,28669612
3335804601,50811932
3335804601,205415788
3335804601,2693017400
3335804601,76122124
3335804601,17461978
3335804601,243405235
3335804601,323120520
3335804601,516771605
3335804601,989495850
3335804601,421460784
3335804601,41284429
3335804601,398282459
3335804601,17135313
3335804601,27064748
3335804601,127613663
3335804601,15891115
3335804601,38709939
3335804601,56378022
3335804601,21113023
3335804601,48504743
3335804601,29484644
3335804601,15220473
3335804601,25341996
3335804601,34676063
3335804601,14840869
3335804601,18086960
3335804601,23990483
3335804601,23560015
3335804601,15291335
3335804601,203162990
3335804601,21904217
3335804601,20255162
3335804601,17243213
3335804601,27150723
3335804601,19114743
3335804601,238475531
3335804601,95955871
3335804601,217518231
3335804601,24429991
3335804601,71026122
3335804601,36169080
3335804601,35798784
3335804601,491715731
3335804601,22667853
3335804601,27758112
3335804601,539004555
3335804601,178117805
3335804601,1706002693
3335804601,314792669
3335804601,140699869
3335804601,26284208
3335804601,1618558825
3335804601,246639380
3335804601,20683840
3335804601,1126867837
3335804601,35913487
3335804601,26540417
3335804601,15392221
3335804601,395388847
3335804601,1690412382
3335804601,21287076
3335804601,236108227
3335804601,2745557490
3335804601,35773039
3335804601,14677919
3335804601,151123001
3335804601,1278393014
3335804601,2720621997
3335804601,16343974
3335804601,40293333
3335804601,24929621
3335804601,35865024
3335804601,41229669
3335804601,17879692
3335804601,124631720
3335804601,101894425
3335804601,16618332
3335804601,20448733
3335804601,136140018
3335804601,42629261
3335804601,1596956599
3335804601,807608628
3335804601,20930556
3335804601,183387449
3335804601,139092348
3335804601,16951979
3335804601,19663485
3335804601,17595890
3335804601,1895388408
3335804601,115700178
3335804601,151129779
3335804601,151138798
3335804601,112915037
3335804601,193494089
3335804601,926875862
3335804601,221521761
3335804601,70006177
3335804601,52135300
3335804601,43949085
3335804601,29206353
3335804601,73571504
3335804601,26136956
3335804601,15635604
3335804601,20416406
3335804601,267956849
3335804601,254218516
3335804601,76834934
3335804601,34616510
3335804601,29307276
3335804601,42562446
3335804601,32453930
3335804601,25073877
3335804601,2232111613
3335804601,939698184
3335804601,1536791610
3335804601,378632811
3335804601,759251
3335804601,32511920
3335804601,331283041
3335804601,53853197
3335804601,17351972
3335804601,17159397
3335804601,2557521
3335804601,198975780
3335804601,124335068
3335804601,46880833
3335804601,2206679028
3335804601,577988221
3335804601,186009251
3335804601,214153705
3335804601,2657289133
3335804601,175083215
3335804601,165160853
3335804601,111116063
3335804601,412237956
3335804601,1155233203
3335804601,91478624
3335804601,569858803
3335804601,100830721
3335804601,50374439
3335804601,133880286
3335804601,1916164788
3335804601,31269003
3335804601,15155074
3335804601,297047872
3335804601,2367911
3335804601,25589776
3335804601,39479083
3335804601,246481013
3335804601,166790597
3335804601,241747585
3335804601,25743813
3335804601,30047168
3335804601,42519612
3335804601,1432977446
3335804601,344801362
3335804601,158487331
3335804601,42384760
3335804601,163559269
3335804601,17049258
3335804601,760494572
3335804601,415859364
3335804601,21701757
3335804601,22601929
3335804601,1260366252
3335804601,246225682
3335804601,200163448
3335804601,248900032
3335804601,136007061
3335804601,29479000
3335804601,26589987
3335804601,224223563
3335804601,90836187
3335804601,627673190
3335804601,191690176
3335804601,25365536
3335804601,75974281
3335804601,16854780
3335804601,51468445
3335804601,18075140
3335804601,16153562
3335804601,3459051
3335804601,19712205
3335804601,986878273
3335804601,125100410
3335804601,27604942
3335804601,20843014
3335804601,163853523
3335804601,18730195
3335804601,109353927
3335804601,2779473113
3335804601,1286063538
3335804601,23446053
3335804601,11994692
3335804601,50640639
3335804601,21195592
3335804601,18761347
3335804601,50707383
3335804601,89986710
3335804601,24590293
3335804601,93230391
3335804601,26486870
3335804601,46113237
3335804601,61004103
3335804601,18679659
3335804601,85321222
3335804601,190364901
3335804601,17597716
3335804601,148832411
3335804601,211675127
3335804601,16631331
3335804601,16632219
3335804601,16631801
3335804601,46365884
3335804601,106876550
3335804601,23439801
3335804601,15565190
3335804601,50372842
3335804601,74712538
3335804601,2188934334
3335804601,43469093
3335804601,39887890
3335804601,18479513
3335804601,377284797
3335804601,411570224
3335804601,102570694
3335804601,166665318
3335804601,9695312
3335804601,262673613
3335804601,197117628
3335804601,301672010
3335804601,45316175
3335804601,21163600
3335804601,95956928
3335804601,17450410
3335804601,35094637
3335804601,268439864
3335804601,79293791
3335804601,1093090866
3335804601,30313925
3335804601,813286
3335804601,1339835893
3335804601,336116660
3335804601,606264558
3335804601,1330457336
3335804601,36947388
3335804601,63296944
3335804601,43192807
3335804601,43283406
3335804601,24523660
3335804601,43128684
3335804601,14780915
3335804601,48410093
3335804601,234053160
3335804601,32625314
3335804601,23043294
3335804601,22473316
3335804601,55533619
3335804601,29465290
3335804601,22487286
3335804601,19773713
3335804601,32418920
3335804601,310463188
3335804601,180821354
3335804601,29319128
3335804601,21584475
3335804601,43969388
3335804601,236956880
3335804601,22832029
3335804601,24963961
3335804601,14401698
3335804601,1711406461
3335804601,22549812
3335804601,78644388
3335804601,118483749
3335804601,168767461
3335804601,185449401
3335804601,139848744
3335804601,57982473
3335804601,89014429
3335804601,2717886660
3335804601,134174892
3335804601,115682368
3335804601,151112363
3335804601,105251590
3335804601,20162957
3335804601,480782173
3335804601,1514171023
3335804601,309880851
3335804601,620398542
3335804601,155659213
3335804601,1548317628
3335804601,175334594
3335804601,108668217
3335804601,53144764
3335804601,21024748
3335804601,393723853
3335804601,898533499
3335804601,40468025
3335804601,132130882
3335804601,256675420
3335804601,350163849
3335804601,615274676
3335804601,254098644
3335804601,17241998
3335804601,17901282
3335804601,6446742
3335804601,115093611
3335804601,262310943
3335804601,267009091
3335804601,288000034
3335804601,314120493
3335804601,349157263
3335804601,368703433
3335804601,24529777
3335804601,533486574
3335804601,533408363
3335804601,533501223
3335804601,122555803
3335804601,28265228
3335804601,380482353
3335804601,221573745
3335804601,515722353
3335804601,23089228
3335804601,32117870
3335804601,70725301
3335804601,739417207
3335804601,467169923
3335804601,222177340
3335804601,221517001
3335804601,45675029
3335804601,355708717
3335804601,1195370804
3335804601,17733320
3335804601,1222639789
3335804601,1222616833
3335804601,1357803824
3335804601,892245979
3335804601,59319830
3335804601,179932936
3335804601,472872558
3335804601,195508960
3335804601,3000574186
3335804601,456066070
3335804601,141664648
3335804601,7517222
3335804601,34338927
3335804601,37774152
3335804601,214537859
3335804601,529653086
3335804601,240848082
3335804601,170424259
3335804601,2242915207
3335804601,731364698
3335804601,25319414
3335804601,19923144
3335804601,1059194370
3335804601,20346956
3335804601,727305176
3335804601,601774069
3335804601,505605766
3335804601,577466504
3335804601,2811941773
3335804601,259925559
3335804601,156132825
3335804601,3066070240
3335804601,3010384528
3335804601,1150722620
3335804601,3199745237
3335804601,596940844
3335804601,153067700
3335804601,21390437
