3341401887,14601434
3341401887,395388847
3341401887,15391813
3341401887,464117570
3341401887,18135386
3341401887,21121091
3341401887,9291632
3341401887,1690412382
3341401887,3044738957
3341401887,56059242
3341401887,241100784
3341401887,1523412630
3341401887,25535042
3341401887,150978140
3341401887,25814419
3341401887,2302186093
3341401887,941998656
3341401887,49781518
3341401887,1705456237
3341401887,147633502
3341401887,3256696527
3341401887,21080921
3341401887,3291468033
3341401887,3317780722
3341401887,21424725
3341401887,2265888071
3341401887,8665852
3341401887,15683146
3341401887,19814175
3341401887,14842285
3341401887,2561091
3341401887,61077457
3341401887,16569045
3341401887,19186180
3341401887,19405367
3341401887,14620343
3341401887,22999361
3341401887,19663485
3341401887,20856282
3341401887,78328864
3341401887,16854780
3341401887,19867777
3341401887,17980026
3341401887,18049879
3341401887,22637074
3341401887,56487239
3341401887,19903099
3341401887,16451028
3341401887,21182676
3341401887,21996792
3341401887,2886111467
3341401887,17884125
3341401887,22780877
3341401887,17311493
3341401887,94081671
3341401887,74428159
3341401887,140091998
3341401887,23263743
3341401887,159535845
3341401887,21066857
