3347148539,11095022
3347148539,41385260
3347148539,6427882
3347148539,50374439
3347148539,17768307
3347148539,18671559
3347148539,25629019
3347148539,26565946
3347148539,47786101
3347148539,19081001
3347148539,45266183
3347148539,891794228
3347148539,43522180
3347148539,20690398
3347148539,92367751
3347148539,133880286
3347148539,27042513
3347148539,133093395
3347148539,22131151
3347148539,124631720
3347148539,215060612
3347148539,512700138
3347148539,124003770
3347148539,162089811
3347148539,4133483542
3347148539,965741665
3347148539,1344951
3347148539,18948541
3347148539,16817883
3347148539,37710752
3347148539,525264466
3347148539,567523972
3347148539,1536791610
3347148539,15234407
3347148539,32372834
3347148539,214125777
3347148539,2539906562
3347148539,16895274
3347148539,50393960
3347148539,500704345
3347148539,19287037
3347148539,14647570
3347148539,8963722
3347148539,23962323
3347148539,15862891
3347148539,24399244
3347148539,270709396
3347148539,16929600
3347148539,815994
3347148539,16686144
3347148539,21581503
3347148539,19402238
3347148539,1435461
3347148539,636656516
3347148539,23455730
3347148539,22703339
3347148539,3060519686
3347148539,30105448
3347148539,394471665
3347148539,245687754
3347148539,25935666
3347148539,18220175
3347148539,18993395
3347148539,6509832
3347148539,39453212
3347148539,6433472
3347148539,626411021
3347148539,15145073
3347148539,40076725
3347148539,23497233
3347148539,1767741
3347148539,2768501
3347148539,297006097
3347148539,621573
3347148539,1124816718
3347148539,169820231
3347148539,60894045
3347148539,963876426
3347148539,122097236
3347148539,220993525
3347148539,1020058453
3347148539,209150455
3347148539,11014272
3347148539,11856482
3347148539,819800
3347148539,113050195
3347148539,8197942
3347148539,15110431
3347148539,372575989
3347148539,129673790
3347148539,487118986
3347148539,14885549
3347148539,382267114
3347148539,33838201
3347148539,14176375
3347148539,1183584528
3347148539,38267947
3347148539,207773069
3347148539,475311020
3347148539,19722435
3347148539,18909186
3347148539,243381107
3347148539,32468665
3347148539,31311757
3347148539,56505125
3347148539,38679388
3347148539,65356757
3347148539,2459371
3347148539,517700642
3347148539,205437050
3347148539,10228272
3347148539,19184818
3347148539,783214
3347148539,17675072
3347148539,80803819
3347148539,198618575
3347148539,16664803
3347148539,19732375
3347148539,157981564
3347148539,22007357
3347148539,3044738957
3347148539,1382404544
3347148539,3483917657
3347148539,19337148
3347148539,19334929
3347148539,948552829
3347148539,3376281958
3347148539,2197487762
3347148539,70349639
3347148539,24043827
3347148539,4003985357
3347148539,163296619
3347148539,362033655
3347148539,3346432744
3347148539,74763991
3347148539,77826352
3347148539,169913609
3347148539,18741912
3347148539,46964949
3347148539,2528987124
3347148539,310497473
3347148539,169918595
3347148539,19315495
3347148539,22057150
3347148539,1114731362
3347148539,205974045
3347148539,23132159
3347148539,1097836022
3347148539,50536600
3347148539,16173032
3347148539,3090382647
3347148539,50300579
3347148539,19248800
3347148539,17214382
3347148539,18729562
3347148539,19135631
3347148539,863845914
3347148539,18730195
3347148539,18948060
3347148539,23946350
3347148539,7047
3347148539,3373791
3347148539,14598850
3347148539,19689047
3347148539,21112266
3347148539,20560841
3347148539,10464872
3347148539,14333754
3347148539,15224867
3347148539,14099695
3347148539,19863224
3347148539,20586517
3347148539,19397785
3347148539,19024850
3347148539,15935242
3347148539,21066857
3347148539,20427137
3347148539,14330959
3347148539,19047933
3347148539,34432464
3347148539,26017256
3347148539,27027216
3347148539,21295047
3347148539,10976462
3347148539,49460973
3347148539,22149208
3347148539,45991078
3347148539,14472794
3347148539,19706280
3347148539,63996905
3347148539,28134618
3347148539,22362992
3347148539,19180060
3347148539,10216542
3347148539,15030767
3347148539,19284122
3347148539,22996693
3347148539,19165332
3347148539,19285966
3347148539,20618678
3347148539,43913865
3347148539,14967833
3347148539,17953384
3347148539,17624543
3347148539,16838962
3347148539,64839161
3347148539,13850422
3347148539,17715048
3347148539,17194247
3347148539,36626148
3347148539,18219976
3347148539,26813101
3347148539,27867017
3347148539,36699432
3347148539,621533
3347148539,20305626
3347148539,42189303
3347148539,22667080
3347148539,19824224
3347148539,30304549
3347148539,23999705
3347148539,27935844
3347148539,39145982
3347148539,25989479
3347148539,5741722
3347148539,56352258
3347148539,23585685
3347148539,47395588
3347148539,126964070
3347148539,99721316
3347148539,22264540
3347148539,26223484
3347148539,155659213
3347148539,91935208
3347148539,14842285
3347148539,21387674
3347148539,24528176
3347148539,18803740
3347148539,19488569
3347148539,104205059
3347148539,29500609
3347148539,16459040
3347148539,51468445
3347148539,19393233
3347148539,17711232
3347148539,18724375
3347148539,14594813
3347148539,17084160
3347148539,19903099
3347148539,19391470
3347148539,8978952
3347148539,15410226
3347148539,368614935
3347148539,21739343
3347148539,304329674
3347148539,42626527
3347148539,19349699
3347148539,25819230
3347148539,21530275
3347148539,369068190
3347148539,14478762
3347148539,14166909
3347148539,51831438
3347148539,14437914
3347148539,19989787
3347148539,244476866
3347148539,361310304
3347148539,19620708
3347148539,20380673
3347148539,121176422
3347148539,409486555
3347148539,3306674362
3347148539,20826460
3347148539,14856333
3347148539,21309551
3347148539,1567041686
3347148539,2526941766
3347148539,140091998
3347148539,2835594983
3347148539,3804404481
3347148539,3711167957
3347148539,271028583
3347148539,24784028
3347148539,16143864
3347148539,15675138
3347148539,25155186
3347148539,2708829955
3347148539,3407923774
3347148539,49195175
3347148539,1483024080
3347148539,2285292157
3347148539,463010567
3347148539,20627896
3347148539,19075873
3347148539,169698101
3347148539,2294608897
3347148539,16745147
3347148539,229443127
3347148539,15904698
3347148539,317936164
3347148539,21048544
3347148539,981960246
3347148539,1117046706
3347148539,563093420
3347148539,3022060773
3347148539,511076570
3347148539,204422438
3347148539,388270532
3347148539,153763519
3347148539,56093343
3347148539,19024453
3347148539,296511906
3347148539,1407892861
3347148539,2982628528
3347148539,50287595
3347148539,2917327863
3347148539,22941152
3347148539,20885390
3347148539,22695694
3347148539,1023139638
3347148539,232855418
3347148539,311606579
3347148539,360230512
3347148539,25150711
3347148539,19415798
3347148539,63136550
3347148539,15164565
3347148539,19179687
3347148539,39922594
3347148539,35773039
3347148539,39056314
3347148539,26688378
3347148539,26792275
3347148539,22321740
3347148539,1252917283
3347148539,21114659
3347148539,454395581
3347148539,17469492
3347148539,272019676
3347148539,17155194
3347148539,484962664
3347148539,19356276
3347148539,17101388
3347148539,17893989
3347148539,18717426
3347148539,13409752
3347148539,259348780
3347148539,25059963
3347148539,25657017
3347148539,19291928
3347148539,2164968990
3347148539,23640660
3347148539,2292454922
3347148539,3074532868
3347148539,3355683796
3347148539,1254538292
3347148539,24889998
3347148539,35860484
3347148539,23837271
3347148539,504305645
3347148539,19600252
3347148539,26281917
3347148539,17308753
3347148539,771383605
3347148539,1662057727
3347148539,20319462
3347148539,19650966
3347148539,35779304
3347148539,492288571
3347148539,34076997
3347148539,19247625
3347148539,20164477
3347148539,124690469
3347148539,18600155
3347148539,23694165
3347148539,283038024
3347148539,18075140
3347148539,20740074
3347148539,251716551
3347148539,19292033
3347148539,20766350
3347148539,2435310141
3347148539,20809515
3347148539,18135386
3347148539,18678493
3347148539,17213053
3347148539,17159484
3347148539,3310571
3347148539,19083439
3347148539,365380310
3347148539,126118232
3347148539,20781929
3347148539,17063215
3347148539,11862072
3347148539,18758902
3347148539,21324165
3347148539,24241544
3347148539,14313123
3347148539,14183379
3347148539,47930935
3347148539,18949452
3347148539,2533356792
3347148539,21648020
3347148539,237241020
3347148539,266712846
3347148539,377008435
3347148539,16569045
3347148539,50602093
3347148539,17980026
3347148539,23011527
3347148539,38977171
3347148539,19712523
3347148539,17624959
3347148539,87460291
3347148539,19910996
3347148539,218653131
3347148539,241100784
3347148539,19331985
3347148539,21510894
3347148539,14903044
3347148539,2163242125
3347148539,19490380
3347148539,3391562205
3347148539,2894544208
3347148539,19472578
3347148539,12497362
3347148539,7109022
3347148539,17693232
3347148539,20448566
3347148539,21856254
3347148539,278488385
3347148539,115485051
3347148539,278490315
3347148539,19713622
3347148539,2043041
3347148539,28758915
3347148539,9459622
3347148539,22384691
3347148539,54015652
3347148539,19405367
3347148539,16854780
3347148539,405123394
3347148539,278490714
3347148539,22948591
3347148539,123754656
3347148539,17169390
3347148539,22904901
3347148539,1909481448
3347148539,2212490917
3347148539,3376065641
3347148539,325023592
3347148539,40162977
3347148539,248754783
3347148539,514582438
3347148539,41548173
3347148539,2253798607
3347148539,23936395
3347148539,50729146
3347148539,3373606071
3347148539,24802340
3347148539,1400126792
3347148539,142393421
3347148539,54341363
3347148539,278487148
3347148539,21905142
3347148539,3345553931
3347148539,3330762947
3347148539,17461978
3347148539,53853197
3347148539,19923144
3347148539,268414482
3347148539,35936474
3347148539,317370751
3347148539,1059194370
3347148539,90420314
3347148539,813286
3347148539,23083404
3347148539,14499829
3347148539,2557521
3347148539,14679798
3347148539,14361155
3347148539,15485441
3347148539,18679659
3347148539,21390674
3347148539,41878061
3347148539,14700316
3347148539,18213483
3347148539,23421880
3347148539,121167080
3347148539,21389998
3347148539,16153562
3347148539,91478624
3347148539,87416722
3347148539,2836421
3347148539,1615685677
3347148539,2884771
3347148539,34352191
3347148539,14662354
3347148539,8665852
3347148539,19019970
3347148539,16664681
3347148539,97488105
3347148539,19394887
3347148539,21492030
3347148539,14746456
3347148539,20712514
3347148539,231039819
3347148539,454843106
3347148539,20843014
3347148539,85908999
3347148539,19033555
3347148539,7996082
3347148539,6017542
3347148539,15683146
3347148539,16171953
3347148539,19264748
3347148539,34888353
3347148539,14677919
3347148539,26585095
3347148539,1367531
3347148539,17884125
3347148539,15012486
3347148539,31237480
3347148539,1877831
3347148539,16631331
3347148539,14173315
3347148539,15005991
3347148539,17311493
3347148539,28785486
3347148539,19921389
3347148539,66740930
3347148539,379736568
3347148539,88718227
3347148539,40872043
3347148539,86233091
3347148539,73249951
3347148539,61457123
3347148539,113681243
3347148539,22905057
3347148539,90891909
3347148539,90888313
3347148539,90889951
3347148539,33933259
3347148539,69231187
3347148539,14159148
3347148539,5988062
3347148539,14511951
3347148539,15492359
3347148539,30313925
3347148539,7587032
3347148539,85839993
3347148539,34655603
3347148539,19066345
3347148539,15987295
3347148539,17842366
3347148539,117662694
3347148539,35749264
3347148539,16589206
3347148539,17471979
3347148539,19658826
3347148539,15438913
3347148539,16672510
3347148539,428333
3347148539,11348282
3347148539,3108351
3347148539,2097571
3347148539,51241574
3347148539,759251
3347148539,8170292
3347148539,19662223
3347148539,2467791
3347148539,16343974
3347148539,14138785
3347148539,612473
3347148539,156651229
3347148539,1652541
3347148539,40019154
3347148539,742143
3347148539,16973333
3347148539,87818409
3347148539,5402612
3347148539,16951979
3347148539,17595890
3347148539,14270254
3347148539,807095
3347148539,14293310
3347148539,1063270550
3347148539,19663485
3347148539,788524
3347148539,23263743
3347148539,16632219
3347148539,15391813
3347148539,25535042
3347148539,124139163
3347148539,1558141890
3347148539,49781518
3347148539,19186180
3347148539,8665572
3347148539,395388847
3347148539,15392221
3347148539,19889294
3347148539,16632149
3347148539,21783395
3347148539,14758257
3347148539,1690412382
3347148539,17163446
3347148539,26276346
3347148539,16451028
3347148539,94081671
3347148539,485975606
3347148539,2561091
3347148539,52053647
3347148539,209708391
3347148539,19743731
3347148539,43869610
3347148539,158314798
3347148539,16334724
3347148539,19314186
3347148539,27260086
3347148539,43901270
3347148539,20856282
3347148539,16668834
3347148539,11095022
3347148539,41385260
3347148539,6427882
3347148539,50374439
3347148539,17768307
3347148539,18671559
3347148539,25629019
3347148539,26565946
3347148539,47786101
3347148539,19081001
3347148539,45266183
3347148539,891794228
3347148539,43522180
3347148539,20690398
3347148539,92367751
3347148539,133880286
3347148539,27042513
3347148539,133093395
3347148539,22131151
3347148539,124631720
3347148539,215060612
3347148539,512700138
3347148539,124003770
3347148539,162089811
3347148539,4133483542
3347148539,965741665
3347148539,1344951
3347148539,18948541
3347148539,16817883
3347148539,37710752
3347148539,525264466
3347148539,567523972
3347148539,1536791610
3347148539,15234407
3347148539,32372834
3347148539,214125777
3347148539,2539906562
3347148539,16895274
3347148539,50393960
3347148539,500704345
3347148539,19287037
3347148539,14647570
3347148539,8963722
3347148539,23962323
3347148539,15862891
3347148539,24399244
3347148539,270709396
3347148539,16929600
3347148539,815994
3347148539,16686144
3347148539,21581503
3347148539,19402238
3347148539,1435461
3347148539,636656516
3347148539,23455730
3347148539,22703339
3347148539,3060519686
3347148539,30105448
3347148539,394471665
3347148539,245687754
3347148539,25935666
3347148539,18220175
3347148539,18993395
3347148539,6509832
3347148539,39453212
3347148539,6433472
3347148539,626411021
3347148539,15145073
3347148539,40076725
3347148539,23497233
3347148539,1767741
3347148539,2768501
3347148539,297006097
3347148539,621573
3347148539,1124816718
3347148539,169820231
3347148539,60894045
3347148539,963876426
3347148539,122097236
3347148539,220993525
3347148539,1020058453
3347148539,209150455
3347148539,11014272
3347148539,11856482
3347148539,819800
3347148539,113050195
3347148539,8197942
3347148539,15110431
3347148539,372575989
3347148539,129673790
3347148539,487118986
3347148539,14885549
3347148539,382267114
3347148539,33838201
3347148539,14176375
3347148539,1183584528
3347148539,38267947
3347148539,207773069
3347148539,475311020
3347148539,19722435
3347148539,18909186
3347148539,243381107
3347148539,32468665
3347148539,31311757
3347148539,56505125
3347148539,38679388
3347148539,65356757
3347148539,2459371
3347148539,517700642
3347148539,205437050
3347148539,10228272
3347148539,19184818
3347148539,783214
3347148539,17675072
3347148539,80803819
3347148539,198618575
3347148539,16664803
3347148539,19732375
3347148539,157981564
3347148539,22007357
3347148539,3044738957
3347148539,1382404544
3347148539,3483917657
3347148539,19337148
3347148539,19334929
3347148539,948552829
3347148539,3376281958
3347148539,2197487762
3347148539,70349639
3347148539,24043827
3347148539,4003985357
3347148539,163296619
3347148539,362033655
3347148539,3346432744
3347148539,74763991
3347148539,77826352
3347148539,169913609
3347148539,18741912
3347148539,46964949
3347148539,2528987124
3347148539,310497473
3347148539,169918595
3347148539,19315495
3347148539,22057150
3347148539,1114731362
3347148539,205974045
3347148539,23132159
3347148539,1097836022
3347148539,50536600
3347148539,16173032
3347148539,3090382647
3347148539,50300579
3347148539,19248800
3347148539,17214382
3347148539,18729562
3347148539,19135631
3347148539,863845914
3347148539,18730195
3347148539,18948060
3347148539,23946350
3347148539,7047
3347148539,3373791
3347148539,14598850
3347148539,19689047
3347148539,21112266
3347148539,20560841
3347148539,10464872
3347148539,14333754
3347148539,15224867
3347148539,14099695
3347148539,19863224
3347148539,20586517
3347148539,19397785
3347148539,19024850
3347148539,15935242
3347148539,21066857
3347148539,20427137
3347148539,14330959
3347148539,19047933
3347148539,34432464
3347148539,26017256
3347148539,27027216
3347148539,21295047
3347148539,10976462
3347148539,49460973
3347148539,22149208
3347148539,45991078
3347148539,14472794
3347148539,19706280
3347148539,63996905
3347148539,28134618
3347148539,22362992
3347148539,19180060
3347148539,10216542
3347148539,15030767
3347148539,19284122
3347148539,22996693
3347148539,19165332
3347148539,19285966
3347148539,20618678
3347148539,43913865
3347148539,14967833
3347148539,17953384
3347148539,17624543
3347148539,16838962
3347148539,64839161
3347148539,13850422
3347148539,17715048
3347148539,17194247
3347148539,36626148
3347148539,18219976
3347148539,26813101
3347148539,27867017
3347148539,36699432
3347148539,621533
3347148539,20305626
3347148539,42189303
3347148539,22667080
3347148539,19824224
3347148539,30304549
3347148539,23999705
3347148539,27935844
3347148539,39145982
3347148539,25989479
3347148539,5741722
3347148539,56352258
3347148539,23585685
3347148539,47395588
3347148539,126964070
3347148539,99721316
3347148539,22264540
3347148539,26223484
3347148539,155659213
3347148539,91935208
3347148539,14842285
3347148539,21387674
3347148539,24528176
3347148539,18803740
3347148539,19488569
3347148539,104205059
3347148539,29500609
3347148539,16459040
3347148539,51468445
3347148539,19393233
3347148539,17711232
3347148539,18724375
3347148539,14594813
3347148539,17084160
3347148539,19903099
3347148539,19391470
3347148539,8978952
3347148539,15410226
3347148539,368614935
3347148539,21739343
3347148539,304329674
3347148539,42626527
3347148539,19349699
3347148539,25819230
3347148539,21530275
3347148539,369068190
3347148539,14478762
3347148539,14166909
3347148539,51831438
3347148539,14437914
3347148539,19989787
3347148539,244476866
3347148539,361310304
3347148539,19620708
3347148539,20380673
3347148539,121176422
3347148539,409486555
3347148539,3306674362
3347148539,20826460
3347148539,14856333
3347148539,21309551
3347148539,1567041686
3347148539,2526941766
3347148539,140091998
3347148539,2835594983
3347148539,3804404481
3347148539,3711167957
3347148539,271028583
3347148539,24784028
3347148539,16143864
3347148539,15675138
3347148539,25155186
3347148539,2708829955
3347148539,3407923774
3347148539,49195175
3347148539,1483024080
3347148539,2285292157
3347148539,463010567
3347148539,20627896
3347148539,19075873
3347148539,169698101
3347148539,2294608897
3347148539,16745147
3347148539,229443127
3347148539,15904698
3347148539,317936164
3347148539,21048544
3347148539,981960246
3347148539,1117046706
3347148539,563093420
3347148539,3022060773
3347148539,511076570
3347148539,204422438
3347148539,388270532
3347148539,153763519
3347148539,56093343
3347148539,19024453
3347148539,296511906
3347148539,1407892861
3347148539,2982628528
3347148539,50287595
3347148539,2917327863
3347148539,22941152
3347148539,20885390
3347148539,22695694
3347148539,1023139638
3347148539,232855418
3347148539,311606579
3347148539,360230512
3347148539,25150711
3347148539,19415798
3347148539,63136550
3347148539,15164565
3347148539,19179687
3347148539,39922594
3347148539,35773039
3347148539,39056314
3347148539,26688378
3347148539,26792275
3347148539,22321740
3347148539,1252917283
3347148539,21114659
3347148539,454395581
3347148539,17469492
3347148539,272019676
3347148539,17155194
3347148539,484962664
3347148539,19356276
3347148539,17101388
3347148539,17893989
3347148539,18717426
3347148539,13409752
3347148539,259348780
3347148539,25059963
3347148539,25657017
3347148539,19291928
3347148539,2164968990
3347148539,23640660
3347148539,2292454922
3347148539,3074532868
3347148539,3355683796
3347148539,1254538292
3347148539,24889998
3347148539,35860484
3347148539,23837271
3347148539,504305645
3347148539,19600252
3347148539,26281917
3347148539,17308753
3347148539,771383605
3347148539,1662057727
3347148539,20319462
3347148539,19650966
3347148539,35779304
3347148539,492288571
3347148539,34076997
3347148539,19247625
3347148539,20164477
3347148539,124690469
3347148539,18600155
3347148539,23694165
3347148539,283038024
3347148539,18075140
3347148539,20740074
3347148539,251716551
3347148539,19292033
3347148539,20766350
3347148539,2435310141
3347148539,20809515
3347148539,18135386
3347148539,18678493
3347148539,17213053
3347148539,17159484
3347148539,3310571
3347148539,19083439
3347148539,365380310
3347148539,126118232
3347148539,20781929
3347148539,17063215
3347148539,11862072
3347148539,18758902
3347148539,21324165
3347148539,24241544
3347148539,14313123
3347148539,14183379
3347148539,47930935
3347148539,18949452
3347148539,2533356792
3347148539,21648020
3347148539,237241020
3347148539,266712846
3347148539,377008435
3347148539,16569045
3347148539,50602093
3347148539,17980026
3347148539,23011527
3347148539,38977171
3347148539,19712523
3347148539,17624959
3347148539,87460291
3347148539,19910996
3347148539,218653131
3347148539,241100784
3347148539,19331985
3347148539,21510894
3347148539,14903044
3347148539,2163242125
3347148539,19490380
3347148539,3391562205
3347148539,2894544208
3347148539,19472578
3347148539,12497362
3347148539,7109022
3347148539,17693232
3347148539,20448566
3347148539,21856254
3347148539,278488385
3347148539,115485051
3347148539,278490315
3347148539,19713622
3347148539,2043041
3347148539,28758915
3347148539,9459622
3347148539,22384691
3347148539,54015652
3347148539,19405367
3347148539,16854780
3347148539,405123394
3347148539,278490714
3347148539,22948591
3347148539,123754656
3347148539,17169390
3347148539,22904901
3347148539,1909481448
3347148539,2212490917
3347148539,3376065641
3347148539,325023592
3347148539,40162977
3347148539,248754783
3347148539,514582438
3347148539,41548173
3347148539,2253798607
3347148539,23936395
3347148539,50729146
3347148539,3373606071
3347148539,24802340
3347148539,1400126792
3347148539,142393421
3347148539,54341363
3347148539,278487148
3347148539,21905142
3347148539,3345553931
3347148539,3330762947
3347148539,17461978
3347148539,53853197
3347148539,19923144
3347148539,268414482
3347148539,35936474
3347148539,317370751
3347148539,1059194370
3347148539,90420314
3347148539,813286
3347148539,23083404
3347148539,14499829
3347148539,2557521
3347148539,14679798
3347148539,14361155
3347148539,15485441
3347148539,18679659
3347148539,21390674
3347148539,41878061
3347148539,14700316
3347148539,18213483
3347148539,23421880
3347148539,121167080
3347148539,21389998
3347148539,16153562
3347148539,91478624
3347148539,87416722
3347148539,2836421
3347148539,1615685677
3347148539,2884771
3347148539,34352191
3347148539,14662354
3347148539,8665852
3347148539,19019970
3347148539,16664681
3347148539,97488105
3347148539,19394887
3347148539,21492030
3347148539,14746456
3347148539,20712514
3347148539,231039819
3347148539,454843106
3347148539,20843014
3347148539,85908999
3347148539,19033555
3347148539,7996082
3347148539,6017542
3347148539,15683146
3347148539,16171953
3347148539,19264748
3347148539,34888353
3347148539,14677919
3347148539,26585095
3347148539,1367531
3347148539,17884125
3347148539,15012486
3347148539,31237480
3347148539,1877831
3347148539,16631331
3347148539,14173315
3347148539,15005991
3347148539,17311493
3347148539,28785486
3347148539,19921389
3347148539,66740930
3347148539,379736568
3347148539,88718227
3347148539,40872043
3347148539,86233091
3347148539,73249951
3347148539,61457123
3347148539,113681243
3347148539,22905057
3347148539,90891909
3347148539,90888313
3347148539,90889951
3347148539,33933259
3347148539,69231187
3347148539,14159148
3347148539,5988062
3347148539,14511951
3347148539,15492359
3347148539,30313925
3347148539,7587032
3347148539,85839993
3347148539,34655603
3347148539,19066345
3347148539,15987295
3347148539,17842366
3347148539,117662694
3347148539,35749264
3347148539,16589206
3347148539,17471979
3347148539,19658826
3347148539,15438913
3347148539,16672510
3347148539,428333
3347148539,11348282
3347148539,3108351
3347148539,2097571
3347148539,51241574
3347148539,759251
3347148539,8170292
3347148539,19662223
3347148539,2467791
3347148539,16343974
3347148539,14138785
3347148539,612473
3347148539,156651229
3347148539,1652541
3347148539,40019154
3347148539,742143
3347148539,16973333
3347148539,87818409
3347148539,5402612
3347148539,16951979
3347148539,17595890
3347148539,14270254
3347148539,807095
3347148539,14293310
3347148539,1063270550
3347148539,19663485
3347148539,788524
3347148539,23263743
3347148539,16632219
3347148539,15391813
3347148539,25535042
3347148539,124139163
3347148539,1558141890
3347148539,49781518
3347148539,19186180
3347148539,8665572
3347148539,395388847
3347148539,15392221
3347148539,19889294
3347148539,16632149
3347148539,21783395
3347148539,14758257
3347148539,1690412382
3347148539,17163446
3347148539,26276346
3347148539,16451028
3347148539,94081671
3347148539,485975606
3347148539,2561091
3347148539,52053647
