3359382435,3483917657
3359382435,2350024730
3359382435,21713520
3359382435,18678493
3359382435,955063303
3359382435,6346082
3359382435,3911134121
3359382435,19564284
3359382435,2976771850
3359382435,18904973
3359382435,4203391948
3359382435,19349699
3359382435,19405367
3359382435,42626527
3359382435,18783599
3359382435,19136302
3359382435,22425307
3359382435,19712523
3359382435,20856282
3359382435,22492482
3359382435,50300579
3359382435,17953384
3359382435,2994469282
3359382435,85908999
3359382435,4103799916
3359382435,19910996
3359382435,15935242
3359382435,22903765
3359382435,19923515
3359382435,6107422
3359382435,141635114
3359382435,847396122
3359382435,19133738
3359382435,15185848
3359382435,12529992
3359382435,602601176
3359382435,2362586768
3359382435,28089873
3359382435,19315495
3359382435,19314186
3359382435,20717297
3359382435,20618678
3359382435,431733846
3359382435,1673361577
3359382435,1950188826
3359382435,8724342
3359382435,231043298
3359382435,19378466
3359382435,18724375
3359382435,18952448
3359382435,14176375
3359382435,2387840556
3359382435,19248800
3359382435,912632108
3359382435,18730195
3359382435,17173144
3359382435,2494020072
3359382435,42137252
3359382435,2197487762
3359382435,17308753
3359382435,35779304
3359382435,1480749782
3359382435,2563402510
3359382435,956257758
3359382435,301517975
3359382435,268208070
3359382435,18948060
3359382435,2874024345
3359382435,19589640
3359382435,19291928
3359382435,20752411
3359382435,234833717
3359382435,271028583
3359382435,2398625900
3359382435,18336706
3359382435,1533588679
3359382435,21286876
3359382435,575650860
3359382435,220995331
3359382435,18632213
3359382435,540003970
3359382435,2353694533
3359382435,21302527
3359382435,22945791
3359382435,585716046
3359382435,14341277
3359382435,2470621728
3359382435,207933284
3359382435,2386985526
3359382435,37567936
3359382435,2229063259
3359382435,16459040
3359382435,2209152727
3359382435,112764971
3359382435,3422617395
3359382435,26998889
3359382435,2471684071
3359382435,19343904
3359382435,15748165
3359382435,7996522
3359382435,25982907
3359382435,15095537
3359382435,19682451
3359382435,25190574
3359382435,22007357
3359382435,97488105
3359382435,3376281958
3359382435,19075873
3359382435,21856114
3359382435,499170272
3359382435,31584670
3359382435,71843505
3359382435,14872237
3359382435,60916506
3359382435,27764255
3359382435,19024453
3359382435,20885390
3359382435,20380673
3359382435,423384542
3359382435,627673190
3359382435,10228272
3359382435,109312021
3359382435,150581068
3359382435,19426551
3359382435,199354750
3359382435,2936185708
3359382435,44725405
3359382435,22695704
3359382435,466444412
3359382435,2182488572
3359382435,39867990
3359382435,163138175
3359382435,20521915
3359382435,88165285
3359382435,19475714
3359382435,252714294
3359382435,231392190
3359382435,2164968990
3359382435,443297806
3359382435,2466708469
3359382435,241100784
3359382435,105840041
3359382435,17092489
3359382435,2394149628
3359382435,237742980
3359382435,304329674
3359382435,484962664
3359382435,19334929
3359382435,257082921
3359382435,18075140
3359382435,22941152
3359382435,15030767
3359382435,405123394
3359382435,14333754
3359382435,232855418
3359382435,17980026
3359382435,70349639
3359382435,21009460
3359382435,76640424
3359382435,104205059
3359382435,26916939
3359382435,20560841
3359382435,28828224
3359382435,30684725
3359382435,50287595
3359382435,24914644
3359382435,17213053
3359382435,1142859176
3359382435,19600252
3359382435,21309551
3359382435,7109022
3359382435,40872043
3359382435,34076997
3359382435,17101388
3359382435,21103366
3359382435,22424763
3359382435,162044153
3359382435,20319462
3359382435,20954762
3359382435,437814330
3359382435,23946350
3359382435,1919319769
3359382435,21856254
3359382435,20598137
3359382435,19647329
3359382435,20547642
3359382435,26266891
3359382435,1282992704
3359382435,16133363
3359382435,986878273
3359382435,251123031
3359382435,9624742
3359382435,288909699
3359382435,80024060
3359382435,281093434
3359382435,19368263
3359382435,54015652
3359382435,77528520
3359382435,2391641329
3359382435,16569045
3359382435,121167080
3359382435,19051022
3359382435,3073732846
3359382435,3124974203
3359382435,3044738957
3359382435,320214995
3359382435,19490380
3359382435,1889832038
3359382435,454843106
3359382435,14361633
3359382435,21417835
3359382435,229821499
3359382435,226503934
3359382435,326858590
3359382435,31594288
3359382435,237241020
3359382435,21287076
3359382435,17087162
3359382435,20511502
3359382435,21707734
3359382435,21648020
3359382435,15348883
3359382435,62123765
3359382435,63136550
3359382435,19973332
3359382435,3381815621
3359382435,16589206
3359382435,39922594
3359382435,104298598
3359382435,39056314
3359382435,279642533
3359382435,972651
3359382435,17624959
3359382435,19527964
3359382435,64643056
3359382435,2483712130
3359382435,23011527
3359382435,26792275
3359382435,16854780
3359382435,11862072
3359382435,25150711
3359382435,21324165
3359382435,835290290
3359382435,17990493
3359382435,259348780
3359382435,71903005
3359382435,25059963
3359382435,23640660
3359382435,17087856
3359382435,17155194
3359382435,256577881
3359382435,492288571
3359382435,17062937
3359382435,26281917
3359382435,21424725
3359382435,771383605
3359382435,19650966
3359382435,17260980
3359382435,101664884
3359382435,17087110
3359382435,17540625
3359382435,17214382
3359382435,18758902
3359382435,38977171
3359382435,18600155
3359382435,222225064
3359382435,19784606
3359382435,19292033
3359382435,3065881343
3359382435,218653131
3359382435,21817509
3359382435,17063215
3359382435,70235774
3359382435,19356276
3359382435,20164477
3359382435,948552829
3359382435,23694165
3359382435,20766350
3359382435,17159484
3359382435,21510894
3359382435,1662057727
3359382435,14946308
3359382435,3310571
3359382435,19247625
3359382435,19713622
3359382435,20843014
3359382435,17311493
3359382435,21112266
3359382435,2043041
3359382435,12497362
3359382435,19472578
3359382435,17169390
3359382435,123754656
3359382435,169440318
3359382435,21492030
3359382435,110743090
3359382435,824157
3359382435,3373791
3359382435,87460291
3359382435,91478624
3359382435,21138477
3359382435,17624543
3359382435,115485051
3359382435,17461978
3359382435,415859364
3359382435,90420314
3359382435,15485441
3359382435,23083404
3359382435,49781518
3359382435,40019154
3359382435,19186180
3359382435,15683146
3359382435,21204154
3359382435,19019970
3359382435,31237480
3359382435,20712514
3359382435,16171953
3359382435,14903044
3359382435,1615685677
3359382435,16631331
3359382435,20884910
3359382435,19264748
3359382435,22904901
3359382435,2884771
3359382435,14746456
3359382435,16632219
3359382435,21905142
3359382435,34423857
3359382435,34352191
3359382435,27860681
3359382435,304909941
3359382435,29422232
3359382435,18135386
3359382435,19686295
3359382435,17693232
3359382435,20781929
3359382435,22384691
3359382435,19921389
3359382435,24241544
3359382435,8665852
3359382435,153403071
3359382435,15005991
3359382435,1690412382
3359382435,20809515
3359382435,53347647
3359382435,94081671
3359382435,198618575
3359382435,102700680
3359382435,277495114
3359382435,410070653
3359382435,5120691
3359382435,32359921
3359382435,152816930
3359382435,288785053
3359382435,29466039
3359382435,98639150
3359382435,242704372
3359382435,41330603
3359382435,2242915207
3359382435,20346956
3359382435,31122496
3359382435,1059194370
3359382435,19923144
3359382435,16877611
3359382435,2557521
3359382435,26257166
3359382435,1963312058
3359382435,21313364
3359382435,13353862
3359382435,8460572
3359382435,38142665
3359382435,4970411
3359382435,14436030
3359382435,8350912
3359382435,83466368
3359382435,59157393
3359382435,68440549
3359382435,111416652
3359382435,25098482
3359382435,24744541
3359382435,7996082
3359382435,64839766
3359382435,131574396
3359382435,138814032
3359382435,217749896
3359382435,70385068
3359382435,18814998
3359382435,2288138575
3359382435,68740712
3359382435,158342368
3359382435,932196612
3359382435,490126636
3359382435,153810519
3359382435,205622130
3359382435,343447873
3359382435,28565356
3359382435,23746425
3359382435,83795099
3359382435,327249605
3359382435,196994616
3359382435,2180126766
3359382435,2359926157
3359382435,169426475
3359382435,17675072
3359382435,17629860
3359382435,16153562
3359382435,14074515
3359382435,14700316
3359382435,15007149
3359382435,2292454922
3359382435,334602996
3359382435,124690469
3359382435,2837919371
3359382435,300883723
3359382435,369505837
3359382435,75069067
3359382435,1536791610
3359382435,11348282
3359382435,1339835893
3359382435,1917731
3359382435,1330457336
3359382435,813286
3359382435,17220934
3359382435,15675138
3359382435,9300262
3359382435,1947301
3359382435,18510860
3359382435,20150502
3359382435,12133382
3359382435,21918310
3359382435,1115874631
3359382435,5392522
3359382435,380648579
3359382435,14062180
3359382435,16955991
3359382435,303862998
3359382435,15164565
3359382435,17306424
3359382435,487118986
3359382435,35773039
3359382435,14353392
3359382435,1660468830
3359382435,527526077
3359382435,15439395
3359382435,2598375938
3359382435,14075928
3359382435,14677919
3359382435,248900032
3359382435,26585095
3359382435,7313362
3359382435,50393960
3359382435,14662354
3359382435,9763482
3359382435,9411482
3359382435,1344951
3359382435,17469289
3359382435,25073877
3359382435,95431448
3359382435,16664681
3359382435,263160998
3359382435,7589572
3359382435,14511951
3359382435,1367531
3359382435,759251
3359382435,15754281
3359382435,206717989
3359382435,28785486
3359382435,14173315
3359382435,157981564
3359382435,7587032
3359382435,143478208
3359382435,15012486
3359382435,36042554
3359382435,36329597
3359382435,621533
3359382435,17481977
3359382435,30313925
3359382435,19706851
3359382435,6467332
3359382435,15010349
3359382435,1877831
3359382435,61781260
3359382435,14224719
3359382435,131859965
3359382435,103065157
3359382435,16672510
3359382435,20543416
3359382435,156651229
3359382435,788524
3359382435,16343974
3359382435,16973333
3359382435,16686144
3359382435,87818409
3359382435,506486097
3359382435,17006157
3359382435,187965811
3359382435,15778426
3359382435,246459126
3359382435,45542770
3359382435,305073570
3359382435,27692596
3359382435,22812734
3359382435,87416722
3359382435,498986721
3359382435,16558943
3359382435,14159148
3359382435,16139649
3359382435,492285158
3359382435,110437588
3359382435,27212264
3359382435,403761570
3359382435,136004952
3359382435,185306056
3359382435,786764
3359382435,22460658
3359382435,166712218
3359382435,117366399
3359382435,259288589
3359382435,26985345
3359382435,16951979
3359382435,229957245
3359382435,19811190
3359382435,8170292
3359382435,25984418
3359382435,235180806
3359382435,104615636
3359382435,157044469
3359382435,19663485
3359382435,14191254
3359382435,106118793
3359382435,14157134
3359382435,28140646
3359382435,69329527
3359382435,18949452
3359382435,4898091
3359382435,67358777
3359382435,2097571
3359382435,5988062
3359382435,22411875
3359382435,621523
3359382435,612473
3359382435,2467791
3359382435,14293310
3359382435,742143
3359382435,3108351
3359382435,278488777
3359382435,23263743
3359382435,17595890
3359382435,21389998
3359382435,428333
3359382435,5402612
3359382435,51241574
3359382435,807095
3359382435,1652541
3359382435,8665572
3359382435,21390437
3359382435,34713362
3359382435,16632149
3359382435,14758257
3359382435,15391813
3359382435,21783395
3359382435,17163446
3359382435,15392221
3359382435,16451028
3359382435,155659213
3359382435,17884125
3359382435,21390674
3359382435,23585685
3359382435,14270254
3359382435,19889294
3359382435,124139163
3359382435,26276346
3359382435,25535042
3359382435,395388847
3359382435,2561091
3359382435,3483917657
3359382435,2350024730
3359382435,21713520
3359382435,18678493
3359382435,955063303
3359382435,6346082
3359382435,3911134121
3359382435,19564284
3359382435,2976771850
3359382435,18904973
3359382435,4203391948
3359382435,19349699
3359382435,19405367
3359382435,42626527
3359382435,18783599
3359382435,19136302
3359382435,22425307
3359382435,19712523
3359382435,20856282
3359382435,22492482
3359382435,50300579
3359382435,17953384
3359382435,2994469282
3359382435,85908999
3359382435,4103799916
3359382435,19910996
3359382435,15935242
3359382435,22903765
3359382435,19923515
3359382435,6107422
3359382435,141635114
3359382435,847396122
3359382435,19133738
3359382435,15185848
3359382435,12529992
3359382435,602601176
3359382435,2362586768
3359382435,28089873
3359382435,19315495
3359382435,19314186
3359382435,20717297
3359382435,20618678
3359382435,431733846
3359382435,1673361577
3359382435,1950188826
3359382435,8724342
3359382435,231043298
3359382435,19378466
3359382435,18724375
3359382435,18952448
3359382435,14176375
3359382435,2387840556
3359382435,19248800
3359382435,912632108
3359382435,18730195
3359382435,17173144
3359382435,2494020072
3359382435,42137252
3359382435,2197487762
3359382435,17308753
3359382435,35779304
3359382435,1480749782
3359382435,2563402510
3359382435,956257758
3359382435,301517975
3359382435,268208070
3359382435,18948060
3359382435,2874024345
3359382435,19589640
3359382435,19291928
3359382435,20752411
3359382435,234833717
3359382435,271028583
3359382435,2398625900
3359382435,18336706
3359382435,1533588679
3359382435,21286876
3359382435,575650860
3359382435,220995331
3359382435,18632213
3359382435,540003970
3359382435,2353694533
3359382435,21302527
3359382435,22945791
3359382435,585716046
3359382435,14341277
3359382435,2470621728
3359382435,207933284
3359382435,2386985526
3359382435,37567936
3359382435,2229063259
3359382435,16459040
3359382435,2209152727
3359382435,112764971
3359382435,3422617395
3359382435,26998889
3359382435,2471684071
3359382435,19343904
3359382435,15748165
3359382435,7996522
3359382435,25982907
3359382435,15095537
3359382435,19682451
3359382435,25190574
3359382435,22007357
3359382435,97488105
3359382435,3376281958
3359382435,19075873
3359382435,21856114
3359382435,499170272
3359382435,31584670
3359382435,71843505
3359382435,14872237
3359382435,60916506
3359382435,27764255
3359382435,19024453
3359382435,20885390
3359382435,20380673
3359382435,423384542
3359382435,627673190
3359382435,10228272
3359382435,109312021
3359382435,150581068
3359382435,19426551
3359382435,199354750
3359382435,2936185708
3359382435,44725405
3359382435,22695704
3359382435,466444412
3359382435,2182488572
3359382435,39867990
3359382435,163138175
3359382435,20521915
3359382435,88165285
3359382435,19475714
3359382435,252714294
3359382435,231392190
3359382435,2164968990
3359382435,443297806
3359382435,2466708469
3359382435,241100784
3359382435,105840041
3359382435,17092489
3359382435,2394149628
3359382435,237742980
3359382435,304329674
3359382435,484962664
3359382435,19334929
3359382435,257082921
3359382435,18075140
3359382435,22941152
3359382435,15030767
3359382435,405123394
3359382435,14333754
3359382435,232855418
3359382435,17980026
3359382435,70349639
3359382435,21009460
3359382435,76640424
3359382435,104205059
3359382435,26916939
3359382435,20560841
3359382435,28828224
3359382435,30684725
3359382435,50287595
3359382435,24914644
3359382435,17213053
3359382435,1142859176
3359382435,19600252
3359382435,21309551
3359382435,7109022
3359382435,40872043
3359382435,34076997
3359382435,17101388
3359382435,21103366
3359382435,22424763
3359382435,162044153
3359382435,20319462
3359382435,20954762
3359382435,437814330
3359382435,23946350
3359382435,1919319769
3359382435,21856254
3359382435,20598137
3359382435,19647329
3359382435,20547642
3359382435,26266891
3359382435,1282992704
3359382435,16133363
3359382435,986878273
3359382435,251123031
3359382435,9624742
3359382435,288909699
3359382435,80024060
3359382435,281093434
3359382435,19368263
3359382435,54015652
3359382435,77528520
3359382435,2391641329
3359382435,16569045
3359382435,121167080
3359382435,19051022
3359382435,3073732846
3359382435,3124974203
3359382435,3044738957
3359382435,320214995
3359382435,19490380
3359382435,1889832038
3359382435,454843106
3359382435,14361633
3359382435,21417835
3359382435,229821499
3359382435,226503934
3359382435,326858590
3359382435,31594288
3359382435,237241020
3359382435,21287076
3359382435,17087162
3359382435,20511502
3359382435,21707734
3359382435,21648020
3359382435,15348883
3359382435,62123765
3359382435,63136550
3359382435,19973332
3359382435,3381815621
3359382435,16589206
3359382435,39922594
3359382435,104298598
3359382435,39056314
3359382435,279642533
3359382435,972651
3359382435,17624959
3359382435,19527964
3359382435,64643056
3359382435,2483712130
3359382435,23011527
3359382435,26792275
3359382435,16854780
3359382435,11862072
3359382435,25150711
3359382435,21324165
3359382435,835290290
3359382435,17990493
3359382435,259348780
3359382435,71903005
3359382435,25059963
3359382435,23640660
3359382435,17087856
3359382435,17155194
3359382435,256577881
3359382435,492288571
3359382435,17062937
3359382435,26281917
3359382435,21424725
3359382435,771383605
3359382435,19650966
3359382435,17260980
3359382435,101664884
3359382435,17087110
3359382435,17540625
3359382435,17214382
3359382435,18758902
3359382435,38977171
3359382435,18600155
3359382435,222225064
3359382435,19784606
3359382435,19292033
3359382435,3065881343
3359382435,218653131
3359382435,21817509
3359382435,17063215
3359382435,70235774
3359382435,19356276
3359382435,20164477
3359382435,948552829
3359382435,23694165
3359382435,20766350
3359382435,17159484
3359382435,21510894
3359382435,1662057727
3359382435,14946308
3359382435,3310571
3359382435,19247625
3359382435,19713622
3359382435,20843014
3359382435,17311493
3359382435,21112266
3359382435,2043041
3359382435,12497362
3359382435,19472578
3359382435,17169390
3359382435,123754656
3359382435,169440318
3359382435,21492030
3359382435,110743090
3359382435,824157
3359382435,3373791
3359382435,87460291
3359382435,91478624
3359382435,21138477
3359382435,17624543
3359382435,115485051
3359382435,17461978
3359382435,415859364
3359382435,90420314
3359382435,15485441
3359382435,23083404
3359382435,49781518
3359382435,40019154
3359382435,19186180
3359382435,15683146
3359382435,21204154
3359382435,19019970
3359382435,31237480
3359382435,20712514
3359382435,16171953
3359382435,14903044
3359382435,1615685677
3359382435,16631331
3359382435,20884910
3359382435,19264748
3359382435,22904901
3359382435,2884771
3359382435,14746456
3359382435,16632219
3359382435,21905142
3359382435,34423857
3359382435,34352191
3359382435,27860681
3359382435,304909941
3359382435,29422232
3359382435,18135386
3359382435,19686295
3359382435,17693232
3359382435,20781929
3359382435,22384691
3359382435,19921389
3359382435,24241544
3359382435,8665852
3359382435,153403071
3359382435,15005991
3359382435,1690412382
3359382435,20809515
3359382435,53347647
3359382435,94081671
3359382435,198618575
3359382435,102700680
3359382435,277495114
3359382435,410070653
3359382435,5120691
3359382435,32359921
3359382435,152816930
3359382435,288785053
3359382435,29466039
3359382435,98639150
3359382435,242704372
3359382435,41330603
3359382435,2242915207
3359382435,20346956
3359382435,31122496
3359382435,1059194370
3359382435,19923144
3359382435,16877611
3359382435,2557521
3359382435,26257166
3359382435,1963312058
3359382435,21313364
3359382435,13353862
3359382435,8460572
3359382435,38142665
3359382435,4970411
3359382435,14436030
3359382435,8350912
3359382435,83466368
3359382435,59157393
3359382435,68440549
3359382435,111416652
3359382435,25098482
3359382435,24744541
3359382435,7996082
3359382435,64839766
3359382435,131574396
3359382435,138814032
3359382435,217749896
3359382435,70385068
3359382435,18814998
3359382435,2288138575
3359382435,68740712
3359382435,158342368
3359382435,932196612
3359382435,490126636
3359382435,153810519
3359382435,205622130
3359382435,343447873
3359382435,28565356
3359382435,23746425
3359382435,83795099
3359382435,327249605
3359382435,196994616
3359382435,2180126766
3359382435,2359926157
3359382435,169426475
3359382435,17675072
3359382435,17629860
3359382435,16153562
3359382435,14074515
3359382435,14700316
3359382435,15007149
3359382435,2292454922
3359382435,334602996
3359382435,124690469
3359382435,2837919371
3359382435,300883723
3359382435,369505837
3359382435,75069067
3359382435,1536791610
3359382435,11348282
3359382435,1339835893
3359382435,1917731
3359382435,1330457336
3359382435,813286
3359382435,17220934
3359382435,15675138
3359382435,9300262
3359382435,1947301
3359382435,18510860
3359382435,20150502
3359382435,12133382
3359382435,21918310
3359382435,1115874631
3359382435,5392522
3359382435,380648579
3359382435,14062180
3359382435,16955991
3359382435,303862998
3359382435,15164565
3359382435,17306424
3359382435,487118986
3359382435,35773039
3359382435,14353392
3359382435,1660468830
3359382435,527526077
3359382435,15439395
3359382435,2598375938
3359382435,14075928
3359382435,14677919
3359382435,248900032
3359382435,26585095
3359382435,7313362
3359382435,50393960
3359382435,14662354
3359382435,9763482
3359382435,9411482
3359382435,1344951
3359382435,17469289
3359382435,25073877
3359382435,95431448
3359382435,16664681
3359382435,263160998
3359382435,7589572
3359382435,14511951
3359382435,1367531
3359382435,759251
3359382435,15754281
3359382435,206717989
3359382435,28785486
3359382435,14173315
3359382435,157981564
3359382435,7587032
3359382435,143478208
3359382435,15012486
3359382435,36042554
3359382435,36329597
3359382435,621533
3359382435,17481977
3359382435,30313925
3359382435,19706851
3359382435,6467332
3359382435,15010349
3359382435,1877831
3359382435,61781260
3359382435,14224719
3359382435,131859965
3359382435,103065157
3359382435,16672510
3359382435,20543416
3359382435,156651229
3359382435,788524
3359382435,16343974
3359382435,16973333
3359382435,16686144
3359382435,87818409
3359382435,506486097
3359382435,17006157
3359382435,187965811
3359382435,15778426
3359382435,246459126
3359382435,45542770
3359382435,305073570
3359382435,27692596
3359382435,22812734
3359382435,87416722
3359382435,498986721
3359382435,16558943
3359382435,14159148
3359382435,16139649
3359382435,492285158
3359382435,110437588
3359382435,27212264
3359382435,403761570
3359382435,136004952
3359382435,185306056
3359382435,786764
3359382435,22460658
3359382435,166712218
3359382435,117366399
3359382435,259288589
3359382435,26985345
3359382435,16951979
3359382435,229957245
3359382435,19811190
3359382435,8170292
3359382435,25984418
3359382435,235180806
3359382435,104615636
3359382435,157044469
3359382435,19663485
3359382435,14191254
3359382435,106118793
3359382435,14157134
3359382435,28140646
3359382435,69329527
3359382435,18949452
3359382435,4898091
3359382435,67358777
3359382435,2097571
3359382435,5988062
3359382435,22411875
3359382435,621523
3359382435,612473
3359382435,2467791
3359382435,14293310
3359382435,742143
3359382435,3108351
3359382435,278488777
3359382435,23263743
3359382435,17595890
3359382435,21389998
3359382435,428333
3359382435,5402612
3359382435,51241574
3359382435,807095
3359382435,1652541
3359382435,8665572
3359382435,21390437
3359382435,34713362
3359382435,16632149
3359382435,14758257
3359382435,15391813
3359382435,21783395
3359382435,17163446
3359382435,15392221
3359382435,16451028
3359382435,155659213
3359382435,17884125
3359382435,21390674
3359382435,23585685
3359382435,14270254
3359382435,19889294
3359382435,124139163
3359382435,26276346
3359382435,25535042
3359382435,395388847
3359382435,2561091
