3367797646,404039438
3367797646,16632219
3367797646,16631331
3367797646,11994692
3367797646,23446053
3367797646,587279303
3367797646,175449657
3367797646,432806701
3367797646,1055107014
3367797646,22904901
3367797646,34423857
3367797646,16171953
3367797646,18730195
3367797646,2964818055
3367797646,3297628027
3367797646,25524832
3367797646,16664803
3367797646,3039303723
3367797646,2971505758
3367797646,1407892861
3367797646,10767732
3367797646,1205204959
3367797646,18055408
3367797646,8757362
3367797646,519446494
3367797646,3270316992
3367797646,3259388036
3367797646,36669463
3367797646,3072004608
3367797646,2865288079
3367797646,70349639
3367797646,43565005
3367797646,505089852
3367797646,43869790
3367797646,2301763806
3367797646,14333754
3367797646,464511386
3367797646,23640660
3367797646,22007357
3367797646,572470115
3367797646,324568967
3367797646,23694165
3367797646,43869610
3367797646,78150883
3367797646,239146732
3367797646,20350081
3367797646,8728392
3367797646,50602093
3367797646,329230134
3367797646,124690469
3367797646,19612753
3367797646,1048621819
3367797646,82602399
3367797646,326986868
3367797646,283038024
3367797646,17484499
3367797646,7109022
3367797646,21309551
3367797646,18049879
3367797646,266712846
3367797646,428963916
3367797646,14847636
3367797646,16854780
3367797646,20712514
3367797646,30973
3367797646,20856282
3367797646,97488105
3367797646,384376035
3367797646,51714305
3367797646,17385200
3367797646,761139074
3367797646,20532031
3367797646,1701841514
3367797646,66651780
3367797646,16804762
3367797646,3373791
3367797646,761398686
3367797646,301981059
3367797646,107472906
3367797646,1548317628
3367797646,66740930
3367797646,19903099
3367797646,158597935
3367797646,14780915
3367797646,174593833
3367797646,18847632
3367797646,140699869
3367797646,85908999
3367797646,26347170
3367797646,20702052
3367797646,75916180
3367797646,18863815
3367797646,21133007
3367797646,100220864
3367797646,2511017090
3367797646,24886570
3367797646,268439864
3367797646,18228898
3367797646,500704345
3367797646,813286
3367797646,338084918
3367797646,19397785
3367797646,771383605
3367797646,19472578
3367797646,1662057727
3367797646,948552829
3367797646,15846407
3367797646,18679659
3367797646,1615685677
3367797646,405123394
3367797646,19331985
3367797646,20843014
3367797646,14746456
3367797646,25535042
3367797646,18075140
3367797646,20448566
3367797646,328980753
3367797646,16632149
3367797646,21783395
3367797646,19564523
3367797646,8665572
3367797646,15392221
3367797646,16451028
3367797646,94081671
3367797646,19921389
3367797646,17163446
3367797646,14758257
3367797646,70186440
3367797646,19663485
3367797646,57022252
3367797646,14270254
3367797646,23263743
3367797646,49781518
3367797646,2561091
3367797646,19490380
3367797646,124139163
3367797646,19033555
3367797646,8665852
3367797646,1558141890
3367797646,19186180
3367797646,26276346
3367797646,17311493
3367797646,19247625
3367797646,41878061
3367797646,15391813
3367797646,19394887
3367797646,21389998
3367797646,155659213
3367797646,19889294
3367797646,23585685
3367797646,23421880
3367797646,454843106
3367797646,115485051
3367797646,414736352
3367797646,181637383
3367797646,251716551
3367797646,15683146
