3376281958,24166215
3376281958,1235632694
3376281958,73249951
3376281958,21856114
3376281958,19663485
3376281958,14361155
3376281958,20646711
3376281958,18213483
3376281958,14700316
3376281958,33933259
3376281958,23106388
3376281958,54015652
3376281958,331893639
3376281958,2743753215
3376281958,3404100525
3376281958,48302014
3376281958,19019970
3376281958,960816228
3376281958,2444004548
3376281958,19264748
3376281958,40872043
3376281958,102773210
3376281958,237241020
3376281958,3427985015
3376281958,276547520
3376281958,20752411
3376281958,26986721
3376281958,49195175
3376281958,262142869
3376281958,887267652
3376281958,43869610
3376281958,66834664
3376281958,121167080
3376281958,3373791
3376281958,19051022
3376281958,2784401054
3376281958,1029291846
3376281958,14341277
3376281958,1701570967
3376281958,794895318
3376281958,19919922
3376281958,490471617
3376281958,636847424
3376281958,3135841903
3376281958,14183379
3376281958,1097836022
3376281958,53095311
3376281958,22957772
3376281958,2870395216
3376281958,948552829
3376281958,36029441
3376281958,487663260
3376281958,38180321
3376281958,103069651
3376281958,346680601
3376281958,1402053542
3376281958,735864980
3376281958,3020650019
3376281958,3012372279
3376281958,2886990801
3376281958,2423902166
3376281958,69032746
3376281958,19900973
3376281958,24732180
3376281958,39056314
3376281958,5988062
3376281958,15764644
3376281958,118680576
3376281958,45542386
3376281958,25981952
3376281958,24744541
3376281958,4898091
3376281958,27860681
3376281958,807095
3376281958,70385068
3376281958,22428439
3376281958,28565356
3376281958,56828464
3376281958,597355994
3376281958,492288571
3376281958,2645325126
3376281958,19287037
3376281958,21100803
3376281958,2825993232
3376281958,121828424
3376281958,2693952936
3376281958,555416759
3376281958,21562276
3376281958,50287595
3376281958,85908999
3376281958,17225157
3376281958,18803751
3376281958,20319462
3376281958,20554871
3376281958,19903099
3376281958,107472906
3376281958,2043041
3376281958,20250010
3376281958,19409223
3376281958,505089852
3376281958,2197487762
3376281958,51714305
3376281958,226503934
3376281958,156721917
3376281958,44229128
3376281958,93732663
3376281958,71529793
3376281958,164775453
3376281958,15965886
3376281958,49051293
3376281958,14502233
3376281958,14907774
3376281958,14291684
3376281958,266712846
3376281958,15005991
3376281958,20712514
3376281958,43717629
3376281958,2778805565
3376281958,167399649
3376281958,389362081
3376281958,23694165
3376281958,20766350
3376281958,19488569
3376281958,19983964
3376281958,21470008
3376281958,26281917
3376281958,20885390
3376281958,21713520
3376281958,1163799372
3376281958,3395514262
3376281958,1015813998
3376281958,16569045
3376281958,19247625
3376281958,89986710
3376281958,13409752
3376281958,19910996
3376281958,14559090
3376281958,21856254
3376281958,232855418
3376281958,290263087
3376281958,124690469
3376281958,328980753
3376281958,360857182
3376281958,233600977
3376281958,2164968990
3376281958,1673361577
3376281958,292136224
3376281958,317714224
3376281958,16854780
3376281958,1542533869
3376281958,19490380
3376281958,17953384
3376281958,19920001
3376281958,1536791610
3376281958,955063303
3376281958,39971556
3376281958,16683666
3376281958,19686295
3376281958,17006157
3376281958,7109022
3376281958,405123394
3376281958,1330457336
3376281958,3108351
3376281958,14159148
3376281958,2467791
3376281958,87818409
3376281958,5402612
3376281958,19712523
3376281958,26775098
3376281958,2573216851
3376281958,169222815
3376281958,15012702
3376281958,16513281
3376281958,583108053
3376281958,24590293
3376281958,1615685677
3376281958,1567041686
3376281958,2561091
3376281958,25535042
3376281958,16632219
3376281958,16632149
3376281958,17884125
3376281958,19889294
3376281958,8665852
3376281958,52782073
3376281958,2993890828
3376281958,2607779291
3376281958,306237054
3376281958,16171953
3376281958,50640639
3376281958,19331985
3376281958,1286063538
3376281958,23446053
3376281958,26465424
3376281958,20732972
3376281958,39374376
3376281958,21904261
3376281958,22646238
3376281958,976185420
3376281958,18678493
3376281958,20740074
3376281958,1690036087
3376281958,70186440
3376281958,884742217
3376281958,97488105
3376281958,19427254
3376281958,16668834
3376281958,126118232
3376281958,14746456
3376281958,1536780608
3376281958,2344135376
3376281958,19915645
3376281958,40252296
3376281958,2471684071
3376281958,2514422880
3376281958,454395581
3376281958,21005575
3376281958,22758236
3376281958,2387817418
3376281958,123866564
3376281958,18685842
3376281958,34076997
3376281958,19199211
3376281958,2796601847
3376281958,182721799
3376281958,403291015
3376281958,20809515
3376281958,34908602
3376281958,42454415
3376281958,3007831119
3376281958,109459067
3376281958,394060363
3376281958,1566173557
3376281958,32612020
3376281958,3125349375
3376281958,3131453152
3376281958,18854642
3376281958,3406322241
3376281958,3422617395
3376281958,21287076
3376281958,49653486
3376281958,20583613
3376281958,21905142
3376281958,21258827
3376281958,47777986
3376281958,20884910
3376281958,14607522
3376281958,155659213
3376281958,21642787
3376281958,124139163
3376281958,1690412382
3376281958,94081671
3376281958,21783395
3376281958,16451028
3376281958,26276346
3376281958,15391813
3376281958,214125777
3376281958,18729562
3376281958,889643533
3376281958,41878061
3376281958,23421880
3376281958,19394887
3376281958,360569242
3376281958,158414847
3376281958,759251
3376281958,500704345
3376281958,813286
3376281958,1339835893
3376281958,19292033
3376281958,22384691
3376281958,19024453
3376281958,18717426
3376281958,18872880
3376281958,348353369
3376281958,18758902
3376281958,21510894
3376281958,27604942
3376281958,19246359
3376281958,21707734
3376281958,15615035
3376281958,394073804
3376281958,18600155
3376281958,608167078
3376281958,771383605
3376281958,23585685
3376281958,17163446
3376281958,121176422
3376281958,19033555
3376281958,49781518
3376281958,20843014
3376281958,454843106
3376281958,2994469282
3376281958,20380673
3376281958,19265059
3376281958,20762598
3376281958,21138477
3376281958,42528765
3376281958,18730195
3376281958,21492030
3376281958,2205681944
3376281958,23584173
3376281958,17693232
3376281958,17624543
3376281958,24241544
3376281958,19921389
3376281958,15392221
3376281958,43869790
3376281958,15683146
3376281958,19186180
3376281958,21342208
3376281958,2174537102
3376281958,121183700
3376281958,18949452
3376281958,14758257
3376281958,16631801
3376281958,498086098
3376281958,8665572
3376281958,1863193002
3376281958,3323184879
3376281958,395388847
3376281958,113684726
3376281958,113681243
3376281958,84890605
3376281958,2670652471
3376281958,885434768
3376281958,26486870
3376281958,18761347
3376281958,23445711
3376281958,833687593
3376281958,580037845
3376281958,30984457
3376281958,22874178
3376281958,50982086
3376281958,123754656
3376281958,1400533166
3376281958,1723745084
3376281958,21417835
3376281958,335299650
3376281958,19392223
3376281958,500711588
3376281958,17675072
3376281958,18814998
3376281958,18762875
3376281958,26073581
3376281958,19564284
3376281958,44139807
3376281958,52365198
3376281958,19713622
3376281958,22904901
3376281958,34423857
3376281958,304287573
3376281958,68740712
3376281958,19526463
3376281958,70349639
