3380161828,360230512
3380161828,26266891
3380161828,3483917657
3380161828,1845968514
3380161828,51027615
3380161828,2799153909
3380161828,15125309
3380161828,572470115
3380161828,20775557
3380161828,948552829
3380161828,266712846
3380161828,126118232
3380161828,1662057727
3380161828,123754656
3380161828,17624959
3380161828,19472578
3380161828,2902138622
3380161828,23263743
3380161828,26276346
3380161828,16171953
3380161828,19713622
3380161828,2197487762
3380161828,14746456
3380161828,1615685677
3380161828,24241544
3380161828,19264748
3380161828,17624543
3380161828,20712514
3380161828,20809515
3380161828,20843014
3380161828,25535042
3380161828,15683146
3380161828,23585685
3380161828,8665852
3380161828,17163446
3380161828,14842285
3380161828,23421880
3380161828,16631693
3380161828,16631331
3380161828,19394887
3380161828,19889294
3380161828,16451028
3380161828,21066857
3380161828,2561091
3380161828,19663485
3380161828,16632149
3380161828,124139163
3380161828,94081671
3380161828,16632219
3380161828,19186180
3380161828,15391813
3380161828,10373612
3380161828,14758257
3380161828,8665572
3380161828,19247625
3380161828,19033555
