3382999552,52185601
3382999552,2528768236
3382999552,3078491810
3382999552,2812936934
3382999552,21390437
3382999552,346924655
3382999552,543043594
3382999552,17163446
3382999552,14946308
3382999552,272175633
3382999552,787950086
3382999552,526231578
3382999552,23409448
3382999552,3044738957
3382999552,1589634168
3382999552,162089811
3382999552,14758257
3382999552,2303806447
3382999552,1917487476
3382999552,622236760
3382999552,3130834973
3382999552,23458084
3382999552,19712523
3382999552,123355219
3382999552,2595366655
3382999552,43433353
3382999552,2624299231
3382999552,1962422936
3382999552,120157647
3382999552,21476329
3382999552,20652415
3382999552,15683146
3382999552,24246633
3382999552,17586118
3382999552,20884910
3382999552,113714309
3382999552,556995593
3382999552,20766350
3382999552,1117359968
3382999552,2940725986
3382999552,412163761
3382999552,784280066
3382999552,25069076
3382999552,2708829955
3382999552,508678165
3382999552,3012414632
3382999552,305298965
3382999552,1928357682
3382999552,400048887
3382999552,34423857
3382999552,19106722
3382999552,493306747
3382999552,1006759219
3382999552,23106525
3382999552,2766617920
3382999552,2790802182
3382999552,1969630836
3382999552,3361565361
3382999552,312826801
3382999552,1558141890
3382999552,3293241148
3382999552,24787524
3382999552,754108867
3382999552,136271609
3382999552,23671297
3382999552,1359040722
3382999552,94444869
3382999552,16349463
3382999552,16632149
3382999552,2869790291
3382999552,192462553
3382999552,251716551
3382999552,2415638624
3382999552,255545453
3382999552,355060878
3382999552,1201334814
3382999552,203117046
3382999552,61455260
3382999552,2230147480
3382999552,1157488746
3382999552,17745219
3382999552,1450870195
3382999552,2565196170
3382999552,3296671185
3382999552,44928509
3382999552,43767463
3382999552,14660826
3382999552,2937623181
3382999552,288215492
3382999552,28207516
3382999552,16451028
3382999552,316256467
3382999552,3094681251
3382999552,2263571841
3382999552,3246032319
3382999552,74307964
3382999552,1382404544
3382999552,451469343
3382999552,580857186
3382999552,11095022
3382999552,1600989234
3382999552,8665572
3382999552,19867777
3382999552,19394887
3382999552,18049879
3382999552,50751556
3382999552,22903765
3382999552,155659213
3382999552,41878061
3382999552,14842285
3382999552,22827600
3382999552,5511
3382999552,54226675
3382999552,19903099
3382999552,40019154
3382999552,783214
3382999552,19814175
3382999552,18730195
3382999552,2561091
3382999552,25319819
3382999552,8665852
3382999552,216566780
3382999552,17711659
3382999552,16631331
3382999552,17311493
3382999552,21182676
3382999552,124139163
