3395368169,30364057
3395368169,18948541
3395368169,115485051
3395368169,19448989
3395368169,398808093
3395368169,52551600
3395368169,19637934
3395368169,18396706
3395368169,28090945
3395368169,133880286
3395368169,16303106
3395368169,20609518
3395368169,8236062
3395368169,3984681
3395368169,31080039
3395368169,47285504
3395368169,18518096
3395368169,115512512
3395368169,17471979
3395368169,36184220
3395368169,499167697
3395368169,8350382
3395368169,347122398
3395368169,12369372
3395368169,14353392
3395368169,3291841
3395368169,27042513
3395368169,284602545
3395368169,59949396
3395368169,21362105
3395368169,618300542
3395368169,150120631
3395368169,15635604
3395368169,1554119270
3395368169,255773815
3395368169,1345702333
3395368169,14791162
3395368169,1888149452
3395368169,23859156
3395368169,2317351705
3395368169,229219088
3395368169,255747911
3395368169,15846407
3395368169,23263743
3395368169,963558768
3395368169,1652541
3395368169,948552829
3395368169,7996082
3395368169,26276346
3395368169,23585685
3395368169,572470115
3395368169,277495114
3395368169,395388847
3395368169,14758257
3395368169,2829822842
3395368169,180463340
3395368169,205302299
3395368169,34036028
3395368169,26053643
3395368169,19777398
3395368169,15485441
3395368169,2717254872
3395368169,213478296
3395368169,789605024
3395368169,627673190
3395368169,2326857668
3395368169,19712523
3395368169,1662057727
3395368169,21390437
3395368169,759251
3395368169,1367531
3395368169,5402612
3395368169,94081671
3395368169,65416867
3395368169,241100784
3395368169,807095
3395368169,428333
3395368169,742143
3395368169,69329527
3395368169,14094741
3395368169,22207520
3395368169,108382988
3395368169,421944319
3395368169,117814006
3395368169,1339835893
3395368169,316389142
3395368169,178030441
3395368169,13274322
3395368169,1536791610
3395368169,370365150
3395368169,285103430
3395368169,124919626
3395368169,24674497
3395368169,20332679
3395368169,413500978
3395368169,14362241
3395368169,21080411
3395368169,53006664
3395368169,37714075
3395368169,72379858
3395368169,26012202
3395368169,607316347
3395368169,440801351
3395368169,206877781
3395368169,294972930
3395368169,15057943
3395368169,178288103
3395368169,613041881
3395368169,529503448
3395368169,15962096
3395368169,116849549
3395368169,867664357
3395368169,15392221
3395368169,128617479
3395368169,25535042
3395368169,2561091
3395368169,19186180
3395368169,8665852
3395368169,17163446
3395368169,16631331
3395368169,1117359968
3395368169,16632219
3395368169,155659213
3395368169,14842285
3395368169,23421880
3395368169,49781518
3395368169,15683146
3395368169,22903765
