3424940458,21769623
3424940458,1876507592
3424940458,2172075114
3424940458,500095280
3424940458,2648003214
3424940458,220188142
3424940458,78626346
3424940458,2200784754
3424940458,1570245534
3424940458,21079101
3424940458,2228891959
3424940458,2784827119
3424940458,146599482
3424940458,2267839850
3424940458,3700795101
3424940458,2835594983
3424940458,7996082
3424940458,22999361
3424940458,3368182239
3424940458,160308387
3424940458,38741679
3424940458,178867236
3424940458,26960123
3424940458,71871448
3424940458,1932269168
3424940458,344940001
3424940458,514938072
3424940458,1467401828
3424940458,504779531
3424940458,160142615
3424940458,127683262
3424940458,1260809042
3424940458,617130278
3424940458,194394147
3424940458,120128401
3424940458,127852773
3424940458,239657038
3424940458,631404169
3424940458,136073449
3424940458,124491549
3424940458,96629035
3424940458,139556944
3424940458,14123683
3424940458,13838562
3424940458,50725573
3424940458,26589987
3424940458,94166168
3424940458,180733809
3424940458,288333760
3424940458,344634424
3424940458,259925559
3424940458,1337785291
3424940458,42220353
3424940458,2325787896
3424940458,17329538
3424940458,17693919
3424940458,14836197
3424940458,3361322170
3424940458,14857290
3424940458,2587566553
3424940458,19980499
3424940458,455733199
3424940458,12554802
3424940458,56192220
3424940458,17158140
3424940458,2932759888
3424940458,106271405
3424940458,3467765950
3424940458,63675477
3424940458,629530664
3424940458,3097620646
3424940458,44769802
3424940458,14895325
3424940458,489900556
3424940458,366665185
3424940458,69663389
3424940458,902858761
3424940458,101871850
3424940458,208610451
3424940458,1069376713
3424940458,236005711
3424940458,14847447
3424940458,286870215
3424940458,47334775
3424940458,431083284
3424940458,241278788
3424940458,241260374
3424940458,218985828
3424940458,89305106
3424940458,143187939
3424940458,274449248
3424940458,99795732
3424940458,298104989
3424940458,15340715
3424940458,8788992
3424940458,20458464
3424940458,22153474
3424940458,22760147
3424940458,24452293
3424940458,7638712
3424940458,20328076
3424940458,38531188
3424940458,15798656
3424940458,374576608
3424940458,8757362
3424940458,25737911
3424940458,18212997
3424940458,25311045
3424940458,48424015
3424940458,18213483
3424940458,43767463
3424940458,63249540
3424940458,16153562
3424940458,29087407
3424940458,13208192
3424940458,14700316
3424940458,14176375
3424940458,74433655
3424940458,69231187
3424940458,14519038
3424940458,19047730
3424940458,20646711
3424940458,3373791
3424940458,52674982
3424940458,14499829
3424940458,520693481
3424940458,22758266
3424940458,930669439
3424940458,33933259
3424940458,362506197
3424940458,37636997
3424940458,2190831163
3424940458,14086764
3424940458,2263571841
3424940458,136271609
3424940458,11859822
3424940458,132031651
3424940458,20536157
3424940458,10228272
3424940458,243381107
3424940458,382267114
3424940458,56505125
3424940458,38679388
3424940458,31311757
3424940458,2459371
3424940458,605805760
3424940458,297174372
3424940458,137365854
3424940458,22209176
3424940458,15670515
3424940458,74286565
3424940458,41012588
3424940458,890372000
3424940458,238099363
3424940458,19312845
3424940458,89517005
3424940458,17000457
3424940458,388472947
3424940458,757891106
3424940458,1157784678
3424940458,16913772
3424940458,9460682
3424940458,2573385954
3424940458,16547411
3424940458,2180666226
3424940458,28918696
3424940458,11921722
3424940458,843572178
3424940458,14966893
3424940458,581005574
3424940458,1676878346
3424940458,15457785
3424940458,2159309156
3424940458,700528695
3424940458,2280994474
3424940458,74754957
3424940458,1678031934
3424940458,2253896635
3424940458,1963319070
3424940458,19261460
3424940458,321547423
3424940458,54008920
3424940458,323308527
3424940458,41396381
3424940458,23455730
3424940458,16804762
3424940458,229075280
3424940458,21182676
3424940458,2690439096
3424940458,600179495
3424940458,18995665
3424940458,2994998523
3424940458,71650592
3424940458,1270650481
3424940458,1183584528
3424940458,245823708
3424940458,2917327863
3424940458,21438024
3424940458,22536947
3424940458,2485845654
3424940458,2171828119
3424940458,170454913
3424940458,508678165
3424940458,1114731362
3424940458,754108867
3424940458,1097836022
3424940458,909774924
3424940458,23565726
3424940458,40872043
3424940458,2617871811
3424940458,3293957261
3424940458,410309718
3424940458,3460326496
3424940458,73938281
3424940458,3460908802
3424940458,414736352
3424940458,3460298555
3424940458,3460008016
3424940458,909186090
3424940458,181637383
3424940458,18221807
3424940458,50771868
3424940458,1876326937
3424940458,1115394421
3424940458,69344401
3424940458,19331985
3424940458,18075140
3424940458,14847636
3424940458,2285292157
3424940458,2346766407
3424940458,1473266370
3424940458,3460684162
3424940458,2680725411
3424940458,3438483879
3424940458,3377675008
3424940458,2665471909
3424940458,3247719872
3424940458,238681991
3424940458,2895780921
3424940458,369002891
3424940458,1050166969
3424940458,20973069
3424940458,2380375152
3424940458,19932481
3424940458,3033861779
3424940458,1311558655
3424940458,2727562774
3424940458,787950086
3424940458,2469544261
3424940458,1235632694
3424940458,1634213640
3424940458,2949023181
3424940458,3304600743
3424940458,3050372309
3424940458,3292887179
3424940458,34304970
3424940458,27217541
3424940458,2650987954
3424940458,3446826856
3424940458,3436482455
3424940458,2939090699
3424940458,2865249278
3424940458,471287735
3424940458,171137221
3424940458,3323200955
3424940458,231039819
3424940458,34888353
3424940458,66740930
3424940458,19903099
3424940458,31237480
3424940458,17311493
3424940458,19189134
3424940458,16664803
3424940458,19391470
3424940458,20740074
3424940458,22941152
3424940458,19248800
3424940458,22537325
3424940458,21302527
3424940458,23640660
3424940458,34352191
3424940458,21905142
3424940458,19973332
3424940458,18979674
3424940458,16648052
3424940458,18783599
3424940458,19246359
3424940458,22874178
3424940458,3376281958
3424940458,2790802182
3424940458,291557868
3424940458,757775772
3424940458,494362620
3424940458,2993476936
3424940458,2382649382
3424940458,52185601
3424940458,70429646
3424940458,47340097
3424940458,12529992
3424940458,12334752
3424940458,20766350
3424940458,14582890
3424940458,14472794
3424940458,12553452
3424940458,14598850
3424940458,15410226
3424940458,18678493
3424940458,21707734
3424940458,15677513
3424940458,21324165
3424940458,63136550
3424940458,15252509
3424940458,17477169
3424940458,12497362
3424940458,2677731
3424940458,20618678
3424940458,19111618
3424940458,17626165
3424940458,8818672
3424940458,18717426
3424940458,18648562
3424940458,71922638
3424940458,187723641
3424940458,1663338932
3424940458,15867973
3424940458,1062558625
3424940458,24279390
3424940458,74473873
3424940458,454800881
3424940458,881110717
3424940458,2607219787
3424940458,448356091
3424940458,2998450037
3424940458,1238897528
3424940458,55362811
3424940458,398064722
3424940458,3293307615
3424940458,2442300531
3424940458,3308456165
3424940458,23409448
3424940458,986878273
3424940458,2533489015
3424940458,1567041686
3424940458,3087106076
3424940458,3381833831
3424940458,3432950530
3424940458,31869934
3424940458,7069902
3424940458,21309551
3424940458,19108238
3424940458,56498198
3424940458,2960101137
3424940458,15440737
3424940458,2950049757
3424940458,64581852
3424940458,385541817
3424940458,15455787
3424940458,197026835
3424940458,14583958
3424940458,568242968
3424940458,14691720
3424940458,398849000
3424940458,14354145
3424940458,68736840
3424940458,6417782
3424940458,158354407
3424940458,10159762
3424940458,224519586
3424940458,2043041
3424940458,19748371
3424940458,20511502
3424940458,239732500
3424940458,21112266
3424940458,260309434
3424940458,20319462
3424940458,180485069
3424940458,20884910
3424940458,260033116
3424940458,17623816
3424940458,11782092
3424940458,14599507
3424940458,113097883
3424940458,24399244
3424940458,56952483
3424940458,32572068
3424940458,245273311
3424940458,160786918
3424940458,21852198
3424940458,96479364
3424940458,43975143
3424940458,25272222
3424940458,23316750
3424940458,255568570
3424940458,261440719
3424940458,23349168
3424940458,207117167
3424940458,42920628
3424940458,42469553
3424940458,36485479
3424940458,1367489305
3424940458,337936676
3424940458,2389401762
3424940458,130670816
3424940458,225066769
3424940458,2174761334
3424940458,461393205
3424940458,307904522
3424940458,3308115347
3424940458,17715048
3424940458,18173624
3424940458,15687962
3424940458,20106852
3424940458,130491582
3424940458,627643923
3424940458,1137700339
3424940458,1323187164
3424940458,561754773
3424940458,325832193
3424940458,18396070
3424940458,19029137
3424940458,1183041
3424940458,15227791
3424940458,237845487
3424940458,602317143
3424940458,104969057
3424940458,583188020
3424940458,21768383
3424940458,128457263
3424940458,65507042
3424940458,276739295
3424940458,34260121
3424940458,31370866
3424940458,418646567
3424940458,36636400
3424940458,19662313
3424940458,9180542
3424940458,117007661
3424940458,117000531
3424940458,285585815
3424940458,301631989
3424940458,53176453
3424940458,38299404
3424940458,346895264
3424940458,16193162
3424940458,38275780
3424940458,171261225
3424940458,2528768236
3424940458,299189769
3424940458,3031378642
3424940458,55823045
3424940458,114033939
3424940458,2862722523
3424940458,2599831086
3424940458,3078491810
3424940458,3077941995
3424940458,2414070872
3424940458,17490547
3424940458,3178162343
3424940458,3414906573
3424940458,2927098945
3424940458,2418832695
3424940458,2350616010
3424940458,3424842341
3424940458,2238918386
3424940458,3424940908
3424940458,2744450186
3424940458,3424888145
3424940458,2982032626
3424940458,3424108833
3424940458,51145552
3424940458,1384380416
3424940458,3374188366
3424940458,2992634170
3424940458,3421230969
3424940458,416433114
3424940458,232855418
3424940458,25150711
3424940458,19650966
3424940458,898418228
3424940458,19292033
3424940458,1598558840
3424940458,14607522
3424940458,1117359968
3424940458,19136302
3424940458,36380440
3424940458,259348780
3424940458,2970094888
3424940458,1142859176
3424940458,2193009746
3424940458,2624299231
3424940458,23458084
3424940458,3221806875
3424940458,1952328324
3424940458,2278241173
3424940458,3353012344
3424940458,1317221562
3424940458,2988201131
3424940458,2391405331
3424940458,3320722841
3424940458,77715283
3424940458,36501964
3424940458,16143864
3424940458,121167080
3424940458,245940681
3424940458,66834664
3424940458,69034554
3424940458,17087162
3424940458,67420766
3424940458,18758902
3424940458,442204983
3424940458,21424725
3424940458,20859450
3424940458,25059963
3424940458,18227783
3424940458,19600252
3424940458,269716042
3424940458,18336706
3424940458,145668086
3424940458,42137252
3424940458,21407241
3424940458,220995331
3424940458,613412461
3424940458,25190574
3424940458,90735643
3424940458,1950188826
3424940458,352686923
3424940458,2387840556
3424940458,813909716
3424940458,2494020072
3424940458,24733102
3424940458,301517975
3424940458,2724700994
3424940458,575650860
3424940458,2812936934
3424940458,20164477
3424940458,2262898614
3424940458,20885390
3424940458,26281917
3424940458,3092058627
3424940458,54015652
3424940458,3311122401
3424940458,18600155
3424940458,492288571
3424940458,3164220706
3424940458,19875072
3424940458,3307113179
3424940458,45615081
3424940458,925268274
3424940458,976185420
3424940458,3334413821
3424940458,63452015
3424940458,3341986941
3424940458,97255485
3424940458,3373865613
3424940458,113714309
3424940458,3377024896
3424940458,2708829955
3424940458,3373506329
3424940458,2891141703
3424940458,3384873369
3424940458,2841832947
3424940458,459612808
3424940458,39122874
3424940458,24246633
3424940458,391306391
3424940458,2299367423
3424940458,227802983
3424940458,1957554378
3424940458,93847902
3424940458,1450870195
3424940458,249869615
3424940458,238327175
3424940458,449857467
3424940458,32420106
3424940458,201812923
3424940458,1255030290
3424940458,1912117148
3424940458,1536087474
3424940458,2249951831
3424940458,2266449391
3424940458,762072931
3424940458,849522234
3424940458,165010801
3424940458,468834179
3424940458,2325519926
3424940458,1549243428
3424940458,1210300506
3424940458,2869790291
3424940458,1483024080
3424940458,2982628528
3424940458,1589634168
3424940458,475311020
3424940458,122354696
3424940458,2496668899
3424940458,71868160
3424940458,24787524
3424940458,30945830
3424940458,29330577
3424940458,22548403
3424940458,166739404
3424940458,62513246
3424940458,3424953437
3424940458,717874436
3424940458,3360189082
3424940458,2233154425
3424940458,1188274123
3424940458,54018554
3424940458,3423120766
3424940458,182441611
3424940458,3246032319
3424940458,188006067
3424940458,3307955580
3424940458,3125437204
3424940458,3408560895
3424940458,28758915
3424940458,71843505
3424940458,76640424
3424940458,23946350
3424940458,21287076
3424940458,30684725
3424940458,21121091
3424940458,28828224
3424940458,24914644
3424940458,104205059
3424940458,19784606
3424940458,218653131
3424940458,17306424
3424940458,222225064
3424940458,17087110
3424940458,101664884
3424940458,17540625
3424940458,17214382
3424940458,21204154
3424940458,38977171
3424940458,237241020
3424940458,22817297
3424940458,20954762
3424940458,29267341
3424940458,49938269
3424940458,19509051
3424940458,8902132
3424940458,16349463
3424940458,264164654
3424940458,48516549
3424940458,55655615
3424940458,756065832
3424940458,21495291
3424940458,138845026
3424940458,126960544
3424940458,20457806
3424940458,243404422
3424940458,28436760
3424940458,20843626
3424940458,16150688
3424940458,266828775
3424940458,34010976
3424940458,19534202
3424940458,44314871
3424940458,102773210
3424940458,20815041
3424940458,20475285
3424940458,17226612
3424940458,15951863
3424940458,56488059
3424940458,1889832038
3424940458,35961145
3424940458,14166909
3424940458,3425023894
3424940458,3138293129
3424940458,55319780
3424940458,53149244
3424940458,48302014
3424940458,39349216
3424940458,38400294
3424940458,26266891
3424940458,19184818
3424940458,67412485
3424940458,122178701
3424940458,19716315
3424940458,376255141
3424940458,46040232
3424940458,239093860
3424940458,1020848227
3424940458,1005158101
3424940458,542923119
3424940458,16911419
3424940458,1007432648
3424940458,361376201
3424940458,301697842
3424940458,19508692
3424940458,80691846
3424940458,47930935
3424940458,331707065
3424940458,190470663
3424940458,354489884
3424940458,229224374
3424940458,460521940
3424940458,404590040
3424940458,1385049799
3424940458,17776525
3424940458,22473054
3424940458,438296720
3424940458,14426349
3424940458,188242820
3424940458,16490124
3424940458,155792865
3424940458,61193412
3424940458,117593124
3424940458,20676778
3424940458,84328710
3424940458,21294212
3424940458,270972145
3424940458,20717438
3424940458,257233036
3424940458,22695694
3424940458,40343539
3424940458,3215754627
3424940458,427759867
3424940458,3425004124
3424940458,3099704469
3424940458,3424929635
3424940458,3421421619
3424940458,3424852599
3424940458,3420137067
3424940458,15471275
3424940458,35714904
3424940458,253475377
3424940458,263201446
3424940458,39755606
3424940458,8873382
3424940458,8834362
3424940458,2394421
3424940458,14660710
3424940458,14313123
3424940458,15615035
3424940458,89273104
3424940458,396894374
3424940458,197927483
3424940458,405123394
3424940458,563093420
3424940458,17637572
3424940458,1662057727
3424940458,12543242
3424940458,572470115
3424940458,26186890
3424940458,948552829
3424940458,24566469
3424940458,771383605
3424940458,8628562
3424940458,21195865
3424940458,19674338
3424940458,19674652
3424940458,2902138622
3424940458,20560841
3424940458,3044738957
3424940458,70349639
3424940458,955063303
3424940458,14333754
3424940458,2994469282
3424940458,19472578
3424940458,290263087
3424940458,14746456
3424940458,18729562
3424940458,2197487762
3424940458,304329674
3424940458,1382404544
3424940458,54078222
3424940458,824153233
3424940458,71530380
3424940458,651433
3424940458,2727995598
3424940458,43604184
3424940458,2496877116
3424940458,248717847
3424940458,3291707003
3424940458,245815816
3424940458,3415552317
3424940458,558938650
3424940458,2176433850
3424940458,2841263117
3424940458,210660336
3424940458,2976607395
3424940458,1380147211
3424940458,172037769
3424940458,48862476
3424940458,97974174
3424940458,18239640
3424940458,78687173
3424940458,2374196618
3424940458,95540269
3424940458,22193233
3424940458,3745381
3424940458,115419474
3424940458,3382053587
3424940458,257593553
3424940458,3413382561
3424940458,115420312
3424940458,3397604549
3424940458,3316338385
3424940458,17218582
3424940458,15163518
3424940458,204074545
3424940458,19265059
3424940458,171314974
3424940458,460364759
3424940458,34076997
3424940458,249700990
3424940458,35779304
3424940458,46408217
3424940458,20712514
3424940458,571072597
3424940458,20809515
3424940458,176863974
3424940458,15005991
3424940458,105328660
3424940458,20781929
3424940458,255976193
3424940458,20843014
3424940458,953248862
3424940458,474319511
3424940458,138369105
3424940458,21856254
3424940458,145935897
3424940458,22904901
3424940458,96735431
3424940458,34423857
3424940458,135187648
3424940458,50300579
3424940458,135532444
3424940458,256589915
3424940458,296511906
3424940458,130125655
3424940458,51566870
3424940458,236842863
3424940458,59600093
3424940458,229129507
3424940458,16838962
3424940458,18017198
3424940458,18803751
3424940458,116799581
3424940458,14183379
3424940458,25387183
3424940458,19415798
3424940458,36670025
3424940458,3040424454
3424940458,619855057
3424940458,2435310141
3424940458,275434633
3424940458,1252917283
3424940458,620136960
3424940458,1213751708
3424940458,1115874631
3424940458,1600989234
3424940458,303862998
3424940458,2310116088
3424940458,3422990013
3424940458,487118986
3424940458,3423027125
3424940458,98957692
3424940458,1374888666
3424940458,432532798
3424940458,428333
3424940458,198243494
3424940458,5402612
3424940458,21293543
3424940458,742143
3424940458,239802717
3424940458,807095
3424940458,238231936
3424940458,5988062
3424940458,215935031
3424940458,557642736
3424940458,4898091
3424940458,378197959
3424940458,21055792
3424940458,204428144
3424940458,3301856247
3424940458,2826441116
3424940458,10373612
3424940458,93230391
3424940458,28602624
3424940458,18679659
3424940458,83134773
3424940458,16513161
3424940458,23421880
3424940458,50751556
3424940458,22827600
3424940458,41878061
3424940458,27260086
3424940458,14230524
3424940458,8699742
3424940458,7109022
3424940458,19264748
3424940458,18135386
3424940458,19921389
3424940458,19663485
3424940458,21066857
3424940458,8665852
3424940458,14842285
3424940458,85932175
3424940458,22621759
3424940458,20667335
3424940458,20599255
3424940458,19921394
3424940458,19910996
3424940458,15823676
3424940458,17711659
3424940458,5511
3424940458,54226675
3424940458,216566780
3424940458,783214
3424940458,2317844448
3424940458,22637074
3424940458,16854780
3424940458,16569045
3424940458,74428159
3424940458,31125209
3424940458,18049879
3424940458,14684733
3424940458,18730195
3424940458,19814175
3424940458,14758257
3424940458,68165758
3424940458,16631693
3424940458,16632219
3424940458,283038024
3424940458,16631331
3424940458,49781518
3424940458,140091998
3424940458,17980026
3424940458,97488105
3424940458,20856282
3424940458,85908999
3424940458,15683146
3424940458,19394887
3424940458,338953165
3424940458,113167208
3424940458,11862072
3424940458,92088399
3424940458,19722435
3424940458,119959446
3424940458,14946308
3424940458,17487884
3424940458,154023356
3424940458,21817509
3424940458,56093343
3424940458,25657017
3424940458,111949306
3424940458,70235774
3424940458,206847322
3424940458,98165330
3424940458,182721799
3424940458,23132159
3424940458,21648020
3424940458,25268679
3424940458,19450907
3424940458,17624959
3424940458,77826352
3424940458,205974045
3424940458,360230512
3424940458,23837271
3424940458,50099055
3424940458,29727178
3424940458,311606579
3424940458,71624960
3424940458,132712862
3424940458,22204459
3424940458,280171611
3424940458,183836886
3424940458,20597486
3424940458,51772806
3424940458,63454213
3424940458,20609141
3424940458,426834798
3424940458,15692256
3424940458,48750532
3424940458,42850472
3424940458,26561149
3424940458,24783322
3424940458,73480693
3424940458,27636113
3424940458,19405396
3424940458,116596951
3424940458,22424763
3424940458,8248482
3424940458,95693963
3424940458,21900859
3424940458,16613217
3424940458,541023928
3424940458,22147976
3424940458,24279632
3424940458,63961281
3424940458,23106525
3424940458,54884436
3424940458,60024840
3424940458,296408517
3424940458,30472798
3424940458,18973489
3424940458,21390008
3424940458,113606059
3424940458,20164413
3424940458,54880025
3424940458,21050755
3424940458,19179687
3424940458,794110602
3424940458,21138477
3424940458,23263743
3424940458,1407892861
3424940458,16171953
3424940458,101556225
3424940458,939807637
3424940458,17624543
3424940458,517700642
3424940458,2553422361
3424940458,126118232
3424940458,18909186
3424940458,34908602
3424940458,24688868
3424940458,18847920
3424940458,18944007
3424940458,266712846
3424940458,14562960
3424940458,27486706
3424940458,19458129
3424940458,60751490
3424940458,15312679
3424940458,64788246
3424940458,30304549
3424940458,19964864
3424940458,161288528
3424940458,21409325
3424940458,49195175
3424940458,20717237
3424940458,47622979
3424940458,20044737
3424940458,10799642
3424940458,24784028
3424940458,231703688
3424940458,20549270
3424940458,19083439
3424940458,59102196
3424940458,17745219
3424940458,21527369
3424940458,22176845
3424940458,339064364
3424940458,162089811
3424940458,107562560
3424940458,298360697
3424940458,25573099
3424940458,17173144
3424940458,153763519
3424940458,167399649
3424940458,19612753
3424940458,761801714
3424940458,377008435
3424940458,22321740
3424940458,23011527
3424940458,14903044
3424940458,14856333
3424940458,3143365889
3424940458,16951979
3424940458,42626527
3424940458,505089852
3424940458,1615685677
3424940458,46971325
3424940458,19923144
3424940458,71308607
3424940458,366592246
3424940458,461922813
3424940458,1432977446
3424940458,365498780
3424940458,186386857
3424940458,60865434
3424940458,29479000
3424940458,142204481
3424940458,35856249
3424940458,313913938
3424940458,25073959
3424940458,940270308
3424940458,201352564
3424940458,351921957
3424940458,2545071954
3424940458,139092348
3424940458,575565118
3424940458,586950556
3424940458,543533194
3424940458,973277052
3424940458,2178230389
3424940458,307807956
3424940458,26257166
3424940458,1704998570
3424940458,2557521
3424940458,309340221
3424940458,138372303
3424940458,2533070650
3424940458,140070953
3424940458,344801362
3424940458,8159472
3424940458,158487331
3424940458,789605024
3424940458,224223563
3424940458,627673190
3424940458,90836187
3424940458,488731085
3424940458,452155423
3424940458,1640169925
3424940458,1132074679
3424940458,19393233
3424940458,1023139638
3424940458,3309770109
3424940458,123754656
3424940458,22900663
3424940458,19490380
3424940458,1339835893
3424940458,2905301277
3424940458,1400533166
3424940458,21417835
3424940458,2301763806
3424940458,2425739461
3424940458,19405367
3424940458,19033555
3424940458,19713622
3424940458,14993191
3424940458,51408749
3424940458,19247625
3424940458,25524832
3424940458,18920461
3424940458,454395581
3424940458,8665572
3424940458,2573216851
3424940458,21510894
3424940458,14208199
3424940458,17063215
3424940458,19686295
3424940458,3310571
3424940458,17169390
3424940458,17693232
3424940458,20583613
3424940458,24241544
3424940458,21492030
3424940458,23694165
3424940458,17884125
3424940458,22384691
3424940458,23585685
3424940458,1690412382
3424940458,15392221
3424940458,26276346
3424940458,94081671
3424940458,2561091
3424940458,15391813
3424940458,124139163
3424940458,395388847
3424940458,25535042
3424940458,16451028
3424940458,19889294
3424940458,16632149
3424940458,17163446
3424940458,21783395
3424940458,498086098
3424940458,21259023
3424940458,466444412
3424940458,1122415976
3424940458,74426840
3424940458,238790045
3424940458,183387449
3424940458,263099844
3424940458,34949757
3424940458,2255036665
3424940458,176210542
3424940458,1610646036
3424940458,329789735
3424940458,2541999628
3424940458,333534411
3424940458,19596687
3424940458,444838837
3424940458,361150095
3424940458,1283561876
3424940458,550202880
3424940458,2359476565
3424940458,1670174994
3424940458,376378883
3424940458,342599843
3424940458,1269425228
3424940458,282064204
3424940458,533085085
3424940458,932429090
3424940458,14872237
3424940458,1964571728
3424940458,280701704
3424940458,330446733
3424940458,740336334
3424940458,21389998
3424940458,155659213
3424940458,19564523
3424940458,19186180
3424940458,21390674
3424940458,21769623
3424940458,1876507592
3424940458,2172075114
3424940458,500095280
3424940458,2648003214
3424940458,220188142
3424940458,78626346
3424940458,2200784754
3424940458,1570245534
3424940458,21079101
3424940458,2228891959
3424940458,2784827119
3424940458,146599482
3424940458,2267839850
3424940458,3700795101
3424940458,2835594983
3424940458,7996082
3424940458,22999361
3424940458,3368182239
3424940458,160308387
3424940458,38741679
3424940458,178867236
3424940458,26960123
3424940458,71871448
3424940458,1932269168
3424940458,344940001
3424940458,514938072
3424940458,1467401828
3424940458,504779531
3424940458,160142615
3424940458,127683262
3424940458,1260809042
3424940458,617130278
3424940458,194394147
3424940458,120128401
3424940458,127852773
3424940458,239657038
3424940458,631404169
3424940458,136073449
3424940458,124491549
3424940458,96629035
3424940458,139556944
3424940458,14123683
3424940458,13838562
3424940458,50725573
3424940458,26589987
3424940458,94166168
3424940458,180733809
3424940458,288333760
3424940458,344634424
3424940458,259925559
3424940458,1337785291
3424940458,42220353
3424940458,2325787896
3424940458,17329538
3424940458,17693919
3424940458,14836197
3424940458,3361322170
3424940458,14857290
3424940458,2587566553
3424940458,19980499
3424940458,455733199
3424940458,12554802
3424940458,56192220
3424940458,17158140
3424940458,2932759888
3424940458,106271405
3424940458,3467765950
3424940458,63675477
3424940458,629530664
3424940458,3097620646
3424940458,44769802
3424940458,14895325
3424940458,489900556
3424940458,366665185
3424940458,69663389
3424940458,902858761
3424940458,101871850
3424940458,208610451
3424940458,1069376713
3424940458,236005711
3424940458,14847447
3424940458,286870215
3424940458,47334775
3424940458,431083284
3424940458,241278788
3424940458,241260374
3424940458,218985828
3424940458,89305106
3424940458,143187939
3424940458,274449248
3424940458,99795732
3424940458,298104989
3424940458,15340715
3424940458,8788992
3424940458,20458464
3424940458,22153474
3424940458,22760147
3424940458,24452293
3424940458,7638712
3424940458,20328076
3424940458,38531188
3424940458,15798656
3424940458,374576608
3424940458,8757362
3424940458,25737911
3424940458,18212997
3424940458,25311045
3424940458,48424015
3424940458,18213483
3424940458,43767463
3424940458,63249540
3424940458,16153562
3424940458,29087407
3424940458,13208192
3424940458,14700316
3424940458,14176375
3424940458,74433655
3424940458,69231187
3424940458,14519038
3424940458,19047730
3424940458,20646711
3424940458,3373791
3424940458,52674982
3424940458,14499829
3424940458,520693481
3424940458,22758266
3424940458,930669439
3424940458,33933259
3424940458,362506197
3424940458,37636997
3424940458,2190831163
3424940458,14086764
3424940458,2263571841
3424940458,136271609
3424940458,11859822
3424940458,132031651
3424940458,20536157
3424940458,10228272
3424940458,243381107
3424940458,382267114
3424940458,56505125
3424940458,38679388
3424940458,31311757
3424940458,2459371
3424940458,605805760
3424940458,297174372
3424940458,137365854
3424940458,22209176
3424940458,15670515
3424940458,74286565
3424940458,41012588
3424940458,890372000
3424940458,238099363
3424940458,19312845
3424940458,89517005
3424940458,17000457
3424940458,388472947
3424940458,757891106
3424940458,1157784678
3424940458,16913772
3424940458,9460682
3424940458,2573385954
3424940458,16547411
3424940458,2180666226
3424940458,28918696
3424940458,11921722
3424940458,843572178
3424940458,14966893
3424940458,581005574
3424940458,1676878346
3424940458,15457785
3424940458,2159309156
3424940458,700528695
3424940458,2280994474
3424940458,74754957
3424940458,1678031934
3424940458,2253896635
3424940458,1963319070
3424940458,19261460
3424940458,321547423
3424940458,54008920
3424940458,323308527
3424940458,41396381
3424940458,23455730
3424940458,16804762
3424940458,229075280
3424940458,21182676
3424940458,2690439096
3424940458,600179495
3424940458,18995665
3424940458,2994998523
3424940458,71650592
3424940458,1270650481
3424940458,1183584528
3424940458,245823708
3424940458,2917327863
3424940458,21438024
3424940458,22536947
3424940458,2485845654
3424940458,2171828119
3424940458,170454913
3424940458,508678165
3424940458,1114731362
3424940458,754108867
3424940458,1097836022
3424940458,909774924
3424940458,23565726
3424940458,40872043
3424940458,2617871811
3424940458,3293957261
3424940458,410309718
3424940458,3460326496
3424940458,73938281
3424940458,3460908802
3424940458,414736352
3424940458,3460298555
3424940458,3460008016
3424940458,909186090
3424940458,181637383
3424940458,18221807
3424940458,50771868
3424940458,1876326937
3424940458,1115394421
3424940458,69344401
3424940458,19331985
3424940458,18075140
3424940458,14847636
3424940458,2285292157
3424940458,2346766407
3424940458,1473266370
3424940458,3460684162
3424940458,2680725411
3424940458,3438483879
3424940458,3377675008
3424940458,2665471909
3424940458,3247719872
3424940458,238681991
3424940458,2895780921
3424940458,369002891
3424940458,1050166969
3424940458,20973069
3424940458,2380375152
3424940458,19932481
3424940458,3033861779
3424940458,1311558655
3424940458,2727562774
3424940458,787950086
3424940458,2469544261
3424940458,1235632694
3424940458,1634213640
3424940458,2949023181
3424940458,3304600743
3424940458,3050372309
3424940458,3292887179
3424940458,34304970
3424940458,27217541
3424940458,2650987954
3424940458,3446826856
3424940458,3436482455
3424940458,2939090699
3424940458,2865249278
3424940458,471287735
3424940458,171137221
3424940458,3323200955
3424940458,231039819
3424940458,34888353
3424940458,66740930
3424940458,19903099
3424940458,31237480
3424940458,17311493
3424940458,19189134
3424940458,16664803
3424940458,19391470
3424940458,20740074
3424940458,22941152
3424940458,19248800
3424940458,22537325
3424940458,21302527
3424940458,23640660
3424940458,34352191
3424940458,21905142
3424940458,19973332
3424940458,18979674
3424940458,16648052
3424940458,18783599
3424940458,19246359
3424940458,22874178
3424940458,3376281958
3424940458,2790802182
3424940458,291557868
3424940458,757775772
3424940458,494362620
3424940458,2993476936
3424940458,2382649382
3424940458,52185601
3424940458,70429646
3424940458,47340097
3424940458,12529992
3424940458,12334752
3424940458,20766350
3424940458,14582890
3424940458,14472794
3424940458,12553452
3424940458,14598850
3424940458,15410226
3424940458,18678493
3424940458,21707734
3424940458,15677513
3424940458,21324165
3424940458,63136550
3424940458,15252509
3424940458,17477169
3424940458,12497362
3424940458,2677731
3424940458,20618678
3424940458,19111618
3424940458,17626165
3424940458,8818672
3424940458,18717426
3424940458,18648562
3424940458,71922638
3424940458,187723641
3424940458,1663338932
3424940458,15867973
3424940458,1062558625
3424940458,24279390
3424940458,74473873
3424940458,454800881
3424940458,881110717
3424940458,2607219787
3424940458,448356091
3424940458,2998450037
3424940458,1238897528
3424940458,55362811
3424940458,398064722
3424940458,3293307615
3424940458,2442300531
3424940458,3308456165
3424940458,23409448
3424940458,986878273
3424940458,2533489015
3424940458,1567041686
3424940458,3087106076
3424940458,3381833831
3424940458,3432950530
3424940458,31869934
3424940458,7069902
3424940458,21309551
3424940458,19108238
3424940458,56498198
3424940458,2960101137
3424940458,15440737
3424940458,2950049757
3424940458,64581852
3424940458,385541817
3424940458,15455787
3424940458,197026835
3424940458,14583958
3424940458,568242968
3424940458,14691720
3424940458,398849000
3424940458,14354145
3424940458,68736840
3424940458,6417782
3424940458,158354407
3424940458,10159762
3424940458,224519586
3424940458,2043041
3424940458,19748371
3424940458,20511502
3424940458,239732500
3424940458,21112266
3424940458,260309434
3424940458,20319462
3424940458,180485069
3424940458,20884910
3424940458,260033116
3424940458,17623816
3424940458,11782092
3424940458,113097883
3424940458,24399244
3424940458,56952483
3424940458,32572068
3424940458,245273311
3424940458,160786918
3424940458,21852198
3424940458,96479364
3424940458,43975143
3424940458,25272222
3424940458,23316750
3424940458,255568570
3424940458,261440719
3424940458,23349168
3424940458,207117167
3424940458,42920628
3424940458,42469553
3424940458,36485479
3424940458,1367489305
3424940458,337936676
3424940458,2389401762
3424940458,130670816
3424940458,225066769
3424940458,2174761334
3424940458,461393205
3424940458,307904522
3424940458,3308115347
3424940458,17715048
3424940458,18173624
3424940458,15687962
3424940458,20106852
3424940458,130491582
3424940458,627643923
3424940458,1137700339
3424940458,1323187164
3424940458,561754773
3424940458,325832193
3424940458,18396070
3424940458,19029137
3424940458,1183041
3424940458,15227791
3424940458,237845487
3424940458,602317143
3424940458,104969057
3424940458,583188020
3424940458,21768383
3424940458,128457263
3424940458,65507042
3424940458,276739295
3424940458,34260121
3424940458,31370866
3424940458,418646567
3424940458,36636400
3424940458,19662313
3424940458,9180542
3424940458,117007661
3424940458,117000531
3424940458,285585815
3424940458,301631989
3424940458,53176453
3424940458,38299404
3424940458,346895264
3424940458,16193162
3424940458,38275780
3424940458,171261225
3424940458,2528768236
3424940458,299189769
3424940458,3031378642
3424940458,55823045
3424940458,114033939
3424940458,2862722523
3424940458,2599831086
3424940458,3078491810
3424940458,3077941995
3424940458,2414070872
3424940458,17490547
3424940458,3178162343
3424940458,3414906573
3424940458,2927098945
3424940458,2418832695
3424940458,2350616010
3424940458,3424842341
3424940458,2238918386
3424940458,3424940908
3424940458,2744450186
3424940458,3424888145
3424940458,2982032626
3424940458,3424108833
3424940458,51145552
3424940458,1384380416
3424940458,3374188366
3424940458,2992634170
3424940458,3421230969
3424940458,416433114
3424940458,232855418
3424940458,25150711
3424940458,19650966
3424940458,898418228
3424940458,19292033
3424940458,1598558840
3424940458,14607522
3424940458,1117359968
3424940458,19136302
3424940458,36380440
3424940458,259348780
3424940458,2970094888
3424940458,1142859176
3424940458,2193009746
3424940458,2624299231
3424940458,23458084
3424940458,3221806875
3424940458,1952328324
3424940458,2278241173
3424940458,3353012344
3424940458,1317221562
3424940458,2988201131
3424940458,2391405331
3424940458,3320722841
3424940458,77715283
3424940458,36501964
3424940458,16143864
3424940458,121167080
3424940458,245940681
3424940458,66834664
3424940458,69034554
3424940458,17087162
3424940458,67420766
3424940458,18758902
3424940458,442204983
3424940458,21424725
3424940458,20859450
3424940458,25059963
3424940458,18227783
3424940458,19600252
3424940458,269716042
3424940458,18336706
3424940458,145668086
3424940458,42137252
3424940458,21407241
3424940458,220995331
3424940458,613412461
3424940458,25190574
3424940458,90735643
3424940458,1950188826
3424940458,352686923
3424940458,2387840556
3424940458,813909716
3424940458,2494020072
3424940458,24733102
3424940458,301517975
3424940458,2724700994
3424940458,575650860
3424940458,2812936934
3424940458,20164477
3424940458,2262898614
3424940458,20885390
3424940458,26281917
3424940458,3092058627
3424940458,54015652
3424940458,3311122401
3424940458,18600155
3424940458,492288571
3424940458,3164220706
3424940458,19875072
3424940458,3307113179
3424940458,45615081
3424940458,925268274
3424940458,976185420
3424940458,3334413821
3424940458,63452015
3424940458,3341986941
3424940458,97255485
3424940458,3373865613
3424940458,113714309
3424940458,3377024896
3424940458,2708829955
3424940458,3373506329
3424940458,2891141703
3424940458,3384873369
3424940458,2841832947
3424940458,459612808
3424940458,39122874
3424940458,24246633
3424940458,391306391
3424940458,2299367423
3424940458,227802983
3424940458,1957554378
3424940458,93847902
3424940458,1450870195
3424940458,249869615
3424940458,238327175
3424940458,449857467
3424940458,32420106
3424940458,201812923
3424940458,1255030290
3424940458,1912117148
3424940458,1536087474
3424940458,2249951831
3424940458,2266449391
3424940458,762072931
3424940458,849522234
3424940458,165010801
3424940458,468834179
3424940458,2325519926
3424940458,1549243428
3424940458,1210300506
3424940458,2869790291
3424940458,1483024080
3424940458,2982628528
3424940458,1589634168
3424940458,475311020
3424940458,122354696
3424940458,2496668899
3424940458,71868160
3424940458,24787524
3424940458,30945830
3424940458,29330577
3424940458,22548403
3424940458,166739404
3424940458,62513246
3424940458,3424953437
3424940458,717874436
3424940458,3360189082
3424940458,2233154425
3424940458,1188274123
3424940458,54018554
3424940458,3423120766
3424940458,182441611
3424940458,3246032319
3424940458,188006067
3424940458,3307955580
3424940458,3125437204
3424940458,3408560895
3424940458,28758915
3424940458,71843505
3424940458,76640424
3424940458,23946350
3424940458,21287076
3424940458,30684725
3424940458,21121091
3424940458,28828224
3424940458,24914644
3424940458,104205059
3424940458,19784606
3424940458,218653131
3424940458,17306424
3424940458,222225064
3424940458,17087110
3424940458,101664884
3424940458,17540625
3424940458,17214382
3424940458,21204154
3424940458,38977171
3424940458,237241020
3424940458,22817297
3424940458,20954762
3424940458,29267341
3424940458,49938269
3424940458,19509051
3424940458,8902132
3424940458,16349463
3424940458,264164654
3424940458,48516549
3424940458,55655615
3424940458,756065832
3424940458,21495291
3424940458,138845026
3424940458,126960544
3424940458,20457806
3424940458,243404422
3424940458,28436760
3424940458,20843626
3424940458,16150688
3424940458,266828775
3424940458,34010976
3424940458,19534202
3424940458,44314871
3424940458,102773210
3424940458,20815041
3424940458,20475285
3424940458,17226612
3424940458,15951863
3424940458,56488059
3424940458,1889832038
3424940458,35961145
3424940458,14166909
3424940458,3425023894
3424940458,3138293129
3424940458,55319780
3424940458,53149244
3424940458,48302014
3424940458,39349216
3424940458,38400294
3424940458,26266891
3424940458,19184818
3424940458,67412485
3424940458,122178701
3424940458,19716315
3424940458,376255141
3424940458,46040232
3424940458,239093860
3424940458,1020848227
3424940458,1005158101
3424940458,542923119
3424940458,16911419
3424940458,1007432648
3424940458,361376201
3424940458,301697842
3424940458,19508692
3424940458,80691846
3424940458,47930935
3424940458,331707065
3424940458,190470663
3424940458,354489884
3424940458,229224374
3424940458,460521940
3424940458,404590040
3424940458,1385049799
3424940458,17776525
3424940458,22473054
3424940458,438296720
3424940458,14426349
3424940458,188242820
3424940458,16490124
3424940458,155792865
3424940458,61193412
3424940458,117593124
3424940458,20676778
3424940458,84328710
3424940458,21294212
3424940458,270972145
3424940458,20717438
3424940458,257233036
3424940458,22695694
3424940458,40343539
3424940458,3215754627
3424940458,427759867
3424940458,3425004124
3424940458,3099704469
3424940458,3424929635
3424940458,3421421619
3424940458,3424852599
3424940458,3420137067
3424940458,15471275
3424940458,35714904
3424940458,253475377
3424940458,263201446
3424940458,39755606
3424940458,8873382
3424940458,8834362
3424940458,2394421
3424940458,14660710
3424940458,14313123
3424940458,15615035
3424940458,89273104
3424940458,396894374
3424940458,197927483
3424940458,405123394
3424940458,563093420
3424940458,17637572
3424940458,1662057727
3424940458,12543242
3424940458,572470115
3424940458,26186890
3424940458,948552829
3424940458,24566469
3424940458,771383605
3424940458,8628562
3424940458,21195865
3424940458,19674338
3424940458,19674652
3424940458,2902138622
3424940458,20560841
3424940458,3044738957
3424940458,70349639
3424940458,955063303
3424940458,14333754
3424940458,2994469282
3424940458,19472578
3424940458,290263087
3424940458,14746456
3424940458,18729562
3424940458,2197487762
3424940458,304329674
3424940458,1382404544
3424940458,54078222
3424940458,824153233
3424940458,71530380
3424940458,651433
3424940458,2727995598
3424940458,43604184
3424940458,2496877116
3424940458,248717847
3424940458,3291707003
3424940458,245815816
3424940458,3415552317
3424940458,558938650
3424940458,2176433850
3424940458,2841263117
3424940458,210660336
3424940458,2976607395
3424940458,1380147211
3424940458,172037769
3424940458,48862476
3424940458,97974174
3424940458,18239640
3424940458,78687173
3424940458,2374196618
3424940458,95540269
3424940458,22193233
3424940458,3745381
3424940458,115419474
3424940458,3382053587
3424940458,257593553
3424940458,3413382561
3424940458,115420312
3424940458,3397604549
3424940458,3316338385
3424940458,17218582
3424940458,15163518
3424940458,204074545
3424940458,19265059
3424940458,171314974
3424940458,460364759
3424940458,34076997
3424940458,249700990
3424940458,35779304
3424940458,46408217
3424940458,20712514
3424940458,571072597
3424940458,20809515
3424940458,176863974
3424940458,15005991
3424940458,105328660
3424940458,20781929
3424940458,255976193
3424940458,20843014
3424940458,953248862
3424940458,474319511
3424940458,138369105
3424940458,21856254
3424940458,145935897
3424940458,22904901
3424940458,96735431
3424940458,34423857
3424940458,135187648
3424940458,50300579
3424940458,135532444
3424940458,256589915
3424940458,296511906
3424940458,130125655
3424940458,51566870
3424940458,236842863
3424940458,59600093
3424940458,229129507
3424940458,16838962
3424940458,18017198
3424940458,18803751
3424940458,116799581
3424940458,14183379
3424940458,25387183
3424940458,19415798
3424940458,36670025
3424940458,3040424454
3424940458,619855057
3424940458,2435310141
3424940458,275434633
3424940458,1252917283
3424940458,620136960
3424940458,1213751708
3424940458,1115874631
3424940458,1600989234
3424940458,303862998
3424940458,2310116088
3424940458,3422990013
3424940458,487118986
3424940458,3423027125
3424940458,98957692
3424940458,1374888666
3424940458,432532798
3424940458,428333
3424940458,198243494
3424940458,5402612
3424940458,21293543
3424940458,742143
3424940458,239802717
3424940458,807095
3424940458,238231936
3424940458,5988062
3424940458,215935031
3424940458,557642736
3424940458,4898091
3424940458,378197959
3424940458,21055792
3424940458,204428144
3424940458,3301856247
3424940458,2826441116
3424940458,10373612
3424940458,93230391
3424940458,28602624
3424940458,18679659
3424940458,83134773
3424940458,16513161
3424940458,23421880
3424940458,50751556
3424940458,22827600
3424940458,41878061
3424940458,27260086
3424940458,14230524
3424940458,8699742
3424940458,7109022
3424940458,19264748
3424940458,18135386
3424940458,19921389
3424940458,19663485
3424940458,21066857
3424940458,8665852
3424940458,14842285
3424940458,85932175
3424940458,22621759
3424940458,20667335
3424940458,20599255
3424940458,19921394
3424940458,19910996
3424940458,15823676
3424940458,17711659
3424940458,5511
3424940458,54226675
3424940458,216566780
3424940458,783214
3424940458,2317844448
3424940458,22637074
3424940458,16854780
3424940458,16569045
3424940458,74428159
3424940458,31125209
3424940458,18049879
3424940458,14684733
3424940458,18730195
3424940458,19814175
3424940458,14758257
3424940458,68165758
3424940458,16631693
3424940458,16632219
3424940458,283038024
3424940458,16631331
3424940458,49781518
3424940458,140091998
3424940458,17980026
3424940458,97488105
3424940458,20856282
3424940458,85908999
3424940458,15683146
3424940458,19394887
3424940458,338953165
3424940458,113167208
3424940458,11862072
3424940458,92088399
3424940458,19722435
3424940458,119959446
3424940458,14946308
3424940458,17487884
3424940458,154023356
3424940458,21817509
3424940458,56093343
3424940458,25657017
3424940458,111949306
3424940458,70235774
3424940458,206847322
3424940458,98165330
3424940458,182721799
3424940458,23132159
3424940458,21648020
3424940458,25268679
3424940458,19450907
3424940458,17624959
3424940458,77826352
3424940458,205974045
3424940458,360230512
3424940458,23837271
3424940458,50099055
3424940458,29727178
3424940458,311606579
3424940458,71624960
3424940458,132712862
3424940458,22204459
3424940458,280171611
3424940458,183836886
3424940458,20597486
3424940458,51772806
3424940458,63454213
3424940458,20609141
3424940458,426834798
3424940458,15692256
3424940458,48750532
3424940458,42850472
3424940458,26561149
3424940458,24783322
3424940458,73480693
3424940458,27636113
3424940458,19405396
3424940458,116596951
3424940458,22424763
3424940458,8248482
3424940458,95693963
3424940458,21900859
3424940458,16613217
3424940458,541023928
3424940458,22147976
3424940458,24279632
3424940458,63961281
3424940458,23106525
3424940458,54884436
3424940458,60024840
3424940458,296408517
3424940458,30472798
3424940458,18973489
3424940458,21390008
3424940458,113606059
3424940458,20164413
3424940458,54880025
3424940458,21050755
3424940458,19179687
3424940458,794110602
3424940458,21138477
3424940458,23263743
3424940458,1407892861
3424940458,16171953
3424940458,101556225
3424940458,939807637
3424940458,17624543
3424940458,517700642
3424940458,2553422361
3424940458,126118232
3424940458,18909186
3424940458,34908602
3424940458,24688868
3424940458,18847920
3424940458,18944007
3424940458,266712846
3424940458,14562960
3424940458,27486706
3424940458,19458129
3424940458,60751490
3424940458,15312679
3424940458,64788246
3424940458,30304549
3424940458,19964864
3424940458,161288528
3424940458,21409325
3424940458,49195175
3424940458,20717237
3424940458,47622979
3424940458,20044737
3424940458,10799642
3424940458,24784028
3424940458,231703688
3424940458,20549270
3424940458,19083439
3424940458,59102196
3424940458,17745219
3424940458,21527369
3424940458,22176845
3424940458,339064364
3424940458,162089811
3424940458,107562560
3424940458,298360697
3424940458,25573099
3424940458,17173144
3424940458,153763519
3424940458,167399649
3424940458,19612753
3424940458,761801714
3424940458,377008435
3424940458,22321740
3424940458,23011527
3424940458,14903044
3424940458,14856333
3424940458,3143365889
3424940458,16951979
3424940458,42626527
3424940458,505089852
3424940458,1615685677
3424940458,46971325
3424940458,19923144
3424940458,71308607
3424940458,366592246
3424940458,461922813
3424940458,1432977446
3424940458,365498780
3424940458,186386857
3424940458,60865434
3424940458,29479000
3424940458,142204481
3424940458,35856249
3424940458,313913938
3424940458,25073959
3424940458,940270308
3424940458,201352564
3424940458,351921957
3424940458,2545071954
3424940458,139092348
3424940458,575565118
3424940458,586950556
3424940458,543533194
3424940458,973277052
3424940458,2178230389
3424940458,307807956
3424940458,26257166
3424940458,1704998570
3424940458,2557521
3424940458,309340221
3424940458,138372303
3424940458,2533070650
3424940458,140070953
3424940458,344801362
3424940458,8159472
3424940458,158487331
3424940458,789605024
3424940458,224223563
3424940458,627673190
3424940458,90836187
3424940458,488731085
3424940458,452155423
3424940458,1640169925
3424940458,1132074679
3424940458,19393233
3424940458,1023139638
3424940458,3309770109
3424940458,123754656
3424940458,22900663
3424940458,19490380
3424940458,1339835893
3424940458,2905301277
3424940458,1400533166
3424940458,21417835
3424940458,2301763806
3424940458,2425739461
3424940458,19405367
3424940458,19033555
3424940458,19713622
3424940458,14993191
3424940458,51408749
3424940458,19247625
3424940458,25524832
3424940458,18920461
3424940458,454395581
3424940458,8665572
3424940458,2573216851
3424940458,21510894
3424940458,14208199
3424940458,17063215
3424940458,19686295
3424940458,3310571
3424940458,17169390
3424940458,17693232
3424940458,20583613
3424940458,24241544
3424940458,21492030
3424940458,23694165
3424940458,17884125
3424940458,22384691
3424940458,23585685
3424940458,1690412382
3424940458,15392221
3424940458,26276346
3424940458,94081671
3424940458,2561091
3424940458,15391813
3424940458,124139163
3424940458,395388847
3424940458,25535042
3424940458,16451028
3424940458,19889294
3424940458,16632149
3424940458,17163446
3424940458,21783395
3424940458,498086098
3424940458,21259023
3424940458,466444412
3424940458,1122415976
3424940458,74426840
3424940458,238790045
3424940458,183387449
3424940458,263099844
3424940458,34949757
3424940458,2255036665
3424940458,176210542
3424940458,1610646036
3424940458,329789735
3424940458,2541999628
3424940458,333534411
3424940458,19596687
3424940458,444838837
3424940458,361150095
3424940458,1283561876
3424940458,550202880
3424940458,2359476565
3424940458,1670174994
3424940458,376378883
3424940458,342599843
3424940458,1269425228
3424940458,282064204
3424940458,533085085
3424940458,932429090
3424940458,14872237
3424940458,1964571728
3424940458,280701704
3424940458,330446733
3424940458,740336334
3424940458,21389998
3424940458,155659213
3424940458,19564523
3424940458,19186180
3424940458,21390674
