3439557525,81196391
3439557525,1296689642
3439557525,3000263884
3439557525,4645961014
3439557525,4835930817
3439557525,3436089826
3439557525,3295062348
3439557525,4644839074
3439557525,4817905235
3439557525,1201672370
3439557525,925861074
3439557525,1128772676
3439557525,2710212615
3439557525,28966604
3439557525,126978294
3439557525,1039815788
3439557525,290762891
3439557525,3248879708
3439557525,4060997337
3439557525,727305176
3439557525,2811941773
3439557525,3199745237
3439557525,427885919
3439557525,1272156098
3439557525,2614138033
3439557525,2758716489
3439557525,2377452006
3439557525,3106269232
3439557525,2811327737
3439557525,3399921453
3439557525,4653864207
3439557525,3303556239
3439557525,2765340263
3439557525,1227930450
3439557525,2893939156
3439557525,96951800
3439557525,288951233
3439557525,1914584539
3439557525,2201060436
3439557525,2869054079
3439557525,772381854
3439557525,2180571258
3439557525,2445354238
3439557525,2439124068
3439557525,772396446
3439557525,2158011910
3439557525,3129363129
3439557525,2873446856
3439557525,774803611
3439557525,1901133301
3439557525,1958908994
3439557525,1436751594
3439557525,2796065204
3439557525,713635025
3439557525,14082692
3439557525,3385191748
3439557525,2709190700
3439557525,1558141890
3439557525,2435535331
3439557525,3302130988
3439557525,548469532
3439557525,500031469
3439557525,632440788
3439557525,1915381700
3439557525,2958717993
3439557525,2995753947
3439557525,1382582869
3439557525,361594753
3439557525,2245244075
3439557525,1548265663
3439557525,1550758766
3439557525,2869513653
3439557525,743093737
3439557525,3323902887
3439557525,240872962
3439557525,412237956
3439557525,153067700
3439557525,596940844
3439557525,1460643312
3439557525,415585111
3439557525,144921014
3439557525,2182488572
3439557525,577466504
3439557525,3066070240
3439557525,2842529048
3439557525,44488467
3439557525,111014684
3439557525,469252270
3439557525,251716551
3439557525,1828120970
3439557525,3364252397
3439557525,1106515543
3439557525,2458525202
3439557525,1972294086
3439557525,2267735456
3439557525,1551948074
3439557525,2992194033
3439557525,2993141817
3439557525,3382602363
3439557525,3319284831
3439557525,2958416033
3439557525,1898017915
3439557525,17595890
3439557525,21204154
3439557525,16951979
3439557525,22903765
3439557525,15683146
3439557525,40019154
3439557525,22827600
3439557525,19394887
3439557525,155659213
3439557525,21390437
3439557525,41878061
3439557525,19186180
3439557525,23421880
3439557525,19564523
3439557525,49781518
3439557525,19490380
