34878310,29489300
34878310,234901346
34878310,14365359
34878310,3619773135
34878310,17214382
34878310,1963312058
34878310,52672768
34878310,2790802182
34878310,244031685
34878310,59736898
34878310,111416652
34878310,101848693
34878310,386602454
34878310,2477512345
34878310,87403396
34878310,3164186529
34878310,986878273
34878310,608167078
34878310,15492359
34878310,49279876
34878310,2787038071
34878310,948552829
34878310,1662057727
34878310,19234681
34878310,131935861
34878310,29422232
34878310,16184358
34878310,69620713
34878310,19973332
34878310,8161232
34878310,965741665
34878310,16668834
34878310,104237736
34878310,28140646
34878310,15110357
34878310,124690469
34878310,16951979
34878310,20058825
34878310,19472578
34878310,2479832246
34878310,212019982
34878310,2479883252
34878310,22903765
34878310,142089059
34878310,23263743
34878310,290263087
34878310,20885390
34878310,1142859176
34878310,1855361023
34878310,19600252
34878310,390227684
34878310,486531711
34878310,2315376242
34878310,743856512
34878310,14736892
34878310,45167431
34878310,19405367
34878310,580641304
34878310,51680488
34878310,77911316
34878310,75620452
34878310,2236624764
34878310,15108196
34878310,1068662504
34878310,104644895
34878310,475813679
34878310,42610093
34878310,218059297
34878310,21586673
34878310,234574402
34878310,2332779015
34878310,635390119
34878310,1548317628
34878310,142262635
34878310,142261464
34878310,40019154
34878310,38977171
34878310,21856114
34878310,131223120
34878310,234123495
34878310,2549824296
34878310,1470196976
34878310,42910468
34878310,19539314
34878310,21905142
34878310,869939479
34878310,244247532
34878310,2455462014
34878310,33345091
34878310,2422624825
34878310,141137711
34878310,2377696893
34878310,37920443
34878310,2318964588
34878310,95431448
34878310,2277224546
34878310,198618575
34878310,25390350
34878310,5120691
34878310,8665852
34878310,18938646
34878310,26538229
34878310,25098482
34878310,395388847
34878310,83466368
34878310,177179008
34878310,16632149
34878310,25535042
34878310,196994616
34878310,1339835893
34878310,833053518
34878310,1330457336
34878310,2097571
34878310,70349639
34878310,17675072
34878310,9624742
34878310,376819013
34878310,19712523
34878310,1367531
34878310,361783311
34878310,14478762
34878310,1967621250
34878310,2218512536
34878310,2148047600
34878310,1962819486
34878310,1923988501
34878310,1920046346
34878310,1915510992
34878310,87818409
34878310,18858395
34878310,807095
34878310,14511951
34878310,1905285295
34878310,1899807798
34878310,26749431
34878310,21982720
34878310,16838962
34878310,1615685677
34878310,460941709
34878310,1549370257
34878310,605732214
34878310,539372624
34878310,467314945
34878310,1111802166
34878310,1391876558
34878310,1491507979
34878310,943509890
34878310,1488303942
34878310,249279369
34878310,253193625
34878310,729727417
34878310,923182386
34878310,761305615
34878310,585207164
34878310,1381365516
34878310,574818391
34878310,374050807
34878310,1627889696
34878310,379953432
34878310,172862048
34878310,1222279711
34878310,1481789244
34878310,23697360
34878310,2032411
34878310,430250670
34878310,33335440
34878310,771383605
34878310,15095537
34878310,23694165
34878310,1126663208
34878310,124139163
34878310,18730195
34878310,453834091
34878310,609343223
34878310,108598233
34878310,516011776
34878310,60916506
34878310,19713622
34878310,579952587
34878310,121208305
34878310,315222808
34878310,249591074
34878310,14426349
34878310,16202270
34878310,20791468
34878310,17006157
34878310,62513246
34878310,36082429
34878310,104205059
34878310,15615035
34878310,82381798
34878310,208433772
34878310,19397785
34878310,15683146
34878310,34352191
34878310,17308753
34878310,17169390
34878310,19292033
34878310,34076997
34878310,44229128
34878310,21066857
34878310,1754641
34878310,19722435
34878310,22384691
34878310,364920986
34878310,5988062
34878310,177736182
34878310,751187245
34878310,115724250
34878310,16647534
34878310,21624322
34878310,125071209
34878310,20444050
34878310,121528025
34878310,48302014
34878310,51468445
34878310,617782168
34878310,96951800
34878310,21182676
34878310,24963961
34878310,91478624
34878310,18812572
34878310,24189288
34878310,15095086
34878310,20138126
34878310,277495114
34878310,24747953
34878310,12529992
34878310,27860681
34878310,20717463
34878310,189098613
34878310,29514159
34878310,14383599
34878310,18122984
34878310,39056314
34878310,16664681
34878310,4970411
34878310,24458803
34878310,558926898
34878310,5392522
34878310,16012783
34878310,14173315
34878310,23640660
34878310,37895682
34878310,182721799
34878310,19534955
34878310,21902580
34878310,14138785
34878310,25572647
34878310,17967925
34878310,24886025
34878310,17918704
34878310,19816859
34878310,11178902
34878310,22001973
34878310,18904973
34878310,20319462
34878310,123754656
34878310,17623816
34878310,612473
34878310,21648020
34878310,21887420
34878310,15962096
34878310,14333754
34878310,14313123
34878310,17629860
34878310,12553452
34878310,19349699
34878310,20766350
34878310,28312880
34878310,15012486
34878310,22425307
34878310,20618678
34878310,19674652
34878310,972651
34878310,252753618
34878310,21856254
34878310,70235774
34878310,14117843
34878310,8157232
34878310,111306332
34878310,823905
34878310,78421432
34878310,89273104
34878310,14074886
34878310,14746456
34878310,22501159
34878310,18724375
34878310,19290759
34878310,13409752
34878310,15675138
34878310,21817509
34878310,94081671
34878310,26792275
34878310,24752484
34878310,50393960
34878310,312677640
34878310,15210689
34878310,22685200
34878310,29214466
34878310,51241574
34878310,20560841
34878310,2768501
34878310,22905057
34878310,19186180
34878310,20583613
34878310,14074967
34878310,34713362
34878310,304909941
34878310,107036362
34878310,368435812
34878310,366232388
34878310,19731643
34878310,14167997
34878310,405123394
34878310,759251
34878310,21323268
34878310,742143
34878310,30313925
34878310,23011527
34878310,160864441
34878310,14123751
34878310,2884771
34878310,19075873
34878310,49781518
34878310,17220934
34878310,17063215
34878310,15391813
34878310,20809515
34878310,23585685
34878310,55559069
34878310,10371312
34878310,44409004
34878310,16153562
34878310,16631693
34878310,25059963
34878310,388555493
34878310,15005991
34878310,19248800
34878310,5402612
34878310,69888166
34878310,18758902
34878310,19921389
34878310,15907720
34878310,39777730
34878310,17463098
34878310,16688788
34878310,18717426
34878310,19024453
34878310,9938852
34878310,19247625
34878310,185827887
34878310,16325088
34878310,42380949
34878310,15308469
34878310,14800270
34878310,8976052
34878310,14208199
34878310,12497362
34878310,16569045
34878310,16589206
34878310,18088267
34878310,21707734
34878310,16591979
34878310,114779087
34878310,87650496
34878310,232855418
34878310,25657017
34878310,21195865
34878310,71560422
34878310,4282171
34878310,127680499
34878310,112170559
34878310,16804762
34878310,21510894
34878310,7996082
34878310,788524
34878310,16632219
34878310,20712514
34878310,17413907
34878310,19024850
34878310,19910996
34878310,19019970
34878310,126664186
34878310,19402238
34878310,48390963
34878310,157981564
34878310,43913966
34878310,24636272
34878310,14677919
34878310,17544803
34878310,40252336
34878310,7152572
34878310,1434251
34878310,15633626
34878310,14159148
34878310,65493023
34878310,19674502
34878310,26083271
34878310,18764854
34878310,69712872
34878310,20843014
34878310,35779304
34878310,19663485
34878310,8170292
34878310,183201869
34878310,14502789
34878310,181939286
34878310,18949349
34878310,7587032
34878310,24797315
34878310,9459622
34878310,64153992
34878310,155659213
34878310,19526286
34878310,219804796
34878310,214125777
34878310,266712846
34878310,271028583
34878310,37350839
34878310,15184929
34878310,21783395
34878310,19391470
34878310,16664803
34878310,19911186
34878310,7109022
34878310,21492030
34878310,17884125
34878310,4898091
34878310,18949452
34878310,16303709
34878310,18678493
34878310,195101416
34878310,201371124
34878310,32218901
34878310,19854184
34878310,19265059
34878310,15030767
34878310,154803784
34878310,111578974
34878310,133797179
34878310,111065326
34878310,112757114
34878310,183164809
34878310,143078053
34878310,56498398
34878310,113622317
34878310,96957255
34878310,91116992
34878310,40255855
34878310,38648214
34878310,85879625
34878310,89677098
34878310,25320311
34878310,26503912
34878310,19963064
34878310,24027316
34878310,14758257
34878310,16854780
34878310,16451028
34878310,17693232
34878310,22904901
34878310,24241544
34878310,26276346
34878310,17163446
34878310,2043041
34878310,19264748
34878310,770759
34878310,153004670
34878310,19686295
34878310,16171953
34878310,17624543
34878310,15392221
34878310,8665572
34878310,42626527
34878310,51831438
34878310,176659323
34878310,14099719
34878310,2467791
34878310,17620834
34878310,8457092
34878310,156201765
34878310,73190286
34878310,3108351
34878310,130649891
34878310,14519038
34878310,31186289
34878310,129526198
34878310,17311493
34878310,115344796
34878310,104827420
34878310,3373791
34878310,14803701
34878310,31237480
34878310,19664869
34878310,17003056
34878310,82696023
34878310,14975487
34878310,21951033
34878310,15320240
34878310,78323166
34878310,19355919
34878310,91672823
34878310,71662112
34878310,91623867
34878310,22051769
34878310,19689047
34878310,813286
34878310,80959119
34878310,23745447
34878310,14293310
34878310,20740074
34878310,19863224
34878310,7540212
34878310,41788164
34878310,11348282
34878310,14270254
34878310,26017256
34878310,20781929
34878310,21357208
34878310,31428652
34878310,57470556
34878310,21389998
34878310,59457332
34878310,46424290
34878310,56529535
34878310,18135386
34878310,2186961
34878310,19889294
34878310,3550091
34878310,26284208
34878310,2561091
34878310,34423857
34878310,428333
34878310,17074440
