3524618175,3438556653
3524618175,33804533
3524618175,181706126
3524618175,19405367
3524618175,90052937
3524618175,141429203
3524618175,378197959
3524618175,66505112
3524618175,510877109
3524618175,141817380
3524618175,125432895
3524618175,1690412382
3524618175,3528482772
3524618175,2228548862
3524618175,58603510
3524618175,34423857
3524618175,20015311
3524618175,3305881921
3524618175,20712514
3524618175,300392950
3524618175,206547722
3524618175,3149932870
3524618175,3405803734
3524618175,15005991
3524618175,1682816456
3524618175,69358848
3524618175,20781929
3524618175,497416469
3524618175,15391813
3524618175,16632149
3524618175,407772251
3524618175,629510390
3524618175,369645502
3524618175,20809515
3524618175,20583613
3524618175,14758257
3524618175,19921389
3524618175,20843014
3524618175,24241544
3524618175,395388847
3524618175,23263743
3524618175,52471614
3524618175,521503617
3524618175,26276346
3524618175,19686295
3524618175,870164318
3524618175,19889294
3524618175,236915754
3524618175,3430852247
3524618175,16451028
3524618175,21783395
3524618175,416229997
3524618175,21111883
3524618175,245991373
3524618175,3143012469
3524618175,3571137915
3524618175,15392221
3524618175,2876035934
3524618175,1688455242
3524618175,574384394
3524618175,65151248
3524618175,17624543
3524618175,2353817136
3524618175,20545055
3524618175,334362159
3524618175,21905142
3524618175,1339585813
3524618175,17919972
3524618175,17163446
3524618175,2382586740
3524618175,14302335
3524618175,2617472754
3524618175,3432382834
3524618175,3408642977
3524618175,3369655012
3524618175,3354540329
3524618175,3164023523
3524618175,843134288
3524618175,73652284
3524618175,3349454979
3524618175,2380191342
3524618175,3425714663
3524618175,3394841356
3524618175,1516337479
3524618175,1722886544
3524618175,3431778645
3524618175,3440197457
3524618175,3385644929
3524618175,774001656
3524618175,340675146
3524618175,162200447
3524618175,21856254
3524618175,1023139638
3524618175,3431818323
3524618175,242072113
3524618175,3044738957
3524618175,1382404544
3524618175,15368897
3524618175,1117359968
3524618175,113714309
3524618175,45679318
3524618175,2814579643
3524618175,2929616362
3524618175,356334842
3524618175,31869934
3524618175,92116069
3524618175,2770400536
3524618175,7580062
3524618175,200291506
3524618175,438779579
3524618175,18730634
3524618175,10373612
3524618175,28602624
3524618175,93230391
3524618175,18679659
3524618175,83134773
3524618175,16513161
3524618175,23421880
3524618175,2255036665
3524618175,230845588
3524618175,19596687
3524618175,342599843
3524618175,2350218440
3524618175,62557485
3524618175,142730813
3524618175,1283561876
3524618175,14213711
3524618175,27115071
3524618175,1269425228
3524618175,91818503
3524618175,51658431
3524618175,46011743
3524618175,30313925
3524618175,15808765
3524618175,217160945
3524618175,740336334
3524618175,150846769
3524618175,163559269
3524618175,36152770
3524618175,34171224
3524618175,533085085
3524618175,36679967
3524618175,25100180
3524618175,170424259
3524618175,205415788
3524618175,21056862
3524618175,22178780
3524618175,133880286
3524618175,627673190
3524618175,1558141890
3524618175,423868716
3524618175,17004618
3524618175,30973
3524618175,92367751
3524618175,74518740
3524618175,20416406
3524618175,50393960
3524618175,95023423
3524618175,344634424
3524618175,23375688
3524618175,16727535
3524618175,236699098
3524618175,198975780
3524618175,1330457336
3524618175,42384760
3524618175,248900032
3524618175,19426551
3524618175,18676177
3524618175,428333
3524618175,25521487
3524618175,16812787
3524618175,1059194370
3524618175,1339835893
3524618175,35936474
3524618175,90420314
3524618175,20346956
3524618175,15635604
3524618175,17595890
3524618175,303862998
3524618175,33995409
3524618175,34507480
3524618175,23617610
3524618175,16951979
3524618175,14677919
3524618175,268414482
3524618175,259925559
3524618175,32959253
3524618175,16303106
3524618175,51241574
3524618175,53853197
3524618175,23151437
3524618175,5520952
3524618175,759251
3524618175,157140968
3524618175,16212685
3524618175,25319414
3524618175,50374439
3524618175,26053643
3524618175,1652541
3524618175,17461978
3524618175,185314895
3524618175,3108351
3524618175,19058681
3524618175,14920785
3524618175,5402612
3524618175,11026952
3524618175,487118986
3524618175,19663485
3524618175,3373791
3524618175,19923144
3524618175,19397785
3524618175,19373710
3524618175,43394391
3524618175,18219976
3524618175,18228898
3524618175,14583400
3524618175,48332360
3524618175,23690344
3524618175,19264748
3524618175,813286
3524618175,82602399
3524618175,14679798
3524618175,20322929
3524618175,48410093
3524618175,338084918
3524618175,35693211
3524618175,932429090
3524618175,121167080
3524618175,224223563
3524618175,23083404
3524618175,807095
3524618175,183387449
3524618175,25535042
3524618175,44084633
3524618175,115485051
3524618175,21447363
3524618175,207923746
3524618175,29797128
3524618175,19904728
3524618175,96951800
3524618175,169686021
3524618175,79293791
3524618175,43869790
3524618175,43023158
3524618175,21389998
3524618175,26565946
3524618175,2557521
3524618175,142448465
3524618175,14502789
3524618175,36008570
3524618175,15846407
3524618175,16632219
3524618175,60865434
3524618175,35094637
3524618175,26257166
3524618175,116362700
3524618175,21309551
3524618175,30364057
3524618175,16171953
3524618175,46452468
3524618175,142204481
3524618175,343627165
3524618175,24886570
3524618175,94081671
3524618175,10228272
3524618175,136140018
3524618175,25365536
3524618175,85452649
3524618175,19247625
3524618175,56482694
3524618175,28897926
3524618175,40908929
3524618175,49573859
3524618175,7428362
3524618175,65473559
3524618175,158487331
3524618175,17884125
3524618175,27195114
3524618175,14872237
3524618175,85603854
3524618175,24966423
3524618175,29479000
3524618175,90836187
3524618175,15088915
3524618175,108192542
3524618175,344801362
3524618175,2351546078
3524618175,15485441
3524618175,69610339
3524618175,18944007
3524618175,17711659
3524618175,50751556
3524618175,41878061
3524618175,49781518
3524618175,22827600
3524618175,5511
3524618175,19394887
3524618175,216566780
3524618175,8665572
3524618175,138220302
3524618175,14230524
3524618175,19814175
3524618175,19186180
3524618175,14842285
3524618175,22903765
3524618175,21390437
3524618175,8665852
3524618175,2561091
3524618175,15683146
3524618175,31125209
3524618175,21182676
3524618175,40019154
3524618175,19490380
3524618175,18730195
3524618175,124139163
3524618175,19867777
3524618175,25319819
3524618175,19564523
3524618175,27260086
3524618175,17311493
3524618175,155659213
3524618175,18049879
3524618175,19903099
3524618175,24915307
3524618175,783214
3524618175,15823676
3524618175,54226675
3524618175,85908999
3524618175,14684733
