352980658,300793816
352980658,18510860
352980658,18599223
352980658,376761934
352980658,20451618
352980658,259352661
352980658,819089256
352980658,463244157
352980658,15298000
352980658,21180750
352980658,25122127
352980658,4524136761
352980658,2397043430
352980658,2785471041
352980658,4026222556
352980658,16696924
352980658,28402595
352980658,83732015
352980658,64398526
352980658,377293152
352980658,272418381
352980658,15903326
352980658,392199690
352980658,82626630
352980658,80288927
352980658,1536791610
352980658,14266598
352980658,21786618
352980658,54172831
352980658,50299638
352980658,16698884
352980658,254470900
352980658,242034565
352980658,182029972
352980658,2660591044
352980658,1200181471
352980658,20536910
352980658,318478792
352980658,177342424
352980658,569166756
352980658,455836497
352980658,15164565
352980658,20224969
352980658,2305007372
352980658,8953122
352980658,1662057727
352980658,9824472
352980658,202358562
352980658,3906310100
352980658,191102437
352980658,28364148
352980658,21661321
352980658,2823694738
352980658,297054844
352980658,240631769
352980658,47839461
352980658,21941508
352980658,5876652
352980658,14247715
352980658,14824990
352980658,30313925
352980658,429347690
352980658,2941488004
352980658,42628622
352980658,2821324691
352980658,2419290031
352980658,20817804
352980658,15243812
352980658,266028701
352980658,136266976
352980658,2444534352
352980658,3684174915
352980658,117926715
352980658,4265444913
352980658,66713445
352980658,4257979872
352980658,2344913904
352980658,2732424394
352980658,534862430
352980658,1947301
352980658,70529694
352980658,52996579
352980658,1547792442
352980658,1052435833
352980658,214896834
352980658,2367454717
352980658,2742241352
352980658,198516419
352980658,145969179
352980658,251290516
352980658,278458079
352980658,422201967
352980658,15280016
352980658,162000598
352980658,954355693
352980658,256422922
352980658,925787479
352980658,3354717106
352980658,310342913
352980658,514959326
352980658,4100473337
352980658,21385327
352980658,205622130
352980658,255471924
352980658,4105139182
352980658,101480658
352980658,49304503
352980658,14677919
352980658,301472434
352980658,3972342441
352980658,281984152
352980658,64643056
352980658,19811190
352980658,142321234
352980658,69255422
352980658,584793255
352980658,393935423
352980658,814549429
352980658,83533869
352980658,31133330
352980658,1082532169
352980658,317147065
352980658,7135912
352980658,320767676
352980658,1429819598
352980658,36332848
352980658,2284066573
352980658,1423824241
352980658,53112612
352980658,47030292
352980658,5875022
352980658,8665852
352980658,2273283384
352980658,15750214
352980658,52373515
352980658,255714620
352980658,3393618425
352980658,193663915
352980658,2843957924
352980658,364761686
352980658,2459752261
352980658,94549979
352980658,19524267
352980658,23248102
352980658,260170073
352980658,90275200
352980658,3617944642
352980658,2253271502
352980658,2884771
352980658,2289930074
352980658,297688038
352980658,2977669811
352980658,19186257
352980658,935056812
352980658,301121693
352980658,244218738
352980658,1330457336
352980658,158414847
352980658,16303106
352980658,1069007455
352980658,7157292
352980658,2916305152
352980658,90725961
352980658,13426312
352980658,3395436645
352980658,1471778347
352980658,151085945
352980658,253050797
352980658,1216645705
352980658,25160944
352980658,522397107
352980658,2377182864
352980658,3303777137
352980658,3332299221
352980658,2453622590
352980658,946365666
352980658,27889439
352980658,117810351
352980658,301717082
352980658,108353811
352980658,330264502
352980658,215969674
352980658,1668240782
352980658,507365983
352980658,46869996
352980658,434158517
352980658,3240319751
352980658,96134558
352980658,3631685355
352980658,314628116
352980658,35720899
352980658,110703138
352980658,3253125358
352980658,3193944696
352980658,3141672447
352980658,1883128428
352980658,209176493
352980658,65045121
352980658,37960642
352980658,236777835
352980658,30861801
352980658,309311510
352980658,3323837610
352980658,887058589
352980658,2396940598
352980658,2456602898
352980658,3437188073
352980658,3567883223
352980658,1562958930
352980658,2904946467
352980658,3524862255
352980658,3437739287
352980658,3534201983
352980658,3234651277
352980658,15230159
352980658,41078571
352980658,17389650
352980658,111593507
352980658,301523650
352980658,3362926085
352980658,3646147708
352980658,3568834701
352980658,895918490
352980658,816102122
352980658,19512908
352980658,77234984
352980658,2771132705
352980658,123381234
352980658,905920560
352980658,553453768
352980658,40807205
352980658,321974987
352980658,275686563
352980658,459269265
352980658,2204263431
352980658,535244030
352980658,61249886
352980658,2215885806
352980658,27108333
352980658,81204976
352980658,379481082
352980658,1285392511
352980658,198321619
352980658,373909732
352980658,56107736
352980658,12588712
352980658,319268829
352980658,1050353628
352980658,14569869
352980658,26724383
352980658,379851590
352980658,3532837343
352980658,65431547
352980658,185950158
352980658,2299875572
352980658,3375977103
352980658,1493355812
352980658,32671625
352980658,576985387
352980658,26044503
352980658,535529575
352980658,3063559103
352980658,2997951100
352980658,870020082
352980658,16788909
352980658,49275682
352980658,3216389860
352980658,2894705032
352980658,2277351998
352980658,13695112
352980658,2561091
352980658,22007357
352980658,92710220
352980658,2218656780
352980658,3247688261
352980658,2882872301
352980658,77540359
352980658,100731315
352980658,577248680
352980658,3350499333
352980658,52732962
352980658,2995043285
352980658,12975572
352980658,245320407
352980658,156602721
352980658,148872468
352980658,16026138
352980658,19454998
352980658,1241258612
352980658,2969760609
352980658,86301869
352980658,270850017
352980658,24006034
352980658,1978429680
352980658,574439619
352980658,474976283
352980658,60619687
352980658,269499400
352980658,99975650
352980658,14371600
352980658,1536545978
352980658,72249190
352980658,279591790
352980658,2859284855
352980658,62831092
352980658,2166975168
352980658,254060592
352980658,3368033855
352980658,55623720
352980658,102851233
352980658,19487140
352980658,293057854
352980658,191929957
352980658,30245029
352980658,257520816
352980658,196925561
352980658,28819793
352980658,65801609
352980658,248805950
352980658,17150156
352980658,117201486
352980658,110202049
352980658,113437820
352980658,44126993
352980658,33325867
352980658,20329672
352980658,47636400
352980658,508429301
352980658,3045062896
352980658,2725764036
352980658,256620919
352980658,482389606
352980658,2461715238
352980658,26465682
352980658,1052616420
352980658,324417428
352980658,59109416
352980658,44196397
352980658,13298072
352980658,66643970
352980658,17336372
352980658,25391538
352980658,203123092
352980658,225796025
352980658,202529421
352980658,398973444
352980658,634688151
352980658,195102332
352980658,15761173
352980658,3130635885
352980658,128837757
352980658,239869052
352980658,17508660
352980658,491343921
352980658,1965457579
352980658,3142075631
352980658,602626619
352980658,2576843738
352980658,3398974391
352980658,1513542372
352980658,3307929149
352980658,19766517
352980658,2288632549
352980658,164304654
352980658,25913058
352980658,1633570850
352980658,108670198
352980658,281412568
352980658,20421862
352980658,241841245
352980658,31812497
352980658,34257654
352980658,204747642
352980658,2359475888
352980658,29424309
352980658,215274668
352980658,980905224
352980658,36970167
352980658,2473770014
352980658,2361717660
352980658,9655032
352980658,580000094
352980658,25390350
352980658,67682384
352980658,92081348
352980658,394842789
352980658,81394072
352980658,211156251
352980658,587193046
352980658,289913335
352980658,27951819
352980658,196706811
352980658,2383088793
352980658,16596200
352980658,3342596050
352980658,23053980
352980658,8719302
352980658,76237140
352980658,80024060
352980658,14746456
352980658,3202311
352980658,3044661081
352980658,264095328
352980658,29968426
352980658,211315999
352980658,117777690
352980658,456926886
352980658,17446298
352980658,1316957329
352980658,626612446
352980658,43083763
352980658,297351336
352980658,579060573
352980658,402048293
352980658,63670539
352980658,557575116
352980658,84351228
352980658,511882767
352980658,2756226480
352980658,322670538
352980658,2717109279
352980658,322984527
352980658,14445094
352980658,2839817063
352980658,16176754
352980658,14493047
352980658,19179390
352980658,19865201
352980658,533082734
352980658,249601317
352980658,136333369
352980658,948552829
352980658,18912392
352980658,418567354
352980658,319677725
352980658,3326733263
352980658,1300716044
352980658,36032320
352980658,2912650827
352980658,3243500510
352980658,95368728
352980658,398359939
352980658,980014410
352980658,838753242
352980658,51506610
352980658,599481521
352980658,856330826
352980658,461467633
352980658,17793878
352980658,851544146
352980658,2301638324
352980658,19906615
352980658,222302296
352980658,31875085
352980658,20508973
352980658,435768975
352980658,18957407
352980658,19472578
352980658,14333754
352980658,21406149
352980658,3309190390
352980658,335994758
352980658,496533982
352980658,33666799
352980658,404358965
352980658,64993777
352980658,101002059
352980658,30331417
352980658,192179675
352980658,39849400
352980658,68359798
352980658,409119883
352980658,2919658089
352980658,2545680444
352980658,20752106
352980658,22495024
352980658,26763420
352980658,2975032769
352980658,154839581
352980658,24397949
352980658,50619513
352980658,515926673
352980658,2954017775
352980658,435854067
352980658,913447502
352980658,789462536
352980658,1854555696
352980658,194399035
352980658,1392420648
352980658,2799954431
352980658,1693797492
352980658,859525963
352980658,3002831601
352980658,796261392
352980658,3342839715
352980658,510535152
352980658,360285166
352980658,1012081921
352980658,589374602
352980658,553395787
352980658,59460397
352980658,14385336
352980658,80802900
352980658,55218051
352980658,129166436
352980658,3347372667
352980658,194207046
352980658,2986982733
352980658,57330612
352980658,14814402
352980658,610782313
352980658,583869504
352980658,861269502
352980658,14176144
352980658,2322374534
352980658,154588112
352980658,158044902
352980658,29442313
352980658,216776631
352980658,3233862776
352980658,15823722
352980658,1242525277
352980658,63246821
352980658,1515796184
352980658,31696434
352980658,82898546
352980658,2269081009
352980658,21287514
352980658,22142658
352980658,24178198
352980658,111054843
352980658,224630872
352980658,377925526
352980658,573861390
352980658,892779458
352980658,2320519958
352980658,2596171296
352980658,44638528
352980658,64994645
352980658,73468394
352980658,93612750
352980658,560467206
352980658,591715451
352980658,600984834
352980658,1065899292
352980658,1294725486
352980658,743724264
352980658,1225229076
352980658,1294551798
352980658,15686106
352980658,18866407
352980658,45462231
352980658,48109988
352980658,122405716
352980658,151173601
352980658,170701330
352980658,225423410
352980658,851426912
352980658,346026834
352980658,19658379
352980658,601887686
352980658,20781527
352980658,16264803
352980658,146816929
352980658,993560582
352980658,2739596257
352980658,55601441
352980658,590329050
352980658,3175367176
352980658,2223348834
352980658,1610863909
352980658,46671396
352980658,2425829827
352980658,102095809
352980658,866425075
352980658,1285400528
352980658,116999436
352980658,2319411390
352980658,206158727
352980658,321618284
352980658,11904592
352980658,292344846
352980658,86277392
352980658,500769793
352980658,1196705881
352980658,2977831959
352980658,2561586612
352980658,14224719
352980658,53159149
352980658,500704345
352980658,2329066872
352980658,19499152
352980658,16973333
352980658,29031844
352980658,187565729
352980658,3008766935
352980658,22628924
352980658,1510021603
352980658,26217276
352980658,346651760
352980658,300484093
352980658,3062340244
352980658,48398065
352980658,43872301
352980658,896382234
352980658,20507534
352980658,16926132
352980658,33388399
352980658,46090688
352980658,2163438643
352980658,385353221
352980658,2553151
352980658,1165368402
352980658,478823140
352980658,581872947
352980658,51806144
352980658,869507689
352980658,369384330
352980658,2283835609
352980658,18000215
352980658,253536357
352980658,334895748
352980658,72296404
352980658,3065993938
352980658,944503182
352980658,2729061
352980658,2292690300
352980658,2592803186
352980658,172884537
352980658,14461608
352980658,2994403054
352980658,1450895785
352980658,15784302
352980658,410691877
352980658,1732380794
352980658,2575748063
352980658,29338549
352980658,2758567347
352980658,2902258067
352980658,817643168
352980658,316329933
352980658,336074092
352980658,154143068
352980658,173705316
352980658,116896889
352980658,126504454
352980658,356331476
352980658,964124953
352980658,17544850
352980658,15206518
352980658,22424645
352980658,2807796789
352980658,255461727
352980658,283706081
352980658,36364025
352980658,55355654
352980658,2813647608
352980658,194607361
352980658,17138110
352980658,2325491827
352980658,305514503
352980658,110403389
352980658,22954354
352980658,379715495
352980658,74997243
352980658,35726000
352980658,101895924
352980658,209780362
352980658,127350732
352980658,40970873
352980658,257461232
352980658,332264734
352980658,426403057
352980658,619070683
352980658,2881372887
352980658,329686497
352980658,18556155
352980658,3107948588
352980658,193480248
352980658,2985341332
352980658,285139922
352980658,147665227
352980658,2973664948
352980658,2371789428
352980658,2909614617
352980658,221406410
352980658,2570488163
352980658,301590741
352980658,248179184
352980658,30651619
352980658,3084704992
352980658,2845710364
352980658,2858639967
352980658,387077508
352980658,82430950
352980658,2510138755
352980658,266215308
352980658,311601642
352980658,296912924
352980658,14824411
352980658,60913670
352980658,215707523
352980658,316276940
352980658,197492504
352980658,168049617
352980658,77963355
352980658,17676713
352980658,95856748
352980658,2358042205
352980658,19667156
352980658,135658054
352980658,1507246890
352980658,2967547407
352980658,2437112695
352980658,21325138
352980658,106835491
352980658,20741469
352980658,784574954
352980658,3091376321
352980658,2803595268
352980658,26462022
352980658,14068231
352980658,450577566
352980658,131312136
352980658,51103685
352980658,481128058
352980658,1153507362
352980658,2466334952
352980658,135193725
352980658,17596622
352980658,15862891
352980658,1582853809
352980658,788524
352980658,2806247395
352980658,15516077
352980658,14700783
352980658,109038925
352980658,27998217
352980658,20454727
352980658,634618073
352980658,68920005
352980658,124690469
352980658,25059149
352980658,52041922
352980658,287568380
352980658,17248121
352980658,148819696
352980658,36924745
352980658,338889569
352980658,348010835
352980658,16935292
352980658,1963312058
352980658,53509023
352980658,7215512
352980658,23455553
352980658,231352195
352980658,240161502
352980658,104298598
352980658,297963914
352980658,16579721
352980658,143484553
352980658,88398197
352980658,158389124
352980658,707013925
352980658,334558402
352980658,475853322
352980658,2369959501
352980658,58050316
352980658,1079105412
352980658,37434345
352980658,24521257
352980658,147285556
352980658,27405083
352980658,1019854628
352980658,86159348
352980658,128637475
352980658,21043853
352980658,24981465
352980658,933838590
352980658,1261568838
352980658,246941871
352980658,3003273563
352980658,27978179
352980658,263083479
352980658,192856484
352980658,168560244
352980658,47903153
352980658,278347014
352980658,14784765
352980658,20986770
352980658,181998111
352980658,170254080
352980658,43096952
352980658,62754558
352980658,50446226
352980658,192877061
352980658,1212310728
352980658,40000473
352980658,62634973
352980658,833985571
352980658,2542945434
352980658,373653816
352980658,87993705
352980658,2927077686
352980658,2880058773
352980658,2924467497
352980658,145556011
352980658,88031840
352980658,56063795
352980658,234522082
352980658,733489248
352980658,625799912
352980658,2317134246
352980658,401576108
352980658,24040647
352980658,501663381
352980658,302142785
352980658,14613514
352980658,23240238
352980658,355696940
352980658,11695472
352980658,18983473
352980658,100470168
352980658,23839835
352980658,131618749
352980658,123838365
352980658,567194453
352980658,2292454922
352980658,356092267
352980658,3197921
352980658,197396131
352980658,532293856
352980658,2362990682
352980658,197732726
352980658,40212279
352980658,23085695
352980658,19488465
352980658,314004460
352980658,71000118
352980658,5226191
352980658,16011049
352980658,85321516
352980658,19348553
352980658,73134122
352980658,53901125
352980658,45621155
352980658,2262280113
352980658,34262462
352980658,36633613
352980658,296005306
352980658,68511500
352980658,831846590
352980658,38029388
352980658,562675766
352980658,221513227
352980658,437349362
352980658,56338999
352980658,215995604
352980658,81544434
352980658,110680490
352980658,16589206
352980658,56693043
352980658,39499976
352980658,2288755912
352980658,811061004
352980658,1339835893
352980658,813286
352980658,44097991
352980658,33256849
352980658,20479813
352980658,1148468052
352980658,115449038
352980658,72846479
352980658,250386727
352980658,1017637447
352980658,246939630
352980658,192830452
352980658,77600247
352980658,334602996
352980658,39490506
352980658,312871168
352980658,25555639
352980658,158342368
352980658,2288138575
352980658,47436725
352980658,21209555
352980658,102094084
352980658,1096820262
352980658,42693053
352980658,1252764865
352980658,86761616
352980658,138814032
352980658,733138050
352980658,86967475
352980658,14717887
352980658,16009851
352980658,207506515
352980658,430610330
352980658,24184892
352980658,223252949
352980658,546683248
352980658,190569587
352980658,919760365
352980658,53750863
352980658,1476778903
352980658,21392844
352980658,75783526
352980658,431503846
352980658,15520241
352980658,16557497
352980658,19070229
352980658,20226248
352980658,39463907
352980658,319675272
352980658,2837971145
352980658,2755262083
352980658,33172351
352980658,2656949971
352980658,304342650
352980658,199212115
352980658,234343491
352980658,189376144
352980658,222929165
352980658,2413219236
352980658,53029114
352980658,80820758
352980658,32409886
352980658,35022597
352980658,23761908
352980658,96090970
352980658,104857771
352980658,1735548000
352980658,84944278
352980658,1050112064
352980658,16076032
352980658,17233550
352980658,2613612890
352980658,2669131375
352980658,225931327
352980658,194936349
352980658,21404382
352980658,139407967
352980658,293522998
352980658,23060314
352980658,19617886
352980658,54523173
352980658,1885742125
352980658,21288014
352980658,18834002
352980658,2594642870
352980658,1683845126
352980658,243586130
352980658,35142791
352980658,26472681
352980658,626585313
352980658,532669620
352980658,2439836677
352980658,1182878557
352980658,617136734
352980658,38444282
352980658,843169339
352980658,186530363
352980658,46911207
352980658,1198728272
352980658,18915773
352980658,2447738125
352980658,544317327
352980658,978328830
352980658,597460324
352980658,1585000212
352980658,87281380
352980658,19391273
352980658,226477705
352980658,2237821111
352980658,748851762
352980658,47350606
352980658,1045288308
352980658,24671422
352980658,714377949
352980658,38666823
352980658,89141918
352980658,266524901
352980658,60838833
352980658,776684886
352980658,143391391
352980658,74951679
352980658,849012308
352980658,28066013
352980658,47375691
352980658,1421571306
352980658,936486542
352980658,888289790
352980658,196330258
352980658,18933321
352980658,44101578
