3578925015,3957442947
3578925015,125995973
3578925015,9300262
3578925015,1227104120
3578925015,1227578250
3578925015,1227524245
3578925015,1227160704
3578925015,962085350
3578925015,83795099
3578925015,20226248
3578925015,2850290531
3578925015,258269139
3578925015,850713475
3578925015,2872161425
3578925015,2180126766
3578925015,494830380
3578925015,1291095482
3578925015,410070653
3578925015,32429400
3578925015,3063825971
3578925015,161307853
3578925015,2338213146
3578925015,2964489641
3578925015,191852684
3578925015,621881413
3578925015,795521690
3578925015,20770862
3578925015,1192644307
3578925015,45205091
3578925015,3345286335
3578925015,1454659927
3578925015,18904582
3578925015,370043491
3578925015,280976134
3578925015,16297777
3578925015,14569308
3578925015,16600393
3578925015,17780822
3578925015,19541556
3578925015,21786064
3578925015,40250353
3578925015,66691158
3578925015,76887333
3578925015,113583713
3578925015,117761523
3578925015,143828745
3578925015,149299258
3578925015,217749896
3578925015,218804015
3578925015,270839361
3578925015,270898732
3578925015,303885267
3578925015,327249605
3578925015,379645871
3578925015,441101681
3578925015,491722490
3578925015,507742851
3578925015,626653053
3578925015,862795896
3578925015,1875717132
3578925015,2343845391
3578925015,2348739600
3578925015,3072156455
3578925015,28114871
3578925015,317650146
3578925015,412303032
3578925015,1109452214
3578925015,1566383408
3578925015,1513718124
3578925015,567272864
3578925015,2421073909
3578925015,20399735
3578925015,257415817
3578925015,2650351980
3578925015,23746425
3578925015,304876789
3578925015,19206899
3578925015,48507794
3578925015,54988878
3578925015,92233525
3578925015,104496909
3578925015,98330202
3578925015,104777237
3578925015,185976655
3578925015,198432070
3578925015,385358076
3578925015,578240398
3578925015,627200944
3578925015,714000438
3578925015,866252216
3578925015,2979616235
3578925015,1510780328
3578925015,1870872692
3578925015,2223619951
3578925015,2419290031
3578925015,2449371920
3578925015,2466169957
3578925015,2470710932
3578925015,2574335359
3578925015,2843868553
3578925015,2893380749
3578925015,16826367
3578925015,17448796
3578925015,17576181
3578925015,18901336
3578925015,19422447
3578925015,19864682
3578925015,20610385
3578925015,21440665
3578925015,22004795
3578925015,23318055
3578925015,24909190
3578925015,25555639
3578925015,25980581
3578925015,28773799
3578925015,33885460
3578925015,34423857
3578925015,34578176
3578925015,34585384
3578925015,36347303
3578925015,37956819
3578925015,38171370
3578925015,44019567
3578925015,48339953
3578925015,52009223
3578925015,53944421
3578925015,55207471
3578925015,72277900
3578925015,86719842
3578925015,89431845
3578925015,90014101
3578925015,93255334
3578925015,99914275
3578925015,106231214
3578925015,108882900
3578925015,113915931
3578925015,114778403
3578925015,142690511
3578925015,142395887
3578925015,146101077
3578925015,162023981
3578925015,165480860
3578925015,171153229
3578925015,190955270
3578925015,193258521
3578925015,195681218
3578925015,230849793
3578925015,304928772
3578925015,339846503
3578925015,356190403
3578925015,351009963
3578925015,356787601
3578925015,379325675
3578925015,381540723
3578925015,381969506
3578925015,391945446
3578925015,393327544
3578925015,413839619
3578925015,435714725
3578925015,454821447
3578925015,472043689
3578925015,509288627
3578925015,510693528
3578925015,529247064
3578925015,533082734
3578925015,599491010
3578925015,601773356
3578925015,813738259
3578925015,886420428
3578925015,948552829
3578925015,992741821
3578925015,1030730444
3578925015,1108382916
3578925015,1225229076
3578925015,1379066754
3578925015,1306932638
3578925015,1492759764
3578925015,2326499672
3578925015,2223841798
3578925015,2229015027
3578925015,2317789460
3578925015,2341068978
3578925015,2369520374
3578925015,2373681362
3578925015,2394252247
3578925015,2443718293
3578925015,2460011960
3578925015,2482719410
3578925015,2510731297
3578925015,2596021254
3578925015,11911322
3578925015,14691032
3578925015,14861745
3578925015,17131762
3578925015,18721034
3578925015,21195865
3578925015,25868679
3578925015,18873086
3578925015,28123362
3578925015,29180679
3578925015,42372786
3578925015,68964628
3578925015,84353216
3578925015,88928275
3578925015,89286622
3578925015,119434647
3578925015,120109196
3578925015,121171051
3578925015,144238332
3578925015,156729839
3578925015,190383639
3578925015,199606998
3578925015,222400131
3578925015,284067858
3578925015,296139716
3578925015,326111493
3578925015,404894090
3578925015,404836757
3578925015,420475423
3578925015,472412809
3578925015,535452316
3578925015,562091221
3578925015,829032654
3578925015,843244314
3578925015,1249486668
3578925015,1011412910
3578925015,1249695476
3578925015,1274709210
3578925015,1356343460
3578925015,1560926802
3578925015,2239134758
3578925015,1734717882
3578925015,2293287188
3578925015,2370090686
3578925015,2472445567
3578925015,2606242467
3578925015,2645325126
3578925015,2656533409
3578925015,2780234221
3578925015,2884017652
3578925015,2886726611
3578925015,19763668
3578925015,28640933
3578925015,30202381
3578925015,31099936
3578925015,33248043
3578925015,42072558
3578925015,45360352
3578925015,42590805
3578925015,55031092
3578925015,81384790
3578925015,104782747
3578925015,144483627
3578925015,177179008
3578925015,192231325
3578925015,211175054
3578925015,306115656
3578925015,454779231
3578925015,740424272
3578925015,819843415
3578925015,826743260
3578925015,829060856
3578925015,1294551798
3578925015,1300328653
3578925015,1374924439
3578925015,1428138349
3578925015,1585889305
3578925015,2350848886
3578925015,2368809120
3578925015,2578600004
3578925015,2801885037
3578925015,7197752
3578925015,19232649
3578925015,28565356
3578925015,377976301
3578925015,460163041
3578925015,460966881
3578925015,869894239
3578925015,1011129121
3578925015,2438273430
3578925015,2803587655
3578925015,1197967508
3578925015,1218272659
3578925015,14460250
3578925015,272019676
3578925015,17469492
3578925015,21114659
3578925015,26792275
3578925015,5988062
3578925015,217752780
3578925015,18949452
3578925015,59736898
3578925015,104277809
3578925015,38146999
3578925015,59486068
3578925015,148517828
3578925015,515838635
3578925015,164263382
3578925015,5120691
3578925015,92263845
3578925015,33933259
3578925015,20646711
3578925015,14499829
3578925015,102700680
3578925015,20596281
3578925015,25390350
3578925015,169963553
3578925015,14159148
3578925015,27860681
3578925015,304909941
3578925015,83466368
3578925015,112644059
3578925015,2848258102
3578925015,22627258
3578925015,91109236
3578925015,115102341
3578925015,20840441
3578925015,81119708
3578925015,14808226
3578925015,24150634
3578925015,50591603
3578925015,206717989
3578925015,93687642
3578925015,81838067
3578925015,53347647
3578925015,17675072
3578925015,21100803
3578925015,19287037
3578925015,18022037
3578925015,42378378
3578925015,47350606
3578925015,856010760
3578925015,183622298
3578925015,1391776140
3578925015,150557711
3578925015,19590009
3578925015,109241118
3578925015,45542386
3578925015,951326846
3578925015,400053935
3578925015,951348098
3578925015,409655680
3578925015,2231793774
3578925015,375146901
3578925015,496278040
3578925015,199196447
3578925015,14353202
3578925015,2653613168
3578925015,169426475
3578925015,111554274
3578925015,2969760609
3578925015,2974736693
3578925015,4898091
3578925015,294028805
3578925015,161243998
3578925015,233978509
3578925015,121171958
3578925015,19227096
3578925015,525258967
3578925015,239767060
3578925015,108631068
3578925015,44411598
3578925015,36349838
3578925015,19003991
3578925015,3306601618
3578925015,2890528054
3578925015,2519065502
3578925015,3011889243
3578925015,2804154672
3578925015,198618575
3578925015,141137711
3578925015,43317911
3578925015,80803819
3578925015,196994616
3578925015,36329597
3578925015,217616314
3578925015,157981564
3578925015,194119186
