3601215736,20255778
3601215736,4527218896
3601215736,14395119
3601215736,4218227080
3601215736,1672442221
3601215736,3044069169
3601215736,4188708107
3601215736,4806143963
3601215736,15143478
3601215736,2188070546
3601215736,3007647022
3601215736,3368182239
3601215736,4566745834
3601215736,204832963
3601215736,274556710
3601215736,27217541
3601215736,4443247393
3601215736,4728447294
3601215736,1586630516
3601215736,2418832695
3601215736,59425003
3601215736,4260221596
3601215736,240367997
3601215736,298360697
3601215736,2165607039
3601215736,475311020
3601215736,66359307
3601215736,787950086
3601215736,296511906
3601215736,318016001
3601215736,23837271
3601215736,18803751
3601215736,19179687
3601215736,2269794077
3601215736,1598558840
3601215736,3311194702
3601215736,580857186
3601215736,2193009746
3601215736,4696792117
3601215736,4265323413
3601215736,2486841155
3601215736,537186173
3601215736,319847011
3601215736,4692781514
3601215736,216739115
3601215736,357546039
3601215736,159412087
3601215736,3529310953
3601215736,844766941
3601215736,3062291199
3601215736,3505441818
3601215736,2812936934
3601215736,19713622
3601215736,428333
3601215736,2430564295
3601215736,39152236
3601215736,150970628
3601215736,21492030
3601215736,73593143
3601215736,712373784
3601215736,149760844
3601215736,4404355996
3601215736,1582853809
3601215736,19415798
3601215736,20717438
3601215736,4107956653
3601215736,23455730
3601215736,2960600541
3601215736,1023139638
3601215736,3092443319
3601215736,117110737
3601215736,4138211777
3601215736,3700795101
3601215736,2835594983
3601215736,4193843531
3601215736,18847920
3601215736,19136302
3601215736,3089305179
3601215736,1023072078
3601215736,1252917283
3601215736,1960825746
3601215736,17397658
3601215736,1362132925
3601215736,167399649
3601215736,762072931
3601215736,17626165
3601215736,2155473568
3601215736,1600989234
3601215736,3483917657
3601215736,15715020
3601215736,2435310141
3601215736,1439461058
3601215736,2790802182
3601215736,1610926519
3601215736,3472067174
3601215736,3092194948
3601215736,1062558625
3601215736,20301010
3601215736,3731710032
3601215736,1643909461
3601215736,1495782590
3601215736,4104208857
3601215736,15095537
3601215736,15030767
3601215736,2825993232
3601215736,14176375
3601215736,272358339
3601215736,1483934881
3601215736,18604681
3601215736,489900556
3601215736,16171953
3601215736,884085229
3601215736,46617756
3601215736,327672977
3601215736,82054005
3601215736,109200441
3601215736,378617579
3601215736,3497119758
3601215736,2315654938
3601215736,3001318950
3601215736,4012447155
3601215736,3871751002
3601215736,16951979
3601215736,22695694
3601215736,2310116088
3601215736,2539906562
3601215736,54078222
3601215736,19686295
3601215736,1662057727
3601215736,986878273
3601215736,18600155
3601215736,54015652
3601215736,19265059
3601215736,19674338
3601215736,1570503642
3601215736,19875072
3601215736,3044738957
3601215736,331707065
3601215736,2159593981
3601215736,583108053
3601215736,86799800
3601215736,1142859176
3601215736,70349639
3601215736,19397942
3601215736,197927483
3601215736,156651229
3601215736,14183379
3601215736,232855418
3601215736,32153363
3601215736,187485390
3601215736,92595646
3601215736,113714309
3601215736,15951863
3601215736,21112266
3601215736,38400294
3601215736,2097571
3601215736,53217199
3601215736,1483024080
3601215736,23011527
3601215736,751067940
3601215736,21648020
3601215736,61037301
3601215736,771383605
3601215736,3395514262
3601215736,311606579
3601215736,1265139596
3601215736,29214466
3601215736,2301763806
3601215736,608167078
3601215736,15392221
3601215736,2425909236
3601215736,21138477
3601215736,19472578
3601215736,123754656
3601215736,3376281958
3601215736,124690469
3601215736,19247625
3601215736,16973333
3601215736,14746456
3601215736,1615685677
3601215736,7587032
3601215736,25535042
3601215736,742143
3601215736,7996082
