360569836,3313777485
360569836,242414253
360569836,860081796
360569836,4568419641
360569836,4777867415
360569836,4746306335
360569836,11611502
360569836,283146215
360569836,3039216040
360569836,3428571893
360569836,4691845765
360569836,306718837
360569836,4560501749
360569836,3012498695
360569836,3620077936
360569836,108900593
360569836,28787001
360569836,91810655
360569836,216065366
360569836,4428474316
360569836,4151853508
360569836,857727296
360569836,4218532125
360569836,742993460
360569836,2884588893
360569836,54657302
360569836,3128873051
360569836,369429953
360569836,340196780
360569836,629143699
360569836,329027879
360569836,174677778
360569836,14758529
360569836,122678355
360569836,404074261
360569836,4103660128
360569836,3377960529
360569836,2719841378
360569836,272009486
360569836,2492813413
360569836,74424678
360569836,2802031736
360569836,269708819
360569836,239469819
360569836,3941217616
360569836,2441831348
360569836,3963101903
360569836,171758508
360569836,2788214694
360569836,3395436645
360569836,3087068219
360569836,1112286660
360569836,923751175
360569836,253050797
360569836,154139611
360569836,2872765072
360569836,939944016
360569836,2898865108
360569836,2834295149
360569836,2882944689
360569836,361824968
360569836,295748718
360569836,2198600851
360569836,247033717
360569836,248603042
360569836,3520704617
360569836,3384781606
360569836,1143821
360569836,3409011238
360569836,144944068
360569836,246232712
360569836,3404480765
360569836,1319390838
360569836,42585353
360569836,1213854468
360569836,275208502
360569836,3405897334
360569836,530008476
360569836,3397236209
360569836,14404532
360569836,401269857
360569836,408481052
360569836,215444762
360569836,3331738193
360569836,858842880
360569836,213824084
360569836,961084783
360569836,2214674432
360569836,3377122013
360569836,20794967
360569836,2233074529
360569836,265962961
360569836,133976220
360569836,1612967245
360569836,2933758060
360569836,3047490527
360569836,3362559203
360569836,1139210407
360569836,2979916402
360569836,3314660026
360569836,1114568586
360569836,3238907939
360569836,3077660152
360569836,85192335
360569836,579916151
360569836,282058309
360569836,183661695
360569836,1243315698
360569836,39483072
360569836,2259091700
360569836,2304413602
360569836,2910853983
360569836,371472105
360569836,156562438
360569836,66655276
360569836,279243796
360569836,261718484
360569836,2304656748
360569836,295295348
360569836,5854732
360569836,252023210
360569836,272365058
360569836,16011164
360569836,1488757225
360569836,561307636
360569836,358008044
360569836,56470032
360569836,3312147922
360569836,151842061
360569836,1686791
360569836,34586817
360569836,387570284
360569836,2887436230
360569836,261934369
360569836,2615139188
360569836,102032941
360569836,578110684
360569836,3300319300
360569836,553481566
360569836,135923052
360569836,153969511
360569836,53049381
360569836,70946975
360569836,835232167
360569836,1125258283
360569836,873776544
360569836,460317230
360569836,204722761
360569836,544286193
360569836,494009072
360569836,94672253
360569836,271912109
360569836,2455323384
360569836,241257094
360569836,362565198
360569836,81577367
360569836,3083612236
360569836,3020336848
360569836,405426008
360569836,2214820412
360569836,516477111
360569836,2546084120
360569836,85851600
360569836,1487873772
360569836,1438534458
360569836,17778914
360569836,968582364
360569836,3119708698
360569836,485517951
360569836,212906085
360569836,210955049
360569836,2231329278
360569836,2785633906
360569836,903544471
360569836,1363042970
360569836,3094815047
360569836,40066518
360569836,2842200419
360569836,269497394
360569836,3073543559
360569836,3068438434
360569836,2924821888
360569836,2900019711
360569836,573788884
360569836,3001983868
360569836,124690469
360569836,549378075
360569836,1693484934
360569836,402623070
360569836,1688451548
360569836,22401772
360569836,180900301
360569836,1467947214
360569836,1359736716
360569836,567080417
360569836,1227921056
360569836,2895801718
360569836,2810417067
360569836,1926728760
360569836,2821295237
360569836,282477938
360569836,1175366534
360569836,379088955
360569836,300245045
360569836,2593221362
360569836,198842786
360569836,131574396
360569836,2812770937
360569836,381983570
360569836,2277702458
360569836,21112266
360569836,1273168208
360569836,2772829538
360569836,1399929996
360569836,103841173
360569836,20929745
360569836,2749694402
360569836,2308204370
360569836,2328716844
360569836,494070281
360569836,2677605643
360569836,545553687
360569836,321288688
360569836,51405526
360569836,329787554
360569836,263848267
360569836,304380777
360569836,277177831
360569836,2654324634
360569836,392817184
360569836,14405775
360569836,427371601
360569836,948552829
360569836,2595117013
360569836,414891344
360569836,124165252
360569836,301890771
360569836,65485503
360569836,38381308
360569836,494000883
360569836,1730130631
360569836,1428737011
360569836,397562253
360569836,2267761633
360569836,2352271081
360569836,173421403
360569836,108932245
360569836,262175124
360569836,978694500
360569836,20909329
360569836,2184681223
360569836,42702612
360569836,244170447
360569836,71216110
360569836,153484784
360569836,87277351
360569836,220047267
360569836,1688789778
360569836,366546676
360569836,2260089781
360569836,2188037408
360569836,1849383337
360569836,91687715
360569836,2203902500
360569836,1849384849
360569836,122375549
360569836,1894591321
360569836,340400297
360569836,1379237658
360569836,420255199
360569836,247776818
360569836,267940263
360569836,55293
360569836,1200367064
360569836,1581950191
360569836,1665863190
360569836,475391904
360569836,262094119
360569836,1600809283
360569836,1650130820
360569836,166507237
360569836,841146564
360569836,154856270
360569836,441330098
360569836,392199690
360569836,247705940
360569836,196554603
360569836,1585558916
360569836,1443730357
360569836,1228197324
360569836,1566890178
360569836,1498281902
360569836,202691411
360569836,1572987398
360569836,257029738
360569836,88740642
360569836,93034326
360569836,398078643
360569836,417936444
360569836,930660038
360569836,128957222
360569836,1482661694
360569836,66482525
360569836,898361485
360569836,203015765
360569836,1309299391
360569836,1336706576
360569836,460065842
360569836,945601231
360569836,559769392
360569836,91137511
360569836,611543057
360569836,170713179
360569836,272363611
360569836,20507534
360569836,505047195
360569836,58768933
360569836,47890779
360569836,103257570
360569836,164671918
360569836,282339186
360569836,1135334737
360569836,1182085111
360569836,173636980
360569836,1101515659
360569836,1125472694
360569836,335858207
360569836,1269484171
360569836,137989918
360569836,1600511
360569836,1283965814
360569836,1308305978
360569836,132584621
360569836,375655425
360569836,94208950
360569836,832928402
360569836,1300293361
360569836,238095222
360569836,23870043
360569836,789241879
360569836,1006447717
360569836,278717968
360569836,1252764865
360569836,507272746
360569836,551149223
360569836,584150164
360569836,626685799
360569836,1259701669
360569836,1257925873
360569836,158201610
360569836,31416615
360569836,547854121
360569836,138212728
360569836,94081671
360569836,70669082
360569836,265055435
360569836,260428517
360569836,319788945
360569836,536182486
360569836,140667640
360569836,1179525037
360569836,211969422
360569836,188911049
360569836,102023999
360569836,269884540
360569836,65720863
360569836,1048938637
360569836,589149922
360569836,104466885
360569836,34593641
360569836,261943809
360569836,140196438
360569836,105082141
360569836,394297983
360569836,236554126
360569836,4480981
360569836,250050406
360569836,904905445
360569836,1097689580
360569836,133371674
360569836,102095809
360569836,173780318
360569836,255461727
360569836,10274252
360569836,405123394
360569836,123630216
360569836,353740737
360569836,229830375
360569836,135584701
360569836,60774682
360569836,830762161
360569836,1120585237
360569836,803291118
360569836,525416576
360569836,104181411
360569836,779042143
360569836,301373591
360569836,966137557
360569836,181930798
360569836,236494839
360569836,527938237
360569836,990504390
360569836,157586439
360569836,521367035
360569836,912364213
360569836,1070534653
360569836,878416724
360569836,315973264
360569836,951328346
360569836,614520392
360569836,457817191
360569836,128262354
360569836,26214503
360569836,38743976
360569836,139198107
360569836,349812818
360569836,917523464
360569836,66707264
360569836,101513120
360569836,848946098
360569836,357175568
360569836,435267880
360569836,256220282
360569836,67025761
360569836,254252442
360569836,965868360
360569836,1004241846
360569836,477876242
360569836,932598607
360569836,295381829
360569836,714202622
360569836,271405493
360569836,32160090
360569836,392670828
360569836,901713067
360569836,815570910
360569836,50261621
360569836,318493175
360569836,42651285
360569836,301306806
360569836,429816725
360569836,243608028
360569836,326591036
360569836,886615526
360569836,627611346
360569836,381597274
360569836,407226348
360569836,611679499
360569836,19681801
360569836,213831646
360569836,822873625
360569836,365339642
360569836,849461041
360569836,864938768
360569836,378542641
360569836,16312947
360569836,245976127
360569836,5463172
360569836,139140247
360569836,371708680
360569836,40511349
360569836,107370898
360569836,19337053
360569836,413498523
360569836,16170562
360569836,225897489
360569836,222917962
360569836,154972307
360569836,365392319
360569836,419537583
360569836,14525982
360569836,235578968
360569836,18973046
360569836,14333754
360569836,148773384
360569836,176767978
360569836,323813177
360569836,225760914
360569836,291856281
360569836,236366793
360569836,22359566
360569836,91796121
360569836,518987944
360569836,38966126
360569836,770351941
360569836,630597496
360569836,827651066
360569836,158884694
360569836,151907861
360569836,842179686
360569836,88808413
360569836,789758492
360569836,817255945
360569836,14371600
360569836,142218620
360569836,430173654
360569836,4594121
360569836,94433099
360569836,35187449
360569836,18840041
360569836,305547720
360569836,267244493
360569836,111279990
360569836,17676713
360569836,105075507
360569836,601887686
360569836,134151317
360569836,787361971
360569836,792226416
360569836,36687908
360569836,314211255
360569836,241100784
360569836,402879773
360569836,809752652
360569836,3373791
360569836,2561091
360569836,472079320
360569836,324533939
360569836,251290516
360569836,266106410
360569836,506519713
360569836,278661520
360569836,311454088
360569836,571962943
360569836,243710538
360569836,8517422
360569836,331020996
360569836,435720619
360569836,127590829
360569836,5790712
360569836,610135900
360569836,761862806
360569836,463703474
360569836,137702082
360569836,299713621
360569836,390016291
360569836,42241243
360569836,29330019
360569836,124570832
360569836,107399933
360569836,211482233
360569836,499851604
360569836,580753645
360569836,224226902
360569836,277193230
360569836,489801954
360569836,84427144
360569836,148129770
360569836,5099701
360569836,618263708
360569836,296912924
360569836,624552455
360569836,257859379
360569836,501704839
360569836,250620677
360569836,456982815
360569836,18144791
360569836,374065715
360569836,163924021
360569836,106891797
360569836,271379588
360569836,153243216
360569836,537106554
360569836,48822802
360569836,147976925
360569836,352186217
360569836,107369032
360569836,21080946
360569836,58043767
360569836,419933407
360569836,17624798
360569836,30217769
360569836,220397129
360569836,397179659
360569836,382135869
360569836,620111221
360569836,475585621
360569836,39605897
360569836,381128084
360569836,294868010
360569836,493594003
360569836,102094084
360569836,143568031
360569836,201822092
360569836,482389606
360569836,215707523
360569836,45013575
360569836,104219645
360569836,586467805
360569836,292364383
360569836,234334894
360569836,555993471
360569836,278515739
360569836,100731315
360569836,237815981
360569836,146395048
360569836,80949775
360569836,108670198
360569836,288224692
360569836,87796004
360569836,329277504
360569836,489312373
360569836,222266138
360569836,546234629
360569836,291234215
360569836,123883870
360569836,71014640
360569836,136360370
360569836,501093281
360569836,535707261
360569836,158342368
360569836,544076950
360569836,314489188
360569836,534633970
360569836,491537173
360569836,260408215
360569836,553341699
360569836,225445834
360569836,112747809
360569836,121385551
360569836,11904592
360569836,293948286
360569836,510535152
360569836,121449525
360569836,209780362
360569836,104927840
360569836,161499784
360569836,140384222
360569836,207440222
360569836,484798271
360569836,83093494
360569836,56331789
360569836,88699789
360569836,22602295
360569836,60948005
360569836,250765512
360569836,305449141
360569836,173787051
360569836,208002382
360569836,114164185
360569836,505720986
360569836,17185251
360569836,85467544
360569836,110403389
360569836,170869492
360569836,460490011
360569836,90604594
360569836,17191272
360569836,14436317
360569836,120083112
360569836,20941106
360569836,155544328
360569836,138481912
360569836,231486085
360569836,35726000
360569836,299856310
360569836,34222365
360569836,116679270
360569836,30697822
360569836,203262579
360569836,90725961
360569836,431685578
360569836,217893352
360569836,22529984
360569836,49067092
360569836,326894168
360569836,257399451
360569836,84146557
360569836,413277087
360569836,275562810
360569836,229165429
360569836,112134350
360569836,115476363
360569836,106845286
360569836,13965512
360569836,305514503
360569836,61722517
360569836,399016002
360569836,258514992
360569836,4875451
360569836,8077952
360569836,238686021
360569836,11231412
360569836,154075612
360569836,348365357
