3630446785,4259827558
3630446785,3093339477
3630446785,4581205583
3630446785,4694012917
3630446785,79301542
3630446785,4589913617
3630446785,2573650261
3630446785,4658972841
3630446785,4385977169
3630446785,4525152977
3630446785,3131156551
3630446785,1177035416
3630446785,488724170
3630446785,4415936548
3630446785,4430645596
3630446785,4430687747
3630446785,4410341488
3630446785,2474294741
3630446785,4197645671
3630446785,1164656454
3630446785,3021599686
3630446785,3872656527
3630446785,455599747
3630446785,3093955631
3630446785,2190162650
3630446785,3652262476
3630446785,3930027155
3630446785,2544598195
3630446785,23741531
3630446785,2825702260
3630446785,2998554863
3630446785,141333617
3630446785,2980960123
3630446785,3768868343
3630446785,2435424295
3630446785,2215862239
3630446785,862980768
3630446785,2208131836
3630446785,3910414461
3630446785,237488333
3630446785,3215770824
3630446785,2349132330
3630446785,3893181087
3630446785,3786017115
3630446785,3558411556
3630446785,1148638460
3630446785,147124787
3630446785,180505807
3630446785,3028997098
3630446785,2748584792
3630446785,1711162304
3630446785,259917850
3630446785,2528182927
3630446785,2290011342
3630446785,2925202408
3630446785,2938223655
3630446785,1586580637
3630446785,21783395
3630446785,2290230948
3630446785,2796077447
3630446785,3493510882
3630446785,2262774377
3630446785,2836686785
3630446785,2323711894
3630446785,2319123422
3630446785,2547234030
3630446785,3296246054
3630446785,2393129198
3630446785,2244435384
3630446785,948349598
3630446785,3026075257
3630446785,2303957956
3630446785,76493827
3630446785,2509528929
3630446785,1636739101
3630446785,1056050090
3630446785,1388208595
3630446785,2301576392
3630446785,94081671
3630446785,1145403198
3630446785,2431850251
3630446785,303788009
3630446785,2226582408
3630446785,3620032798
3630446785,2607338553
3630446785,1924149948
3630446785,168333448
3630446785,46743640
3630446785,39882262
3630446785,2159695405
3630446785,543401979
3630446785,2241418603
3630446785,3403273937
3630446785,2343370064
3630446785,859946274
3630446785,562422586
3630446785,359695362
3630446785,1919747167
3630446785,168602723
3630446785,2198106277
3630446785,17093617
3630446785,1633997065
3630446785,398857088
3630446785,3092868785
3630446785,1536697405
3630446785,2214460902
3630446785,2422633171
3630446785,1858558814
3630446785,2459718956
3630446785,986484608
3630446785,1716959665
3630446785,1957698660
3630446785,2741237949
3630446785,974781721
3630446785,2229834082
3630446785,2800078891
3630446785,1241338140
3630446785,79551736
3630446785,1590856056
3630446785,2866334751
3630446785,1032714805
3630446785,18707504
3630446785,2890498349
3630446785,2675487498
3630446785,97731221
3630446785,499574363
3630446785,2335322895
3630446785,2282656897
3630446785,1392187867
3630446785,2455294868
3630446785,3248560030
3630446785,3311947901
3630446785,64647617
3630446785,484324439
3630446785,1618807664
3630446785,2312113171
3630446785,769531512
3630446785,3295298074
3630446785,2291518878
3630446785,3450483863
3630446785,3217532472
3630446785,726954398
3630446785,237407836
3630446785,61830970
3630446785,19362299
3630446785,55307193
3630446785,2785096920
3630446785,2349046302
3630446785,16403943
3630446785,2498109776
3630446785,23317513
3630446785,26588937
3630446785,223562332
3630446785,2860754130
3630446785,2301698552
3630446785,291934328
3630446785,36362259
3630446785,1382821266
3630446785,34701524
3630446785,2447540159
3630446785,32135704
3630446785,2410565248
3630446785,622395512
3630446785,446310761
3630446785,1879616162
3630446785,114180692
3630446785,2372743759
3630446785,2568597463
3630446785,401656531
3630446785,31447081
3630446785,3305948602
3630446785,1643909461
3630446785,101566422
3630446785,2479775856
3630446785,2978434295
3630446785,115597898
3630446785,3420596081
3630446785,48492831
3630446785,2801715874
3630446785,43139414
3630446785,53120768
3630446785,120793307
3630446785,51263592
3630446785,3247509189
3630446785,28870086
3630446785,890891
3630446785,71023061
3630446785,319893315
3630446785,25355724
3630446785,3423125116
3630446785,17299063
3630446785,2693304847
3630446785,3073156247
3630446785,40986026
3630446785,96821645
3630446785,16877611
3630446785,2958052672
3630446785,2453852496
3630446785,3306558243
3630446785,2276475332
3630446785,47271556
3630446785,3411637481
3630446785,18479513
3630446785,3370392803
3630446785,3053048856
3630446785,3382508657
3630446785,1478075342
3630446785,16302242
3630446785,21254264
3630446785,3130072733
3630446785,2489238944
3630446785,17351972
3630446785,2798756856
3630446785,1867924920
3630446785,2557521
3630446785,2375462348
3630446785,416674376
3630446785,2334092882
3630446785,1549329612
3630446785,2328955620
3630446785,3294355899
3630446785,2864734678
3630446785,813286
3630446785,1723367288
3630446785,3025493507
3630446785,2341730997
3630446785,2730878050
3630446785,3202139909
3630446785,19426551
3630446785,183619384
3630446785,564623040
3630446785,2878289927
3630446785,732152418
3630446785,2681338435
3630446785,14230524
3630446785,236699098
3630446785,2904361163
3630446785,95023423
3630446785,34507480
3630446785,25365536
3630446785,79293791
3630446785,23375688
3630446785,2202405425
3630446785,1528110006
3630446785,10228272
3630446785,961242134
3630446785,3062596583
3630446785,1905294900
3630446785,490585837
3630446785,2325857953
3630446785,16303106
3630446785,1799115704
3630446785,157140968
3630446785,2216744472
3630446785,17919972
3630446785,428333
3630446785,2458063277
3630446785,32959253
3630446785,3412381613
3630446785,384439101
3630446785,35936474
3630446785,807095
3630446785,2463048684
3630446785,268538870
3630446785,23151437
3630446785,1480732608
3630446785,2199103900
3630446785,26257166
3630446785,2497191754
3630446785,90420314
3630446785,2874018879
3630446785,477939945
3630446785,15846407
3630446785,21447363
3630446785,2858366830
3630446785,504781271
3630446785,26565946
3630446785,25521487
3630446785,2430326084
3630446785,23083404
3630446785,20322929
3630446785,759251
3630446785,2464441943
3630446785,2770613297
3630446785,169686021
3630446785,27195114
3630446785,268414482
3630446785,2335714513
3630446785,915573380
3630446785,14920785
3630446785,116362700
3630446785,17311493
3630446785,3386377829
3630446785,1532283667
3630446785,2225557943
3630446785,1257254238
3630446785,3346813277
3630446785,336327350
3630446785,15485441
3630446785,843000685
3630446785,2867345153
3630446785,2613882457
3630446785,3114534647
3630446785,3448653161
3630446785,1068923779
3630446785,2418944270
3630446785,2811131969
3630446785,2312262774
3630446785,2949756549
3630446785,3120143728
3630446785,101318349
3630446785,3384943925
3630446785,2220276741
3630446785,1712603838
3630446785,40019154
3630446785,2951904082
3630446785,101374429
3630446785,3010656957
3630446785,769100041
3630446785,2173281869
3630446785,14270254
3630446785,2185284057
3630446785,3081185853
3630446785,2708543338
3630446785,30973
3630446785,50263478
3630446785,3428587276
3630446785,2855823655
3630446785,2889334875
3630446785,328714737
3630446785,181566344
3630446785,3297494311
3630446785,2560248373
3630446785,19923144
3630446785,3053410574
3630446785,733644980
3630446785,2474790576
3630446785,3346721643
3630446785,19041377
3630446785,1961240256
3630446785,1280290518
3630446785,601020572
3630446785,3012106739
3630446785,23617610
3630446785,2342244189
3630446785,863671146
3630446785,3400048643
3630446785,1407246582
3630446785,2401680858
3630446785,1674185202
3630446785,3059765619
3630446785,804426752
3630446785,1955136577
3630446785,3300630640
3630446785,3210018561
3630446785,1636925005
3630446785,388733606
3630446785,1327836098
3630446785,704738107
3630446785,2412345533
3630446785,2742246279
3630446785,3006273160
3630446785,2785864234
3630446785,1963319070
3630446785,3261962529
3630446785,2578470631
3630446785,718537454
3630446785,2938386821
3630446785,2787147953
3630446785,851766030
3630446785,206181302
3630446785,2170603050
3630446785,2761352741
3630446785,2837223047
3630446785,2616511190
3630446785,2523165391
3630446785,3358743130
3630446785,2836981033
3630446785,322056237
3630446785,3086803705
3630446785,3571637897
3630446785,562939573
3630446785,1170345374
3630446785,2906949300
3630446785,2199107320
3630446785,54665537
3630446785,1475648671
3630446785,2737482396
3630446785,3054258966
3630446785,1118076962
3630446785,1966677780
3630446785,2732072780
3630446785,382613598
3630446785,2724989222
3630446785,2271890340
3630446785,2445745369
3630446785,21390674
3630446785,997953373
3630446785,18679659
3630446785,835972260
3630446785,568653508
3630446785,19405367
3630446785,3676034776
3630446785,1938823903
3630446785,2441812184
3630446785,2892621903
3630446785,16548023
3630446785,2555350502
3630446785,17624543
3630446785,909186090
3630446785,2366179315
3630446785,2471575672
3630446785,2739597342
3630446785,3223837720
3630446785,1769896915
3630446785,2861200262
3630446785,2405332614
3630446785,2294879364
3630446785,613577539
3630446785,179040490
3630446785,3331612252
3630446785,3024011721
3630446785,41878061
3630446785,3041268202
3630446785,1084181924
3630446785,3546186689
3630446785,2868170079
3630446785,2639458173
3630446785,611227644
3630446785,2392810454
3630446785,2924831944
3630446785,3668879068
3630446785,287219290
3630446785,3256741084
3630446785,1855451888
3630446785,2815616685
3630446785,3386466700
3630446785,993604555
3630446785,479754628
3630446785,356844856
3630446785,266712846
3630446785,16171953
3630446785,1656183823
3630446785,2999604466
3630446785,21138477
3630446785,23011527
3630446785,3066063635
3630446785,2538042624
3630446785,2873084674
3630446785,2730029397
3630446785,21309551
3630446785,557922610
3630446785,2796676522
3630446785,1689380388
3630446785,232655188
3630446785,22827600
3630446785,3298768668
3630446785,14903044
3630446785,2457865210
3630446785,769652642
3630446785,3306993568
3630446785,3121789399
3630446785,405728790
3630446785,3331218454
3630446785,2182439475
3630446785,27260086
3630446785,2170953891
3630446785,469359335
3630446785,1973030426
3630446785,2238189116
3630446785,3047089559
3630446785,14856333
3630446785,2461887667
3630446785,2438989825
3630446785,3299691822
3630446785,408051837
3630446785,1519779198
3630446785,2452893017
3630446785,2984182193
3630446785,2438777908
3630446785,3129949151
3630446785,480537028
3630446785,2877727895
3630446785,2303707280
3630446785,18221807
3630446785,3394041322
3630446785,3632451563
3630446785,269374046
3630446785,2696312701
3630446785,19247625
3630446785,405618424
3630446785,821554603
3630446785,2447203543
3630446785,2271901263
3630446785,38164846
3630446785,3543298156
3630446785,2243815490
3630446785,1043064624
3630446785,551275401
3630446785,2517355813
3630446785,2752249115
3630446785,21390437
3630446785,8665852
3630446785,577398240
3630446785,2584772003
3630446785,19186180
3630446785,15392221
3630446785,2801728434
3630446785,3241077100
3630446785,344800302
3630446785,3042835348
3630446785,2252324629
3630446785,330910894
3630446785,2238298296
3630446785,1275350232
3630446785,3065472561
3630446785,2739393581
3630446785,2814541354
3630446785,3093516233
3630446785,2309047543
3630446785,2176516196
3630446785,19394887
3630446785,3046132177
3630446785,3105358945
3630446785,2867214971
3630446785,1558141890
3630446785,14758257
3630446785,910846004
3630446785,1171904317
3630446785,2731664525
3630446785,2714886257
3630446785,1000105706
3630446785,1692526410
3630446785,19033555
3630446785,2533222370
3630446785,23263743
3630446785,88901818
3630446785,2930357320
3630446785,3246576747
3630446785,2939169460
3630446785,16451028
3630446785,2174505826
3630446785,2898011219
3630446785,21998790
3630446785,115485051
3630446785,3438018478
3630446785,69115633
3630446785,8665572
3630446785,2800871710
3630446785,783460818
3630446785,2523437598
3630446785,1244610546
3630446785,2286616574
3630446785,1045579028
3630446785,2472890863
3630446785,1232061030
3630446785,731086591
3630446785,3186928383
3630446785,2435804016
3630446785,3121589537
3630446785,2282505751
3630446785,1083295621
3630446785,111426931
3630446785,1046157018
3630446785,1912030908
3630446785,3348952545
3630446785,2876499216
3630446785,3214352083
3630446785,2886049768
3630446785,2765022007
3630446785,1528424910
3630446785,19921389
3630446785,2779113083
3630446785,1038067501
3630446785,3170378936
3630446785,2916349419
3630446785,156369043
3630446785,2428517789
3630446785,2599790527
3630446785,873535202
3630446785,3403335351
3630446785,2770845841
3630446785,2736019606
3630446785,617322851
3630446785,3119061479
3630446785,2862144277
3630446785,2897154460
3630446785,1548862116
3630446785,1959037579
3630446785,2319605623
3630446785,2902869076
3630446785,600407829
3630446785,241129288
3630446785,1311396223
3630446785,3304253615
3630446785,2203317266
3630446785,1732218348
3630446785,1041036924
3630446785,2762776925
3630446785,1718398914
3630446785,2463658872
3630446785,2730061830
3630446785,3376391735
3630446785,2907575577
3630446785,2368911428
3630446785,3400897241
3630446785,1017178274
3630446785,1931262984
3630446785,1102048442
3630446785,1382388325
3630446785,2821430134
3630446785,551407287
3630446785,1595883529
3630446785,1558772808
3630446785,2769818242
3630446785,2830347467
3630446785,2984842729
3630446785,1180738382
3630446785,3398141278
3630446785,3399215938
3630446785,2832755406
3630446785,2594121846
3630446785,751298804
3630446785,2346743137
3630446785,535744839
3630446785,2831885179
3630446785,2866283759
3630446785,2857557544
3630446785,809120479
3630446785,3325571645
3630446785,3402333137
3630446785,2788703665
3630446785,2400696851
3630446785,2401910562
3630446785,2535588489
3630446785,586679911
3630446785,3663949337
3630446785,2269488018
3630446785,2241533995
3630446785,3317452786
3630446785,3437437558
3630446785,2210600970
3630446785,3347705661
3630446785,900152844
3630446785,3242195284
3630446785,2634612880
3630446785,1267561322
3630446785,3149083113
3630446785,2544917949
3630446785,2515397938
3630446785,2455500786
3630446785,871619138
3630446785,3226095789
3630446785,1694246532
3630446785,2875460231
3630446785,2756611022
3630446785,396640416
3630446785,2978903140
3630446785,764634643
3630446785,3110323180
3630446785,966335556
3630446785,483379340
3630446785,2260173176
3630446785,2922067072
3630446785,1921582898
3630446785,509092609
3630446785,2853352599
3630446785,2354220081
3630446785,2452963734
3630446785,2265449104
3630446785,1584227468
3630446785,1879985647
3630446785,1471709592
3630446785,1464338598
3630446785,456973281
3630446785,2161605715
3630446785,1465902871
3630446785,3094086690
3630446785,2426128862
3630446785,1938814778
3630446785,3684823875
3630446785,2887745613
3630446785,2708318813
3630446785,279233497
3630446785,1921243182
3630446785,2155645602
3630446785,2276285202
3630446785,1342326715
3630446785,2880671137
3630446785,2566861904
3630446785,2338874923
3630446785,1952382793
3630446785,2879422755
3630446785,2253640698
3630446785,1710127423
3630446785,1138102532
3630446785,1081177008
3630446785,2827133939
3630446785,2749222956
3630446785,1673621844
3630446785,3197543404
3630446785,2854848964
3630446785,2579982562
3630446785,1663183184
3630446785,2448063835
3630446785,557256075
3630446785,2548141303
3630446785,2276568942
3630446785,2350866957
3630446785,2788758059
3630446785,538448732
3630446785,2735397843
3630446785,2443641764
3630446785,2855405062
3630446785,2567464176
3630446785,1499239765
3630446785,2737546929
3630446785,2961132142
3630446785,726222786
3630446785,2494892175
3630446785,2808214983
3630446785,1472729702
3630446785,2158837842
3630446785,1200412424
3630446785,1923937490
3630446785,928226474
3630446785,3031248691
3630446785,566156519
3630446785,2235896000
3630446785,3008672668
3630446785,2730022184
3630446785,391936056
3630446785,2772653500
3630446785,2485092092
3630446785,2787175263
3630446785,110805607
3630446785,2400452474
3630446785,2213074681
3630446785,2229899406
3630446785,2997680823
3630446785,2274017510
3630446785,1555659799
3630446785,3314160437
3630446785,3243529138
3630446785,2598648546
3630446785,2790454843
3630446785,2822631090
3630446785,1102085124
3630446785,2413234473
3630446785,3187160361
3630446785,492505764
3630446785,2671070875
3630446785,2263652381
3630446785,546215152
3630446785,3214445782
3630446785,1186256653
3630446785,1544223120
3630446785,563163017
3630446785,2997536768
3630446785,2771323935
3630446785,1403245850
3630446785,357782892
3630446785,820766377
3630446785,2831675015
3630446785,3017983552
3630446785,2984114373
3630446785,1603775510
3630446785,1536609854
3630446785,2876108601
3630446785,1676856828
3630446785,3131047407
3630446785,3236646453
3630446785,2372991242
3630446785,251557852
3630446785,2358444519
3630446785,3174218829
3630446785,2244004191
3630446785,2758483849
3630446785,1312032048
3630446785,289432592
3630446785,1891222460
3630446785,1281235392
3630446785,2207871224
3630446785,1063553479
3630446785,1916919031
3630446785,1494057930
3630446785,2487382710
3630446785,1275940892
3630446785,2178273630
3630446785,2895280109
3630446785,3295142493
3630446785,2902091030
3630446785,2377655702
3630446785,1941974671
3630446785,2385815610
3630446785,2397617138
3630446785,2446070814
3630446785,251103545
3630446785,2342102302
3630446785,314890104
3630446785,2883997757
3630446785,21389998
3630446785,608525295
3630446785,15891620
3630446785,2337224046
3630446785,23421880
3630446785,2675144395
3630446785,414736352
3630446785,57022252
3630446785,614652508
3630446785,2982270003
3630446785,2970428069
3630446785,380446771
3630446785,19490380
3630446785,19889294
3630446785,181637383
3630446785,572100355
3630446785,2963932143
3630446785,512545627
3630446785,3170231174
3630446785,2874015231
3630446785,1857755804
3630446785,2877257046
3630446785,1169003652
3630446785,3372950169
3630446785,23585685
3630446785,341141330
3630446785,2243986755
3630446785,19663485
3630446785,122750725
3630446785,1330856935
3630446785,2984853557
3630446785,2544449306
3630446785,26276346
3630446785,2850438287
3630446785,124139163
3630446785,1566814860
3630446785,2309240514
3630446785,2449297794
3630446785,1689182250
3630446785,1678751485
3630446785,70186440
3630446785,2270820510
3630446785,2826248001
3630446785,2561091
3630446785,15391813
3630446785,2354950051
3630446785,2469627966
3630446785,15683146
3630446785,3093520918
3630446785,17163446
3630446785,121758477
3630446785,1928246132
3630446785,106332067
3630446785,2511066018
3630446785,19564523
3630446785,251716551
3630446785,458374706
3630446785,2337139843
3630446785,2418121808
3630446785,1723343780
3630446785,2578581557
3630446785,1940421313
3630446785,787793934
3630446785,866827808
3630446785,122018496
3630446785,1852101241
3630446785,3137529674
3630446785,329561736
3630446785,2684624267
3630446785,813650569
3630446785,1578392251
3630446785,186221983
3630446785,3087241591
3630446785,3418205284
3630446785,2847368217
3630446785,28176746
3630446785,200579265
3630446785,1928123137
3630446785,2881554171
3630446785,3044315442
3630446785,22473054
3630446785,975896479
3630446785,1451758760
3630446785,2245439717
3630446785,617004822
3630446785,355045308
3630446785,2615968780
3630446785,3943871
3630446785,3044738957
3630446785,71922638
3630446785,441704079
3630446785,617201888
3630446785,484602646
3630446785,2709088185
3630446785,2437446799
3630446785,2192756688
3630446785,2359699734
3630446785,180020111
3630446785,1686854304
3630446785,3054025282
3630446785,1730155501
3630446785,210295218
3630446785,251123031
3630446785,2598999923
3630446785,2963962875
3630446785,381542973
3630446785,272003657
3630446785,3070426079
3630446785,2299377518
3630446785,2344229792
3630446785,20273398
3630446785,343467393
3630446785,612263447
3630446785,3406024437
3630446785,139986343
3630446785,2571663841
3630446785,203902904
3630446785,2244495115
3630446785,1492813176
3630446785,121764647
3630446785,2538322111
3630446785,3028755773
3630446785,93950329
3630446785,2505097240
3630446785,2932124379
3630446785,2932844523
3630446785,1877964872
3630446785,634066165
3630446785,1894509565
3630446785,2980102660
3630446785,155659213
3630446785,602075883
3630446785,306470288
3630446785,1831231363
3630446785,2317668102
3630446785,2579001145
3630446785,2194831674
3630446785,451412355
3630446785,30288750
3630446785,77794719
3630446785,1599095244
3630446785,3327650645
3630446785,2527348280
3630446785,2832213937
3630446785,347490369
3630446785,307807286
3630446785,2253740893
3630446785,1421387257
3630446785,2223674880
3630446785,3242041253
3630446785,18075140
3630446785,1634960480
3630446785,357161520
3630446785,1637963910
3630446785,2319259946
3630446785,1663671667
3630446785,2334310710
3630446785,3398825026
3630446785,3072238360
3630446785,3104082119
3630446785,2419065336
3630446785,3331767784
3630446785,3253832685
3630446785,267228811
3630446785,724489700
3630446785,3115155622
3630446785,864048679
3630446785,2913853845
3630446785,1279849688
3630446785,544400596
3630446785,780872785
3630446785,2889849771
3630446785,2998476527
3630446785,749730499
3630446785,2449335655
3630446785,339794828
3630446785,1420312633
3630446785,46523377
3630446785,2216751146
3630446785,2234739414
3630446785,181535763
3630446785,2332009598
3630446785,57340883
3630446785,17262465
3630446785,508708333
3630446785,2951233389
3630446785,708127557
3630446785,1180050211
3630446785,1394616044
3630446785,726422732
3630446785,50347145
3630446785,8728392
3630446785,2878661523
3630446785,1413497634
3630446785,26863797
3630446785,2236943663
3630446785,804468199
3630446785,2447279130
3630446785,2826648289
3630446785,224011900
3630446785,158749669
3630446785,2808633311
3630446785,49781518
3630446785,775997731
3630446785,2260841316
3630446785,2628578901
3630446785,266111464
3630446785,21465965
3630446785,196979259
3630446785,751614332
3630446785,2824946283
3630446785,145600018
3630446785,132880648
3630446785,988310946
3630446785,23687619
3630446785,231010525
3630446785,187083560
3630446785,3474960563
3630446785,589826712
3630446785,42292367
3630446785,16631693
3630446785,2547897199
3630446785,2325676903
3630446785,2410936039
3630446785,1593302438
3630446785,22354830
3630446785,1392641706
