3632928567,3042506512
3632928567,466468952
3632928567,429395418
3632928567,2713682814
3632928567,2435787748
3632928567,22904901
3632928567,2273149562
3632928567,100220864
3632928567,82602399
3632928567,2304668364
3632928567,23375688
3632928567,28706024
3632928567,17919972
3632928567,15005991
3632928567,1097871510
3632928567,276426961
3632928567,70349639
3632928567,240009121
3632928567,360791619
3632928567,348408824
3632928567,21138477
3632928567,3306674362
3632928567,1028492012
3632928567,19663485
3632928567,2286597602
3632928567,635381740
3632928567,711904784
3632928567,611891283
3632928567,2268716400
3632928567,295932016
3632928567,589080706
3632928567,19722435
3632928567,17993489
3632928567,42137252
3632928567,250213239
3632928567,334339137
3632928567,3366391449
3632928567,51985136
3632928567,227693475
3632928567,15137836
3632928567,2388477227
3632928567,3305460854
3632928567,1534254883
3632928567,3386558625
3632928567,23946350
3632928567,45244031
3632928567,211342715
3632928567,21424725
3632928567,947525628
3632928567,437864110
3632928567,138631190
3632928567,877858771
3632928567,2165291026
3632928567,260277864
3632928567,3381815621
3632928567,232855418
3632928567,2220299682
3632928567,231392190
3632928567,543320472
3632928567,858598080
3632928567,799045286
3632928567,19633263
3632928567,1362197772
3632928567,21309551
3632928567,536393741
3632928567,1183584528
3632928567,3291865864
3632928567,887789401
3632928567,26593157
3632928567,40738693
3632928567,1612630046
3632928567,579019277
3632928567,359623959
3632928567,3381680289
3632928567,20809515
3632928567,587836052
3632928567,2222318033
3632928567,190079099
3632928567,3044738957
3632928567,349738666
3632928567,22405712
3632928567,16951979
3632928567,1029487634
3632928567,248333008
3632928567,2982367901
3632928567,955063303
3632928567,19932481
3632928567,613883556
3632928567,619165467
3632928567,26796931
3632928567,1023139638
3632928567,98957692
3632928567,1004664505
3632928567,3386203059
3632928567,2929496487
3632928567,510188421
3632928567,24241544
3632928567,2800155095
3632928567,14856333
3632928567,726646676
3632928567,329230134
3632928567,628756168
3632928567,3289036911
3632928567,163255180
3632928567,14970535
3632928567,126785183
3632928567,311054557
3632928567,924022538
3632928567,789813062
3632928567,17595890
3632928567,2990141625
3632928567,568794954
3632928567,162180116
3632928567,19179687
3632928567,3346453343
3632928567,3663597135
3632928567,14270254
3632928567,9459622
3632928567,14758257
3632928567,18219976
3632928567,16171953
3632928567,14562960
3632928567,36679967
3632928567,96109537
3632928567,16668834
3632928567,169686021
3632928567,40908929
3632928567,48332360
3632928567,16632149
3632928567,15846407
3632928567,36152770
3632928567,97488105
3632928567,123754656
3632928567,183387449
3632928567,29479000
3632928567,15392221
3632928567,73249951
3632928567,21447363
3632928567,533085085
3632928567,454843106
3632928567,20712514
3632928567,19921389
3632928567,19033555
3632928567,19397785
3632928567,18679659
3632928567,2883201777
3632928567,158487331
3632928567,2875341545
3632928567,29797128
3632928567,142448465
3632928567,20448566
3632928567,19904728
3632928567,44084633
3632928567,14293310
3632928567,15391813
3632928567,224223563
3632928567,108192542
3632928567,740336334
3632928567,96951800
3632928567,338084918
3632928567,807095
3632928567,34171224
3632928567,85603854
3632928567,627673190
3632928567,15088915
3632928567,405123394
3632928567,14502789
3632928567,25535042
3632928567,1024969410
3632928567,43394391
3632928567,283038024
3632928567,26565946
3632928567,79293791
3632928567,54714026
3632928567,1558141890
3632928567,35693211
3632928567,8662472
3632928567,16854780
3632928567,116362700
3632928567,142204481
3632928567,1615685677
3632928567,18228898
3632928567,932429090
3632928567,22621759
3632928567,60865434
3632928567,43023158
3632928567,20322929
3632928567,8834362
3632928567,395388847
3632928567,344801362
3632928567,17163446
3632928567,343627165
3632928567,10228272
3632928567,39056314
3632928567,26257166
3632928567,35094637
3632928567,18075140
3632928567,813286
3632928567,23585685
3632928567,21783395
3632928567,136140018
3632928567,17884125
3632928567,25365536
3632928567,24966423
3632928567,14872237
3632928567,56482694
3632928567,27195114
3632928567,19247625
3632928567,20843014
3632928567,65473559
3632928567,23083404
3632928567,2351546078
3632928567,19264748
3632928567,328980753
3632928567,90836187
3632928567,94081671
3632928567,17093617
3632928567,15485441
3632928567,17711659
3632928567,31125209
3632928567,19186180
3632928567,15683146
3632928567,8665852
3632928567,41878061
3632928567,19814175
3632928567,2561091
3632928567,19394887
3632928567,40019154
3632928567,22827600
3632928567,138220302
3632928567,19867777
3632928567,18730195
3632928567,21390437
3632928567,49781518
3632928567,22903765
3632928567,15823676
3632928567,24915307
3632928567,5511
3632928567,124139163
3632928567,19490380
3632928567,14684733
3632928567,25319819
3632928567,18049879
3632928567,19564523
3632928567,216566780
3632928567,27260086
3632928567,85908999
3632928567,14230524
3632928567,19903099
3632928567,21182676
3632928567,155659213
3632928567,8665572
3632928567,14842285
3632928567,54226675
3632928567,50751556
3632928567,74428159
3632928567,783214
3632928567,17311493
