365088244,2872161425
365088244,583744081
365088244,1563734089
365088244,342603455
365088244,2832246523
365088244,1709864132
365088244,116439719
365088244,235084558
365088244,2742781096
365088244,612477397
365088244,25482997
365088244,2216124726
365088244,191386707
365088244,12553452
365088244,384724514
365088244,71759248
365088244,1926698492
365088244,69002929
365088244,1454687180
365088244,309346037
365088244,962012749
365088244,518597918
365088244,98639150
365088244,7197752
365088244,206040832
365088244,2801551688
365088244,34578176
365088244,341040112
365088244,17152448
365088244,17752816
365088244,17602754
365088244,16632219
365088244,16632149
365088244,26276346
365088244,14758257
365088244,8665572
365088244,17163446
365088244,16451028
365088244,21783395
365088244,19889294
365088244,15392221
365088244,726074215
365088244,16705726
365088244,126031327
365088244,874091436
365088244,86301869
365088244,994858092
365088244,112557140
365088244,375027645
365088244,951326846
365088244,201201906
365088244,116729780
365088244,83167966
365088244,1502668368
365088244,438111039
365088244,62515127
365088244,18972838
365088244,490126636
365088244,634508919
365088244,564841728
365088244,1433184324
365088244,19232649
365088244,1586266080
365088244,2599249849
365088244,232242473
365088244,575269517
365088244,205750967
365088244,2438273430
365088244,1545333888
365088244,1011129121
365088244,869894239
365088244,377976301
365088244,1551471600
365088244,2803587655
365088244,123109597
365088244,20058825
365088244,2803207232
365088244,2434377529
365088244,183213553
365088244,18600155
365088244,23746425
365088244,90275200
365088244,1259888714
365088244,271385094
365088244,36205090
365088244,2220009464
365088244,2789277667
365088244,496925888
365088244,272059462
365088244,601774069
365088244,2579180184
365088244,22799257
365088244,2390974326
365088244,2690379302
365088244,1611486986
365088244,356795707
365088244,383733061
365088244,20804310
365088244,785104160
365088244,21093785
365088244,18762875
365088244,270415274
365088244,20052487
365088244,263664482
365088244,287308021
365088244,19500405
365088244,66492948
365088244,90918950
365088244,265398605
365088244,17306424
365088244,460163041
365088244,230994151
365088244,608167078
365088244,20170683
365088244,1469088032
365088244,2218004518
365088244,208163898
365088244,14808226
365088244,80870072
365088244,18839790
365088244,2645325126
365088244,220696831
365088244,14157134
365088244,42378378
365088244,183622298
365088244,149299258
365088244,2388851832
365088244,304383805
365088244,2595188556
365088244,112199992
365088244,51027322
365088244,138372303
365088244,194497580
365088244,2362797030
365088244,19263119
365088244,218653131
365088244,253445158
365088244,2550288344
365088244,19644592
365088244,19287037
365088244,61457123
365088244,135241329
365088244,19650966
365088244,54880025
365088244,461387064
365088244,8460572
365088244,607349145
365088244,113047084
365088244,56361385
365088244,30011100
365088244,15439395
365088244,719735953
365088244,149652553
365088244,2492819563
365088244,2359926157
365088244,17465741
365088244,20399735
365088244,53347647
365088244,1978517772
365088244,85794542
365088244,53016173
365088244,547173846
365088244,2359267946
365088244,1630896181
365088244,492648852
365088244,2188904977
365088244,35166101
365088244,2332763915
365088244,217749896
365088244,236558431
365088244,94081671
365088244,17169453
365088244,72579384
365088244,370760631
365088244,234510237
365088244,2147713152
365088244,218598367
365088244,159321472
365088244,137459628
365088244,2344857257
365088244,218428567
365088244,2473374067
365088244,2459757282
365088244,57044449
365088244,2488795106
365088244,544520502
365088244,2388750775
365088244,46413598
365088244,869825995
365088244,445608696
365088244,2459590993
365088244,1070997666
365088244,90999438
365088244,934399189
365088244,21291400
365088244,317147065
365088244,1364259626
365088244,132523335
365088244,275957892
365088244,43142962
365088244,397415540
365088244,111691454
365088244,31098745
365088244,2421073909
365088244,16972341
365088244,27043655
365088244,236536167
365088244,2365417813
365088244,34214589
365088244,2181980028
365088244,1735063320
365088244,2425739461
365088244,29688273
365088244,189180763
365088244,23946350
365088244,20759034
365088244,10810102
365088244,38823427
365088244,705862502
365088244,267103268
365088244,23808551
365088244,333936316
365088244,430733591
365088244,1882738304
365088244,219233615
365088244,182714285
365088244,300253749
365088244,126042283
365088244,2371458720
365088244,2347049341
365088244,1510718353
365088244,132482136
365088244,22313978
365088244,19072124
365088244,128693364
365088244,100798716
365088244,120195105
365088244,208295743
365088244,162187576
365088244,2399360246
365088244,105170460
365088244,57315004
365088244,430310094
365088244,338960856
365088244,367070806
365088244,385071091
365088244,173761209
365088244,2366955362
365088244,193681556
365088244,245710414
365088244,142696927
365088244,221330045
365088244,2393961596
365088244,244743317
365088244,64643056
365088244,65448481
365088244,2351111720
365088244,256069758
365088244,2348739600
365088244,217758017
365088244,55911577
365088244,2215932320
365088244,122685408
365088244,2313755861
365088244,138128898
365088244,263568980
365088244,20770862
365088244,243318995
365088244,2304890004
365088244,20226248
365088244,449689677
365088244,376775023
365088244,309341660
365088244,426044697
365088244,39483072
365088244,6135562
365088244,311340314
365088244,20836056
365088244,201757835
365088244,26792275
365088244,1392559128
365088244,356733602
365088244,197710731
365088244,51152908
365088244,438133358
365088244,932196612
365088244,2180126766
365088244,2207625002
365088244,136329115
365088244,2259101023
365088244,2364126248
365088244,127814172
365088244,226917679
365088244,15230281
365088244,160150650
365088244,605452825
365088244,49665715
365088244,1628181121
365088244,22142641
365088244,81068633
365088244,395911150
365088244,882105510
365088244,2834511
365088244,1359532099
365088244,101996227
365088244,34262462
365088244,1896985040
365088244,2353694533
365088244,994855795
365088244,9624742
365088244,2199658388
365088244,222995248
365088244,1245505068
365088244,444506920
365088244,255471924
365088244,52025210
365088244,349816997
365088244,1412685446
365088244,377515866
365088244,80803819
365088244,36980694
365088244,809061956
365088244,370036504
365088244,1606802372
365088244,308014964
365088244,337959722
365088244,328736781
365088244,18549724
365088244,453030125
365088244,117029568
365088244,22428439
365088244,285532415
365088244,2287333962
365088244,6896752
365088244,371972173
365088244,149177956
365088244,1292126678
365088244,331658004
365088244,1725292759
365088244,14106476
365088244,16827148
365088244,2222903959
365088244,29010710
365088244,111021184
365088244,207083993
365088244,2207788292
365088244,786764
365088244,115618332
365088244,2288308578
365088244,180761794
365088244,140896647
365088244,2301234710
365088244,384225732
365088244,1690412382
365088244,466812314
365088244,1150965864
365088244,188356336
365088244,93687642
365088244,1313814055
365088244,1578822001
365088244,859629264
365088244,2265043046
365088244,2291331547
365088244,255375597
365088244,948552829
365088244,451735273
365088244,297884272
365088244,15962096
365088244,1316390684
365088244,1960825746
365088244,2148744693
365088244,17624543
365088244,1097836022
365088244,21864860
365088244,74594552
365088244,1579422614
365088244,45630799
365088244,1949513514
365088244,34396379
365088244,1389083366
365088244,43081691
365088244,962085350
365088244,121171958
365088244,850713475
365088244,18869484
365088244,29695330
365088244,1142859176
365088244,162180116
365088244,883334544
365088244,931767264
365088244,54955991
365088244,241026707
365088244,2198260368
365088244,42848607
365088244,336020675
365088244,19063323
365088244,432012784
365088244,2183058338
365088244,1086485478
365088244,1397477076
365088244,1480749782
365088244,1969344296
365088244,1967210605
365088244,510499013
365088244,535153760
365088244,47118845
365088244,2164968990
365088244,304876789
365088244,50871388
365088244,40139016
365088244,18396706
365088244,82714804
365088244,16668834
365088244,620181806
365088244,1626202080
365088244,7109022
365088244,16465385
365088244,122728088
365088244,21114659
365088244,1512918660
365088244,603172200
365088244,497211964
365088244,269725567
365088244,83795099
365088244,62442994
365088244,187965811
365088244,484962664
365088244,13409752
365088244,1675352647
365088244,409532041
365088244,820190174
365088244,606284156
365088244,21309551
365088244,164304654
365088244,524592166
365088244,438413504
365088244,14123751
365088244,856010760
365088244,169426475
365088244,49950808
365088244,1243302278
365088244,1571270053
365088244,454360094
365088244,1362195368
365088244,245551558
365088244,1615685677
365088244,1598644159
365088244,21492030
365088244,1499080250
365088244,14946308
365088244,240251200
365088244,20809515
365088244,259925559
365088244,263780425
365088244,86069514
365088244,472079320
365088244,19186180
365088244,18948060
365088244,21138477
365088244,397981715
365088244,342144097
365088244,246789163
365088244,21390437
365088244,93659988
365088244,1030419212
365088244,599992363
365088244,19165332
365088244,181433405
365088244,328499228
365088244,270836941
365088244,54015652
365088244,50908485
365088244,16435631
365088244,79179431
365088244,204725159
365088244,1533588679
365088244,523704145
365088244,291690583
365088244,1513718124
365088244,30360274
365088244,409885370
365088244,119434647
365088244,269854117
365088244,460002683
365088244,14677919
365088244,529247064
365088244,30697822
365088244,23585685
365088244,172342478
365088244,266192063
365088244,32357365
365088244,17884125
365088244,184966548
365088244,21195865
365088244,250725469
365088244,39776107
365088244,1343714233
365088244,360857182
365088244,494796102
365088244,29024135
365088244,274889355
365088244,540219772
365088244,208517176
365088244,327484803
365088244,1310401350
365088244,554352986
365088244,23640660
365088244,1305698738
365088244,1020007537
365088244,18135386
365088244,1292292907
365088244,27707080
365088244,108557681
365088244,124690469
365088244,38879127
365088244,247325474
365088244,241709263
365088244,23756134
365088244,28089873
365088244,29422232
365088244,481964948
365088244,8665852
365088244,469403632
365088244,949341888
365088244,499903895
365088244,33804533
365088244,934175066
365088244,1222553491
365088244,271452947
365088244,1140957624
365088244,452474576
365088244,120540361
365088244,76462131
365088244,18016160
365088244,111933542
365088244,19292516
365088244,40872043
365088244,475585621
365088244,243608028
365088244,60674075
365088244,128874159
365088244,575160556
365088244,16854780
365088244,17101388
365088244,232855418
365088244,311527753
365088244,57265525
365088244,28565356
365088244,88878382
365088244,18758902
365088244,18075140
365088244,574293020
365088244,15115726
365088244,471287735
365088244,448803688
365088244,975805044
365088244,16951979
365088244,50995683
365088244,399420451
365088244,110929302
365088244,14903044
365088244,124418093
365088244,153810519
365088244,14516324
365088244,150677740
365088244,16171953
365088244,50287595
365088244,218201780
365088244,118680576
365088244,409486555
365088244,813286
365088244,20182089
365088244,13850422
365088244,180394103
365088244,759251
365088244,428333
365088244,921818587
365088244,492332909
365088244,20583613
365088244,22021332
365088244,207441433
365088244,499811217
365088244,771383605
365088244,22425307
365088244,2561091
365088244,237320454
365088244,19247625
365088244,11480162
365088244,20015311
365088244,121482231
365088244,83466368
365088244,45542386
365088244,25098482
365088244,16334857
365088244,131659930
365088244,4808861
365088244,94529866
365088244,198538431
365088244,58487243
365088244,329616758
365088244,22384691
365088244,293752292
365088244,124139163
365088244,123754656
365088244,21112266
365088244,22904901
365088244,14528287
365088244,134995285
365088244,225443793
365088244,579815204
365088244,19686295
365088244,24241544
365088244,5988062
365088244,17693232
365088244,28312880
365088244,25059963
365088244,49781518
365088244,19391470
365088244,23694165
365088244,3373791
365088244,19136302
365088244,19292033
365088244,20781929
365088244,77528520
365088244,84571957
365088244,108557049
365088244,6361512
365088244,144828151
365088244,19689047
365088244,271567301
365088244,19003991
365088244,18160106
365088244,182479169
365088244,462747348
365088244,17487476
365088244,259760125
365088244,114429252
365088244,35145147
365088244,23317826
365088244,517527227
365088244,15204596
365088244,18587157
365088244,271548491
365088244,244616017
365088244,461294085
365088244,19713622
365088244,192787913
365088244,19917584
365088244,14399076
365088244,29230342
365088244,14856333
365088244,115102341
365088244,20380673
365088244,222547337
365088244,420954778
365088244,220754338
365088244,342046230
365088244,21335867
365088244,226691679
365088244,20381809
365088244,221678618
365088244,173398143
365088244,469263260
365088244,358134245
365088244,468554685
365088244,247359862
365088244,44183944
365088244,603466006
365088244,364488011
365088244,246341341
365088244,7996082
365088244,19921389
365088244,807095
365088244,71245999
365088244,376819013
365088244,396558936
365088244,460517052
365088244,23263743
365088244,57268394
365088244,557086648
365088244,333472801
365088244,317650146
365088244,111416652
365088244,33918708
365088244,97268285
365088244,36293076
365088244,234343491
365088244,487683787
365088244,79987035
365088244,98435229
365088244,4970411
365088244,24866150
365088244,93830142
365088244,260743284
365088244,38717385
365088244,474254923
365088244,83561886
365088244,517438174
365088244,296253874
365088244,298734224
365088244,265508616
365088244,258269139
365088244,397406521
365088244,22607614
365088244,28114871
365088244,208590571
365088244,4898091
365088244,17006157
365088244,250038860
365088244,59407061
365088244,239767060
365088244,266031327
365088244,34713362
365088244,43317911
365088244,289813776
365088244,19590009
365088244,304909941
365088244,348345136
365088244,199196447
365088244,36048614
365088244,1652541
365088244,300868924
365088244,101069561
365088244,23768867
365088244,17063215
365088244,65466158
365088244,469280888
365088244,486811390
365088244,143887201
365088244,224684926
365088244,17675072
365088244,350958562
365088244,342705072
365088244,279642533
365088244,198618575
365088244,104298598
365088244,11287122
365088244,418551520
365088244,334926329
365088244,5867842
365088244,293976445
365088244,44411598
365088244,281093434
365088244,479587052
365088244,255240646
365088244,21862494
365088244,17579431
365088244,48292410
365088244,460005853
365088244,18856867
365088244,474065017
365088244,196945564
365088244,17990493
365088244,14048325
365088244,23361712
365088244,36918513
365088244,177179008
365088244,188736341
365088244,208486103
365088244,37281164
365088244,236330848
365088244,64672345
365088244,274013085
365088244,252487122
365088244,190202163
365088244,217437011
365088244,259323371
365088244,24882316
365088244,334777310
365088244,218812123
365088244,16717501
365088244,250157926
365088244,81817246
365088244,148025010
365088244,65322179
365088244,256704506
365088244,304379137
365088244,335207117
365088244,460966881
365088244,125071209
365088244,73760208
365088244,53879771
365088244,308328105
365088244,256179988
365088244,17133897
365088244,80024060
365088244,74699521
365088244,25981952
365088244,14396748
365088244,196994616
365088244,407347022
365088244,48994998
365088244,302500864
365088244,410070653
365088244,48163821
365088244,29707536
365088244,138717046
365088244,259348780
