366665185,2315312088
366665185,3224684751
366665185,395353855
366665185,21009460
366665185,28099886
366665185,1219903310
366665185,123536646
366665185,2260607293
366665185,114755833
366665185,37896651
366665185,347909288
366665185,394986531
366665185,148307910
366665185,271106411
366665185,197370475
366665185,284003990
366665185,21754872
366665185,336541509
366665185,2453011404
366665185,4625687418
366665185,576553904
366665185,836227969
366665185,1469402426
366665185,3756595037
366665185,74426840
366665185,14511951
366665185,60308942
366665185,3253327421
366665185,218653131
366665185,2550023839
366665185,13328922
366665185,1093449728
366665185,3196121741
366665185,167454150
366665185,262856460
366665185,4180183096
366665185,172710489
366665185,2829180556
366665185,380448025
366665185,68460366
366665185,10373612
366665185,27764255
366665185,4104706948
366665185,23263743
366665185,22999361
366665185,106236526
366665185,40019154
366665185,2530364502
366665185,12610492
366665185,8333972
366665185,3310571
366665185,19133738
366665185,1291681
366665185,54880025
366665185,4023211636
366665185,59600093
366665185,3044738957
366665185,249869615
366665185,153763519
366665185,8976052
366665185,51500961
366665185,47340097
366665185,700528695
366665185,1140469795
366665185,21329490
366665185,976185420
366665185,188242820
366665185,364079414
366665185,268208070
366665185,19266261
366665185,28385886
366665185,621691283
366665185,20428049
366665185,27486706
366665185,306930864
366665185,3666394516
366665185,14183379
366665185,27268061
366665185,20009338
366665185,33872866
366665185,17624959
366665185,24566469
366665185,298360697
366665185,17601785
366665185,2877951449
366665185,53095311
366665185,47903269
366665185,19339124
366665185,66359307
366665185,26366706
366665185,3377066643
366665185,35714762
366665185,3089305179
366665185,22904901
366665185,1358290550
366665185,227802983
366665185,2943039490
366665185,1536087474
366665185,232689525
366665185,1301557364
366665185,28624570
366665185,15715020
366665185,234090243
366665185,17540625
366665185,19150037
366665185,259348780
366665185,64896516
366665185,1329012235
366665185,154023356
366665185,304078917
366665185,19674853
366665185,21050755
366665185,21016479
366665185,2299367423
366665185,20859450
366665185,396894374
366665185,442204983
366665185,1235632694
366665185,378867962
366665185,54078222
366665185,42485749
366665185,447080423
366665185,44609080
366665185,2916305152
366665185,23106525
366665185,52185601
366665185,499170272
366665185,2891141703
366665185,18972914
366665185,331707065
366665185,3310241819
366665185,48424015
366665185,21746788
366665185,109459067
366665185,21527369
366665185,3290950795
366665185,1259671560
366665185,61455260
366665185,482939540
366665185,2458271108
366665185,23684186
366665185,16822479
366665185,1435291280
366665185,29956706
366665185,27217541
366665185,55051675
366665185,20554871
366665185,163853523
366665185,3311122401
366665185,1598558840
366665185,14602208
366665185,303995562
366665185,757180
366665185,16569045
366665185,484962664
366665185,21489408
366665185,23069094
366665185,23946350
366665185,563093420
366665185,14400726
366665185,292204879
366665185,589080706
366665185,2784827119
366665185,27457788
366665185,16193162
366665185,23057502
366665185,21138477
366665185,269716042
366665185,36116979
366665185,1713859105
366665185,22082882
366665185,20627896
366665185,21294212
366665185,39349216
366665185,37431353
366665185,20820242
366665185,53668717
366665185,17745219
366665185,1029365016
366665185,794110602
366665185,3194874863
366665185,24783322
366665185,66663678
366665185,1224327601
366665185,6346082
366665185,803479488
366665185,3374730647
366665185,1554554503
366665185,20676778
366665185,49938269
366665185,1455261
366665185,19592047
366665185,23455730
366665185,25155186
366665185,20766350
366665185,14993191
366665185,394600810
366665185,213687893
366665185,38275780
366665185,53176453
366665185,47380266
366665185,19497698
366665185,543043594
366665185,1583903970
366665185,20475285
366665185,24279390
366665185,19184818
366665185,239093860
366665185,242072113
366665185,14866753
366665185,2615143489
366665185,165010801
366665185,19392223
366665185,1210300506
366665185,1069376713
366665185,231703688
366665185,365442781
366665185,3038842294
366665185,2982367901
366665185,79147813
366665185,1662057727
366665185,18227783
366665185,232855418
366665185,14472794
366665185,14176375
366665185,38400294
366665185,2455097209
366665185,22390043
366665185,2172075114
366665185,608167078
366665185,16127941
366665185,25192228
366665185,43767463
366665185,3467765950
366665185,989362550
366665185,2607219787
366665185,21856254
366665185,1062558625
366665185,121294401
366665185,1615685677
366665185,31378015
366665185,65108893
366665185,1531520940
366665185,46040232
366665185,2624299231
366665185,734733
366665185,12026062
366665185,3040424454
366665185,3308220370
366665185,220188142
366665185,2305446662
366665185,8873382
366665185,26547609
366665185,39971556
366665185,2982628528
366665185,2215920210
366665185,391306391
366665185,24399244
366665185,17440412
366665185,19964864
366665185,21197876
366665185,16349463
366665185,255240646
366665185,2528768236
366665185,2533489015
366665185,1663353241
366665185,3003292385
366665185,567261149
366665185,898418228
366665185,18920461
366665185,12537752
366665185,19680112
366665185,20826460
366665185,19875072
366665185,360230512
366665185,18966867
366665185,26281917
366665185,72046844
366665185,33050022
366665185,104856659
366665185,3092058627
366665185,21425405
366665185,8884772
366665185,19003183
366665185,23132159
366665185,354581708
366665185,363389737
366665185,122178701
366665185,24246633
366665185,92088399
366665185,1901822094
366665185,18803751
366665185,116454635
366665185,634024501
366665185,24688868
366665185,21309551
366665185,3426947590
366665185,1334838757
366665185,2950049757
366665185,56093343
366665185,431006041
366665185,19564284
366665185,56221681
366665185,22900663
366665185,20470593
366665185,17884125
366665185,8665852
366665185,717874436
366665185,23316750
366665185,23683605
366665185,19001894
366665185,1494258350
366665185,422474037
366665185,51752519
366665185,26266891
366665185,45615081
366665185,167399649
366665185,22176845
366665185,2331830774
366665185,27233483
366665185,492288571
366665185,955063303
366665185,123959178
366665185,19393233
366665185,80691846
366665185,49195175
366665185,291557868
366665185,21259023
366665185,387568171
366665185,61457123
366665185,42137252
366665185,395388847
366665185,48078538
366665185,145668086
366665185,21112266
366665185,3377990879
366665185,264164654
366665185,554523137
366665185,17827029
366665185,19886762
366665185,21407241
366665185,2418832695
366665185,1567041686
366665185,1255030290
366665185,382632147
366665185,197927483
366665185,14166909
366665185,60301331
366665185,102773210
366665185,22321740
366665185,1483024080
366665185,2442300531
366665185,20521915
366665185,2907870629
366665185,17118292
366665185,23409448
366665185,14207996
366665185,455733199
366665185,18974991
366665185,17980026
366665185,63452015
366665185,53217199
366665185,1957554378
366665185,204422438
366665185,15677513
366665185,205737940
366665185,761801714
366665185,3346432744
366665185,18791943
366665185,40705534
366665185,20762598
366665185,359515048
366665185,362506197
366665185,25481707
366665185,2724276488
366665185,113655522
366665185,42659820
366665185,23837271
366665185,834398839
366665185,30362529
366665185,51985136
366665185,191091360
366665185,6692952
366665185,23585685
366665185,161288528
366665185,2328735464
366665185,485677780
366665185,1663338932
366665185,26877811
366665185,14313123
366665185,3376281958
366665185,2960101137
366665185,757775772
366665185,32153363
366665185,312341849
366665185,17624543
366665185,118204606
366665185,20164477
366665185,3308456165
366665185,19368263
366665185,2708829955
366665185,405123394
366665185,19108238
366665185,51566870
366665185,10799642
366665185,16676707
366665185,18847920
366665185,19980148
366665185,2805631700
366665185,42509297
366665185,97908282
366665185,2971687353
366665185,15951863
366665185,1407892861
366665185,3404100525
366665185,19106722
366665185,244023450
366665185,19179687
366665185,2263571841
366665185,651433
366665185,751873
366665185,71868160
366665185,976818655
366665185,564514880
366665185,2971505758
366665185,461393205
366665185,201812923
366665185,25150711
366665185,3397300108
366665185,2812936934
366665185,19674338
366665185,1889832038
366665185,14903044
366665185,3291865864
366665185,513708554
366665185,19291928
366665185,17637572
366665185,14310734
366665185,19722435
366665185,22362992
366665185,77826352
366665185,20345378
366665185,126118232
366665185,21214421
366665185,34304970
366665185,100746902
366665185,20511502
366665185,238327175
366665185,489900556
366665185,2310116088
366665185,1450870195
366665185,24733102
366665185,22473054
366665185,19472578
366665185,1634213640
366665185,3308115347
366665185,14895325
366665185,377008435
366665185,21438024
366665185,37636997
366665185,475311020
366665185,1252917283
366665185,82054005
366665185,21648020
366665185,23469895
366665185,2435310141
366665185,98957692
366665185,296511906
366665185,131906090
366665185,55655615
366665185,122354696
366665185,113714309
366665185,47622979
366665185,37438301
366665185,3097620646
366665185,150677740
366665185,14797509
366665185,97255485
366665185,39259044
366665185,93847902
366665185,266712846
366665185,2190831163
366665185,47476545
366665185,22204459
366665185,1600989234
366665185,20717877
366665185,14946308
366665185,24787524
366665185,17626165
366665185,2539906562
366665185,82381798
366665185,19534202
366665185,19405367
366665185,1311558655
366665185,1362132925
366665185,18600155
366665185,15615035
366665185,19612753
366665185,19311357
366665185,208610451
366665185,613412461
366665185,7069902
366665185,19876457
366665185,311606579
366665185,1023139638
366665185,162089811
366665185,1142859176
366665185,22695694
366665185,25268679
366665185,17173144
366665185,15252509
366665185,19415798
366665185,787950086
366665185,555416759
366665185,304329674
366665185,780757
366665185,20324233
366665185,2485845654
366665185,21862494
366665185,17397658
366665185,15346939
366665185,14350650
366665185,3241172025
366665185,19205809
366665185,1311842340
366665185,228788884
366665185,12419202
366665185,19083439
366665185,41316505
366665185,230143982
366665185,26186890
366665185,13943
366665185,478253707
366665185,71530380
366665185,21769623
366665185,20717297
366665185,762072931
366665185,602601176
366665185,3018812343
366665185,29292258
366665185,877446414
366665185,1128344209
366665185,73265463
366665185,53084381
366665185,25152422
366665185,65103501
366665185,376255141
366665185,2249234689
366665185,20237019
366665185,28126463
366665185,2707397149
366665185,22808357
366665185,363370721
366665185,28207516
366665185,213227815
366665185,520616690
366665185,63218040
366665185,263235608
366665185,18973489
366665185,22278530
366665185,22492482
366665185,1286063538
366665185,378258916
366665185,18719524
366665185,9180542
366665185,277196843
366665185,27687919
366665185,38767223
366665185,2262898614
366665185,20013543
366665185,132031651
366665185,881110717
366665185,14856333
366665185,16631331
366665185,1438820678
366665185,104828247
366665185,3091694350
366665185,244214564
366665185,595114640
366665185,3193075006
366665185,84454716
366665185,22132767
366665185,21495291
366665185,793830744
366665185,289573687
366665185,2893939156
366665185,301631989
366665185,346895264
366665185,928811882
366665185,20973069
366665185,74473873
366665185,943422660
366665185,3104845886
366665185,518069104
366665185,552710238
366665185,3040033410
366665185,18756497
366665185,14354145
366665185,89512610
366665185,1213751708
366665185,3083793893
366665185,47102017
366665185,58004357
366665185,954448734
366665185,15798656
366665185,1608357912
366665185,20818431
366665185,920158884
366665185,1732657700
366665185,69663389
366665185,3031378642
366665185,25995679
366665185,637703
366665185,470411143
366665185,1113617588
366665185,2541640380
366665185,310191114
366665185,22827600
366665185,19136302
366665185,754791349
366665185,22543231
366665185,298480044
366665185,2984245971
366665185,2938304938
366665185,49779234
366665185,17062937
366665185,17213053
366665185,17087856
366665185,17101388
366665185,19248800
366665185,19356276
366665185,22537325
366665185,8724342
366665185,266919345
366665185,257813534
366665185,14553857
366665185,19106858
366665185,412305543
366665185,53466923
366665185,16275366
366665185,456740683
366665185,306374217
366665185,603181417
366665185,46219214
366665185,2967790654
366665185,15313876
366665185,14796905
366665185,22384691
366665185,1228416800
366665185,331893639
366665185,22081629
366665185,21308080
366665185,637093947
366665185,22061559
366665185,38484184
366665185,13722512
366665185,2887785407
366665185,1559346955
366665185,17118668
366665185,16996492
366665185,236125257
366665185,1688721
366665185,502373884
366665185,15365703
366665185,11920232
366665185,2891242611
366665185,1728988333
366665185,2414299098
366665185,94071246
366665185,11778572
366665185,18900580
366665185,85699002
366665185,2746450197
366665185,501422127
366665185,19529777
366665185,2869259447
366665185,1723100324
366665185,2515436438
366665185,602318996
366665185,23597610
366665185,20255778
366665185,53149244
366665185,520693481
366665185,1056615174
366665185,2303131532
366665185,738725179
366665185,107583372
366665185,206398629
366665185,86103957
366665185,1126801496
366665185,14746456
366665185,18952448
366665185,375899637
366665185,2650619778
366665185,21389998
366665185,836214343
366665185,580320134
366665185,222356494
366665185,56557261
366665185,14112296
366665185,25858164
366665185,19889662
366665185,19570296
366665185,42924287
366665185,148854179
366665185,16309356
366665185,30205586
366665185,1070929081
366665185,1023096199
366665185,19408052
366665185,1369316678
366665185,20860888
366665185,1690412382
366665185,121167080
366665185,14089195
366665185,18075140
366665185,19247625
366665185,995267400
366665185,199001162
366665185,1319024726
366665185,16688788
366665185,272358339
366665185,23454762
366665185,950547181
366665185,19735921
366665185,18948541
366665185,23011527
366665185,44769802
366665185,629530664
366665185,17496551
366665185,106271405
366665185,56192220
366665185,15491783
366665185,12543242
366665185,157724454
366665185,182721799
366665185,131622649
366665185,17904502
366665185,17399681
366665185,31263990
366665185,60863666
366665185,16202270
366665185,280178526
366665185,13278792
366665185,85557632
366665185,63675477
366665185,12554802
366665185,3373791
366665185,747533
366665185,52353268
