3674737467,39056314
3674737467,259348780
3674737467,268208070
3674737467,19713622
3674737467,2189401385
3674737467,19472578
3674737467,79982342
3674737467,60954521
3674737467,73623870
3674737467,139727749
3674737467,306245721
3674737467,366512752
3674737467,240447091
3674737467,368198589
3674737467,1500909942
3674737467,2325106110
3674737467,3015035283
3674737467,15030767
3674737467,438568223
3674737467,73394744
3674737467,1530172938
3674737467,35810163
3674737467,3407923774
3674737467,301868066
3674737467,948552829
3674737467,771383605
3674737467,1097836022
3674737467,40872043
3674737467,2825034063
3674737467,7109022
3674737467,19024453
3674737467,313409612
3674737467,130139010
3674737467,260706327
3674737467,373817072
3674737467,233878367
3674737467,92054650
3674737467,196512674
3674737467,269884540
3674737467,38743976
3674737467,312132134
3674737467,21492030
3674737467,21905142
3674737467,1292117322
3674737467,765923292
3674737467,2283883934
3674737467,1971831080
3674737467,87460291
3674737467,6062112
3674737467,22756445
3674737467,2905077845
3674737467,17624543
3674737467,3218562888
3674737467,19264748
3674737467,15005991
3674737467,73567053
3674737467,14614833
3674737467,394027269
3674737467,606278828
3674737467,3524422035
3674737467,123754656
3674737467,1615685677
3674737467,14746456
3674737467,19712523
3674737467,467902985
3674737467,20532031
3674737467,51831438
3674737467,129799216
3674737467,26775098
3674737467,19921389
3674737467,19863224
3674737467,249650785
3674737467,405123394
3674737467,88964123
3674737467,52392540
3674737467,30547095
3674737467,20380673
3674737467,51004460
3674737467,457537353
3674737467,174860490
3674737467,490767331
3674737467,3131206979
3674737467,148445725
3674737467,62236497
3674737467,965741665
3674737467,525264466
3674737467,338281302
3674737467,2901004694
3674737467,74626513
3674737467,79849822
3674737467,2918783901
3674737467,1499310228
3674737467,974438815
3674737467,1081107708
3674737467,515753220
3674737467,2614999381
3674737467,2268514879
3674737467,3254151311
3674737467,899547788
3674737467,1609956822
3674737467,18456925
3674737467,369415491
3674737467,180861593
3674737467,16632219
3674737467,392659797
3674737467,510801240
3674737467,16632149
3674737467,2974642570
3674737467,275232101
3674737467,25535042
3674737467,26722718
3674737467,2561091
3674737467,94081671
3674737467,90889951
3674737467,15392221
3674737467,26276346
3674737467,8665852
3674737467,2895189082
3674737467,23585685
3674737467,7996082
3674737467,23263743
3674737467,8665572
3674737467,24241544
3674737467,70186440
3674737467,21783395
3674737467,2388762236
3674737467,1005054229
3674737467,19923515
3674737467,10012122
3674737467,16631331
3674737467,17693232
3674737467,201867844
3674737467,3319223446
3674737467,3301896839
3674737467,15644106
3674737467,16451028
3674737467,1558141890
3674737467,282024011
3674737467,395388847
3674737467,17163446
3674737467,17884125
3674737467,373490841
3674737467,15391813
3674737467,460160127
3674737467,14758257
