368570186,806271169
368570186,17469492
368570186,14634720
368570186,324924940
368570186,202938815
368570186,2338375844
368570186,306188965
368570186,425167544
368570186,4134947855
368570186,2206897086
368570186,4706776456
368570186,2834511
368570186,2718071340
368570186,89931361
368570186,3070025839
368570186,1912819758
368570186,2872819488
368570186,304413145
368570186,2906962900
368570186,128636277
368570186,2974636437
368570186,4216482747
368570186,24733117
368570186,1158085357
368570186,4663649713
368570186,1259139739
368570186,3044834795
368570186,4288322237
368570186,60877603
368570186,1933042237
368570186,4088243776
368570186,60783724
368570186,34262462
368570186,80817491
368570186,3956301615
368570186,3035648187
368570186,3448164136
368570186,2527461254
368570186,3011235634
368570186,3287794322
368570186,168783540
368570186,4210078906
368570186,61191571
368570186,217749896
368570186,3190498912
368570186,262749118
368570186,764514691
368570186,545176684
368570186,21881441
368570186,566650812
368570186,29479859
368570186,20143373
368570186,325684924
368570186,19341389
368570186,287413569
368570186,76966092
368570186,36637021
368570186,2748944294
368570186,259649352
368570186,3668095996
368570186,2982404955
368570186,2413938919
368570186,2650351980
368570186,1011129121
368570186,23746425
368570186,14856056
368570186,1960825746
368570186,3151023086
368570186,2805926353
368570186,21790272
368570186,430775674
368570186,726738522
368570186,282228394
368570186,17680944
368570186,505113334
368570186,53210455
368570186,120207925
368570186,77540948
368570186,137369125
368570186,3450097941
368570186,427958206
368570186,2680350607
368570186,1137332546
368570186,270703702
368570186,2893393803
368570186,2785663088
368570186,2905088730
368570186,2684746102
368570186,3347072560
368570186,119646271
368570186,2996469257
368570186,2498102847
368570186,3295613883
368570186,1115348904
368570186,1694040764
368570186,2916305152
368570186,2287887180
368570186,349979855
368570186,3377188983
368570186,1263916987
368570186,2290728422
368570186,607523139
368570186,2535776749
368570186,2241227238
368570186,820237818
368570186,23839835
368570186,27212264
368570186,192881357
368570186,98662638
368570186,1633453286
368570186,605331246
368570186,123275493
368570186,318408737
368570186,17284228
368570186,234786485
368570186,2329236396
368570186,162876920
368570186,2759081185
368570186,319675272
368570186,15149012
368570186,117777690
368570186,2955155603
368570186,175439376
368570186,2285292157
368570186,1853524352
368570186,23583267
368570186,589612190
368570186,3406104743
368570186,2284066573
368570186,3250705197
368570186,482133423
368570186,2379700903
368570186,116716199
368570186,3261950525
368570186,2709971630
368570186,599110041
368570186,5357812
368570186,1963312058
368570186,1367974088
368570186,30313925
368570186,19417197
368570186,499890174
368570186,30815935
368570186,37153105
368570186,2152614386
368570186,2308777051
368570186,59490293
368570186,15007149
368570186,12975572
368570186,524610484
368570186,47813521
368570186,823044884
368570186,2292454922
368570186,145758202
368570186,32429400
368570186,158342368
368570186,90379747
368570186,3319401585
368570186,226890990
368570186,3166526649
368570186,3060939895
368570186,49733717
368570186,2607123872
368570186,2414799324
368570186,322817239
368570186,401775393
368570186,629798466
368570186,1261005870
368570186,18458170
368570186,248187579
368570186,2466318763
368570186,214049360
368570186,1169586362
368570186,3220546630
368570186,1075324656
368570186,2969760609
368570186,53017384
368570186,633485518
368570186,2341139364
368570186,377976301
368570186,3047646472
368570186,574692308
368570186,57241134
368570186,1378596505
368570186,190209492
368570186,423631401
368570186,17965523
368570186,20481058
368570186,2989646794
368570186,15234407
368570186,19515424
368570186,84920824
368570186,2203786218
368570186,314476479
368570186,2304034704
368570186,160952087
368570186,75742264
368570186,198321619
368570186,430142420
368570186,3055067522
368570186,25356462
368570186,338930010
368570186,2315763655
368570186,20147730
368570186,33683331
368570186,1626294277
368570186,52084584
368570186,219082452
368570186,371270387
368570186,330344390
368570186,219667972
368570186,1554404876
368570186,701858228
368570186,15066876
368570186,1920694380
368570186,27966935
368570186,2557274130
368570186,271413771
368570186,1404590618
368570186,153810519
368570186,932196612
368570186,1480749782
368570186,371889274
368570186,15529670
368570186,124690469
368570186,46520074
368570186,92034115
368570186,151395664
368570186,14704278
368570186,33927228
368570186,6531902
368570186,2865730685
368570186,102700680
368570186,38146999
368570186,3459051
368570186,20582958
368570186,2264785178
368570186,171000782
368570186,453815493
368570186,19976630
368570186,873777758
368570186,158679118
368570186,74382140
368570186,59394443
368570186,28565356
368570186,207660339
368570186,1192644307
368570186,42935670
368570186,282063958
368570186,975805044
368570186,1262320285
368570186,1111517431
368570186,45542386
368570186,205172946
368570186,184756856
368570186,278020492
368570186,1161375596
368570186,300876599
368570186,125403342
368570186,44411598
368570186,242741229
368570186,83593936
368570186,462775249
368570186,467551928
368570186,32357365
368570186,294176860
368570186,20770862
368570186,25049056
368570186,24506246
368570186,788524
368570186,17990493
368570186,2233420340
368570186,304287573
368570186,123109597
368570186,343447873
368570186,294028805
368570186,79155037
368570186,948552829
368570186,55355654
368570186,47350606
368570186,18022037
368570186,53347647
368570186,2902138622
368570186,19600252
368570186,205750967
368570186,217422465
368570186,575269517
368570186,2599249849
368570186,451586190
368570186,19232649
368570186,2220009464
368570186,2438273430
368570186,20058825
368570186,2840378924
368570186,61430988
368570186,540948318
368570186,5680622
368570186,15010349
368570186,7197752
368570186,20562637
368570186,282272701
368570186,318502332
368570186,39793149
368570186,130157278
368570186,2371776966
368570186,104154637
368570186,207441433
368570186,84883547
368570186,2780900078
368570186,61781260
368570186,1225696320
368570186,16708655
368570186,14700117
368570186,14281853
368570186,14291684
368570186,358204197
368570186,2347049341
368570186,29422232
368570186,19017675
368570186,6467332
368570186,950249762
368570186,50591603
368570186,18762875
368570186,161243998
368570186,100731315
368570186,2803587655
368570186,460163041
368570186,869894239
368570186,268357486
368570186,112474129
368570186,1545333888
368570186,2809208090
368570186,15318242
368570186,606325697
368570186,109241118
368570186,39516018
368570186,112186577
368570186,43196287
368570186,239966201
368570186,2575941744
368570186,2462356590
368570186,2394094423
368570186,236786367
368570186,85286794
368570186,2239533698
368570186,2613612890
368570186,33170847
368570186,1513718124
368570186,275132657
368570186,1222717968
368570186,12609292
368570186,108631068
368570186,56405441
368570186,344621545
368570186,1311173616
368570186,68342564
368570186,19287037
368570186,16973333
368570186,87818409
368570186,14138785
368570186,260654380
368570186,2649991
368570186,25067168
368570186,57044449
368570186,14333754
368570186,159950527
368570186,19277186
368570186,20596281
368570186,25531164
368570186,125995973
368570186,50995683
368570186,38823427
368570186,25390350
368570186,392741474
368570186,20840441
368570186,300868924
368570186,205315827
368570186,21223877
368570186,28114871
368570186,304876789
368570186,19003991
368570186,65322179
368570186,183622298
368570186,139909832
368570186,348554765
368570186,559743944
368570186,80803819
368570186,460966881
368570186,14224719
368570186,83466368
368570186,1690412382
368570186,304909941
368570186,34423857
368570186,16569045
368570186,210399196
368570186,1375245122
368570186,21313364
368570186,68440549
368570186,20043573
368570186,38142665
368570186,24744541
368570186,8350912
368570186,17169453
368570186,4898091
368570186,133880286
368570186,14758257
368570186,15391813
368570186,395388847
368570186,14808226
368570186,258790331
368570186,17006157
368570186,21492030
368570186,567272864
368570186,707727883
368570186,141158796
368570186,257415817
368570186,378238586
368570186,20503242
368570186,71556008
368570186,22627258
368570186,116729780
368570186,201201906
368570186,239767060
368570186,43317911
368570186,27054706
368570186,19472578
368570186,420473588
368570186,597665939
368570186,2159264468
368570186,1485135691
368570186,19945108
368570186,493420732
368570186,2431729424
368570186,199196447
368570186,93687642
368570186,2532210686
368570186,140513120
368570186,54222477
368570186,23341062
368570186,856010760
368570186,169426475
368570186,16600393
368570186,23339387
368570186,45253549
368570186,3108351
368570186,2467791
368570186,24150634
368570186,51241574
368570186,206717989
368570186,19593640
368570186,36329597
368570186,2348222067
368570186,2197487762
368570186,14746456
368570186,8884772
368570186,48300067
368570186,50364803
368570186,27658009
368570186,351206638
368570186,1206157080
368570186,21114659
368570186,430250670
368570186,81119708
368570186,1362894067
368570186,2193867632
368570186,330356972
368570186,69231187
368570186,18213483
368570186,20646711
368570186,869825995
368570186,14159148
368570186,14095052
368570186,14361155
368570186,14700316
368570186,141137711
368570186,5988062
368570186,69032746
368570186,80820758
368570186,28332028
368570186,18814998
368570186,177179008
368570186,376819013
368570186,19722343
368570186,198618575
368570186,17675072
368570186,157981564
368570186,196994616
368570186,50055701
368570186,813286
368570186,122994639
368570186,103065157
368570186,14436030
368570186,813899491
368570186,209944791
368570186,612473
368570186,7996082
368570186,23263743
368570186,19921389
368570186,17693232
368570186,18135386
368570186,20781929
368570186,224178630
368570186,24241544
368570186,14925700
368570186,17884125
368570186,23585685
368570186,16451028
368570186,42586014
368570186,25535042
368570186,26276346
368570186,15392221
368570186,2561091
368570186,18851248
368570186,17163446
368570186,8665852
368570186,807095
368570186,16153562
368570186,1877831
368570186,2097571
368570186,5402612
368570186,47636400
368570186,18424289
368570186,16589206
368570186,1652541
368570186,64643056
368570186,621533
