372897688,3114313702
372897688,1160522600
372897688,34911505
372897688,14480339
372897688,146782297
372897688,124139163
372897688,15391813
372897688,165680323
372897688,19663485
372897688,712661689
372897688,807024728
372897688,113683910
372897688,395388847
372897688,498086098
372897688,94081671
372897688,379618780
372897688,436662779
372897688,40882376
372897688,1952517822
372897688,619068471
372897688,2162931914
372897688,131123691
372897688,163029889
372897688,87704709
372897688,282000518
372897688,172775167
372897688,201657301
372897688,1648022575
372897688,60685572
372897688,325447165
372897688,2918100371
372897688,282456521
372897688,135065054
372897688,19391273
372897688,400053935
372897688,56412100
372897688,1203570097
372897688,130865317
372897688,39473747
372897688,862936790
372897688,2813373643
372897688,367785962
372897688,889461709
372897688,948552829
372897688,91543295
372897688,2927205058
372897688,841416571
372897688,518251805
372897688,376920415
372897688,366823626
372897688,768288811
372897688,569414436
372897688,2220204336
372897688,509270970
372897688,202592864
372897688,1920286645
372897688,3291441743
372897688,485287972
372897688,3212162777
372897688,3158960742
372897688,411649872
372897688,3090764597
372897688,3113777031
372897688,587403313
372897688,117476076
372897688,113647931
372897688,171314974
372897688,132000118
372897688,771903272
372897688,1657654626
372897688,201914018
372897688,194643654
372897688,404292675
372897688,176863974
372897688,980103140
372897688,2647260626
372897688,2923724679
372897688,255976193
372897688,227991613
372897688,2885796653
372897688,2335546560
372897688,828885158
372897688,298440997
372897688,2925722493
372897688,377346055
372897688,2849985623
372897688,762479442
372897688,596893898
372897688,1330457336
372897688,2455172852
372897688,50101725
372897688,198923144
372897688,17261818
372897688,36329597
372897688,1920228356
372897688,1514419766
372897688,343922384
372897688,757035925
372897688,89800206
372897688,256925390
372897688,261532044
372897688,189087349
372897688,2304820261
372897688,88940621
372897688,2837959553
372897688,91115300
372897688,63166445
372897688,1217748024
372897688,2789899536
372897688,856587308
372897688,57331275
372897688,45618045
372897688,70985635
372897688,1639309946
372897688,587353890
372897688,1134752768
372897688,522157793
372897688,363110413
372897688,1160087743
372897688,272428307
372897688,87162538
372897688,619019151
372897688,608167078
372897688,525553846
372897688,2453403526
372897688,2327359038
372897688,545243798
372897688,44401732
372897688,202647483
372897688,328905677
372897688,180787896
372897688,104557267
372897688,123818702
372897688,63478711
372897688,1958570954
372897688,34711527
372897688,407002473
372897688,24919308
372897688,15174079
372897688,33591540
372897688,85469815
372897688,34570810
372897688,25387183
372897688,307626863
372897688,561975585
372897688,1707402152
372897688,17650854
372897688,362343279
372897688,16935292
372897688,2189742522
372897688,35428478
372897688,51757413
372897688,211848704
372897688,1580023920
372897688,50604513
372897688,1342424521
372897688,29428311
372897688,209009539
372897688,243925847
372897688,58173016
372897688,761237964
372897688,256512794
372897688,2529616434
372897688,2359377054
372897688,621222118
372897688,399156475
372897688,23424509
372897688,314472089
372897688,628215097
372897688,337747379
372897688,244452760
372897688,22504984
372897688,246295597
372897688,88643806
372897688,543318085
372897688,1244720552
372897688,973628467
372897688,432396256
372897688,2371727666
372897688,2480110932
372897688,1122531349
372897688,125673026
372897688,438215563
372897688,17967322
372897688,2296014506
372897688,2325553862
372897688,1243282393
372897688,364753171
372897688,1464255714
372897688,401382582
372897688,80475008
372897688,973912734
372897688,1607719616
372897688,189931133
372897688,309978842
372897688,79145543
372897688,46375782
372897688,121131549
372897688,74506358
372897688,251841349
372897688,337059634
372897688,290019083
372897688,820475288
372897688,1257239767
372897688,21001033
372897688,28145061
372897688,120153772
372897688,49566762
372897688,613274398
372897688,38751529
372897688,22972898
372897688,571072597
372897688,1133488128
372897688,53055944
372897688,597917107
372897688,2286245149
372897688,1142720066
372897688,64305161
372897688,1156846290
372897688,16743561
372897688,1241769787
372897688,1322129574
372897688,118379144
372897688,376180305
372897688,280386299
372897688,29979814
372897688,522138242
372897688,613469003
372897688,20982835
372897688,106959959
372897688,24274948
372897688,759373921
372897688,249568709
372897688,1563482935
372897688,35773039
372897688,1037429810
372897688,290061912
372897688,146793059
372897688,57271025
372897688,76858507
372897688,64385029
372897688,326071800
372897688,317042569
372897688,71488139
372897688,257046157
372897688,459416189
372897688,189107134
372897688,138183480
372897688,388406428
372897688,289254990
372897688,15492359
372897688,315339776
372897688,232562228
372897688,321848494
372897688,386745239
372897688,65472273
372897688,229046581
372897688,61375366
372897688,30000912
372897688,16027225
372897688,604078115
372897688,587525298
372897688,174329465
372897688,88902818
372897688,24352612
372897688,255117773
372897688,99934209
372897688,110138206
372897688,46470015
372897688,260928758
372897688,70993934
372897688,69389879
372897688,47578766
372897688,108631068
372897688,105231326
372897688,175892144
372897688,217422465
372897688,53096584
372897688,17001490
372897688,470194967
372897688,110486147
372897688,11695472
372897688,104277809
372897688,50995683
372897688,20226248
372897688,65150447
372897688,25390350
372897688,56392389
372897688,257415817
372897688,119056068
372897688,198618575
372897688,67702044
372897688,105328660
372897688,116729780
372897688,742143
372897688,38146999
372897688,153026901
372897688,59394443
372897688,27860681
372897688,50344099
372897688,20646711
372897688,14499829
372897688,22481098
372897688,19590009
372897688,115099953
372897688,21303235
372897688,19277186
372897688,19177501
372897688,196994616
372897688,376819013
372897688,270415156
372897688,14055301
372897688,14808226
372897688,20596281
372897688,84114313
372897688,21223877
372897688,80803819
372897688,389129677
372897688,125995973
372897688,92556620
372897688,609224309
372897688,110686923
372897688,399335041
372897688,353082623
372897688,166470048
372897688,558993072
372897688,420371598
372897688,220983575
372897688,32057091
372897688,112221953
372897688,437783313
372897688,102732174
372897688,16153562
372897688,17137628
372897688,5120691
372897688,174228676
372897688,94657978
372897688,5402612
372897688,18311310
372897688,28305677
372897688,432056631
372897688,217752780
372897688,240447091
372897688,69231187
372897688,324323611
372897688,130810427
372897688,47369006
372897688,376776031
372897688,17989134
372897688,246503663
372897688,16533448
372897688,105199930
372897688,123109597
372897688,4970411
372897688,82068157
372897688,159950527
372897688,289902303
372897688,384901234
372897688,49597698
372897688,397219264
372897688,53408652
372897688,21081020
372897688,22605506
372897688,8516062
372897688,355768131
372897688,305988288
372897688,365934673
372897688,224663627
372897688,90847585
372897688,154183852
372897688,115102341
372897688,24150634
372897688,14159148
372897688,14361155
372897688,14700316
372897688,56405441
372897688,157981564
372897688,181051476
