37515320,14481132
37515320,451075784
37515320,2390036263
37515320,123323670
37515320,22531295
37515320,43869790
37515320,50602093
37515320,74286565
37515320,50393960
37515320,496152307
37515320,21287076
37515320,1718683716
37515320,319784013
37515320,8159472
37515320,140070953
37515320,627673190
37515320,78774644
37515320,82381798
37515320,1075482954
37515320,2739209709
37515320,61457123
37515320,2979507555
37515320,14362622
37515320,750125480
37515320,761398686
37515320,2158992326
37515320,19712523
37515320,26775098
37515320,1473020244
37515320,313420576
37515320,1302586123
37515320,437767342
37515320,87460291
37515320,524822056
37515320,2532304525
37515320,188214803
37515320,407277419
37515320,124139163
37515320,252753618
37515320,460702712
37515320,940270308
37515320,550283734
37515320,581641820
37515320,572470115
37515320,948552829
37515320,1097836022
37515320,2405549474
37515320,33895079
37515320,25319819
37515320,1122415976
37515320,40872043
37515320,282698281
37515320,29294158
37515320,377048467
37515320,18244358
37515320,22692199
37515320,17842366
37515320,60026862
37515320,1615685677
37515320,82596139
37515320,204417294
37515320,17471979
37515320,60308942
37515320,191750596
37515320,17918891
37515320,184997446
37515320,117662694
37515320,1413587545
37515320,14749606
37515320,2810000818
37515320,15320887
37515320,1690412382
37515320,22411875
37515320,82579152
37515320,2230601576
37515320,1952708353
37515320,242346557
37515320,375871892
37515320,1055490565
37515320,1184184704
37515320,1022903208
37515320,21600901
37515320,70186440
37515320,251716551
37515320,34076997
37515320,78150883
37515320,66740930
37515320,19903099
37515320,19564523
37515320,123754656
37515320,372176193
37515320,246394527
37515320,44068922
37515320,115485051
37515320,787978573
37515320,182721799
37515320,347295678
37515320,366615527
37515320,53516043
37515320,195378817
37515320,59602337
37515320,312110438
37515320,25305476
37515320,17827029
37515320,277495114
37515320,395388847
37515320,19391470
37515320,21138477
37515320,155659213
37515320,8665572
37515320,16632149
37515320,34423857
37515320,453304391
37515320,49781518
37515320,20843014
37515320,19921389
37515320,19686295
37515320,19247625
37515320,21195865
37515320,20781929
37515320,8728392
37515320,19590728
37515320,24526268
37515320,19019970
37515320,29214466
37515320,24241544
37515320,20533765
37515320,21323268
37515320,281217586
37515320,634585526
37515320,201666897
37515320,10228272
37515320,241634997
37515320,25982907
37515320,16171953
37515320,20511502
37515320,157981564
37515320,180505807
37515320,25535042
37515320,31711123
37515320,40927804
37515320,149251447
37515320,29716594
37515320,21182676
37515320,163893329
37515320,226531436
37515320,550878926
37515320,15005991
37515320,20809515
37515320,19488569
37515320,34352191
37515320,9808422
37515320,26715997
37515320,213593961
37515320,94081671
37515320,19796393
37515320,25657017
37515320,17884125
37515320,16631693
37515320,268224463
37515320,177920794
37515320,18135386
37515320,16451028
37515320,1652541
37515320,22167237
37515320,20766111
37515320,14758257
37515320,19033555
37515320,20586517
37515320,18075140
37515320,217109340
37515320,41171144
37515320,6787852
37515320,59559336
37515320,138220302
37515320,127782017
37515320,64167996
37515320,40019154
37515320,353113604
37515320,28210976
37515320,16839018
37515320,229855540
37515320,17930503
37515320,14037882
37515320,18980525
37515320,19656265
37515320,23484304
37515320,32069710
37515320,25801301
37515320,56352258
37515320,19889294
37515320,21783395
37515320,31237480
37515320,95258700
37515320,23585685
37515320,20667335
37515320,24509989
37515320,17989888
37515320,24971172
37515320,43959578
37515320,21747774
37515320,20062102
37515320,21066857
37515320,14159148
37515320,5988062
37515320,624413
37515320,25073877
37515320,20136521
37515320,243612312
37515320,53034041
37515320,35779304
37515320,18803740
37515320,22903765
37515320,116940151
37515320,100986718
37515320,19405367
37515320,14800270
37515320,33198362
37515320,19394887
37515320,19674652
37515320,19932107
37515320,59583345
37515320,19973332
37515320,20560841
37515320,33041180
37515320,177191633
37515320,19689047
37515320,813286
37515320,29626939
37515320,29949918
37515320,91561315
37515320,91623867
37515320,70235774
37515320,16632219
37515320,59090901
37515320,54393525
37515320,60720689
37515320,807095
37515320,21389998
37515320,30313925
37515320,17220934
37515320,5120691
37515320,14293310
37515320,19186180
37515320,15683146
37515320,33292069
37515320,24443968
37515320,19264748
37515320,19627304
37515320,19663485
37515320,16951979
37515320,23263743
37515320,17163446
37515320,15391813
37515320,15392221
37515320,8665852
37515320,17311493
37515320,2561091
