3774997119,3428263281
3774997119,1070242490
3774997119,3434592442
3774997119,1917468630
3774997119,2153395775
3774997119,2881577284
3774997119,393292077
3774997119,713145459
3774997119,1912076586
3774997119,2712086337
3774997119,1262568073
3774997119,2708448310
3774997119,400596570
3774997119,383732447
3774997119,365829725
3774997119,74384692
3774997119,350831951
3774997119,566680694
3774997119,1484631318
3774997119,618073271
3774997119,920760138
3774997119,3189575389
3774997119,3675807376
3774997119,104417578
3774997119,3254406354
3774997119,3037789322
3774997119,154675509
3774997119,3307370387
3774997119,2254246069
3774997119,868236746
3774997119,21016387
3774997119,291557868
3774997119,1407892861
3774997119,264164654
3774997119,220188142
3774997119,2624299231
3774997119,563093420
3774997119,785318689
3774997119,401238304
3774997119,1886071866
3774997119,36078542
3774997119,2528768236
3774997119,17173144
3774997119,2435310141
3774997119,3101481833
3774997119,16349463
3774997119,353746789
3774997119,106830010
3774997119,162089811
3774997119,29092865
3774997119,11664092
3774997119,377008435
3774997119,98435229
3774997119,24688868
3774997119,12497362
3774997119,289480293
3774997119,3320722841
3774997119,2477503298
3774997119,10799642
3774997119,19674652
3774997119,17919972
3774997119,232182694
3774997119,1536087474
3774997119,20009338
3774997119,47903269
3774997119,466539505
3774997119,97908282
3774997119,11862072
3774997119,19534202
3774997119,1096233655
3774997119,139700825
3774997119,23458084
3774997119,20618678
3774997119,197927483
3774997119,1013400612
3774997119,3027342537
3774997119,15951863
3774997119,108097934
3774997119,19415798
3774997119,9639292
3774997119,56503223
3774997119,2262705625
3774997119,71530380
3774997119,90013394
3774997119,231703688
3774997119,167399649
3774997119,21769623
3774997119,23106525
3774997119,1117046706
3774997119,20560841
3774997119,14946308
3774997119,394600810
3774997119,22176845
3774997119,2907870629
3774997119,216083156
3774997119,724158836
3774997119,42659820
3774997119,268236835
3774997119,17624543
3774997119,66140425
3774997119,24881331
3774997119,3044738957
3774997119,21417835
3774997119,1382404544
3774997119,23837271
3774997119,38400294
3774997119,485677780
3774997119,955063303
3774997119,47622979
3774997119,1210300506
3774997119,2988201131
3774997119,19044557
3774997119,16632149
3774997119,448356091
3774997119,17745219
3774997119,43346844
3774997119,65397511
3774997119,1889832038
3774997119,162869280
3774997119,366665185
3774997119,2607219787
3774997119,17595890
3774997119,1023139638
3774997119,35630620
3774997119,118204606
3774997119,34423857
3774997119,1255030290
3774997119,23375688
3774997119,817975424
3774997119,18075140
3774997119,391306391
3774997119,8665572
3774997119,184910040
3774997119,26565946
3774997119,19921389
3774997119,2561091
3774997119,51752519
3774997119,49573859
3774997119,3308220370
3774997119,21309551
3774997119,115485051
3774997119,82602399
3774997119,292567931
3774997119,1534495273
3774997119,360230512
3774997119,909186090
3774997119,1558141890
3774997119,14758257
3774997119,57022252
3774997119,21447363
3774997119,16409683
3774997119,20448566
3774997119,24784028
3774997119,19033555
3774997119,312341849
3774997119,454843106
3774997119,568653508
3774997119,16451028
3774997119,15392221
3774997119,2602145380
3774997119,79293791
3774997119,14562960
3774997119,1613910446
3774997119,1362132925
3774997119,18863815
3774997119,283038024
3774997119,21050755
3774997119,651433
3774997119,21390674
3774997119,611227644
3774997119,70186440
3774997119,15846407
3774997119,26276346
3774997119,74754957
3774997119,761801714
3774997119,19529777
3774997119,155659213
3774997119,8662472
3774997119,16548023
3774997119,3373791
3774997119,16854780
3774997119,14995420
3774997119,17163446
3774997119,1615685677
3774997119,17311493
3774997119,19391470
3774997119,18221807
3774997119,50707383
3774997119,16171953
3774997119,19564523
3774997119,435103177
3774997119,21783395
3774997119,49781518
3774997119,15391813
3774997119,328980753
3774997119,9695312
3774997119,25365536
3774997119,94081671
3774997119,484962664
3774997119,19264748
3774997119,15439395
3774997119,44409004
3774997119,23585685
3774997119,14856333
3774997119,181637383
3774997119,21389998
3774997119,414736352
3774997119,19520439
3774997119,19889294
3774997119,251716551
3774997119,124139163
3774997119,22900663
3774997119,18944007
3774997119,65992743
3774997119,21111883
3774997119,23011527
3774997119,341604345
3774997119,15485441
3774997119,382613598
3774997119,19663485
3774997119,96109537
3774997119,19247625
3774997119,97488105
3774997119,14230524
3774997119,22827600
3774997119,93230391
3774997119,19405367
3774997119,20856282
3774997119,28602624
3774997119,50751556
3774997119,19186180
3774997119,140091998
3774997119,41878061
3774997119,23263743
3774997119,10373612
3774997119,27260086
3774997119,15683146
3774997119,18679659
3774997119,85908999
3774997119,19394887
3774997119,17980026
3774997119,19490380
3774997119,16513161
3774997119,83134773
3774997119,23421880
