38230120,3947105242
38230120,2192290724
38230120,2261987649
38230120,526808009
38230120,2532196623
38230120,2764628845
38230120,27389854
38230120,2362778971
38230120,2765842798
38230120,104636637
38230120,25661574
38230120,948552829
38230120,2728551676
38230120,458728203
38230120,168399651
38230120,281298965
38230120,374247246
38230120,251942144
38230120,604942155
38230120,189038008
38230120,18171035
38230120,175887923
38230120,2432785152
38230120,634226164
38230120,2750195648
38230120,272207312
38230120,629416665
38230120,3407459081
38230120,30343740
38230120,56295940
38230120,3490154292
38230120,2930015369
38230120,3379562392
38230120,372812630
38230120,19753019
38230120,2657914215
38230120,2586983251
38230120,2851686350
38230120,2288755662
38230120,2866939715
38230120,2787929325
38230120,197863865
38230120,107428718
38230120,1163500382
38230120,318525412
38230120,255707941
38230120,1126456778
38230120,21889656
38230120,2401702404
38230120,2768802740
38230120,784574954
38230120,4334127094
38230120,383481517
38230120,3013114995
38230120,2385999246
38230120,276916947
38230120,45013575
38230120,43237463
38230120,159225370
38230120,3958774695
38230120,3586505061
38230120,835314156
38230120,300368130
38230120,3397449574
38230120,4004618675
38230120,1616589102
38230120,171370298
38230120,2336468364
38230120,3269701
38230120,16298826
38230120,374222062
38230120,570203098
38230120,425784024
38230120,275155913
38230120,3309347867
38230120,3065868933
38230120,3027844777
38230120,2350354386
38230120,2918965260
38230120,3303744746
38230120,153236316
38230120,142651417
38230120,3215622471
38230120,26595392
38230120,3345916012
38230120,1262477214
38230120,2337874352
38230120,2910404614
38230120,3325786714
38230120,3150671658
38230120,3322758835
38230120,306483386
38230120,98220017
38230120,18045145
38230120,716548950
38230120,150956563
38230120,142848253
38230120,40741411
38230120,587453823
38230120,355609230
38230120,357032926
38230120,333109698
38230120,3306656584
38230120,30118503
38230120,855106194
38230120,70714105
38230120,512108462
38230120,2303915546
38230120,3689700202
38230120,774557125
38230120,3009026375
38230120,399614856
38230120,11449742
38230120,110822488
38230120,3145648465
38230120,2879684244
38230120,24311736
38230120,429423461
38230120,64643056
38230120,3348521363
38230120,1233670405
38230120,3093235696
38230120,3017954560
38230120,500986394
38230120,1346290472
38230120,317856149
38230120,726812666
38230120,3313698122
38230120,2933941372
38230120,115816721
38230120,709095240
38230120,255318691
38230120,621375683
38230120,2190527839
38230120,3220892065
38230120,3287578231
38230120,129258683
38230120,168834256
38230120,224214372
38230120,396268034
38230120,1013566315
38230120,3185874301
38230120,29975236
38230120,3129038775
38230120,482992067
38230120,157393837
38230120,849761964
38230120,218365673
38230120,75713832
38230120,53730401
38230120,275390025
38230120,351695028
38230120,2878313230
38230120,253254520
38230120,2886623266
38230120,31439804
38230120,87108496
38230120,2252923388
38230120,248429004
38230120,49434736
38230120,2535801727
38230120,77331971
38230120,505446927
38230120,121862868
38230120,2644983042
38230120,51547827
38230120,2411272644
38230120,220147622
38230120,71870604
38230120,2174221582
38230120,68548594
38230120,19633066
38230120,2756082197
38230120,718801879
38230120,1485966037
38230120,1247627376
38230120,526114597
38230120,78497743
38230120,322678989
38230120,162987397
38230120,533655224
38230120,334156629
38230120,300684118
38230120,2677381168
38230120,2259937434
38230120,218643915
38230120,314813166
38230120,549788597
38230120,382184287
38230120,219126735
38230120,830302496
38230120,3020216134
38230120,2607817698
38230120,596530442
38230120,127683262
38230120,519002129
38230120,2288138575
38230120,1939370880
38230120,2178896264
38230120,74618568
38230120,776464958
38230120,17093617
38230120,1040247822
38230120,2444736756
38230120,2428119691
38230120,143119004
38230120,327575196
38230120,284067362
38230120,878235842
38230120,1087241395
38230120,2571769329
38230120,25236571
38230120,368533349
38230120,468959604
38230120,15631713
38230120,2814666913
38230120,158342368
38230120,1708241036
38230120,29109731
38230120,2546899064
38230120,26002790
38230120,238849239
38230120,594966028
38230120,159941545
38230120,1457803506
38230120,1222224559
38230120,2916816827
38230120,820382809
38230120,618247752
38230120,1694283470
38230120,952243418
38230120,101103556
38230120,451526930
38230120,80445789
38230120,1720979761
38230120,280288766
38230120,62088991
38230120,114487640
38230120,169993577
38230120,282416044
38230120,717333762
38230120,532728369
38230120,39150277
38230120,249173769
38230120,2854779090
38230120,162084171
38230120,2768566209
38230120,2230616870
38230120,50907102
38230120,88730893
38230120,1975354388
38230120,109000409
38230120,331646124
38230120,914951323
38230120,268974751
38230120,16063220
38230120,860074334
38230120,1416424242
38230120,2588431591
38230120,41657559
38230120,16069446
38230120,7063882
38230120,2291609227
38230120,2481964768
38230120,226725257
38230120,1353375888
38230120,2474947896
38230120,34119397
38230120,72361116
38230120,222626367
38230120,12624052
38230120,2582629795
38230120,2379633581
38230120,344767511
38230120,475335135
38230120,48263807
38230120,104311309
38230120,2708535325
38230120,373652883
38230120,272152241
38230120,133064643
38230120,195477011
38230120,2581436398
38230120,2359172732
38230120,189147481
38230120,56493083
38230120,814239811
38230120,168428942
38230120,313726242
38230120,148921520
38230120,491940203
38230120,701724612
38230120,41871902
38230120,261897786
38230120,353250492
38230120,168237661
38230120,75496615
38230120,2667501056
38230120,233644742
38230120,787409730
38230120,216377574
38230120,176249280
38230120,344982564
38230120,2474116621
38230120,1445637290
38230120,129650940
38230120,46930558
38230120,1559378234
38230120,519766053
38230120,49794009
38230120,351038953
38230120,201246685
38230120,332763614
38230120,15511942
38230120,94853172
38230120,67161793
38230120,117430497
38230120,84419825
38230120,245056117
38230120,1285999938
38230120,261779297
38230120,1368097670
38230120,181997781
38230120,1480996464
38230120,586727262
38230120,42016827
38230120,26974724
38230120,13683762
38230120,43280795
38230120,30595876
38230120,2604286602
38230120,2687965461
38230120,149531554
38230120,239133197
38230120,7481332
38230120,123373414
38230120,281199611
38230120,354847710
38230120,21101976
38230120,106545907
38230120,2262059215
38230120,2493433998
38230120,362511277
38230120,280871393
38230120,605727064
38230120,259713560
38230120,866676930
38230120,937295868
38230120,156402217
38230120,2320662102
38230120,48505632
38230120,27018644
38230120,67625574
38230120,380144031
38230120,2438878963
38230120,205408283
38230120,168828976
38230120,409627179
38230120,177270342
38230120,75627164
38230120,191658627
38230120,437572216
38230120,226745640
38230120,136633014
38230120,1118607061
38230120,904408964
38230120,285790059
38230120,165207957
38230120,883636873
38230120,353809257
38230120,1531943210
38230120,727116458
38230120,463485933
38230120,815098909
38230120,1898765972
38230120,159328558
38230120,555482717
38230120,20260707
38230120,78526572
38230120,216905335
38230120,535113128
38230120,1484324185
38230120,1437773515
38230120,1356921673
38230120,146633880
38230120,54095046
38230120,2238238274
38230120,588725463
38230120,119234423
38230120,16253877
38230120,188778475
38230120,164911268
38230120,2382589986
38230120,1723293512
38230120,369658375
38230120,179233026
38230120,172031864
38230120,51189850
38230120,132035467
38230120,51702476
38230120,199790382
38230120,421628990
38230120,236983359
38230120,58954659
38230120,145034808
38230120,624690119
38230120,58032139
38230120,204458208
38230120,65146574
38230120,127945285
38230120,284366479
38230120,116832910
38230120,178374085
38230120,522680124
38230120,114474974
38230120,49203309
38230120,258445294
38230120,33373501
38230120,502281810
38230120,444105477
38230120,347696813
38230120,72684110
38230120,196396167
38230120,94505346
38230120,61777212
38230120,187019629
38230120,109099383
38230120,151524371
38230120,2600940018
38230120,55659295
38230120,203379665
38230120,236296485
38230120,2263689001
38230120,333735649
38230120,461276783
38230120,1380207709
38230120,16976999
38230120,2360341806
38230120,141679755
38230120,19931547
38230120,67573492
38230120,272740225
38230120,1024104504
38230120,266974129
38230120,388576516
38230120,33661510
38230120,2416088899
38230120,55747979
38230120,274065369
38230120,439993437
38230120,107267630
38230120,14241468
38230120,361503196
38230120,148492811
38230120,900045860
38230120,234327602
38230120,71447779
38230120,104020962
38230120,346138648
38230120,593248492
38230120,449280282
38230120,319110361
38230120,43457838
38230120,136693663
38230120,1912987044
38230120,244211193
38230120,22321602
38230120,1400816076
38230120,41434130
38230120,143190971
38230120,160106968
38230120,92145427
38230120,118039151
38230120,17275677
38230120,31939931
38230120,201768671
38230120,213193486
38230120,322904473
38230120,14124686
38230120,40427880
38230120,705405870
38230120,1536464510
38230120,733674702
38230120,2573119693
38230120,42965298
38230120,1305303613
38230120,701857063
38230120,1681669302
38230120,370491259
38230120,377010911
38230120,87403396
38230120,73537049
38230120,227696883
38230120,162348588
38230120,280222136
38230120,66181705
38230120,1578413168
38230120,54308669
38230120,2388089144
38230120,162963185
38230120,600453513
38230120,2341627314
38230120,327039810
38230120,267855178
38230120,200384905
38230120,624651206
38230120,1697497698
38230120,2316710731
38230120,532301432
38230120,2325866778
38230120,571202103
38230120,205496595
38230120,84696056
38230120,312976790
38230120,262852267
38230120,58243654
38230120,31311757
38230120,38679388
38230120,92393934
38230120,93479608
38230120,63817183
38230120,157119868
38230120,43422577
38230120,107097050
38230120,176217358
38230120,27460823
38230120,45436081
38230120,2460657805
38230120,335452608
38230120,602550581
38230120,66847336
38230120,53486809
38230120,31628136
38230120,381066221
38230120,1623668984
38230120,286910984
38230120,217601441
38230120,198775581
38230120,411763301
38230120,310122357
38230120,411625326
38230120,28139332
38230120,336118514
38230120,2230537068
38230120,118131991
38230120,364760023
38230120,36007512
38230120,88723966
38230120,17874544
38230120,1671790974
38230120,842905494
38230120,1549053704
38230120,108680364
38230120,87533400
38230120,626914378
38230120,41715860
38230120,31329564
38230120,293059776
38230120,289969718
38230120,157394054
38230120,27250486
38230120,111497899
38230120,102827129
38230120,1376054072
38230120,192436546
38230120,20134414
38230120,202936398
38230120,486105152
38230120,2436550255
38230120,1237103234
38230120,18922709
38230120,483356046
38230120,1590784825
38230120,519876511
38230120,448489590
38230120,260729097
38230120,1730538366
38230120,355307031
38230120,27809306
38230120,194316356
38230120,33780529
38230120,488605451
38230120,893673733
38230120,2343215760
38230120,829962049
38230120,482383186
38230120,74008143
38230120,480742050
38230120,964220618
38230120,2180222485
38230120,1496102041
38230120,2410750533
38230120,150767837
38230120,1975502630
38230120,138471254
38230120,2199317030
38230120,493310408
38230120,1366429386
38230120,322780205
38230120,30718200
38230120,1311501408
38230120,399851490
38230120,615616485
38230120,792447822
38230120,414139934
38230120,152723635
38230120,97723204
38230120,506374558
38230120,244293586
38230120,1924364738
38230120,227706030
38230120,2355463352
38230120,14987931
38230120,903080918
38230120,46182377
38230120,36477202
38230120,1479773528
38230120,982476350
38230120,196871219
38230120,213320597
38230120,335641193
38230120,20250491
38230120,28447903
38230120,401093962
38230120,35735746
38230120,119454564
38230120,5441382
38230120,114858832
38230120,27024426
38230120,2421794854
38230120,278346028
38230120,2147483665
38230120,2398048946
38230120,572237017
38230120,31346892
38230120,394391195
38230120,51791266
38230120,1146162162
38230120,350081145
38230120,135161858
38230120,299863083
38230120,613645955
38230120,384859655
38230120,1544262618
38230120,2298535584
38230120,85137840
38230120,233714896
38230120,90230485
38230120,16214015
38230120,2149011691
38230120,85433463
38230120,255893202
38230120,291893824
38230120,347300732
38230120,394976395
38230120,125118038
38230120,1460253426
38230120,1960054033
38230120,1886503279
38230120,1939614996
38230120,67488429
38230120,283362415
38230120,322724839
38230120,1629415040
38230120,137887327
38230120,250312644
38230120,263281555
38230120,47035609
38230120,265512847
38230120,424430597
38230120,374715997
38230120,489687630
38230120,628566074
38230120,2269662668
38230120,843932233
38230120,2205328350
38230120,155459756
38230120,41582325
38230120,67768594
38230120,109687000
38230120,2188363915
38230120,267807647
38230120,340769001
38230120,82774980
38230120,149807459
38230120,335608150
38230120,50872093
38230120,163252798
38230120,1370990406
38230120,338647930
38230120,112436403
38230120,1371430712
38230120,61841037
38230120,45227685
38230120,18322639
38230120,239237520
38230120,267239876
38230120,930102211
38230120,302404697
38230120,189063568
38230120,376311344
38230120,20683840
38230120,28412286
38230120,1301412714
38230120,56855160
38230120,1252844269
38230120,23378828
38230120,246415544
38230120,127414146
38230120,516592477
38230120,71913812
38230120,68819547
38230120,54044060
38230120,141065582
38230120,840040507
38230120,46392463
38230120,1195453722
38230120,23399646
38230120,270732841
38230120,36443262
38230120,1393593229
38230120,529706327
38230120,141670131
38230120,1430828804
38230120,1649087191
38230120,60722831
38230120,362284562
38230120,84484722
38230120,867266077
38230120,453512752
38230120,224916991
38230120,279315494
38230120,145026661
38230120,170756440
38230120,186605634
38230120,94902519
38230120,443825138
38230120,171734141
38230120,120560669
38230120,64841828
38230120,340635940
38230120,1355881166
38230120,563192911
38230120,65711619
38230120,316135649
38230120,24108986
38230120,38802957
38230120,65564084
38230120,31006517
38230120,54451398
38230120,590439499
38230120,69922997
38230120,90067618
38230120,1326242533
38230120,43606474
38230120,15702861
38230120,15774491
38230120,64951437
38230120,114824414
38230120,106587824
38230120,1447831598
38230120,410970082
38230120,30347617
38230120,474032307
38230120,399131783
38230120,78071252
38230120,1883285676
38230120,782529043
38230120,316180314
38230120,1520202162
38230120,178804148
38230120,1880494140
38230120,311862736
38230120,1539885817
38230120,1358851003
38230120,1239779850
38230120,363289677
38230120,438897828
38230120,42123719
38230120,274782562
38230120,18364008
38230120,5707772
38230120,1295733618
38230120,38375851
38230120,233034692
38230120,307958154
38230120,311704089
38230120,54093356
38230120,1035933211
38230120,218014122
38230120,1413191276
38230120,18010184
38230120,1692278516
38230120,1250632230
38230120,316078015
38230120,1313640283
38230120,41751032
38230120,237009130
38230120,555562077
38230120,37294647
38230120,708127328
38230120,347323219
38230120,582202909
38230120,262016076
38230120,20649488
38230120,214109015
38230120,129257855
38230120,41979762
38230120,81271906
38230120,245857954
38230120,750649710
38230120,142977623
38230120,635078518
38230120,716225041
38230120,47864356
38230120,418235766
38230120,16871901
38230120,409611521
38230120,248692867
38230120,30231735
38230120,462357198
38230120,79531001
38230120,61553510
38230120,103413429
38230120,425964813
38230120,948754122
38230120,1642092763
38230120,21950633
38230120,1228312916
38230120,312064439
38230120,475126987
38230120,45148629
38230120,26885657
38230120,1601255340
38230120,289587441
38230120,520794146
38230120,137185144
38230120,553524044
38230120,472163878
38230120,566414140
38230120,46530396
38230120,344167902
38230120,41288256
38230120,14313180
38230120,1436400703
38230120,232246715
38230120,361042982
38230120,14051600
38230120,243364435
38230120,58009456
38230120,1314655802
38230120,131912819
38230120,115791151
38230120,30590460
38230120,24449385
38230120,5982772
38230120,299483511
38230120,455928350
38230120,1062200804
38230120,302905483
38230120,1319538696
38230120,146736194
38230120,26708431
38230120,54797928
38230120,233543018
38230120,134582376
38230120,163621493
38230120,5278851
38230120,117925776
38230120,1583782734
38230120,217604136
38230120,101770601
38230120,22694183
38230120,206696604
38230120,834072690
38230120,49125961
38230120,37202232
38230120,174874920
38230120,246616165
38230120,41725215
38230120,543081450
38230120,105624021
38230120,60123834
38230120,104049449
38230120,277598779
38230120,211685802
38230120,157110768
38230120,165035864
38230120,191720388
38230120,1075428889
38230120,54049237
38230120,155055593
38230120,30602598
38230120,840677960
38230120,239040203
38230120,1383318468
38230120,261790253
38230120,59034774
38230120,25172992
38230120,43248182
38230120,722895074
38230120,21640490
38230120,158614782
38230120,17235929
38230120,212310275
38230120,111223192
38230120,72138945
38230120,576899197
38230120,162228597
38230120,32485267
38230120,1401031081
38230120,1057678213
38230120,20913964
38230120,132768793
38230120,1357830498
38230120,422296403
38230120,45007929
38230120,345651193
38230120,770715889
38230120,989698908
38230120,410878788
38230120,128338858
38230120,61663616
38230120,591305346
38230120,554250367
38230120,17095739
38230120,363417269
38230120,153552047
38230120,516606388
38230120,433495658
38230120,372078964
38230120,466102375
38230120,68642059
38230120,487915949
38230120,30817614
38230120,178513660
38230120,340419304
38230120,301779034
38230120,48088490
38230120,777337688
38230120,455413031
38230120,164145162
38230120,366154778
38230120,139304557
38230120,67427821
38230120,19003727
38230120,27368808
38230120,42656035
38230120,41061694
38230120,88820428
38230120,569771733
38230120,243442402
38230120,164065064
38230120,276758672
38230120,123400200
38230120,418855090
38230120,246355151
38230120,347463287
38230120,297984493
38230120,531175299
38230120,9075022
38230120,41877202
38230120,1371040064
38230120,209780362
38230120,313728117
38230120,20767640
38230120,278583575
38230120,59947738
38230120,70508735
38230120,103810368
38230120,539122043
38230120,562828756
38230120,302323449
38230120,1069007455
38230120,94851136
38230120,138814032
38230120,247379224
38230120,93262964
38230120,177482188
38230120,104880597
38230120,270569315
38230120,356691864
38230120,292653895
38230120,295458330
38230120,237779638
38230120,421250489
38230120,991247809
38230120,300347476
38230120,145832333
38230120,193460959
38230120,118831647
38230120,544991457
38230120,479767217
38230120,6513332
38230120,348065024
38230120,93182755
38230120,768394812
38230120,239522756
38230120,185822733
38230120,527819101
38230120,104867130
38230120,807429751
38230120,329920639
38230120,80825919
38230120,127738730
38230120,321656973
38230120,45266183
38230120,736153022
38230120,302288855
38230120,547029251
38230120,35603853
38230120,65904217
38230120,238059421
38230120,6078952
38230120,1330930968
38230120,98442224
38230120,384056706
38230120,214038312
38230120,93478603
38230120,714680989
38230120,42082693
38230120,66805708
38230120,377706126
38230120,225445834
38230120,139475721
38230120,1006310497
38230120,543780973
38230120,77670703
38230120,21092323
38230120,16089776
38230120,152298182
38230120,18969411
38230120,15374496
38230120,340399707
38230120,80070602
38230120,348836123
38230120,46547272
38230120,65981697
38230120,43556261
38230120,591887268
38230120,358445205
38230120,5418002
38230120,1098754549
38230120,97121470
38230120,476303058
38230120,56245737
38230120,284754969
38230120,284597087
38230120,42321604
38230120,41668845
38230120,222589927
38230120,250776839
38230120,17919972
38230120,58899450
38230120,100731315
38230120,236585201
38230120,1130228486
38230120,220627806
38230120,18465245
38230120,149703368
38230120,339738592
38230120,67356744
38230120,103368665
38230120,306437598
38230120,61124197
38230120,69186070
38230120,374906612
38230120,82015262
38230120,36541348
38230120,513733582
38230120,814561105
38230120,101308092
38230120,412614528
38230120,218547714
38230120,65967048
38230120,124382080
38230120,359454702
38230120,70466678
38230120,179802813
38230120,28846573
38230120,335596300
38230120,1173373596
38230120,29301073
38230120,51872659
38230120,74086903
38230120,128345060
38230120,32731578
38230120,45730528
38230120,35035350
38230120,1104680364
38230120,69121602
38230120,620486782
38230120,426658264
38230120,72402972
38230120,276540738
38230120,49240278
38230120,25514710
38230120,46601071
38230120,71096934
38230120,39588448
38230120,119957316
38230120,66561957
38230120,10878872
38230120,130941003
38230120,276762311
38230120,876850735
38230120,127030786
38230120,173544494
38230120,474833666
38230120,929935200
38230120,32224965
38230120,250812631
38230120,24024323
38230120,516149175
38230120,139206806
38230120,481230628
38230120,775427772
38230120,17348057
38230120,71153736
38230120,349958368
38230120,134578155
38230120,42340168
38230120,314732660
38230120,752451074
38230120,41241103
38230120,31590081
38230120,528143368
38230120,63860862
38230120,108058119
38230120,181012453
38230120,111850072
38230120,280837732
38230120,250081321
38230120,228609209
38230120,162009789
38230120,39665039
38230120,420876143
38230120,511048195
38230120,63892833
38230120,61207257
38230120,422232865
38230120,190828550
38230120,72683518
38230120,246639380
38230120,26566637
38230120,532094911
38230120,52651224
38230120,31493060
38230120,479438703
38230120,40050564
38230120,286916638
38230120,54049294
38230120,223981066
38230120,71461029
38230120,46453843
38230120,102789756
38230120,17925531
38230120,63822611
38230120,33173939
38230120,118422024
38230120,224803031
38230120,54930650
38230120,33808317
38230120,131914880
38230120,267933419
38230120,36258297
38230120,91475466
38230120,131270682
38230120,106731762
38230120,46255905
38230120,25253913
38230120,199592610
38230120,72427186
38230120,124843312
38230120,42548711
38230120,27312027
38230120,41923982
38230120,37755788
38230120,253900263
38230120,54945238
38230120,149307414
38230120,26689428
38230120,66293805
38230120,130694070
38230120,249802042
38230120,281503351
38230120,49982456
38230120,112570023
38230120,29330019
38230120,256036921
38230120,172070884
38230120,40948223
38230120,15488243
38230120,74179387
38230120,113480959
38230120,13371792
38230120,32532614
38230120,41391651
38230120,26347170
38230120,100077324
38230120,98999833
38230120,81760602
