3899580269,45547319
3899580269,118854891
3899580269,116596951
3899580269,73480693
3899580269,175415823
3899580269,63961281
3899580269,107099168
3899580269,304329674
3899580269,4297740928
3899580269,51772806
3899580269,208610451
3899580269,426834798
3899580269,589804476
3899580269,17637572
3899580269,541023928
3899580269,389991462
3899580269,60024840
3899580269,296408517
3899580269,1049210606
3899580269,31099411
3899580269,95693963
3899580269,21390008
3899580269,113606059
3899580269,54880025
3899580269,20164413
3899580269,44994215
3899580269,18973489
3899580269,20717438
3899580269,2812936934
3899580269,475311020
3899580269,78258913
3899580269,34720571
3899580269,21759987
3899580269,166607010
3899580269,19712523
3899580269,13192972
3899580269,18049879
3899580269,4371102142
3899580269,4371727162
3899580269,7212562
3899580269,137460929
3899580269,12101862
3899580269,6449282
3899580269,260907612
3899580269,22536055
3899580269,5920532
3899580269,32388036
3899580269,106062176
3899580269,33875003
3899580269,56377143
3899580269,20823928
3899580269,124476322
3899580269,16898427
3899580269,20626359
3899580269,73481952
3899580269,821045162
3899580269,253340062
3899580269,18332190
3899580269,34352191
3899580269,45621423
3899580269,62870466
3899580269,1184353334
3899580269,14589119
3899580269,18909186
3899580269,11399812
3899580269,1382404544
3899580269,2903715045
3899580269,3271458271
3899580269,4371370577
3899580269,495800154
3899580269,4372063467
3899580269,14176375
3899580269,3156986948
3899580269,3106322695
3899580269,2452506506
3899580269,180247011
3899580269,1343254374
3899580269,2881582077
3899580269,1378464944
3899580269,461125512
3899580269,1345192783
3899580269,2214990156
3899580269,75030135
3899580269,445132811
3899580269,232874482
3899580269,1349849582
3899580269,3302250475
3899580269,34304970
3899580269,4371550228
3899580269,4455011412
3899580269,1489569102
3899580269,1013560244
3899580269,959041062
3899580269,3528839536
3899580269,1343172325
3899580269,2217361093
3899580269,2400924749
3899580269,1497018775
3899580269,970772994
3899580269,264164654
3899580269,794785812
3899580269,3570822323
3899580269,622063417
3899580269,391561229
3899580269,25730805
3899580269,4253572632
3899580269,16492352
3899580269,126783393
3899580269,14333754
3899580269,18944007
3899580269,418380713
3899580269,3044738957
3899580269,4371291855
3899580269,2707514588
3899580269,2230173613
3899580269,39056314
3899580269,4371461543
3899580269,3074782839
3899580269,2712259023
3899580269,2342079263
3899580269,254588661
3899580269,487563142
3899580269,2987970473
3899580269,2506947680
3899580269,191985864
3899580269,3826643182
3899580269,1610646036
3899580269,1673820865
3899580269,2255036665
3899580269,142730813
3899580269,1934413398
3899580269,955229336
3899580269,40872043
3899580269,1073336054
3899580269,61455260
3899580269,620034505
3899580269,4371185787
3899580269,4371342082
3899580269,263099844
3899580269,393028587
3899580269,4277381900
3899580269,493642155
3899580269,19596687
3899580269,51566870
3899580269,745002644
3899580269,4369044073
3899580269,533085085
3899580269,444838837
3899580269,171840420
3899580269,4113343337
3899580269,740336334
3899580269,259348780
3899580269,454395581
3899580269,932429090
3899580269,66740930
3899580269,329789735
3899580269,19903099
3899580269,333534411
3899580269,176210542
3899580269,124690469
3899580269,488731085
3899580269,1964571728
3899580269,4371508769
3899580269,282064204
3899580269,232855418
3899580269,550202880
3899580269,304596944
3899580269,1483024080
3899580269,258758307
3899580269,4179979642
3899580269,34949757
3899580269,19722435
3899580269,67420766
3899580269,140091998
3899580269,183387449
3899580269,151123001
3899580269,4025748915
3899580269,14872237
3899580269,3242637571
3899580269,21817509
3899580269,321928092
3899580269,2299367423
3899580269,19179687
3899580269,20511502
3899580269,19265059
3899580269,2932759888
3899580269,4898091
3899580269,22204459
3899580269,54078222
3899580269,546311167
3899580269,20676778
3899580269,34572451
3899580269,383410782
3899580269,8751502
3899580269,3723083062
3899580269,305192408
3899580269,485667658
3899580269,2854967621
3899580269,478072755
3899580269,3108402845
3899580269,447423264
3899580269,401271633
3899580269,2287263157
3899580269,1407927493
3899580269,2842713105
3899580269,4187767653
3899580269,3972702672
3899580269,3984918095
3899580269,1608357912
3899580269,4189219214
3899580269,4139159422
3899580269,3626953036
3899580269,1082879473
3899580269,4156174612
3899580269,3184902631
3899580269,2795641089
3899580269,86071272
3899580269,3948048641
3899580269,3261444395
3899580269,3273926281
3899580269,4300796133
3899580269,3617285658
3899580269,3999125833
3899580269,2570670306
3899580269,3152242899
3899580269,4310450603
3899580269,4262409134
3899580269,2754268514
3899580269,444100355
3899580269,4266730697
3899580269,3374218992
3899580269,1595816779
3899580269,3046845514
3899580269,35050231
3899580269,104080038
3899580269,31312811
3899580269,33959546
3899580269,121162178
3899580269,154374134
3899580269,57212186
3899580269,250781699
3899580269,33464600
3899580269,33403290
3899580269,39748653
3899580269,23874891
3899580269,21972711
3899580269,115754870
3899580269,41307775
3899580269,38043442
3899580269,20400862
3899580269,44171858
3899580269,119881075
3899580269,29643550
3899580269,64461771
3899580269,25239780
3899580269,15893379
3899580269,101878289
3899580269,64643056
3899580269,24339716
3899580269,56869426
3899580269,29412312
3899580269,17506089
3899580269,15079315
3899580269,47475621
3899580269,109347321
3899580269,23950893
3899580269,33661483
3899580269,22075727
3899580269,22972842
3899580269,30966948
3899580269,6461032
3899580269,43965146
3899580269,73402979
3899580269,41142102
3899580269,19223156
3899580269,19051864
3899580269,38897170
3899580269,39634561
3899580269,25412269
3899580269,19154824
3899580269,16588111
3899580269,27768807
3899580269,5577902
3899580269,36117822
3899580269,109081861
3899580269,15809249
3899580269,2994469282
3899580269,271028583
3899580269,291792721
3899580269,20545055
3899580269,608167078
3899580269,2489121584
3899580269,87460291
3899580269,3378632865
3899580269,3399005962
3899580269,19068720
3899580269,138600717
3899580269,241382835
3899580269,48785884
3899580269,13687132
3899580269,75974281
3899580269,7565302
3899580269,47285504
3899580269,593755029
3899580269,11928542
3899580269,20273398
3899580269,7157132
3899580269,113560280
3899580269,630598940
3899580269,391037985
3899580269,38232487
3899580269,24742040
3899580269,2715115656
3899580269,18927441
3899580269,187428929
3899580269,3063032281
3899580269,24202701
3899580269,15234657
3899580269,10671602
3899580269,580097412
3899580269,365923816
3899580269,65289126
3899580269,121258930
3899580269,948444535
3899580269,36803580
3899580269,487736815
3899580269,26642006
3899580269,14922225
3899580269,72644483
3899580269,29758446
3899580269,47786101
3899580269,21425125
3899580269,193761802
3899580269,19058681
3899580269,493922639
3899580269,3810171
3899580269,7852172
3899580269,53753667
3899580269,15583616
3899580269,19641996
3899580269,998170885
3899580269,377385039
3899580269,451171141
3899580269,84095051
3899580269,71325589
3899580269,19899453
3899580269,213752945
3899580269,202791022
3899580269,16469175
3899580269,613521666
3899580269,205385325
3899580269,4239551
3899580269,580997146
3899580269,67291976
3899580269,338564749
3899580269,25580751
3899580269,840521004
3899580269,708938220
3899580269,441125598
3899580269,37658905
3899580269,109291863
3899580269,1398457218
3899580269,298755782
3899580269,601401094
3899580269,22384268
3899580269,67680778
3899580269,4209662118
3899580269,40126781
3899580269,63148083
3899580269,3983416883
3899580269,234816179
3899580269,2273356358
3899580269,91561315
3899580269,3452641401
3899580269,2986068184
3899580269,490898528
3899580269,54706443
3899580269,3193290607
3899580269,440316244
3899580269,133076958
3899580269,362537987
3899580269,1506056072
3899580269,1323224582
3899580269,3958065614
3899580269,251406230
3899580269,2734045614
3899580269,116156546
3899580269,2506701572
3899580269,3590089941
3899580269,3556921335
3899580269,4248367280
3899580269,3811069394
3899580269,3861132316
3899580269,1462296030
3899580269,2687982536
3899580269,230190058
3899580269,3071935844
3899580269,3982482238
3899580269,50210430
3899580269,20826460
3899580269,33322090
3899580269,4092355563
3899580269,216655793
3899580269,19396866
3899580269,366689544
3899580269,77003344
3899580269,3387596484
3899580269,4211109274
3899580269,26683141
3899580269,388231633
3899580269,13018112
3899580269,109702885
3899580269,510679520
3899580269,58462957
3899580269,183734502
3899580269,173988421
3899580269,369487432
3899580269,3279679850
3899580269,250673818
3899580269,1965247885
3899580269,60884899
3899580269,4245425601
3899580269,39066149
3899580269,1012724688
3899580269,389395598
3899580269,3784560913
3899580269,54172659
3899580269,3924281927
3899580269,26148323
3899580269,116059651
3899580269,368059521
3899580269,3329528134
3899580269,59624844
3899580269,784680583
3899580269,94170264
3899580269,27109378
3899580269,125765095
3899580269,103028604
3899580269,262359713
3899580269,2753477448
3899580269,491377051
3899580269,19019970
3899580269,193477235
3899580269,559223770
3899580269,630533229
3899580269,3320028232
3899580269,19534202
3899580269,18730195
3899580269,125642068
3899580269,70235774
3899580269,55573873
3899580269,19810994
3899580269,2542729051
3899580269,38400294
3899580269,558836313
3899580269,21424725
3899580269,218653131
3899580269,24399244
3899580269,25150711
3899580269,136361303
3899580269,2197043163
3899580269,134697071
3899580269,19184818
3899580269,3923415989
3899580269,19814175
3899580269,26266891
3899580269,277495114
3899580269,403623277
3899580269,76593802
3899580269,2174987168
3899580269,206847322
3899580269,23424337
3899580269,4110187582
3899580269,3716682919
3899580269,1600989234
3899580269,105898722
3899580269,19450907
3899580269,3372594191
3899580269,2484895261
3899580269,221732510
3899580269,43171999
3899580269,41077943
3899580269,264153788
3899580269,77826352
3899580269,3253850278
3899580269,101877572
3899580269,2449290098
3899580269,3308456165
3899580269,4316414172
3899580269,3092058627
3899580269,35779304
3899580269,3309770109
3899580269,24787524
3899580269,2310116088
3899580269,23132159
3899580269,205974045
3899580269,47206242
3899580269,19674652
3899580269,48750532
3899580269,3864006094
3899580269,19334929
3899580269,2769992767
3899580269,783214
3899580269,27935844
3899580269,212594756
3899580269,21495291
3899580269,35099519
3899580269,125463397
3899580269,4040831795
3899580269,19291928
3899580269,21112266
3899580269,70349639
3899580269,20973069
3899580269,19682451
3899580269,499170272
3899580269,43959578
3899580269,53466923
3899580269,19391470
3899580269,18678493
3899580269,20560841
3899580269,50300579
3899580269,1407892861
3899580269,19451823
3899580269,3037698543
3899580269,3293957261
3899580269,54015652
3899580269,14842285
3899580269,15005991
3899580269,15678139
3899580269,5988062
3899580269,2988201131
3899580269,20766350
3899580269,59126531
3899580269,20164477
3899580269,31237480
3899580269,225190303
3899580269,3355587790
3899580269,21294212
3899580269,19292033
3899580269,31869934
3899580269,3344019407
3899580269,47459700
3899580269,313802077
3899580269,30180137
3899580269,34395888
3899580269,2407848528
3899580269,937294358
3899580269,23640660
3899580269,1156866230
3899580269,2699519000
3899580269,577880729
3899580269,76004199
3899580269,429343469
3899580269,114796408
3899580269,349037671
3899580269,15853191
3899580269,2285292157
3899580269,221382131
3899580269,102104831
3899580269,21155472
3899580269,69703090
3899580269,3086220701
3899580269,1215470582
3899580269,549470860
3899580269,369514419
3899580269,180124279
3899580269,274040176
3899580269,60054156
3899580269,250911289
3899580269,15163518
3899580269,68399194
3899580269,69615397
3899580269,49239873
3899580269,221392767
3899580269,591001278
3899580269,18647765
3899580269,73359920
3899580269,72568426
3899580269,78021221
3899580269,85772748
3899580269,348379865
3899580269,3420190456
3899580269,254827032
3899580269,457501640
3899580269,3555338667
3899580269,44084633
3899580269,2417029800
3899580269,3976766235
3899580269,1264198555
3899580269,4033394949
3899580269,2971311035
3899580269,3397219109
3899580269,4048837870
3899580269,4048630450
3899580269,75114610
3899580269,566143802
3899580269,102094883
3899580269,2267839850
3899580269,35731557
3899580269,3880414109
3899580269,3309888875
3899580269,1596589969
3899580269,86967264
3899580269,4056336567
3899580269,4049569277
3899580269,408312660
3899580269,22328399
3899580269,3413371355
3899580269,18313735
3899580269,164361868
3899580269,157804847
3899580269,20579031
3899580269,8884772
3899580269,142795237
3899580269,4048378035
3899580269,585842287
3899580269,53650806
3899580269,3301861799
3899580269,4077158193
3899580269,80901372
3899580269,4079076514
3899580269,4070761102
3899580269,115195664
3899580269,3898513095
3899580269,4085264488
3899580269,3388898453
3899580269,4088744716
3899580269,3320558208
3899580269,113365485
3899580269,4071223815
3899580269,4092543676
3899580269,20458464
3899580269,3294504933
3899580269,4096666475
3899580269,4055348595
3899580269,223157786
3899580269,3813849743
3899580269,4055310501
3899580269,4100194156
3899580269,3556856955
3899580269,4103234901
3899580269,4103909175
3899580269,22937493
3899580269,96601614
3899580269,4105139182
3899580269,30257205
3899580269,25277698
3899580269,4107764417
3899580269,942512893
3899580269,1057009166
3899580269,2279182052
3899580269,3545088377
3899580269,4098240868
3899580269,17463190
3899580269,2786037507
3899580269,4061039181
3899580269,4028560823
3899580269,2214138864
3899580269,359522187
3899580269,3906349152
3899580269,2195998471
3899580269,3759744195
3899580269,110966797
3899580269,4048290089
3899580269,4077495586
3899580269,100589815
3899580269,3956564122
3899580269,20628050
3899580269,4122025097
3899580269,4122255688
3899580269,3345655943
3899580269,4118955149
3899580269,2212677893
3899580269,2314104188
3899580269,357535611
3899580269,1533184826
3899580269,50485745
3899580269,100524294
3899580269,4142505555
3899580269,2162922782
3899580269,4125264689
3899580269,4026737789
3899580269,3192537905
3899580269,4111998208
3899580269,3298532853
3899580269,2650987954
3899580269,4063481896
3899580269,3348826275
3899580269,1280101728
3899580269,3940133493
3899580269,1002588199
3899580269,3467661615
3899580269,2812197425
3899580269,268208070
3899580269,19252034
3899580269,27549862
3899580269,4074486616
3899580269,473275739
3899580269,2833457278
3899580269,1830789800
3899580269,60196306
3899580269,4162648419
3899580269,45168746
3899580269,163537317
3899580269,4091033379
3899580269,4156802242
3899580269,4148526928
3899580269,949555446
3899580269,21285591
3899580269,3375916385
3899580269,2801937435
3899580269,3003764188
3899580269,256645157
3899580269,338723099
3899580269,2550755222
3899580269,37675597
3899580269,4181243559
3899580269,4181480505
3899580269,999921253
3899580269,21348942
3899580269,2784554674
3899580269,3376507222
3899580269,19455784
3899580269,210795820
3899580269,4182534443
3899580269,3128081958
3899580269,48147832
3899580269,4141742187
3899580269,168998438
3899580269,118175911
3899580269,20737742
3899580269,601135259
3899580269,39038673
3899580269,93507148
3899580269,620306177
3899580269,17693760
3899580269,4189496482
3899580269,353325753
3899580269,533612050
3899580269,620202227
3899580269,157133302
3899580269,4195357395
3899580269,4189669913
3899580269,4197642923
3899580269,165624725
3899580269,1225924398
3899580269,130570588
3899580269,2323638899
3899580269,49706487
3899580269,4202875288
3899580269,4185337913
3899580269,4203894915
3899580269,4096908147
3899580269,3435589001
3899580269,383250282
3899580269,14674855
3899580269,2178292471
3899580269,55036039
3899580269,716761857
3899580269,2214202621
3899580269,4210113207
3899580269,2232725946
3899580269,2533489015
3899580269,4193415736
3899580269,4182884975
3899580269,4203391948
3899580269,3817833135
3899580269,57620792
3899580269,4218227080
3899580269,4215346103
3899580269,38153941
3899580269,1047989431
3899580269,4207293881
3899580269,4178367975
3899580269,5799072
3899580269,3266297108
3899580269,845420070
3899580269,3164377175
3899580269,141145541
3899580269,2356709517
3899580269,1281551718
3899580269,3460358849
3899580269,22486455
3899580269,581983928
3899580269,4236946089
3899580269,999862932
3899580269,3041006399
3899580269,4240151902
3899580269,4212386435
3899580269,4241671564
3899580269,4207141276
3899580269,4244360345
3899580269,289863804
3899580269,4108308321
3899580269,487969772
3899580269,4249440315
3899580269,3523814716
3899580269,3356896829
3899580269,602181334
3899580269,72352359
3899580269,4253284395
3899580269,31226624
3899580269,14112757
3899580269,554971978
3899580269,588851034
3899580269,4253260888
3899580269,4135666241
3899580269,1092710480
3899580269,4181472976
3899580269,1553621689
3899580269,2535364850
3899580269,4282838903
3899580269,3873914519
3899580269,3750194003
3899580269,45448406
3899580269,488971133
3899580269,3770780356
3899580269,449312972
3899580269,3175910763
3899580269,3908505575
3899580269,4129880356
3899580269,4296043635
3899580269,4297146082
3899580269,35502188
3899580269,4379311392
3899580269,4298192321
3899580269,505713562
3899580269,545235328
3899580269,2721817913
3899580269,4297014634
3899580269,56484038
3899580269,211805374
3899580269,2988923324
3899580269,3083027412
3899580269,2604803024
3899580269,2176301575
3899580269,232932906
3899580269,152281801
3899580269,2358935632
3899580269,3787185859
3899580269,4298466807
3899580269,4233775393
3899580269,3705573133
3899580269,97970715
3899580269,513322788
3899580269,1140331094
3899580269,351872958
3899580269,188623266
3899580269,209708391
3899580269,176566242
3899580269,105119490
3899580269,17308753
3899580269,24688868
3899580269,14436030
3899580269,101928415
3899580269,84279963
3899580269,181561712
3899580269,27989078
3899580269,158314798
3899580269,23613479
3899580269,403245020
3899580269,403246803
3899580269,403255314
3899580269,439125710
3899580269,26565946
3899580269,17919972
3899580269,21447363
3899580269,23375688
3899580269,19923144
3899580269,23617610
3899580269,30973
3899580269,35936474
3899580269,116362700
3899580269,157140968
3899580269,95023423
3899580269,236699098
3899580269,14920785
3899580269,169686021
3899580269,32959253
3899580269,264107729
3899580269,60478110
3899580269,141665043
3899580269,341773511
3899580269,20322929
3899580269,40019154
3899580269,268414482
3899580269,34507480
3899580269,102240124
3899580269,79293791
3899580269,90420314
3899580269,19426551
3899580269,382184287
3899580269,188242820
3899580269,388904739
3899580269,267722968
3899580269,1325278782
3899580269,2468162864
3899580269,2185435212
3899580269,173199373
3899580269,80144576
3899580269,219126735
3899580269,549788597
3899580269,23083404
3899580269,23151437
3899580269,25365536
3899580269,25521487
3899580269,2557521
3899580269,27195114
3899580269,726931646
3899580269,631051070
3899580269,2249951831
3899580269,542923119
3899580269,3037721418
3899580269,2228345030
3899580269,1032033062
3899580269,2153589210
3899580269,533416116
3899580269,2645566838
3899580269,3886750582
3899580269,3040424454
3899580269,199931371
3899580269,26257166
3899580269,520693481
3899580269,38275780
3899580269,97255485
3899580269,44644692
3899580269,524238345
3899580269,3184072831
3899580269,1734968064
3899580269,20428049
3899580269,19529777
3899580269,11636512
3899580269,2982628528
3899580269,573316074
3899580269,937640047
3899580269,3399215699
3899580269,113850256
3899580269,906621218
3899580269,3188241947
3899580269,3652334415
3899580269,3390382377
3899580269,48164428
3899580269,22473054
3899580269,37636997
3899580269,3092025016
3899580269,3838334356
3899580269,3432290061
3899580269,2909392707
3899580269,3578559797
3899580269,3068416759
3899580269,3524807113
3899580269,3547266735
3899580269,899106398
3899580269,2652857845
3899580269,2938892986
3899580269,24566469
3899580269,3631129213
3899580269,3932406736
3899580269,3938600961
3899580269,2955238366
3899580269,19044557
3899580269,2784827119
3899580269,1252917283
3899580269,30362529
3899580269,3657561796
3899580269,3389883844
3899580269,3091967445
3899580269,3295339540
3899580269,3309640997
3899580269,20717237
3899580269,454800881
3899580269,42469553
3899580269,2606376041
3899580269,20044737
3899580269,187844173
3899580269,2998450037
3899580269,19458129
3899580269,1177338896
3899580269,1613895692
3899580269,608219932
3899580269,74307964
3899580269,2909646705
3899580269,2964906244
3899580269,59102196
3899580269,1952328324
3899580269,17722542
3899580269,574910944
3899580269,1773321
3899580269,2910298325
3899580269,53149244
3899580269,164208193
3899580269,111949306
3899580269,20549270
3899580269,15677513
3899580269,49195175
3899580269,24784028
3899580269,56093343
3899580269,3307111627
3899580269,948552829
3899580269,17487884
3899580269,25573099
3899580269,92088399
3899580269,438296720
3899580269,2520297606
3899580269,25268679
3899580269,2472262285
3899580269,153763519
3899580269,2790802182
3899580269,2263571841
3899580269,257727776
3899580269,2835594983
3899580269,19964864
3899580269,3375450195
3899580269,339064364
3899580269,107562560
3899580269,65466158
3899580269,1096233655
3899580269,1255030290
3899580269,136271609
3899580269,19674338
3899580269,205674104
3899580269,21527369
3899580269,771383605
3899580269,23694165
3899580269,190470663
3899580269,48078538
3899580269,12497362
3899580269,29839748
3899580269,7996082
3899580269,2801976554
3899580269,171682730
3899580269,20627896
3899580269,19234768
3899580269,20583613
3899580269,365071261
3899580269,19650966
3899580269,7109022
3899580269,1142859176
3899580269,2528768236
3899580269,34076997
3899580269,321970500
3899580269,2043041
3899580269,26281917
3899580269,28412286
3899580269,121294401
3899580269,551177934
3899580269,308716304
3899580269,18600155
3899580269,14966893
3899580269,2172075114
3899580269,2178822102
3899580269,21235867
3899580269,182721799
3899580269,20475285
3899580269,295946705
3899580269,2841832947
3899580269,296511906
3899580269,20884910
3899580269,23837271
3899580269,14313123
3899580269,541255566
3899580269,113471134
3899580269,1117046706
3899580269,214791922
3899580269,126118232
3899580269,2732034976
3899580269,302242634
3899580269,3252462299
3899580269,14183379
3899580269,2907870629
3899580269,575492930
3899580269,20809515
3899580269,110721158
3899580269,2175807304
3899580269,288254260
3899580269,80655102
3899580269,3483917657
3899580269,280582344
3899580269,492288571
3899580269,1944004278
3899580269,243381107
3899580269,448356091
3899580269,15818391
3899580269,141052723
3899580269,382267114
3899580269,16569045
3899580269,14208199
3899580269,43158428
3899580269,297169759
3899580269,16193578
3899580269,19472578
3899580269,16911419
3899580269,16303106
3899580269,22384691
3899580269,158414847
3899580269,16631331
3899580269,16632149
3899580269,15846407
3899580269,16129920
3899580269,16632219
3899580269,23585685
3899580269,21982720
3899580269,16548023
3899580269,19889294
3899580269,17624959
3899580269,16012783
3899580269,14511951
3899580269,69406730
3899580269,22903765
3899580269,2836421
3899580269,21718006
3899580269,14173315
3899580269,34036028
3899580269,15754281
3899580269,26053643
3899580269,139162440
3899580269,156651229
3899580269,2992705191
3899580269,44039298
3899580269,1877831
3899580269,21510894
3899580269,21324165
3899580269,17169390
3899580269,18758902
3899580269,15485441
3899580269,3567215836
3899580269,3392856520
3899580269,590066149
3899580269,476910021
3899580269,1663338932
3899580269,924992720
3899580269,2909817873
3899580269,3013770027
3899580269,317053015
3899580269,1025154942
3899580269,445014771
3899580269,1889832038
3899580269,211827343
3899580269,559936376
3899580269,2865476500
3899580269,771976508
3899580269,3362120621
3899580269,2938800191
3899580269,780722634
3899580269,10799642
3899580269,2469393976
3899580269,24279390
3899580269,2966908305
3899580269,50282356
3899580269,563093420
3899580269,19530134
3899580269,22812734
3899580269,25984418
3899580269,47583917
3899580269,17062358
3899580269,602387196
3899580269,1109986592
3899580269,2536697346
3899580269,14166909
3899580269,3346356683
3899580269,1639866307
3899580269,2271591618
3899580269,2951514023
3899580269,3303814468
3899580269,128216887
3899580269,21866939
3899580269,14138785
3899580269,28624570
3899580269,30313925
3899580269,10228272
3899580269,325830217
3899580269,1339835893
3899580269,1330457336
3899580269,14159148
3899580269,14230524
3899580269,2626029320
3899580269,2977900810
3899580269,899592168
3899580269,617565338
3899580269,360230512
3899580269,116592781
3899580269,21214421
3899580269,788524
3899580269,813286
3899580269,14569869
3899580269,1367531
3899580269,16973333
3899580269,491731293
3899580269,3288912023
3899580269,2097571
3899580269,487118986
3899580269,87416722
3899580269,16343974
3899580269,7587032
3899580269,3053667722
3899580269,16127941
3899580269,21769623
3899580269,24696669
3899580269,394220300
3899580269,941811858
3899580269,19083439
3899580269,21492030
3899580269,612473
3899580269,2829627760
3899580269,20856282
3899580269,71530380
3899580269,19415798
3899580269,11862072
3899580269,28758915
3899580269,17980026
3899580269,15012486
3899580269,6017542
3899580269,14995420
3899580269,2290054560
3899580269,28785486
3899580269,759251
3899580269,283038024
3899580269,51241574
3899580269,428333
3899580269,47622979
3899580269,5402612
3899580269,44233510
3899580269,3108351
3899580269,2739113047
3899580269,21648020
3899580269,17311493
3899580269,291736392
3899580269,14270254
3899580269,1652541
3899580269,204428144
3899580269,742143
3899580269,87818409
3899580269,14293310
3899580269,2467791
3899580269,312341849
3899580269,396894374
3899580269,651433
3899580269,47903269
3899580269,342276876
3899580269,20712514
3899580269,20015311
3899580269,73938281
3899580269,21417835
3899580269,19875072
3899580269,106830010
3899580269,14903044
3899580269,50771868
3899580269,824153233
3899580269,2197487762
3899580269,89273104
3899580269,101863642
3899580269,1662057727
3899580269,19713622
3899580269,66834664
3899580269,14746456
3899580269,1662348032
3899580269,1615685677
3899580269,2176124383
3899580269,18075140
3899580269,2990169623
3899580269,8662472
3899580269,504866950
3899580269,20380673
3899580269,17884125
3899580269,25535042
3899580269,94081671
3899580269,395388847
3899580269,17626165
3899580269,21783395
3899580269,1648629770
3899580269,1536087474
3899580269,328980753
3899580269,2684961854
3899580269,11664092
3899580269,26276346
3899580269,197927483
3899580269,1662100381
3899580269,19051022
3899580269,3101481833
3899580269,14946308
3899580269,1690412382
3899580269,15392221
3899580269,3047877146
3899580269,97488105
3899580269,107599609
3899580269,21309551
3899580269,1265295037
3899580269,17063215
3899580269,3309309791
3899580269,3034993114
3899580269,17159484
3899580269,2624299231
3899580269,3728671401
3899580269,55362811
3899580269,22321740
3899580269,2200784754
3899580269,3310571
3899580269,761801714
3899580269,2607219787
3899580269,167399649
3899580269,39349216
3899580269,43346844
3899580269,48302014
3899580269,23458084
3899580269,15951863
3899580269,298360697
3899580269,2574261385
3899580269,3012414632
3899580269,17173144
3899580269,64788246
3899580269,17745219
3899580269,19612753
3899580269,162089811
3899580269,231703688
3899580269,15615035
3899580269,22176845
3899580269,377008435
3899580269,23011527
3899580269,266712846
3899580269,20350081
3899580269,405123394
3899580269,20351362
3899580269,753828066
3899580269,321547423
3899580269,3373791
3899580269,323308527
3899580269,1963319070
3899580269,21249548
3899580269,52461270
3899580269,16854780
3899580269,19271557
3899580269,410309718
3899580269,20843014
3899580269,85908999
3899580269,121167080
3899580269,17087162
3899580269,19264748
3899580269,20448566
3899580269,34423857
3899580269,21905142
3899580269,237241020
3899580269,21204154
3899580269,3030934700
3899580269,123754656
3899580269,38977171
3899580269,16951979
3899580269,17595890
3899580269,21138477
3899580269,16171953
3899580269,17693232
3899580269,19686295
3899580269,19921389
3899580269,17624543
3899580269,1362132925
3899580269,24241544
3899580269,19405367
3899580269,20781929
3899580269,1023139638
3899580269,14856333
3899580269,2826441116
3899580269,2560375745
3899580269,19247625
3899580269,517700642
3899580269,3152410256
3899580269,19663485
3899580269,19564523
3899580269,22827600
3899580269,251716551
3899580269,568653508
3899580269,15391813
3899580269,27260086
3899580269,909186090
3899580269,1118076962
3899580269,8665852
3899580269,18679659
3899580269,21389998
3899580269,41878061
3899580269,18221807
3899580269,16451028
3899580269,124139163
3899580269,480537028
3899580269,181637383
3899580269,19033555
3899580269,611227644
3899580269,356844856
3899580269,70186440
3899580269,23263743
3899580269,19490380
3899580269,14758257
3899580269,405728790
3899580269,382613598
3899580269,17163446
3899580269,21390674
3899580269,2561091
3899580269,414736352
3899580269,8665572
3899580269,21390437
3899580269,19394887
3899580269,1558141890
3899580269,49781518
3899580269,19186180
3899580269,23421880
3899580269,57022252
3899580269,155659213
3899580269,45547319
3899580269,118854891
3899580269,116596951
3899580269,73480693
3899580269,175415823
3899580269,63961281
3899580269,107099168
3899580269,304329674
3899580269,4297740928
3899580269,51772806
3899580269,208610451
3899580269,426834798
3899580269,589804476
3899580269,17637572
3899580269,541023928
3899580269,389991462
3899580269,60024840
3899580269,296408517
3899580269,1049210606
3899580269,31099411
3899580269,95693963
3899580269,21390008
3899580269,113606059
3899580269,54880025
3899580269,20164413
3899580269,44994215
3899580269,18973489
3899580269,20717438
3899580269,2812936934
3899580269,475311020
3899580269,78258913
3899580269,34720571
3899580269,21759987
3899580269,166607010
3899580269,19712523
3899580269,13192972
3899580269,18049879
3899580269,4371102142
3899580269,4371727162
3899580269,7212562
3899580269,137460929
3899580269,12101862
3899580269,6449282
3899580269,260907612
3899580269,22536055
3899580269,5920532
3899580269,32388036
3899580269,106062176
3899580269,33875003
3899580269,56377143
3899580269,20823928
3899580269,124476322
3899580269,16898427
3899580269,20626359
3899580269,73481952
3899580269,821045162
3899580269,253340062
3899580269,18332190
3899580269,34352191
3899580269,45621423
3899580269,62870466
3899580269,1184353334
3899580269,14589119
3899580269,18909186
3899580269,11399812
3899580269,1382404544
3899580269,2903715045
3899580269,3271458271
3899580269,4371370577
3899580269,495800154
3899580269,4372063467
3899580269,14176375
3899580269,3156986948
3899580269,3106322695
3899580269,2452506506
3899580269,180247011
3899580269,1343254374
3899580269,2881582077
3899580269,1378464944
3899580269,461125512
3899580269,1345192783
3899580269,2214990156
3899580269,75030135
3899580269,445132811
3899580269,232874482
3899580269,1349849582
3899580269,3302250475
3899580269,34304970
3899580269,4371550228
3899580269,4455011412
3899580269,1489569102
3899580269,1013560244
3899580269,959041062
3899580269,3528839536
3899580269,1343172325
3899580269,2217361093
3899580269,2400924749
3899580269,1497018775
3899580269,970772994
3899580269,264164654
3899580269,794785812
3899580269,3570822323
3899580269,622063417
3899580269,391561229
3899580269,25730805
3899580269,4253572632
3899580269,16492352
3899580269,126783393
3899580269,14333754
3899580269,18944007
3899580269,418380713
3899580269,3044738957
3899580269,4371291855
3899580269,2707514588
3899580269,2230173613
3899580269,39056314
3899580269,4371461543
3899580269,3074782839
3899580269,2712259023
3899580269,2342079263
3899580269,254588661
3899580269,487563142
3899580269,2987970473
3899580269,2506947680
3899580269,191985864
3899580269,3826643182
3899580269,1610646036
3899580269,1673820865
3899580269,2255036665
3899580269,142730813
3899580269,1934413398
3899580269,955229336
3899580269,40872043
3899580269,1073336054
3899580269,61455260
3899580269,620034505
3899580269,4371185787
3899580269,4371342082
3899580269,263099844
3899580269,393028587
3899580269,4277381900
3899580269,493642155
3899580269,19596687
3899580269,51566870
3899580269,745002644
3899580269,4369044073
3899580269,533085085
3899580269,444838837
3899580269,171840420
3899580269,4113343337
3899580269,740336334
3899580269,259348780
3899580269,454395581
3899580269,932429090
3899580269,66740930
3899580269,329789735
3899580269,19903099
3899580269,333534411
3899580269,176210542
3899580269,124690469
3899580269,488731085
3899580269,1964571728
3899580269,4371508769
3899580269,282064204
3899580269,232855418
3899580269,550202880
3899580269,304596944
3899580269,1483024080
3899580269,258758307
3899580269,4179979642
3899580269,34949757
3899580269,19722435
3899580269,67420766
3899580269,140091998
3899580269,183387449
3899580269,151123001
3899580269,4025748915
3899580269,14872237
3899580269,3242637571
3899580269,21817509
3899580269,321928092
3899580269,2299367423
3899580269,19179687
3899580269,20511502
3899580269,19265059
3899580269,2932759888
3899580269,4898091
3899580269,22204459
3899580269,54078222
3899580269,546311167
3899580269,20676778
3899580269,34572451
3899580269,383410782
3899580269,8751502
3899580269,3723083062
3899580269,305192408
3899580269,485667658
3899580269,2854967621
3899580269,478072755
3899580269,3108402845
3899580269,447423264
3899580269,401271633
3899580269,2287263157
3899580269,1407927493
3899580269,2842713105
3899580269,4187767653
3899580269,3972702672
3899580269,3984918095
3899580269,1608357912
3899580269,4189219214
3899580269,4139159422
3899580269,3626953036
3899580269,1082879473
3899580269,4156174612
3899580269,3184902631
3899580269,2795641089
3899580269,86071272
3899580269,3948048641
3899580269,3261444395
3899580269,3273926281
3899580269,4300796133
3899580269,3617285658
3899580269,3999125833
3899580269,2570670306
3899580269,3152242899
3899580269,4310450603
3899580269,4262409134
3899580269,2754268514
3899580269,444100355
3899580269,4266730697
3899580269,3374218992
3899580269,1595816779
3899580269,3046845514
3899580269,35050231
3899580269,104080038
3899580269,31312811
3899580269,33959546
3899580269,121162178
3899580269,154374134
3899580269,57212186
3899580269,250781699
3899580269,33464600
3899580269,33403290
3899580269,39748653
3899580269,23874891
3899580269,21972711
3899580269,115754870
3899580269,41307775
3899580269,38043442
3899580269,20400862
3899580269,44171858
3899580269,119881075
3899580269,29643550
3899580269,64461771
3899580269,25239780
3899580269,15893379
3899580269,101878289
3899580269,64643056
3899580269,24339716
3899580269,56869426
3899580269,29412312
3899580269,17506089
3899580269,15079315
3899580269,47475621
3899580269,109347321
3899580269,23950893
3899580269,33661483
3899580269,22075727
3899580269,22972842
3899580269,30966948
3899580269,6461032
3899580269,43965146
3899580269,73402979
3899580269,41142102
3899580269,19223156
3899580269,19051864
3899580269,38897170
3899580269,39634561
3899580269,25412269
3899580269,19154824
3899580269,16588111
3899580269,27768807
3899580269,5577902
3899580269,36117822
3899580269,109081861
3899580269,15809249
3899580269,2994469282
3899580269,271028583
3899580269,291792721
3899580269,20545055
3899580269,608167078
3899580269,2489121584
3899580269,87460291
3899580269,3378632865
3899580269,3399005962
3899580269,19068720
3899580269,138600717
3899580269,241382835
3899580269,48785884
3899580269,13687132
3899580269,75974281
3899580269,7565302
3899580269,47285504
3899580269,593755029
3899580269,11928542
3899580269,20273398
3899580269,7157132
3899580269,113560280
3899580269,630598940
3899580269,391037985
3899580269,38232487
3899580269,24742040
3899580269,2715115656
3899580269,18927441
3899580269,187428929
3899580269,3063032281
3899580269,24202701
3899580269,15234657
3899580269,10671602
3899580269,580097412
3899580269,365923816
3899580269,65289126
3899580269,121258930
3899580269,948444535
3899580269,36803580
3899580269,487736815
3899580269,26642006
3899580269,14922225
3899580269,72644483
3899580269,29758446
3899580269,47786101
3899580269,21425125
3899580269,193761802
3899580269,19058681
3899580269,493922639
3899580269,3810171
3899580269,7852172
3899580269,53753667
3899580269,15583616
3899580269,19641996
3899580269,998170885
3899580269,377385039
3899580269,451171141
3899580269,84095051
3899580269,71325589
3899580269,19899453
3899580269,213752945
3899580269,202791022
3899580269,16469175
3899580269,613521666
3899580269,205385325
3899580269,4239551
3899580269,580997146
3899580269,67291976
3899580269,338564749
3899580269,25580751
3899580269,840521004
3899580269,708938220
3899580269,441125598
3899580269,37658905
3899580269,109291863
3899580269,1398457218
3899580269,298755782
3899580269,601401094
3899580269,22384268
3899580269,67680778
3899580269,4209662118
3899580269,40126781
3899580269,63148083
3899580269,3983416883
3899580269,234816179
3899580269,2273356358
3899580269,91561315
3899580269,3452641401
3899580269,2986068184
3899580269,490898528
3899580269,54706443
3899580269,3193290607
3899580269,440316244
3899580269,133076958
3899580269,362537987
3899580269,1506056072
3899580269,1323224582
3899580269,3958065614
3899580269,251406230
3899580269,2734045614
3899580269,116156546
3899580269,2506701572
3899580269,3590089941
3899580269,3556921335
3899580269,4248367280
3899580269,3811069394
3899580269,3861132316
3899580269,1462296030
3899580269,2687982536
3899580269,230190058
3899580269,3071935844
3899580269,3982482238
3899580269,50210430
3899580269,20826460
3899580269,33322090
3899580269,4092355563
3899580269,216655793
3899580269,19396866
3899580269,366689544
3899580269,77003344
3899580269,3387596484
3899580269,4211109274
3899580269,26683141
3899580269,388231633
3899580269,13018112
3899580269,109702885
3899580269,510679520
3899580269,58462957
3899580269,183734502
3899580269,173988421
3899580269,369487432
3899580269,3279679850
3899580269,250673818
3899580269,1965247885
3899580269,60884899
3899580269,4245425601
3899580269,39066149
3899580269,1012724688
3899580269,389395598
3899580269,3784560913
3899580269,54172659
3899580269,3924281927
3899580269,26148323
3899580269,116059651
3899580269,368059521
3899580269,3329528134
3899580269,59624844
3899580269,784680583
3899580269,94170264
3899580269,27109378
3899580269,125765095
3899580269,103028604
3899580269,262359713
3899580269,2753477448
3899580269,491377051
3899580269,19019970
3899580269,193477235
3899580269,559223770
3899580269,630533229
3899580269,3320028232
3899580269,19534202
3899580269,18730195
3899580269,125642068
3899580269,70235774
3899580269,55573873
3899580269,19810994
3899580269,2542729051
3899580269,38400294
3899580269,558836313
3899580269,21424725
3899580269,218653131
3899580269,24399244
3899580269,25150711
3899580269,136361303
3899580269,2197043163
3899580269,134697071
3899580269,19184818
3899580269,3923415989
3899580269,19814175
3899580269,26266891
3899580269,277495114
3899580269,403623277
3899580269,76593802
3899580269,2174987168
3899580269,206847322
3899580269,23424337
3899580269,4110187582
3899580269,3716682919
3899580269,1600989234
3899580269,105898722
3899580269,19450907
3899580269,3372594191
3899580269,2484895261
3899580269,221732510
3899580269,43171999
3899580269,41077943
3899580269,264153788
3899580269,77826352
3899580269,3253850278
3899580269,101877572
3899580269,2449290098
3899580269,3308456165
3899580269,4316414172
3899580269,3092058627
3899580269,35779304
3899580269,3309770109
3899580269,24787524
3899580269,2310116088
3899580269,23132159
3899580269,205974045
3899580269,47206242
3899580269,19674652
3899580269,48750532
3899580269,3864006094
3899580269,19334929
3899580269,2769992767
3899580269,783214
3899580269,27935844
3899580269,212594756
3899580269,21495291
3899580269,35099519
3899580269,125463397
3899580269,4040831795
3899580269,19291928
3899580269,21112266
3899580269,70349639
3899580269,20973069
3899580269,19682451
3899580269,499170272
3899580269,43959578
3899580269,53466923
3899580269,19391470
3899580269,18678493
3899580269,20560841
3899580269,50300579
3899580269,1407892861
3899580269,19451823
3899580269,3037698543
3899580269,3293957261
3899580269,54015652
3899580269,14842285
3899580269,15005991
3899580269,15678139
3899580269,5988062
3899580269,2988201131
3899580269,20766350
3899580269,59126531
3899580269,20164477
3899580269,31237480
3899580269,225190303
3899580269,3355587790
3899580269,21294212
3899580269,19292033
3899580269,31869934
3899580269,3344019407
3899580269,47459700
3899580269,313802077
3899580269,30180137
3899580269,34395888
3899580269,2407848528
3899580269,937294358
3899580269,23640660
3899580269,1156866230
3899580269,2699519000
3899580269,577880729
3899580269,76004199
3899580269,429343469
3899580269,114796408
3899580269,349037671
3899580269,15853191
3899580269,2285292157
3899580269,221382131
3899580269,102104831
3899580269,21155472
3899580269,69703090
3899580269,3086220701
3899580269,1215470582
3899580269,549470860
3899580269,369514419
3899580269,180124279
3899580269,274040176
3899580269,60054156
3899580269,250911289
3899580269,15163518
3899580269,68399194
3899580269,69615397
3899580269,49239873
3899580269,221392767
3899580269,591001278
3899580269,18647765
3899580269,73359920
3899580269,72568426
3899580269,78021221
3899580269,85772748
3899580269,348379865
3899580269,3420190456
3899580269,254827032
3899580269,457501640
3899580269,3555338667
3899580269,44084633
3899580269,2417029800
3899580269,3976766235
3899580269,1264198555
3899580269,4033394949
3899580269,2971311035
3899580269,3397219109
3899580269,4048837870
3899580269,4048630450
3899580269,75114610
3899580269,566143802
3899580269,102094883
3899580269,2267839850
3899580269,35731557
3899580269,3880414109
3899580269,3309888875
3899580269,1596589969
3899580269,86967264
3899580269,4056336567
3899580269,4049569277
3899580269,408312660
3899580269,22328399
3899580269,3413371355
3899580269,18313735
3899580269,164361868
3899580269,157804847
3899580269,20579031
3899580269,8884772
3899580269,142795237
3899580269,4048378035
3899580269,585842287
3899580269,53650806
3899580269,3301861799
3899580269,4077158193
3899580269,80901372
3899580269,4079076514
3899580269,4070761102
3899580269,115195664
3899580269,3898513095
3899580269,4085264488
3899580269,3388898453
3899580269,4088744716
3899580269,3320558208
3899580269,113365485
3899580269,4071223815
3899580269,4092543676
3899580269,20458464
3899580269,3294504933
3899580269,4096666475
3899580269,4055348595
3899580269,223157786
3899580269,3813849743
3899580269,4055310501
3899580269,4100194156
3899580269,3556856955
3899580269,4103234901
3899580269,4103909175
3899580269,22937493
3899580269,96601614
3899580269,4105139182
3899580269,30257205
3899580269,25277698
3899580269,4107764417
3899580269,942512893
3899580269,1057009166
3899580269,2279182052
3899580269,3545088377
3899580269,4098240868
3899580269,17463190
3899580269,2786037507
3899580269,4061039181
3899580269,4028560823
3899580269,2214138864
3899580269,359522187
3899580269,3906349152
3899580269,2195998471
3899580269,3759744195
3899580269,110966797
3899580269,4048290089
3899580269,4077495586
3899580269,100589815
3899580269,3956564122
3899580269,20628050
3899580269,4122025097
3899580269,4122255688
3899580269,3345655943
3899580269,4118955149
3899580269,2212677893
3899580269,2314104188
3899580269,357535611
3899580269,1533184826
3899580269,50485745
3899580269,100524294
3899580269,4142505555
3899580269,2162922782
3899580269,4125264689
3899580269,4026737789
3899580269,3192537905
3899580269,4111998208
3899580269,3298532853
3899580269,2650987954
3899580269,4063481896
3899580269,3348826275
3899580269,1280101728
3899580269,3940133493
3899580269,1002588199
3899580269,3467661615
3899580269,2812197425
3899580269,268208070
3899580269,19252034
3899580269,27549862
3899580269,4074486616
3899580269,473275739
3899580269,2833457278
3899580269,1830789800
3899580269,60196306
3899580269,4162648419
3899580269,45168746
3899580269,163537317
3899580269,4091033379
3899580269,4156802242
3899580269,4148526928
3899580269,949555446
3899580269,21285591
3899580269,3375916385
3899580269,2801937435
3899580269,3003764188
3899580269,256645157
3899580269,338723099
3899580269,2550755222
3899580269,37675597
3899580269,4181243559
3899580269,4181480505
3899580269,999921253
3899580269,21348942
3899580269,2784554674
3899580269,3376507222
3899580269,19455784
3899580269,210795820
3899580269,4182534443
3899580269,3128081958
3899580269,48147832
3899580269,4141742187
3899580269,168998438
3899580269,118175911
3899580269,20737742
3899580269,601135259
3899580269,39038673
3899580269,93507148
3899580269,620306177
3899580269,17693760
3899580269,4189496482
3899580269,353325753
3899580269,533612050
3899580269,620202227
3899580269,157133302
3899580269,4195357395
3899580269,4189669913
3899580269,4197642923
3899580269,165624725
3899580269,1225924398
3899580269,130570588
3899580269,2323638899
3899580269,49706487
3899580269,4202875288
3899580269,4185337913
3899580269,4203894915
3899580269,4096908147
3899580269,3435589001
3899580269,383250282
3899580269,14674855
3899580269,2178292471
3899580269,55036039
3899580269,716761857
3899580269,2214202621
3899580269,4210113207
3899580269,2232725946
3899580269,2533489015
3899580269,4193415736
3899580269,4182884975
3899580269,4203391948
3899580269,3817833135
3899580269,57620792
3899580269,4218227080
3899580269,4215346103
3899580269,38153941
3899580269,1047989431
3899580269,4207293881
3899580269,4178367975
3899580269,5799072
3899580269,3266297108
3899580269,845420070
3899580269,3164377175
3899580269,141145541
3899580269,2356709517
3899580269,1281551718
3899580269,3460358849
3899580269,22486455
3899580269,581983928
3899580269,4236946089
3899580269,999862932
3899580269,3041006399
3899580269,4240151902
3899580269,4212386435
3899580269,4241671564
3899580269,4207141276
3899580269,4244360345
3899580269,289863804
3899580269,4108308321
3899580269,487969772
3899580269,4249440315
3899580269,3523814716
3899580269,3356896829
3899580269,602181334
3899580269,72352359
3899580269,4253284395
3899580269,31226624
3899580269,14112757
3899580269,554971978
3899580269,588851034
3899580269,4253260888
3899580269,4135666241
3899580269,1092710480
3899580269,4181472976
3899580269,1553621689
3899580269,2535364850
3899580269,4282838903
3899580269,3873914519
3899580269,3750194003
3899580269,45448406
3899580269,488971133
3899580269,3770780356
3899580269,449312972
3899580269,3175910763
3899580269,3908505575
3899580269,4129880356
3899580269,4296043635
3899580269,4297146082
3899580269,35502188
3899580269,4379311392
3899580269,4298192321
3899580269,505713562
3899580269,545235328
3899580269,2721817913
3899580269,4297014634
3899580269,56484038
3899580269,211805374
3899580269,2988923324
3899580269,3083027412
3899580269,2604803024
3899580269,2176301575
3899580269,232932906
3899580269,152281801
3899580269,2358935632
3899580269,3787185859
3899580269,4298466807
3899580269,4233775393
3899580269,3705573133
3899580269,97970715
3899580269,513322788
3899580269,1140331094
3899580269,351872958
3899580269,188623266
3899580269,209708391
3899580269,176566242
3899580269,105119490
3899580269,17308753
3899580269,24688868
3899580269,14436030
3899580269,101928415
3899580269,84279963
3899580269,181561712
3899580269,27989078
3899580269,158314798
3899580269,23613479
3899580269,403245020
3899580269,403246803
3899580269,403255314
3899580269,439125710
3899580269,26565946
3899580269,17919972
3899580269,21447363
3899580269,23375688
3899580269,19923144
3899580269,23617610
3899580269,30973
3899580269,35936474
3899580269,116362700
3899580269,157140968
3899580269,95023423
3899580269,236699098
3899580269,14920785
3899580269,169686021
3899580269,32959253
3899580269,264107729
3899580269,60478110
3899580269,141665043
3899580269,341773511
3899580269,20322929
3899580269,40019154
3899580269,268414482
3899580269,34507480
3899580269,102240124
3899580269,79293791
3899580269,90420314
3899580269,19426551
3899580269,382184287
3899580269,188242820
3899580269,388904739
3899580269,267722968
3899580269,1325278782
3899580269,2468162864
3899580269,2185435212
3899580269,173199373
3899580269,80144576
3899580269,219126735
3899580269,549788597
3899580269,23083404
3899580269,23151437
3899580269,25365536
3899580269,25521487
3899580269,2557521
3899580269,27195114
3899580269,726931646
3899580269,631051070
3899580269,2249951831
3899580269,542923119
3899580269,3037721418
3899580269,2228345030
3899580269,1032033062
3899580269,2153589210
3899580269,533416116
3899580269,2645566838
3899580269,3886750582
3899580269,3040424454
3899580269,199931371
3899580269,26257166
3899580269,520693481
3899580269,38275780
3899580269,97255485
3899580269,44644692
3899580269,524238345
3899580269,3184072831
3899580269,20428049
3899580269,19529777
3899580269,11636512
3899580269,2982628528
3899580269,573316074
3899580269,937640047
3899580269,3399215699
3899580269,113850256
3899580269,906621218
3899580269,3188241947
3899580269,3652334415
3899580269,3390382377
3899580269,48164428
3899580269,22473054
3899580269,37636997
3899580269,3092025016
3899580269,3838334356
3899580269,3432290061
3899580269,2909392707
3899580269,3578559797
3899580269,3068416759
3899580269,3524807113
3899580269,3547266735
3899580269,899106398
3899580269,2652857845
3899580269,2938892986
3899580269,24566469
3899580269,3631129213
3899580269,3932406736
3899580269,3938600961
3899580269,2955238366
3899580269,19044557
3899580269,2784827119
3899580269,1252917283
3899580269,30362529
3899580269,3657561796
3899580269,3389883844
3899580269,3091967445
3899580269,3295339540
3899580269,3309640997
3899580269,20717237
3899580269,454800881
3899580269,42469553
3899580269,2606376041
3899580269,20044737
3899580269,187844173
3899580269,2998450037
3899580269,19458129
3899580269,1177338896
3899580269,1613895692
3899580269,608219932
3899580269,74307964
3899580269,2909646705
3899580269,2964906244
3899580269,59102196
3899580269,1952328324
3899580269,17722542
3899580269,574910944
3899580269,1773321
3899580269,2910298325
3899580269,53149244
3899580269,164208193
3899580269,111949306
3899580269,20549270
3899580269,15677513
3899580269,49195175
3899580269,24784028
3899580269,56093343
3899580269,3307111627
3899580269,948552829
3899580269,17487884
3899580269,25573099
3899580269,92088399
3899580269,438296720
3899580269,2520297606
3899580269,25268679
3899580269,2472262285
3899580269,153763519
3899580269,2790802182
3899580269,2263571841
3899580269,257727776
3899580269,2835594983
3899580269,19964864
3899580269,3375450195
3899580269,339064364
3899580269,107562560
3899580269,65466158
3899580269,1096233655
3899580269,1255030290
3899580269,136271609
3899580269,19674338
3899580269,205674104
3899580269,21527369
3899580269,771383605
3899580269,23694165
3899580269,190470663
3899580269,48078538
3899580269,12497362
3899580269,29839748
3899580269,7996082
3899580269,2801976554
3899580269,171682730
3899580269,20627896
3899580269,19234768
3899580269,20583613
3899580269,365071261
3899580269,19650966
3899580269,7109022
3899580269,1142859176
3899580269,2528768236
3899580269,34076997
3899580269,321970500
3899580269,2043041
3899580269,26281917
3899580269,28412286
3899580269,121294401
3899580269,551177934
3899580269,308716304
3899580269,18600155
3899580269,14966893
3899580269,2172075114
3899580269,2178822102
3899580269,21235867
3899580269,182721799
3899580269,20475285
3899580269,295946705
3899580269,2841832947
3899580269,296511906
3899580269,20884910
3899580269,23837271
3899580269,14313123
3899580269,541255566
3899580269,113471134
3899580269,1117046706
3899580269,214791922
3899580269,126118232
3899580269,2732034976
3899580269,302242634
3899580269,3252462299
3899580269,14183379
3899580269,2907870629
3899580269,575492930
3899580269,20809515
3899580269,110721158
3899580269,2175807304
3899580269,288254260
3899580269,80655102
3899580269,3483917657
3899580269,280582344
3899580269,492288571
3899580269,1944004278
3899580269,243381107
3899580269,448356091
3899580269,15818391
3899580269,141052723
3899580269,382267114
3899580269,16569045
3899580269,14208199
3899580269,43158428
3899580269,297169759
3899580269,16193578
3899580269,19472578
3899580269,16911419
3899580269,16303106
3899580269,22384691
3899580269,158414847
3899580269,16631331
3899580269,16632149
3899580269,15846407
3899580269,16129920
3899580269,16632219
3899580269,23585685
3899580269,21982720
3899580269,16548023
3899580269,19889294
3899580269,17624959
3899580269,16012783
3899580269,14511951
3899580269,69406730
3899580269,22903765
3899580269,2836421
3899580269,21718006
3899580269,14173315
3899580269,34036028
3899580269,15754281
3899580269,26053643
3899580269,139162440
3899580269,156651229
3899580269,2992705191
3899580269,44039298
3899580269,1877831
3899580269,21510894
3899580269,21324165
3899580269,17169390
3899580269,18758902
3899580269,15485441
3899580269,3567215836
3899580269,3392856520
3899580269,590066149
3899580269,476910021
3899580269,1663338932
3899580269,924992720
3899580269,2909817873
3899580269,3013770027
3899580269,317053015
3899580269,1025154942
3899580269,445014771
3899580269,1889832038
3899580269,211827343
3899580269,559936376
3899580269,2865476500
3899580269,771976508
3899580269,3362120621
3899580269,2938800191
3899580269,780722634
3899580269,10799642
3899580269,2469393976
3899580269,24279390
3899580269,2966908305
3899580269,50282356
3899580269,563093420
3899580269,19530134
3899580269,22812734
3899580269,25984418
3899580269,47583917
3899580269,17062358
3899580269,602387196
3899580269,1109986592
3899580269,2536697346
3899580269,14166909
3899580269,3346356683
3899580269,1639866307
3899580269,2271591618
3899580269,2951514023
3899580269,3303814468
3899580269,128216887
3899580269,21866939
3899580269,14138785
3899580269,28624570
3899580269,30313925
3899580269,10228272
3899580269,325830217
3899580269,1339835893
3899580269,1330457336
3899580269,14159148
3899580269,14230524
3899580269,2626029320
3899580269,2977900810
3899580269,899592168
3899580269,617565338
3899580269,360230512
3899580269,116592781
3899580269,21214421
3899580269,788524
3899580269,813286
3899580269,14569869
3899580269,1367531
3899580269,16973333
3899580269,491731293
3899580269,3288912023
3899580269,2097571
3899580269,487118986
3899580269,87416722
3899580269,16343974
3899580269,7587032
3899580269,3053667722
3899580269,16127941
3899580269,21769623
3899580269,24696669
3899580269,394220300
3899580269,941811858
3899580269,19083439
3899580269,21492030
3899580269,612473
3899580269,2829627760
3899580269,20856282
3899580269,71530380
3899580269,19415798
3899580269,11862072
3899580269,28758915
3899580269,17980026
3899580269,15012486
3899580269,6017542
3899580269,14995420
3899580269,2290054560
3899580269,28785486
3899580269,759251
3899580269,283038024
3899580269,51241574
3899580269,428333
3899580269,47622979
3899580269,5402612
3899580269,44233510
3899580269,3108351
3899580269,2739113047
3899580269,21648020
3899580269,17311493
3899580269,291736392
3899580269,14270254
3899580269,1652541
3899580269,204428144
3899580269,742143
3899580269,87818409
3899580269,14293310
3899580269,2467791
3899580269,312341849
3899580269,396894374
3899580269,651433
3899580269,47903269
3899580269,342276876
3899580269,20712514
3899580269,20015311
3899580269,73938281
3899580269,21417835
3899580269,19875072
3899580269,106830010
3899580269,14903044
3899580269,50771868
3899580269,824153233
3899580269,2197487762
3899580269,89273104
3899580269,101863642
3899580269,1662057727
3899580269,19713622
3899580269,66834664
3899580269,14746456
3899580269,1662348032
3899580269,1615685677
3899580269,2176124383
3899580269,18075140
3899580269,2990169623
3899580269,8662472
3899580269,504866950
3899580269,20380673
3899580269,17884125
3899580269,25535042
3899580269,94081671
3899580269,395388847
3899580269,17626165
3899580269,21783395
3899580269,1648629770
3899580269,1536087474
3899580269,328980753
3899580269,2684961854
3899580269,11664092
3899580269,26276346
3899580269,197927483
3899580269,1662100381
3899580269,19051022
3899580269,3101481833
3899580269,14946308
3899580269,1690412382
3899580269,15392221
3899580269,3047877146
3899580269,97488105
3899580269,107599609
3899580269,21309551
3899580269,1265295037
3899580269,17063215
3899580269,3309309791
3899580269,3034993114
3899580269,17159484
3899580269,2624299231
3899580269,3728671401
3899580269,55362811
3899580269,22321740
3899580269,2200784754
3899580269,3310571
3899580269,761801714
3899580269,2607219787
3899580269,167399649
3899580269,39349216
3899580269,43346844
3899580269,48302014
3899580269,23458084
3899580269,15951863
3899580269,298360697
3899580269,2574261385
3899580269,3012414632
3899580269,17173144
3899580269,64788246
3899580269,17745219
3899580269,19612753
3899580269,162089811
3899580269,231703688
3899580269,15615035
3899580269,22176845
3899580269,377008435
3899580269,23011527
3899580269,266712846
3899580269,20350081
3899580269,405123394
3899580269,20351362
3899580269,753828066
3899580269,321547423
3899580269,3373791
3899580269,323308527
3899580269,1963319070
3899580269,21249548
3899580269,52461270
3899580269,16854780
3899580269,19271557
3899580269,410309718
3899580269,20843014
3899580269,85908999
3899580269,121167080
3899580269,17087162
3899580269,19264748
3899580269,20448566
3899580269,34423857
3899580269,21905142
3899580269,237241020
3899580269,21204154
3899580269,3030934700
3899580269,123754656
3899580269,38977171
3899580269,16951979
3899580269,17595890
3899580269,21138477
3899580269,16171953
3899580269,17693232
3899580269,19686295
3899580269,19921389
3899580269,17624543
3899580269,1362132925
3899580269,24241544
3899580269,19405367
3899580269,20781929
3899580269,1023139638
3899580269,14856333
3899580269,2826441116
3899580269,2560375745
3899580269,19247625
3899580269,517700642
3899580269,3152410256
3899580269,19663485
3899580269,19564523
3899580269,22827600
3899580269,251716551
3899580269,568653508
3899580269,15391813
3899580269,27260086
3899580269,909186090
3899580269,1118076962
3899580269,8665852
3899580269,18679659
3899580269,21389998
3899580269,41878061
3899580269,18221807
3899580269,16451028
3899580269,124139163
3899580269,480537028
3899580269,181637383
3899580269,19033555
3899580269,611227644
3899580269,356844856
3899580269,70186440
3899580269,23263743
3899580269,19490380
3899580269,14758257
3899580269,405728790
3899580269,382613598
3899580269,17163446
3899580269,21390674
3899580269,2561091
3899580269,414736352
3899580269,8665572
3899580269,21390437
3899580269,19394887
3899580269,1558141890
3899580269,49781518
3899580269,19186180
3899580269,23421880
3899580269,57022252
3899580269,155659213
