393549378,1393078808
393549378,21864804
393549378,369041984
393549378,18312153
393549378,19109203
393549378,2309381
393549378,271080643
393549378,351628212
393549378,14335586
393549378,234826866
393549378,2712316832
393549378,154093349
393549378,333401731
393549378,47582661
393549378,869912514
393549378,312528560
393549378,2725702711
393549378,259259951
393549378,2162938044
393549378,453310650
393549378,49593463
393549378,6310082
393549378,44395938
393549378,2656533409
393549378,265997025
393549378,46158178
393549378,921236768
393549378,3395135895
393549378,247206957
393549378,141137711
393549378,531355345
393549378,2559280381
393549378,53376576
393549378,460966881
393549378,2803587655
393549378,869894239
393549378,19961073
393549378,2712969680
393549378,321362712
393549378,3092459590
393549378,3044834795
393549378,228380252
393549378,2794475589
393549378,112393962
393549378,15647805
393549378,112832237
393549378,1280994680
393549378,2397575574
393549378,93618872
393549378,2860145633
393549378,1966934329
393549378,466400667
393549378,398649958
393549378,2874978172
393549378,2380354075
393549378,744929305
393549378,610584611
393549378,1095878586
393549378,238096056
393549378,92034115
393549378,112201881
393549378,231842670
393549378,2645325126
393549378,835123087
393549378,1732040756
393549378,3730757056
393549378,523704145
393549378,403299980
393549378,18218859
393549378,16631268
393549378,21742742
393549378,460461128
393549378,50029119
393549378,29960671
393549378,259690215
393549378,2338221113
393549378,231799257
393549378,2829454396
393549378,549962062
393549378,287816744
393549378,32429400
393549378,371017223
393549378,46357879
393549378,381540723
393549378,3353704396
393549378,1816739971
393549378,1222717968
393549378,18628289
393549378,122345999
393549378,210904793
393549378,3297992574
393549378,37623918
393549378,703633867
393549378,20228586
393549378,1021678074
393549378,23318055
393549378,474073938
393549378,511223459
393549378,84571957
393549378,2843837453
393549378,39997988
393549378,2957596833
393549378,3133076423
393549378,14309512
393549378,1641363265
393549378,613276643
393549378,2860987509
393549378,603467021
393549378,1356343460
393549378,2371713097
393549378,437502898
393549378,6245822
393549378,16600393
393549378,115636968
393549378,1465055941
393549378,351616785
393549378,2802621310
393549378,235509096
393549378,17384251
393549378,513470285
393549378,2482550384
393549378,184906418
393549378,200925291
393549378,3301435043
393549378,2427001562
393549378,36103722
393549378,1514386873
393549378,2548341234
393549378,164304654
393549378,991297872
393549378,1374683634
393549378,327365646
393549378,228673882
393549378,191451806
393549378,45799110
393549378,1949513514
393549378,144880437
393549378,16003760
393549378,1052722214
393549378,947933930
393549378,391907957
393549378,1242009798
393549378,1100753232
393549378,1369422020
393549378,3241921109
393549378,111349115
393549378,755768354
393549378,3233965818
393549378,18796362
393549378,539742739
393549378,24876927
393549378,142653951
393549378,239767060
393549378,2494254896
393549378,49129101
393549378,2801353393
393549378,3120898095
393549378,2969760609
393549378,1024964018
393549378,17614849
393549378,40521177
393549378,14808226
393549378,558509805
393549378,23452820
393549378,398162212
393549378,30933639
393549378,109402112
393549378,518220888
393549378,133683225
393549378,2833510397
393549378,518660800
393549378,19452793
393549378,829597112
393549378,3006020369
393549378,165786404
393549378,233514999
393549378,1965296118
393549378,2191144501
393549378,158445020
393549378,370709666
393549378,177605712
393549378,234035533
393549378,372785746
393549378,245296005
393549378,19541556
393549378,1092222690
393549378,2331648078
393549378,1184103289
393549378,366696787
393549378,300747032
393549378,2820286468
393549378,318954744
393549378,1337085834
393549378,947701357
393549378,980220672
393549378,39232976
393549378,137595791
393549378,53622098
393549378,2876637880
393549378,2208672804
393549378,155858628
393549378,125071209
393549378,26088207
393549378,2941973859
393549378,928118312
393549378,81201199
393549378,17384105
393549378,459283901
393549378,46763286
393549378,2828136269
393549378,18936785
393549378,513022273
393549378,2194570908
393549378,2786900559
393549378,27287954
393549378,80024060
393549378,1063611103
393549378,496925888
393549378,25484881
393549378,78990577
393549378,254069879
393549378,19227096
393549378,784558332
393549378,68388805
393549378,575160556
393549378,187460404
393549378,2815583811
393549378,2893273911
393549378,103522539
393549378,297078832
393549378,1488697045
393549378,85460446
393549378,1332566611
393549378,147972836
393549378,927783252
393549378,2220009464
393549378,103152299
393549378,1731731006
393549378,22199816
393549378,68677894
393549378,1127747108
393549378,2650351980
393549378,413796546
393549378,18648383
393549378,948552829
393549378,1106659014
393549378,118680576
393549378,568091956
393549378,24858790
393549378,47350606
393549378,19287037
393549378,18022037
393549378,29958529
393549378,183622298
393549378,19409761
393549378,2526408671
393549378,2615155470
393549378,19231330
393549378,102943125
393549378,132213553
393549378,193442291
393549378,414637701
393549378,407791595
393549378,791253888
393549378,14784765
393549378,52775514
393549378,169431716
393549378,616472602
393549378,2547549451
393549378,270483276
393549378,168457320
393549378,129594404
393549378,442088479
393549378,2162314134
393549378,111416652
393549378,1313831478
393549378,297589702
393549378,5988062
393549378,241940777
393549378,29282087
393549378,1088594594
393549378,577244055
393549378,45202952
393549378,408491472
393549378,16550055
393549378,1026325136
393549378,164672061
393549378,613471478
393549378,581965211
393549378,72252168
393549378,1227489451
393549378,188036272
393549378,1249080590
393549378,442115511
393549378,1946596639
393549378,2591422031
393549378,230849793
393549378,4898091
393549378,509402934
393549378,573442111
393549378,2533126970
393549378,468421654
393549378,1618986259
393549378,400807880
393549378,98924112
393549378,34985699
393549378,86301869
393549378,190588690
393549378,38733715
393549378,119399799
393549378,899819521
393549378,408755458
393549378,1030730444
393549378,190286010
393549378,234453946
393549378,1694362759
393549378,61186143
393549378,69549823
393549378,962085350
393549378,123870728
393549378,20381809
393549378,1100920765
393549378,2239442800
393549378,54872196
393549378,600900982
393549378,258739728
393549378,151844435
393549378,359556039
393549378,587436857
393549378,1407505292
393549378,918859459
393549378,433129343
393549378,16705726
393549378,17790274
393549378,157981564
393549378,856010760
393549378,201052331
393549378,19590009
393549378,74395519
393549378,1545333888
393549378,264765056
393549378,459241161
393549378,1307175116
393549378,176411812
393549378,248352950
393549378,2203612465
393549378,39516018
393549378,237222584
393549378,5974982
393549378,500579020
393549378,539011770
393549378,381074489
393549378,198879824
393549378,19224439
393549378,45180881
393549378,35720899
393549378,435688053
393549378,44019567
393549378,39500950
393549378,156996619
393549378,84364416
393549378,17006157
393549378,217097410
393549378,303761794
393549378,52719932
393549378,611740729
393549378,27106782
393549378,352382695
393549378,130425026
393549378,34906045
393549378,2308211
393549378,113484479
393549378,783214
