3986933481,272019676
3986933481,18510860
3986933481,22545453
3986933481,22947474
3986933481,151106990
3986933481,1947301
3986933481,39922594
3986933481,2674180814
3986933481,2462483304
3986933481,381583235
3986933481,16955991
3986933481,35773039
3986933481,15164565
3986933481,28785486
3986933481,9763482
3986933481,17469289
3986933481,45564482
3986933481,54311364
3986933481,17469492
3986933481,21114659
3986933481,26792275
3986933481,62513246
3986933481,20196258
3986933481,166739404
3986933481,492399548
3986933481,50374439
3986933481,21447363
3986933481,25365536
3986933481,121167080
3986933481,883283635
3986933481,618300542
3986933481,348785149
3986933481,133880286
3986933481,47786101
3986933481,284602545
3986933481,87239242
3986933481,275754574
3986933481,27042513
3986933481,102278356
3986933481,2176998871
3986933481,110445334
3986933481,77444951
3986933481,21389998
3986933481,2230383367
3986933481,136361303
3986933481,16613128
3986933481,15108702
3986933481,39384517
3986933481,16193578
3986933481,127910704
3986933481,171682388
3986933481,1410584018
3986933481,171682730
3986933481,72915722
3986933481,237742980
3986933481,51219631
3986933481,86422542
3986933481,14341277
3986933481,15391813
3986933481,73181712
3986933481,18648562
3986933481,25150711
3986933481,7309052
3986933481,513708554
3986933481,17629860
3986933481,2248872301
3986933481,15647676
3986933481,15113565
3986933481,17409240
3986933481,31310158
3986933481,8775672
3986933481,106597684
3986933481,2359926157
3986933481,184910040
3986933481,36094161
3986933481,124335068
3986933481,124003770
3986933481,268439864
3986933481,215957468
3986933481,322803070
3986933481,329746058
3986933481,571083342
3986933481,57097104
3986933481,1198406491
3986933481,229219088
3986933481,75974281
3986933481,285282053
3986933481,742143
3986933481,5402612
3986933481,23263743
3986933481,41814169
3986933481,15224867
3986933481,15072071
3986933481,31237480
3986933481,69181624
3986933481,16681542
3986933481,119771348
3986933481,66505112
3986933481,43394391
3986933481,14746456
3986933481,14677919
3986933481,15291335
3986933481,484962664
3986933481,16206688
3986933481,203162990
3986933481,17229809
3986933481,200163448
3986933481,18667907
3986933481,561965364
3986933481,18600155
3986933481,15170346
3986933481,194042592
3986933481,190242011
3986933481,22384691
3986933481,2994469282
3986933481,3376281958
3986933481,4203391948
3986933481,2205681944
3986933481,70349639
3986933481,25333609
3986933481,17624543
3986933481,21856254
3986933481,21112266
3986933481,22904901
3986933481,34423857
3986933481,4105139182
3986933481,19875072
3986933481,14333754
3986933481,19713622
3986933481,7587032
3986933481,948552829
3986933481,1662057727
3986933481,21089219
3986933481,19472578
3986933481,3483917657
3986933481,63172203
3986933481,236699098
3986933481,1615685677
3986933481,17693232
3986933481,788524
3986933481,15012486
3986933481,1367531
3986933481,9300262
3986933481,14173315
3986933481,157981564
3986933481,20177423
3986933481,380648579
3986933481,15279429
3986933481,1093090866
3986933481,113592560
3986933481,90449921
3986933481,1536791610
3986933481,14700316
3986933481,18938646
3986933481,23543947
3986933481,120420865
3986933481,55573873
3986933481,575492930
3986933481,125765095
3986933481,5120691
3986933481,59736898
3986933481,10126672
3986933481,54885400
3986933481,20781929
3986933481,24241544
3986933481,19921389
3986933481,19611483
3986933481,66369181
3986933481,9624742
3986933481,110541296
3986933481,120176950
3986933481,26538229
3986933481,83466368
3986933481,102700680
3986933481,33933259
3986933481,14159148
3986933481,27860681
3986933481,25098482
3986933481,304909941
3986933481,14082692
3986933481,1877831
3986933481,386420143
3986933481,111416652
3986933481,44084633
3986933481,72568426
3986933481,274040176
3986933481,60054156
3986933481,78021221
3986933481,8665852
3986933481,25535042
3986933481,348379865
3986933481,19224439
3986933481,126614785
3986933481,603539358
3986933481,74453123
3986933481,14436030
3986933481,7996082
3986933481,59486068
3986933481,17006157
3986933481,11014272
3986933481,50393960
3986933481,116059651
3986933481,185260477
3986933481,23375688
3986933481,10228272
3986933481,79293791
3986933481,17884125
3986933481,23585685
3986933481,15846407
3986933481,17919972
3986933481,16343974
3986933481,1754641
3986933481,16334857
3986933481,621523
3986933481,28140646
3986933481,19397785
3986933481,16664681
3986933481,813286
3986933481,185314895
3986933481,89503894
3986933481,784680583
3986933481,321970500
3986933481,141052723
3986933481,34572451
3986933481,16184358
3986933481,280582344
3986933481,30313925
3986933481,20562637
3986933481,32359921
3986933481,87818409
3986933481,15754281
3986933481,15110357
3986933481,4898091
3986933481,2884771
3986933481,91478624
3986933481,18949452
3986933481,67358777
3986933481,34713362
3986933481,5988062
3986933481,2097571
3986933481,1652541
3986933481,14511951
3986933481,14293310
3986933481,51241574
3986933481,2467791
3986933481,3108351
3986933481,428333
3986933481,14230524
3986933481,759251
3986933481,157140968
3986933481,20450232
3986933481,807095
3986933481,326695367
