399311964,123389836
399311964,68710759
399311964,23399592
399311964,58882984
399311964,1121115816
399311964,361400752
399311964,1055925607
399311964,1289943542
399311964,274504204
399311964,30468009
399311964,140588706
399311964,872312995
399311964,97892604
399311964,19742155
399311964,512157888
399311964,287850507
399311964,116599902
399311964,55186755
399311964,209597332
399311964,104457307
399311964,23432701
399311964,301485781
399311964,86108049
399311964,89337224
399311964,137692221
399311964,67705966
399311964,578261672
399311964,1659995623
399311964,58013968
399311964,218645966
399311964,347774357
399311964,54187940
399311964,459594045
399311964,274449248
399311964,2329106355
399311964,358773185
399311964,186657340
399311964,89305106
399311964,473313028
399311964,44498013
399311964,234972588
399311964,46481078
399311964,159030306
399311964,841880894
399311964,68219210
399311964,31204494
399311964,835979047
399311964,858849912
399311964,81831195
399311964,287816071
399311964,1117468987
399311964,2165138882
399311964,121757856
399311964,220834346
399311964,148294846
399311964,353766955
399311964,259657748
399311964,76133388
399311964,410758679
399311964,418299950
399311964,39354741
399311964,23794127
399311964,284316677
399311964,2315703649
399311964,182412751
399311964,154023356
399311964,180363363
399311964,550926122
399311964,47102017
399311964,1915762027
399311964,1244460458
399311964,2364557984
399311964,1950138955
399311964,540255398
399311964,1505159737
399311964,1488078974
399311964,1682199961
399311964,2183577423
399311964,1620318091
399311964,1066106802
399311964,835290290
399311964,19133738
399311964,69923122
399311964,489713847
399311964,28897926
399311964,1332667482
399311964,36476048
399311964,2335536979
399311964,130123564
399311964,413304704
399311964,351594443
399311964,1460647627
399311964,1527628669
399311964,1107385998
399311964,92496005
399311964,1081268894
399311964,30838622
399311964,19648518
399311964,1055112156
399311964,1180220856
399311964,72132966
399311964,1128218203
399311964,80258281
399311964,226661516
399311964,342216303
399311964,954208946
399311964,260386612
399311964,826974518
399311964,106241225
399311964,344823637
399311964,104616237
399311964,22931646
399311964,353263887
399311964,41616785
399311964,1674120498
399311964,877626894
399311964,545154518
399311964,229920929
399311964,2165259943
399311964,2164966957
399311964,202729215
399311964,922010761
399311964,1345526028
399311964,567806491
399311964,705118051
399311964,498322640
399311964,336574082
399311964,498021168
399311964,112416951
399311964,240784904
399311964,428389640
399311964,362464244
399311964,366627901
399311964,23224555
399311964,312249417
399311964,84455924
399311964,292431083
399311964,21396648
399311964,166268455
399311964,252123660
399311964,878916607
399311964,206825931
399311964,17994572
399311964,15041964
399311964,51985736
399311964,18746811
399311964,1481977400
399311964,59814517
399311964,1431648336
399311964,311515806
399311964,432819483
399311964,18248587
399311964,14355600
399311964,396590059
399311964,1966512732
399311964,33467888
399311964,1104993516
399311964,230596194
399311964,55640065
399311964,1022463342
399311964,51558446
399311964,37913509
399311964,15798656
399311964,47745378
399311964,209605999
399311964,1299803203
399311964,566813697
399311964,352955684
399311964,1262434748
399311964,410347214
399311964,55001952
399311964,20626120
399311964,344154755
399311964,12039822
399311964,51863646
399311964,21034836
399311964,120594948
399311964,20281131
399311964,20139503
399311964,16254537
399311964,19658302
399311964,46284757
399311964,21324234
399311964,60866683
399311964,1227930450
399311964,1387491673
399311964,83653432
399311964,140833031
399311964,46416092
399311964,19180060
399311964,62501560
399311964,24590293
399311964,19554551
399311964,71903005
399311964,24444173
399311964,96143268
399311964,23106388
399311964,21354751
399311964,29689423
399311964,105650637
399311964,19626386
399311964,99623545
399311964,19662084
399311964,33934674
399311964,30918433
399311964,26883619
399311964,60876332
399311964,182930388
399311964,164269669
399311964,20105197
399311964,156594851
399311964,95665941
399311964,100012244
399311964,94592841
399311964,157724454
399311964,82838728
399311964,104439799
399311964,26082357
399311964,23131555
399311964,23857070
399311964,14065275
399311964,17012995
399311964,35201189
399311964,40872762
399311964,60751490
399311964,11811192
399311964,53176512
399311964,143640873
399311964,59505978
399311964,33167846
399311964,24763700
399311964,61202428
399311964,113146270
399311964,87304646
399311964,81100148
399311964,46427984
399311964,31248489
399311964,20676778
399311964,54641184
399311964,53024793
399311964,82721151
399311964,28101780
399311964,39970822
399311964,20769825
399311964,48677158
399311964,197643305
399311964,19317903
399311964,19783753
399311964,19142616
399311964,179680895
399311964,182768256
399311964,161437279
399311964,20115463
399311964,17298941
399311964,16277072
399311964,129088204
399311964,19498122
399311964,17413907
399311964,20330052
399311964,67404309
399311964,132843635
399311964,19024453
399311964,18159888
399311964,22069975
399311964,7378332
399311964,19525491
399311964,29334940
399311964,21657825
399311964,16602031
399311964,120567705
399311964,19658789
399311964,20341199
399311964,27021102
399311964,147314655
399311964,20849083
399311964,53034943
399311964,25993472
399311964,21390398
399311964,119960958
399311964,127428367
399311964,37908680
399311964,21773864
399311964,19766593
399311964,19924842
399311964,14250763
399311964,156810603
399311964,44705915
399311964,21338045
399311964,186896226
399311964,108733908
399311964,132654546
399311964,17764554
399311964,18019484
399311964,55670750
399311964,30933895
399311964,50273532
399311964,101296967
399311964,39324382
399311964,46911423
399311964,19045526
399311964,91774278
399311964,17339270
399311964,22925569
399311964,57712993
399311964,72796465
399311964,48710041
399311964,29066955
399311964,29244454
399311964,50288817
399311964,43729767
399311964,65927990
399311964,24452293
399311964,20717237
399311964,94214742
399311964,22133432
399311964,22855171
399311964,89813662
399311964,288819305
399311964,288926585
399311964,289249676
399311964,288819975
399311964,288825607
399311964,58291972
399311964,17693232
399311964,158768741
399311964,49973378
399311964,37722481
399311964,771787
399311964,298246562
399311964,56344232
399311964,7148452
399311964,12687932
399311964,20062638
399311964,53646348
399311964,19662313
399311964,22947088
399311964,9375482
399311964,51432604
399311964,112470019
399311964,32712986
399311964,421477898
399311964,19393233
399311964,11732272
399311964,90459543
399311964,415757385
399311964,119784840
399311964,43865255
399311964,10350
399311964,78081384
399311964,93230391
399311964,92808533
399311964,889128678
399311964,953350999
399311964,162124785
399311964,1275351325
399311964,760382936
399311964,289571549
399311964,926038644
399311964,981235092
399311964,246844638
399311964,943422660
399311964,1020848227
399311964,1166655937
399311964,51140266
399311964,34623985
399311964,1248782946
399311964,26017256
399311964,70412469
399311964,14871337
399311964,73022238
399311964,355798821
399311964,87759679
399311964,89084787
399311964,1352192750
399311964,1368080635
399311964,264273302
399311964,484908794
399311964,57050724
399311964,29582933
399311964,91841892
399311964,241682865
399311964,569348893
399311964,313219270
399311964,926490595
399311964,392874700
399311964,19247625
399311964,91318191
399311964,1360728193
399311964,340986086
399311964,548503737
399311964,1326729666
399311964,1308756955
399311964,27013474
399311964,22972863
399311964,50647762
399311964,1369374703
399311964,823030310
399311964,1354477458
399311964,326370783
399311964,447425561
399311964,1308586796
399311964,1364709278
399311964,1150732014
399311964,80956236
399311964,1354099064
399311964,992163841
399311964,258494221
399311964,478606626
399311964,807201205
399311964,490298150
399311964,1373351269
399311964,1114313132
399311964,1073977256
399311964,26988009
399311964,529458944
399311964,577541477
399311964,607492029
399311964,601106396
399311964,572436644
399311964,43565005
399311964,90494316
399311964,285858370
399311964,147272017
399311964,529700653
399311964,1132006819
399311964,1150531706
399311964,757381154
399311964,1170617605
399311964,950432438
399311964,515886474
399311964,1165761050
399311964,298163099
399311964,1352583378
399311964,1370556128
399311964,1043858720
399311964,212948433
399311964,799069435
399311964,1097937924
399311964,813579823
399311964,1128904820
399311964,620868295
399311964,1295849178
399311964,69375292
399311964,1222849668
399311964,1048960520
399311964,384193547
399311964,861117522
399311964,773372929
399311964,507913255
399311964,1013411262
399311964,1104068490
399311964,612541017
399311964,1027103768
399311964,588332449
399311964,400854358
399311964,1272965744
399311964,75282167
399311964,1104935844
399311964,352619436
399311964,242419752
399311964,545242663
399311964,954253093
399311964,1162940857
399311964,29839436
399311964,167431192
399311964,236005711
399311964,157110650
399311964,270899370
399311964,278622214
399311964,90412962
399311964,186212068
399311964,307437258
399311964,54751868
399311964,279051107
399311964,269223792
399311964,152265298
399311964,69340908
399311964,40288585
399311964,365726341
399311964,388511756
399311964,276206017
399311964,30018678
399311964,187560819
399311964,132584741
399311964,8920462
399311964,777996104
399311964,44233510
399311964,578401079
399311964,27709549
399311964,53409672
399311964,21013617
399311964,67420766
399311964,99795732
399311964,19633026
399311964,27974845
399311964,238636692
399311964,42246783
399311964,33874318
399311964,28800611
399311964,108032268
399311964,25379761
399311964,279972382
399311964,101221417
399311964,125478633
399311964,107070350
399311964,374537061
399311964,68112265
399311964,610473615
399311964,298139415
399311964,185251499
399311964,329219067
399311964,216501020
399311964,1228018453
399311964,7109022
399311964,15095086
399311964,300301542
399311964,155183410
399311964,137359428
399311964,27604942
399311964,139684072
399311964,138476968
399311964,139219909
399311964,53192196
399311964,138397751
399311964,71999962
399311964,55669811
399311964,67614895
399311964,83681503
399311964,23311667
399311964,17113066
399311964,62971315
399311964,52479364
399311964,33495518
399311964,32513215
399311964,134557113
399311964,133462570
399311964,48328679
399311964,20393955
399311964,47452191
399311964,24516022
399311964,23503261
399311964,90886293
399311964,81614605
399311964,130995589
399311964,94563768
399311964,132466862
399311964,83474435
399311964,116917780
399311964,118826330
399311964,129941082
399311964,562822759
399311964,1151182556
399311964,376155732
399311964,1015407570
399311964,554247391
399311964,1064016655
399311964,554341456
399311964,430984707
399311964,483174180
399311964,1022788987
399311964,142789114
399311964,576643014
399311964,1015400054
399311964,108897038
399311964,19709089
399311964,104299247
399311964,19265389
399311964,42680860
399311964,183810647
399311964,413980673
399311964,50159677
399311964,20204270
399311964,415841369
399311964,418546759
399311964,72846075
399311964,18560797
399311964,420435817
399311964,328515437
399311964,391445308
399311964,22612388
399311964,63128703
399311964,110548797
399311964,624114430
399311964,22996693
399311964,20974097
399311964,59828030
399311964,104236878
399311964,45206584
399311964,107683284
399311964,1265524189
399311964,236972786
399311964,355608563
399311964,1219956350
399311964,72046844
399311964,55377938
399311964,21768569
399311964,17213053
399311964,17487884
399311964,819164323
399311964,461647264
399311964,948552829
399311964,14519038
399311964,23727578
399311964,19627221
399311964,431733846
399311964,20864295
399311964,232855418
399311964,45546544
399311964,26807846
399311964,19863224
399311964,24013458
399311964,18937095
399311964,18678493
399311964,26805095
399311964,50300579
399311964,17159484
399311964,1382596806
399311964,152031570
399311964,50604058
399311964,238317267
399311964,314126189
399311964,73140377
399311964,1129359518
399311964,343403485
399311964,502809468
399311964,419572973
399311964,1226491916
399311964,564775392
399311964,210907602
399311964,1315305894
399311964,915434262
399311964,99168307
399311964,258923909
399311964,232572726
399311964,183317744
399311964,57202869
399311964,577218917
399311964,55277739
399311964,227777300
399311964,1219117668
399311964,345389447
399311964,632783252
399311964,31704976
399311964,925690051
399311964,1351986606
399311964,1331925162
399311964,1331844589
399311964,70974882
399311964,22900663
399311964,26486870
399311964,1249896566
399311964,28636936
399311964,390831145
399311964,21182843
399311964,495404569
399311964,465945875
399311964,752891688
399311964,1311257749
399311964,407640605
399311964,20632444
399311964,36106530
399311964,1265266256
399311964,60933084
399311964,553813247
399311964,36057574
399311964,415558547
399311964,633264220
399311964,1045553442
399311964,160486077
399311964,26450010
399311964,109083721
399311964,27607954
399311964,371439333
399311964,277017895
399311964,1017498067
399311964,1193312768
399311964,439138276
399311964,1255786219
399311964,59255978
399311964,55375645
399311964,998016732
399311964,999232741
399311964,806536441
399311964,16270380
399311964,69405732
399311964,122332553
399311964,50798067
399311964,19871824
399311964,402697909
399311964,347373184
399311964,1196420282
399311964,89511393
399311964,21639867
399311964,91634711
399311964,45583859
399311964,785318689
399311964,880011763
399311964,318008778
399311964,605405374
399311964,311680521
399311964,42241421
399311964,246401986
399311964,593037242
399311964,24985391
399311964,42653406
399311964,58299538
399311964,80042277
399311964,23354278
399311964,307300290
399311964,286634461
399311964,546353011
399311964,98159285
399311964,20072517
399311964,1175581610
399311964,1201893938
399311964,1147861914
399311964,633243970
399311964,47421223
399311964,1126452775
399311964,67757333
399311964,228835571
399311964,63315413
399311964,60034133
399311964,197132304
399311964,293406882
399311964,1040219322
399311964,50832343
399311964,637361038
399311964,62603920
399311964,1187670060
399311964,58348548
399311964,590413235
399311964,1284066122
399311964,62875209
399311964,540958109
399311964,212576144
399311964,1286841062
399311964,1290221666
399311964,68177584
399311964,121759959
399311964,34122228
399311964,701115456
399311964,119687622
399311964,17087162
399311964,17993489
399311964,330979924
399311964,62310955
399311964,367279791
399311964,317826159
399311964,49005515
399311964,365492002
399311964,315220612
399311964,152073572
399311964,724607420
399311964,22173724
399311964,18758902
399311964,22941152
399311964,16395956
399311964,19349699
399311964,356348997
399311964,66707630
399311964,256554849
399311964,265534198
399311964,19248800
399311964,32477359
399311964,18904973
399311964,329085610
399311964,35060447
399311964,89949878
399311964,21675332
399311964,21324165
399311964,27633510
399311964,34011312
399311964,606864363
399311964,71560422
399311964,69712872
399311964,534900945
399311964,215030476
399311964,25054973
399311964,37643234
399311964,1104721567
399311964,378834459
399311964,1117648723
399311964,560049109
399311964,1118345264
399311964,70010150
399311964,124604659
399311964,1102222783
399311964,39049727
399311964,928341740
399311964,64931289
399311964,1109778624
399311964,963959492
399311964,926166812
399311964,942363565
399311964,62110597
399311964,1126214503
399311964,467788075
399311964,1126557673
399311964,1022390179
399311964,1119425394
399311964,1003906904
399311964,115417202
399311964,1128535268
399311964,54599641
399311964,422174616
399311964,923253925
399311964,72048731
399311964,430859614
399311964,935319457
399311964,1132255754
399311964,514816993
399311964,1132344644
399311964,74737963
399311964,336230915
399311964,1134426721
399311964,1134653995
399311964,718595106
399311964,1134962024
399311964,1132475246
399311964,85683576
399311964,1136634920
399311964,631145822
399311964,176553950
399311964,549485290
399311964,741133950
399311964,1140753187
399311964,1141135052
399311964,476095479
399311964,390887821
399311964,62018370
399311964,1145033498
399311964,74725352
399311964,1109045756
399311964,453434303
399311964,50609853
399311964,371271876
399311964,586686069
399311964,464666609
399311964,53216465
399311964,334583274
399311964,47100143
399311964,506039115
399311964,96604046
399311964,1158340051
399311964,1158527089
399311964,1139234628
399311964,569498973
399311964,1163392748
399311964,385606285
399311964,574041890
399311964,163291904
399311964,209794181
399311964,76735077
399311964,403573925
399311964,1163486647
399311964,1151998206
399311964,1168503104
399311964,22543300
399311964,1198409076
399311964,217396657
399311964,1066804273
399311964,497495696
399311964,1172455453
399311964,130949305
399311964,499152382
399311964,946308422
399311964,53543101
399311964,613632030
399311964,347044044
399311964,25494247
399311964,93413409
399311964,1183146476
399311964,311564640
399311964,911432522
399311964,574885564
399311964,739618826
399311964,101875092
399311964,306780256
399311964,611251234
399311964,622574958
399311964,943540094
399311964,1191148268
399311964,1191410766
399311964,484888702
399311964,109074751
399311964,592061475
399311964,1191545364
399311964,633647373
399311964,1195443996
399311964,301370877
399311964,829925947
399311964,333180071
399311964,1089289136
399311964,1199585112
399311964,1191044149
399311964,76729065
399311964,411054899
399311964,21302418
399311964,531657988
399311964,761686898
399311964,563252940
399311964,1063301611
399311964,270835007
399311964,1206269598
399311964,1169933106
399311964,1207412857
399311964,1055425860
399311964,1208594221
399311964,50669615
399311964,1213152462
399311964,932934384
399311964,1213853714
399311964,258578054
399311964,1212600066
399311964,315494578
399311964,1215611966
399311964,20524183
399311964,1148077688
399311964,849740378
399311964,1055373774
399311964,1183979348
399311964,480826573
399311964,480830277
399311964,764467207
399311964,1222758402
399311964,776047250
399311964,974948900
399311964,589278754
399311964,616134219
399311964,22365737
399311964,480471964
399311964,1224442681
399311964,331784157
399311964,601882413
399311964,1219987669
399311964,1190794334
399311964,566437122
399311964,1120257450
399311964,186866574
399311964,1218275443
399311964,44341172
399311964,1114065673
399311964,1229732504
399311964,31227776
399311964,247546418
399311964,856396010
399311964,1209788269
399311964,1148054779
399311964,1234332912
399311964,1172429533
399311964,877356709
399311964,1234877749
399311964,1070622745
399311964,1230806552
399311964,309106515
399311964,1235129683
399311964,1199092752
399311964,1222266834
399311964,1236746448
399311964,93175049
399311964,421050562
399311964,88757933
399311964,1237312542
399311964,1163251688
399311964,1236335197
399311964,1238779842
399311964,831438308
399311964,455306569
399311964,50595701
399311964,1056061668
399311964,1067126779
399311964,1219834178
399311964,384391101
399311964,1243453820
399311964,39538383
399311964,33878747
399311964,897857810
399311964,947518140
399311964,1244892367
399311964,884935974
399311964,319285303
399311964,213805014
399311964,398639831
399311964,90773370
399311964,106320735
399311964,392354516
399311964,1249604600
399311964,868502244
399311964,849955968
399311964,406628559
399311964,1252917283
399311964,1249826076
399311964,47414801
399311964,827644824
399311964,547891196
399311964,1260191420
399311964,1260584708
399311964,1245830575
399311964,459232248
399311964,19901703
399311964,1262555348
399311964,996081811
399311964,787935992
399311964,1260116772
399311964,104783897
399311964,720745621
399311964,1148161351
399311964,1264270387
399311964,1134293652
399311964,1264483818
399311964,794121360
399311964,1026173839
399311964,1265239411
399311964,439902722
399311964,50473261
399311964,1135279741
399311964,565799412
399311964,1246381566
399311964,75819238
399311964,21848383
399311964,1223756868
399311964,1270368788
399311964,401272672
399311964,1254728545
399311964,1175972358
399311964,84293877
399311964,386123811
399311964,418621450
399311964,1252949689
399311964,1275072883
399311964,1275242761
399311964,1275597396
399311964,107683604
399311964,1275692156
399311964,1275768122
399311964,73663787
399311964,550487829
399311964,79129539
399311964,945979884
399311964,91313293
399311964,585602555
399311964,1278729696
399311964,1280347694
399311964,555604692
399311964,538603372
399311964,1275977863
399311964,66705846
399311964,785717756
399311964,1283300328
399311964,1267468345
399311964,189329582
399311964,1275784759
399311964,1140463250
399311964,982871646
399311964,215264539
399311964,1003333093
399311964,1284550573
399311964,589117585
399311964,1009456200
399311964,1286852077
399311964,333633677
399311964,1287977863
399311964,1283997434
399311964,1288632024
399311964,1255451827
399311964,1071996368
399311964,543492588
399311964,158866564
399311964,626852496
399311964,997433588
399311964,1019881381
399311964,988092224
399311964,989325822
399311964,182858557
399311964,233613329
399311964,339902561
399311964,393279826
399311964,613865273
399311964,1030724227
399311964,501053551
399311964,45605474
399311964,501920137
399311964,1038799200
399311964,723697429
399311964,554436021
399311964,320774988
399311964,606650326
399311964,169437608
399311964,1060370647
399311964,22497040
399311964,19458590
399311964,595922658
399311964,879818282
399311964,856871995
399311964,54253900
399311964,485041501
399311964,37217225
399311964,12190712
399311964,626886057
399311964,281274212
399311964,330404354
399311964,311485042
399311964,1095654337
399311964,455213051
399311964,30278934
399311964,583017391
399311964,1109681118
399311964,1050607879
399311964,258344515
399311964,985272836
399311964,1024734367
399311964,291025646
399311964,24586830
399311964,1031335370
399311964,115438221
399311964,94763659
399311964,80260412
399311964,553909511
399311964,1134760273
399311964,76615546
399311964,473057467
399311964,855300361
399311964,91331903
399311964,927959070
399311964,87830805
399311964,1148416550
399311964,1126665630
399311964,1134841501
399311964,1154684250
399311964,402132774
399311964,288358499
399311964,831967987
399311964,1100967452
399311964,223187509
399311964,286682529
399311964,302346820
399311964,1168808779
399311964,199402092
399311964,116866127
399311964,111080017
399311964,254252412
399311964,364856996
399311964,1098967039
399311964,820526707
399311964,1213797530
399311964,1215861998
399311964,122916786
399311964,67031931
399311964,861602274
399311964,1231221566
399311964,259834105
399311964,1236074508
399311964,51075587
399311964,503564664
399311964,1216013084
399311964,134303067
399311964,210320983
399311964,40100759
399311964,122798195
399311964,86744864
399311964,1143170197
399311964,59493926
399311964,75378469
399311964,223678528
399311964,574899111
399311964,625958126
399311964,67876367
399311964,132813316
399311964,553505358
399311964,1278032190
399311964,1276330010
399311964,1277927696
399311964,43357272
399311964,1281973825
399311964,150047408
399311964,519495977
399311964,52466348
399311964,174824793
399311964,454843106
399311964,19591633
399311964,702786055
399311964,19904349
399311964,232549044
399311964,25573099
399311964,123689435
399311964,16688788
399311964,17101388
399311964,900061676
399311964,360230512
399311964,104150975
399311964,153763519
399311964,98165330
399311964,14995420
399311964,949992258
399311964,103084918
399311964,25481707
399311964,334749715
399311964,542921095
399311964,1154187205
399311964,20712514
399311964,1259701826
399311964,872422585
399311964,199731749
399311964,874421515
399311964,180896651
399311964,21510894
399311964,78150883
399311964,19900523
399311964,346599501
399311964,925311679
399311964,926110297
399311964,937219770
399311964,961153100
399311964,915673226
399311964,72026056
399311964,1002759301
399311964,19315495
399311964,1265237755
399311964,256713580
399311964,64046244
399311964,45620125
399311964,288918872
399311964,455831939
399311964,78715122
399311964,90052937
399311964,171921983
399311964,83466334
399311964,148920181
399311964,285073168
399311964,19509051
399311964,16490124
399311964,19508692
399311964,262896691
399311964,20234476
399311964,12325482
399311964,21254963
399311964,14426349
399311964,21856053
399311964,56093343
399311964,22904901
399311964,20044737
399311964,348046738
399311964,27486706
399311964,206360762
399311964,242836373
399311964,19458129
399311964,102491286
399311964,34884538
399311964,27513622
399311964,22123710
399311964,19772731
399311964,276567723
399311964,23824904
399311964,95324489
399311964,56379440
399311964,411115599
399311964,393725740
399311964,122178701
399311964,266712846
399311964,21648020
399311964,19612753
399311964,19264748
399311964,239093860
399311964,339064364
399311964,377008435
399311964,19472578
399311964,50754509
399311964,20350081
399311964,339038699
399311964,381557212
399311964,52370997
399311964,305785652
399311964,15292791
399311964,405123394
399311964,7658512
399311964,354179037
399311964,18729562
399311964,40216691
399311964,27402526
399311964,90735643
399311964,478983186
399311964,18707504
399311964,251586471
399311964,38977171
399311964,169913609
399311964,134564632
399311964,21812884
399311964,190829051
399311964,23069094
399311964,349357710
399311964,20809515
399311964,493097688
399311964,17063215
399311964,783544908
399311964,308431872
399311964,17169390
399311964,237241020
399311964,838623542
399311964,497402566
399311964,25694488
399311964,1252160690
399311964,1245113210
399311964,539383129
399311964,1259894527
399311964,1089414558
399311964,359544807
399311964,185442717
399311964,1262936335
399311964,1265485362
399311964,1265645035
399311964,18018778
399311964,1110271650
399311964,1243968312
399311964,1267937851
399311964,1268015305
399311964,433632069
399311964,1272393258
399311964,251716551
399311964,41601050
399311964,53949938
399311964,1199318761
399311964,1154828448
399311964,1206202183
399311964,749480022
399311964,19704905
399311964,1209908977
399311964,413162296
399311964,267246513
399311964,1075226114
399311964,1209833118
399311964,332295000
399311964,87967988
399311964,1222736335
399311964,1234007610
399311964,66462614
399311964,536656331
399311964,46954783
399311964,1191057828
399311964,116409425
399311964,1058512160
399311964,1074096643
399311964,777698443
399311964,1244116477
399311964,1242020220
399311964,1245867218
399311964,1244677921
399311964,1215666578
399311964,1246853210
399311964,1250062050
399311964,1239818502
399311964,273494606
399311964,604946818
399311964,1020370844
399311964,1252099825
399311964,1253057827
399311964,975134760
399311964,1256941652
399311964,1257527377
399311964,1257125587
399311964,319362604
399311964,1259243604
399311964,889869732
399311964,334262212
399311964,1264415598
399311964,1265245777
399311964,1265312077
399311964,366250893
399311964,784676468
399311964,1265816023
399311964,59930831
399311964,60355748
399311964,195083941
399311964,827946212
399311964,559008646
399311964,728802217
399311964,997958126
399311964,432057487
399311964,1272902384
399311964,20843014
399311964,20583613
399311964,539237246
399311964,817777231
399311964,89986611
399311964,488706193
399311964,556452662
399311964,865247881
399311964,60439814
399311964,872624834
399311964,46095836
399311964,904119925
399311964,50457630
399311964,35517313
399311964,827599908
399311964,913065024
399311964,906274284
399311964,937455949
399311964,858900318
399311964,419029371
399311964,227816300
399311964,946918250
399311964,968560309
399311964,314905563
399311964,896533022
399311964,430758455
399311964,952140168
399311964,866163608
399311964,544633804
399311964,594734278
399311964,989644752
399311964,995697410
399311964,1002798758
399311964,1018655408
399311964,851148174
399311964,1008271736
399311964,602227795
399311964,105177546
399311964,248421127
399311964,1076922230
399311964,1083885613
399311964,1103911320
399311964,1107557340
399311964,580309060
399311964,298760551
399311964,1071419473
399311964,1146446155
399311964,1176412448
399311964,1179485653
399311964,89553741
399311964,860533532
399311964,103403755
399311964,1197994320
399311964,1191252330
399311964,111366523
399311964,111370635
399311964,93258136
399311964,634423001
399311964,1140718946
399311964,1083329821
399311964,1243859718
399311964,155030416
399311964,770437496
399311964,126912281
399311964,389557288
399311964,106387335
399311964,475354484
399311964,52135730
399311964,27725199
399311964,155007887
399311964,6346082
399311964,64896516
399311964,121859642
399311964,25858078
399311964,49938269
399311964,375215693
399311964,56501671
399311964,6692952
399311964,19244479
399311964,1105250456
399311964,22909348
399311964,352686923
399311964,73863611
399311964,338001502
399311964,528424528
399311964,51075902
399311964,14894134
399311964,611535658
399311964,67346779
399311964,522308774
399311964,523203970
399311964,412612069
399311964,421081418
399311964,447431478
399311964,525382407
399311964,534793036
399311964,89273104
399311964,541014354
399311964,540037181
399311964,476815702
399311964,545620912
399311964,29752163
399311964,549427362
399311964,551312175
399311964,542969317
399311964,237742980
399311964,72422097
399311964,230466880
399311964,554457689
399311964,319181029
399311964,38436510
399311964,364012924
399311964,565859932
399311964,563077322
399311964,480542490
399311964,189269357
399311964,23449912
399311964,316076492
399311964,105505927
399311964,614594725
399311964,361418066
399311964,342715132
399311964,515607350
399311964,566476483
399311964,104761424
399311964,567539371
399311964,586962349
399311964,22630259
399311964,619863125
399311964,189483834
399311964,379242574
399311964,703493365
399311964,56128556
399311964,618991700
399311964,636983159
399311964,45182635
399311964,212780803
399311964,722240780
399311964,717823130
399311964,622902693
399311964,603848390
399311964,475152925
399311964,42387970
399311964,23080181
399311964,710867636
399311964,9180542
399311964,532696179
399311964,33478359
399311964,750290250
399311964,574768133
399311964,20061251
399311964,732640694
399311964,365682631
399311964,731148902
399311964,601165149
399311964,370835617
399311964,301384914
399311964,770344134
399311964,719085144
399311964,51885062
399311964,556269219
399311964,766125518
399311964,779114486
399311964,779332502
399311964,758223932
399311964,743730060
399311964,757852549
399311964,161347020
399311964,603790752
399311964,575334540
399311964,757538394
399311964,50484441
399311964,803419297
399311964,161278511
399311964,468888367
399311964,779110338
399311964,303163503
399311964,724529131
399311964,57350297
399311964,50762565
399311964,93831073
399311964,332247577
399311964,819561979
399311964,334869318
399311964,598341354
399311964,22994774
399311964,848013924
399311964,107177424
399311964,378854619
399311964,632137565
399311964,585956613
399311964,613744000
399311964,21081726
399311964,836018156
399311964,357789336
399311964,626493294
399311964,910183519
399311964,607521713
399311964,869610283
399311964,97534589
399311964,19302178
399311964,460337050
399311964,845391680
399311964,523504322
399311964,792249918
399311964,893154896
399311964,894122696
399311964,54383651
399311964,895973078
399311964,517440243
399311964,862185266
399311964,20731151
399311964,41174254
399311964,955586676
399311964,552879568
399311964,69361673
399311964,607386178
399311964,784949766
399311964,845902302
399311964,978565230
399311964,980376698
399311964,72833134
399311964,937154858
399311964,419812842
399311964,243630482
399311964,333350153
399311964,97705301
399311964,864698966
399311964,361460372
399311964,919779336
399311964,42193195
399311964,370313347
399311964,983385223
399311964,567399715
399311964,571888084
399311964,1008648805
399311964,923932099
399311964,1003858381
399311964,847802353
399311964,599523929
399311964,526668365
399311964,382849158
399311964,202696620
399311964,408598298
399311964,939052802
399311964,1031656068
399311964,195481247
399311964,496414910
399311964,803132250
399311964,1033315034
399311964,504931746
399311964,912730921
399311964,1038371029
399311964,556101232
399311964,563220866
399311964,320244764
399311964,938818963
399311964,1002034610
399311964,1040475674
399311964,1061328091
399311964,915376188
399311964,189385468
399311964,596309510
399311964,1022586895
399311964,21420644
399311964,902153928
399311964,119171796
399311964,813705882
399311964,387920263
399311964,1044996842
399311964,60901161
399311964,1072395962
399311964,956287938
399311964,37205767
399311964,1000085258
399311964,1086322039
399311964,457551923
399311964,960067176
399311964,953942569
399311964,594865557
399311964,1044583028
399311964,1109776496
399311964,332948461
399311964,56539958
399311964,547891743
399311964,966617546
399311964,1117881882
399311964,848216983
399311964,275533524
399311964,186377936
399311964,1053015865
399311964,878023915
399311964,738902910
399311964,331852581
399311964,624308784
399311964,994867201
399311964,161626211
399311964,976943186
399311964,1111865312
399311964,1154339005
399311964,23590056
399311964,1171936700
399311964,79807567
399311964,948502704
399311964,164447917
399311964,925431590
399311964,481345500
399311964,807595040
399311964,79590113
399311964,489360763
399311964,556271715
399311964,235305674
399311964,1186018951
399311964,1170271734
399311964,726615492
399311964,1135328544
399311964,1019521039
399311964,18415491
399311964,449825465
399311964,1225160102
399311964,935679306
399311964,363666956
399311964,940045302
399311964,128957648
399311964,1234773090
399311964,508678165
399311964,1204521283
399311964,19771273
399311964,19769987
399311964,20758416
399311964,44348819
399311964,76601467
399311964,111443015
399311964,728880264
399311964,1056291672
399311964,9973862
399311964,606383733
399311964,1131881443
399311964,8449862
399311964,19298028
399311964,65618031
399311964,561962737
399311964,22154732
399311964,23134007
399311964,128269256
399311964,227755310
399311964,384254715
399311964,27886819
399311964,1021897190
399311964,769847161
399311964,17210210
399311964,72243702
399311964,42238786
399311964,280158200
399311964,132923661
399311964,28498335
399311964,196793706
399311964,171555688
399311964,71910311
399311964,105779167
399311964,23750124
399311964,82706961
399311964,69313663
