4076406933,80082581
4076406933,3295685596
4076406933,136333369
4076406933,2192270316
4076406933,2786227298
4076406933,2802163754
4076406933,3332299221
4076406933,3939613575
4076406933,414287765
4076406933,1728198787
4076406933,1701576919
4076406933,631973249
4076406933,20338373
4076406933,42008209
4076406933,526374412
4076406933,202140100
4076406933,276979877
4076406933,3290241198
4076406933,219913454
4076406933,4308335907
4076406933,3293430415
4076406933,4308255628
4076406933,2741442721
4076406933,2288138575
4076406933,158342368
4076406933,3327923195
4076406933,3015616395
4076406933,4070083785
4076406933,3235667914
4076406933,2292454922
4076406933,600742243
4076406933,3107377845
4076406933,1678000171
4076406933,47350606
4076406933,533082734
4076406933,402920490
4076406933,130884030
4076406933,806736306
4076406933,137041926
4076406933,537175155
4076406933,199743355
4076406933,104298598
4076406933,948552829
4076406933,373909732
4076406933,2340156271
4076406933,146528604
4076406933,256655573
4076406933,253956099
4076406933,2356458307
4076406933,2904946467
4076406933,2814643357
4076406933,2975032769
4076406933,408566492
4076406933,21100986
4076406933,403331236
4076406933,124690469
4076406933,334602996
4076406933,1562958930
4076406933,544153184
4076406933,20778851
4076406933,104543713
4076406933,2803595268
4076406933,249601317
4076406933,385411771
4076406933,896382234
4076406933,197347851
4076406933,562675766
4076406933,52732962
4076406933,301531998
4076406933,327267369
4076406933,74543190
4076406933,289527193
4076406933,18107046
4076406933,39490506
4076406933,397202986
4076406933,3061486761
4076406933,2715608280
