407769832,1485986700
407769832,14385324
407769832,43346844
407769832,3483917657
407769832,2230383367
407769832,2388477227
407769832,2726187272
407769832,231392190
407769832,130649891
407769832,54226675
407769832,216566780
407769832,30973
407769832,158398788
407769832,2984495783
407769832,3138341447
407769832,3422617395
407769832,3395514262
407769832,2977900810
407769832,27935844
407769832,3460005736
407769832,21417835
407769832,3376281958
407769832,1567041686
407769832,60916506
407769832,2840503373
407769832,29422232
407769832,410070653
407769832,2273283384
407769832,39056314
407769832,1536791610
407769832,41357718
407769832,21648020
407769832,97255485
407769832,82381798
407769832,36373505
407769832,827019770
407769832,3044738957
407769832,2969760609
407769832,233600977
407769832,19163946
407769832,1950188826
407769832,19133738
407769832,55362811
407769832,19051022
407769832,16144151
407769832,14539324
407769832,409532041
407769832,308328105
407769832,464964078
407769832,17972627
407769832,158044902
407769832,8350912
407769832,1013400612
407769832,18396319
407769832,133663801
407769832,2645325126
407769832,1630896181
407769832,331893639
407769832,23818581
407769832,16929520
407769832,2379366141
407769832,20458464
407769832,2365519388
407769832,8936082
407769832,8884772
407769832,35766159
407769832,72398084
407769832,730422764
407769832,2455097209
407769832,28565356
407769832,44671088
407769832,565366191
407769832,2994469282
407769832,1361619691
407769832,39776107
407769832,18762875
407769832,242000903
407769832,471287735
407769832,1562935142
407769832,52782073
407769832,16746076
407769832,45564482
407769832,14412844
407769832,1242286285
407769832,1856512344
407769832,1963312058
407769832,24216951
407769832,281093434
407769832,342705072
407769832,77528520
407769832,20085289
407769832,174318818
407769832,17810978
407769832,126405623
407769832,1960825746
407769832,449033066
407769832,242704372
407769832,2853449164
407769832,7144422
407769832,275686563
407769832,14095052
407769832,11856442
407769832,25562270
407769832,20518867
407769832,42703075
407769832,15560223
407769832,15066271
407769832,19661363
407769832,6070762
407769832,108617810
407769832,30043495
407769832,14662354
407769832,819800
407769832,23011527
407769832,80473367
407769832,74987950
407769832,30261067
407769832,39511166
407769832,73147282
407769832,338985020
407769832,2649991
407769832,21313364
407769832,24744541
407769832,68440549
407769832,18336706
407769832,575650860
407769832,20064101
407769832,42137252
407769832,69181624
407769832,499170272
407769832,18510860
407769832,65322179
407769832,15164565
407769832,16955991
407769832,2292454922
407769832,1947301
407769832,124690469
407769832,1002351
407769832,18676177
407769832,17953384
407769832,23242124
407769832,19284122
407769832,18814998
407769832,490126636
407769832,948552829
407769832,14584903
407769832,17624959
407769832,403291015
407769832,21642787
407769832,134196350
407769832,19971002
407769832,131574396
407769832,112785317
407769832,902858761
407769832,43374868
407769832,18213483
407769832,16153562
407769832,56891751
407769832,115099953
407769832,22972898
407769832,148517828
407769832,14499829
407769832,38146999
407769832,105231326
407769832,19277186
407769832,630699819
407769832,596394340
407769832,344613908
407769832,605611517
407769832,186478607
407769832,26348075
407769832,11695472
407769832,65065882
407769832,2577220474
407769832,22240612
407769832,26792275
407769832,17814938
407769832,15462819
407769832,35773039
407769832,364528766
407769832,13259932
407769832,93710519
407769832,17965523
407769832,211812390
407769832,191797566
407769832,21390756
407769832,21114659
407769832,48817946
407769832,369505837
407769832,325830217
407769832,939091
407769832,498086098
407769832,369068190
407769832,14514804
407769832,20058825
407769832,15007149
407769832,1339835893
407769832,1330457336
407769832,889643533
407769832,83795099
407769832,2156584694
407769832,237339178
407769832,990729122
407769832,1171924778
407769832,2205681944
407769832,20532031
407769832,608167078
407769832,2919023754
407769832,2926774491
407769832,2902138622
407769832,11856032
407769832,9245812
407769832,227837742
407769832,13850422
407769832,2458271108
407769832,19243648
407769832,1283396102
407769832,71294756
407769832,15224867
407769832,36029441
407769832,2903715045
407769832,1369316678
407769832,34310801
407769832,36843988
407769832,121231924
407769832,14900239
407769832,20923305
407769832,21197419
407769832,18957407
407769832,21357208
407769832,15492359
407769832,51468445
407769832,113681243
407769832,20380673
407769832,276674188
407769832,21668133
407769832,572470115
407769832,70429646
407769832,20856282
407769832,20885390
407769832,225235528
407769832,1662057727
407769832,2812267745
407769832,2573216851
407769832,280100723
407769832,190079099
407769832,37976647
407769832,24220708
407769832,22996693
407769832,22695704
407769832,22425307
407769832,20605017
407769832,20740074
407769832,19589640
407769832,19568016
407769832,19541630
407769832,19545396
407769832,19349699
407769832,19238981
407769832,19244479
407769832,19211902
407769832,19180060
407769832,19019702
407769832,18937095
407769832,17189930
407769832,41562632
407769832,117299815
407769832,789605024
407769832,23421880
407769832,8159472
407769832,14082692
407769832,970154557
407769832,386420143
407769832,16808626
407769832,423384542
407769832,607281049
407769832,198618575
407769832,43317911
407769832,18858395
407769832,19590009
407769832,199196447
407769832,25049056
407769832,32357365
407769832,211194146
407769832,112242274
407769832,13058772
407769832,2890961
407769832,112236047
407769832,5695632
407769832,112243365
407769832,115316607
407769832,84558700
407769832,146412867
407769832,16275366
407769832,972651
407769832,20794341
407769832,2306281370
407769832,14075928
407769832,492332909
407769832,17711232
407769832,22007357
407769832,237241020
407769832,45839850
407769832,2494020072
407769832,2387840556
407769832,291792721
407769832,73249951
407769832,478671055
407769832,1895388408
407769832,206717989
407769832,61457123
407769832,927783252
407769832,2485157162
407769832,11095022
407769832,1178944580
407769832,142261464
407769832,15291335
407769832,142393421
407769832,14497313
407769832,285332860
407769832,182876615
407769832,11348282
407769832,16537989
407769832,203162990
407769832,49781518
407769832,25341996
407769832,60024268
407769832,151998296
407769832,2359926157
407769832,138372303
407769832,140070953
407769832,2327875171
407769832,2396587010
407769832,2234889682
407769832,710064516
407769832,343627165
407769832,140750163
407769832,366592246
407769832,22910295
407769832,213745334
407769832,543533194
407769832,394581283
407769832,336116660
407769832,1362132925
407769832,171840420
407769832,627673190
407769832,426738834
407769832,136007061
407769832,112764971
407769832,142204481
407769832,46671396
407769832,96951800
407769832,304596944
407769832,90836187
407769832,452155423
407769832,224223563
407769832,2328735464
407769832,1480749782
407769832,158487331
407769832,1640169925
407769832,1666101823
407769832,1300150784
407769832,1563820100
407769832,1192744812
407769832,17595890
407769832,333534411
407769832,740336334
407769832,344801362
407769832,139092348
407769832,505915529
407769832,313913938
407769832,1651824314
407769832,932429090
407769832,205011496
407769832,533085085
407769832,183387449
407769832,329789735
407769832,252753618
407769832,2550023839
407769832,17137628
407769832,41878061
407769832,104277809
407769832,69231187
407769832,31468484
407769832,27081647
407769832,80937256
407769832,15088915
407769832,65150447
407769832,364761686
407769832,53096584
407769832,19649135
407769832,65473559
407769832,18219976
407769832,1142859176
407769832,8802752
407769832,20164477
407769832,9317502
407769832,103065157
407769832,28135853
407769832,19392223
407769832,15518054
407769832,2337130332
407769832,790680
407769832,19682451
407769832,312677640
407769832,426488154
407769832,50640639
407769832,454395581
407769832,18382771
407769832,358134245
407769832,40532389
407769832,90636188
407769832,69023503
407769832,214413743
407769832,90320997
407769832,1994321
407769832,432507102
407769832,82322622
407769832,20543416
407769832,25150711
407769832,908817920
407769832,19650966
407769832,380648579
407769832,90368802
407769832,25067168
407769832,1545994664
407769832,19600252
407769832,517700642
407769832,28139873
407769832,1023139638
407769832,384750535
407769832,19407053
407769832,102707504
407769832,1097836022
407769832,97008507
407769832,19564284
407769832,18994935
407769832,40872043
407769832,87279204
407769832,169426475
407769832,92263845
407769832,26332602
407769832,85286794
407769832,20646711
407769832,20596281
407769832,169963553
407769832,17003056
407769832,300868924
407769832,19291928
407769832,22537325
407769832,25999072
407769832,2423881212
407769832,1690412382
407769832,15072071
407769832,25390350
407769832,48459607
407769832,50300579
407769832,2142731
407769832,38679388
407769832,31285982
407769832,23937508
407769832,20790397
407769832,29994840
407769832,18481050
407769832,36047098
407769832,31311757
407769832,41331822
407769832,27955989
407769832,79320096
407769832,191781601
407769832,41330603
407769832,28167086
407769832,15898172
407769832,160798206
407769832,84281104
407769832,426159377
407769832,38237581
407769832,360685668
407769832,95206260
407769832,21200953
407769832,59486068
407769832,80331801
407769832,21126842
407769832,161801527
407769832,253167239
407769832,18938646
407769832,120176950
407769832,133356125
407769832,26538229
407769832,17899109
407769832,124087958
407769832,13784642
407769832,71256932
407769832,22001973
407769832,102700680
407769832,32468665
407769832,41814169
407769832,16670996
407769832,24914644
407769832,5120691
407769832,11178902
407769832,20609518
407769832,20517081
407769832,42626527
407769832,1166109290
407769832,624413
407769832,38170974
407769832,54502344
407769832,212332850
407769832,317373303
407769832,28164923
407769832,66834664
407769832,15108702
407769832,19271557
407769832,349714440
407769832,249090055
407769832,1533588679
407769832,19415798
407769832,87984807
407769832,25383000
407769832,59394443
407769832,111416652
407769832,21309551
407769832,16668834
407769832,484962664
407769832,84128595
407769832,174676399
407769832,93687642
407769832,26281917
407769832,1382404544
407769832,2197487762
407769832,824153233
407769832,243381107
407769832,382267114
407769832,24742040
407769832,348386300
407769832,15670515
407769832,266712846
407769832,74286565
407769832,17624543
407769832,405123394
407769832,232855418
407769832,1615685677
407769832,764667576
407769832,2459371
407769832,56505125
407769832,2425151
407769832,14749606
407769832,36803580
407769832,106646062
407769832,21182676
407769832,158414847
407769832,18510094
407769832,80813399
407769832,861444565
407769832,158165952
407769832,1470444750
407769832,1436360311
407769832,21314198
407769832,551791436
407769832,23122401
407769832,92568270
407769832,110472852
407769832,20591744
407769832,23446053
407769832,9567972
407769832,12221852
407769832,302099522
407769832,24907722
407769832,22827600
407769832,14353392
407769832,86141342
407769832,10074082
407769832,14342661
407769832,54321626
407769832,102797952
407769832,14363782
407769832,85932175
407769832,20667335
407769832,74428159
407769832,31125209
407769832,18049879
407769832,103550271
407769832,22903765
407769832,70349639
407769832,16548023
407769832,16665516
407769832,734970164
407769832,856693596
407769832,554789928
407769832,114273215
407769832,856682431
407769832,1115354340
407769832,107461331
407769832,481349413
407769832,54319466
407769832,21344507
407769832,280845215
407769832,59157393
407769832,74712538
407769832,234053160
407769832,8953122
407769832,15485441
407769832,314792669
407769832,1481930923
407769832,15155074
407769832,14780915
407769832,297047872
407769832,47617770
407769832,1145383772
407769832,14628959
407769832,17341358
407769832,229454266
407769832,28297965
407769832,17675072
407769832,15764136
407769832,171985977
407769832,68674747
407769832,318967677
407769832,41024430
407769832,115044590
407769832,192981351
407769832,318053188
407769832,138220302
407769832,940270308
407769832,36472130
407769832,597531176
407769832,18424289
407769832,104237736
407769832,89183429
407769832,16529238
407769832,83466368
407769832,816653
407769832,22637074
407769832,98955572
407769832,33611395
407769832,43430484
407769832,72861485
407769832,157981564
407769832,69008563
407769832,93819292
407769832,1426407942
407769832,525208028
407769832,24871896
407769832,24277513
407769832,23440052
407769832,213969309
407769832,66408053
407769832,22571216
407769832,196994616
407769832,304909941
407769832,25098482
407769832,18639734
407769832,168807938
407769832,25904526
407769832,396824540
407769832,793700395
407769832,251716551
407769832,493518764
407769832,69620713
407769832,20971676
407769832,35002876
407769832,25109624
407769832,14684733
407769832,155520880
407769832,261243348
407769832,241100784
407769832,61814386
407769832,32226898
407769832,24696669
407769832,19564523
407769832,19490380
407769832,23780652
407769832,57016932
407769832,368257901
407769832,14575014
407769832,107122128
407769832,936702871
407769832,547062528
407769832,203306729
407769832,245871948
407769832,16513161
407769832,57778499
407769832,217518231
407769832,581641820
407769832,496152307
407769832,460702712
407769832,550283734
407769832,373360898
407769832,17827029
407769832,6753242
407769832,75016467
407769832,26007726
407769832,11856142
407769832,205770556
407769832,16032925
407769832,66403013
407769832,102323621
407769832,1367531
407769832,16973333
407769832,50602093
407769832,1432977446
407769832,24608904
407769832,92541370
407769832,44727437
407769832,1363907377
407769832,15676492
407769832,268208070
407769832,66395780
407769832,65466158
407769832,27830610
407769832,14361155
407769832,33933259
407769832,14700316
407769832,14159148
407769832,121167080
407769832,27860681
407769832,1267392494
407769832,25053299
407769832,349367125
407769832,31714599
407769832,61808337
407769832,28162128
407769832,46417793
407769832,19712523
407769832,8728392
407769832,14399076
407769832,771383605
407769832,20954762
407769832,21287076
407769832,14847636
407769832,19405174
407769832,1342870903
407769832,1137948552
407769832,89985017
407769832,90941060
407769832,15866793
407769832,115485051
407769832,15861220
407769832,376819013
407769832,18949512
407769832,222513527
407769832,1183329590
407769832,1311980904
407769832,19875072
407769832,731133085
407769832,19394887
407769832,236512583
407769832,1197429283
407769832,506257687
407769832,853905008
407769832,399074894
407769832,15861355
407769832,20237824
407769832,11023052
407769832,924672590
407769832,193859657
407769832,264799462
407769832,46357879
407769832,1342859142
407769832,2803191
407769832,21335867
407769832,97488105
407769832,15137836
407769832,22621759
407769832,19026567
407769832,16012783
407769832,366549787
407769832,245848288
407769832,153474021
407769832,140778737
407769832,18481641
407769832,44084633
407769832,34395888
407769832,243999867
407769832,267220090
407769832,511829725
407769832,1089291733
407769832,28165910
407769832,36896494
407769832,220938339
407769832,187860483
407769832,186009251
407769832,283038024
407769832,16604366
407769832,17711659
407769832,6107422
407769832,18662024
407769832,18803751
407769832,19290759
407769832,14074886
407769832,20717297
407769832,15110357
407769832,14099695
407769832,20586517
407769832,33888921
407769832,25873011
407769832,28312880
407769832,19647014
407769832,17990493
407769832,55862608
407769832,15865878
407769832,110419066
407769832,59736898
407769832,45542386
407769832,11013952
407769832,201371124
407769832,39618631
407769832,14803701
407769832,218653131
407769832,8962482
407769832,1434251
407769832,28140646
407769832,19927627
407769832,621523
407769832,1754641
407769832,28175577
407769832,125879595
407769832,2735591
407769832,14800270
407769832,56810507
407769832,16365636
407769832,31237480
407769832,42586014
407769832,15030767
407769832,257666657
407769832,53090898
407769832,19620708
407769832,20062102
407769832,19337148
407769832,572927326
407769832,25981952
407769832,32359921
407769832,351156039
407769832,793603441
407769832,17133897
407769832,24586830
407769832,26574283
407769832,10977192
407769832,21312378
407769832,18075140
407769832,328980753
407769832,2467791
407769832,19224439
407769832,3943871
407769832,30313925
407769832,1117046706
407769832,1206255692
407769832,67442563
407769832,20618678
407769832,256577881
407769832,243662948
407769832,16688788
407769832,8662472
407769832,16664803
407769832,18186509
407769832,16854780
407769832,1096242072
407769832,19075873
407769832,259348780
407769832,41412279
407769832,17306424
407769832,25982907
407769832,19814175
407769832,10228272
407769832,85908999
407769832,1198685072
407769832,50287595
407769832,20766350
407769832,186154646
407769832,17214382
407769832,21204154
407769832,986878273
407769832,20560841
407769832,167399649
407769832,14183379
407769832,247206957
407769832,271610696
407769832,17623816
407769832,24773177
407769832,49279876
407769832,26186890
407769832,14903044
407769832,69712872
407769832,21424725
407769832,492288571
407769832,19248800
407769832,16672510
407769832,14074967
407769832,18803740
407769832,26017256
407769832,21510894
407769832,9300262
407769832,21302527
407769832,15095537
407769832,16589206
407769832,16171953
407769832,8536392
407769832,54341363
407769832,14594813
407769832,17413907
407769832,162089811
407769832,20511502
407769832,124811706
407769832,365088244
407769832,11287122
407769832,14341277
407769832,18600155
407769832,121176830
407769832,23694165
407769832,19247625
407769832,17006157
407769832,13409752
407769832,263780425
407769832,15723933
407769832,18679659
407769832,965741665
407769832,500704345
407769832,19109917
407769832,62793130
407769832,25059963
407769832,11862072
407769832,8628562
407769832,30362529
407769832,17715048
407769832,104205059
407769832,19331985
407769832,19488569
407769832,19405367
407769832,18730195
407769832,20448566
407769832,16558943
407769832,544045998
407769832,21417619
407769832,18847920
407769832,182721799
407769832,71922638
407769832,19883755
407769832,16838962
407769832,8976052
407769832,150677740
407769832,360857182
407769832,454843106
407769832,3310571
407769832,87460291
407769832,18724375
407769832,17159484
407769832,19472578
407769832,17169390
407769832,21138477
407769832,40019154
407769832,90888313
407769832,278487148
407769832,278490714
407769832,278485885
407769832,278489811
407769832,155927976
407769832,58601997
407769832,187607770
407769832,8170292
407769832,798277
407769832,814760
407769832,20050520
407769832,7589572
407769832,187423547
407769832,20599255
407769832,16648052
407769832,20809515
407769832,71843505
407769832,63136550
407769832,14746456
407769832,19534955
407769832,21195865
407769832,21902580
407769832,19989787
407769832,21707734
407769832,271028583
407769832,19689047
407769832,17220934
407769832,121116029
407769832,32529120
407769832,26008164
407769832,113425681
407769832,45843783
407769832,21817509
407769832,34352191
407769832,21905142
407769832,135950388
407769832,19863224
407769832,13423932
407769832,90889951
407769832,88718227
407769832,22948591
407769832,92073541
407769832,278488385
407769832,278489242
407769832,278490315
407769832,92083449
407769832,278488777
407769832,88721949
407769832,278487960
407769832,222252523
407769832,278486349
407769832,53082082
407769832,90891909
407769832,88716843
407769832,527526077
407769832,157775633
407769832,226087776
407769832,92024119
407769832,21104163
407769832,19290942
407769832,82342664
407769832,142642307
407769832,621583
407769832,91083585
407769832,127613373
407769832,17781576
407769832,28336705
407769832,1344951
407769832,14854023
407769832,82104476
407769832,7111412
407769832,232902835
407769832,223846292
407769832,36141072
407769832,27650674
407769832,138041655
407769832,108247668
407769832,33645850
407769832,55396840
407769832,250222643
407769832,21034405
407769832,14618509
407769832,15874523
407769832,18166038
407769832,41305464
407769832,256531899
407769832,22832029
407769832,494835459
407769832,16668886
407769832,443804285
407769832,28962464
407769832,577158331
407769832,21295582
407769832,138721389
407769832,102789583
407769832,108822983
407769832,56986976
407769832,116757352
407769832,61460381
407769832,92727851
407769832,52344859
407769832,111252305
407769832,25083467
407769832,171085245
407769832,19065251
407769832,16632011
407769832,19904728
407769832,304329674
407769832,180505807
407769832,16631801
407769832,50273744
407769832,11014272
407769832,91478624
407769832,14173315
407769832,20402945
407769832,156651229
407769832,14569869
407769832,2836421
407769832,16343974
407769832,28785486
407769832,21866939
407769832,11857072
407769832,7309052
407769832,2097571
407769832,742143
407769832,1877831
407769832,14138785
407769832,4970411
407769832,20562637
407769832,23484039
407769832,18949452
407769832,15754281
407769832,15279429
407769832,16664681
407769832,67358777
407769832,28134618
407769832,34713362
407769832,2884771
407769832,14677919
407769832,28544536
407769832,28151697
407769832,19529871
407769832,11665772
407769832,2394421
407769832,17038090
407769832,15110431
407769832,14331845
407769832,15954704
407769832,51241574
407769832,87818409
407769832,47636400
407769832,22786594
407769832,5988062
407769832,15458694
407769832,24569636
407769832,45577446
407769832,14511951
407769832,27073265
407769832,51088856
407769832,205789121
407769832,20088161
407769832,16184358
407769832,19546277
407769832,10080132
407769832,33792634
407769832,16334857
407769832,21389998
407769832,48497136
407769832,309066576
407769832,323319539
407769832,26235265
407769832,15531225
407769832,224359740
407769832,19791019
407769832,46367176
407769832,96110529
407769832,100186027
407769832,164727959
407769832,198789818
407769832,186113486
407769832,29214466
407769832,19033555
407769832,20884910
407769832,19973332
407769832,71560422
407769832,34423857
407769832,21112266
407769832,19713622
407769832,14946308
407769832,17693232
407769832,20712514
407769832,7109022
407769832,18904973
407769832,18764854
407769832,15683146
407769832,19910996
407769832,16631331
407769832,19186180
407769832,19921389
407769832,19391470
407769832,123754656
407769832,30041546
407769832,17471979
407769832,26257166
407769832,7905122
407769832,15012486
407769832,1652541
407769832,28370738
407769832,14293310
407769832,50393960
407769832,5402612
407769832,14872237
407769832,87416722
407769832,807095
407769832,612473
407769832,2557521
407769832,6017542
407769832,46403451
407769832,19230601
407769832,19343904
407769832,265902729
407769832,108568373
407769832,15748165
407769832,7996522
407769832,64643056
407769832,788524
407769832,18025537
407769832,17288725
407769832,22134758
407769832,21066857
407769832,277495114
407769832,17884125
407769832,94081671
407769832,25086986
407769832,20701487
407769832,14150093
407769832,41400946
407769832,17806553
407769832,20187832
407769832,17084160
407769832,395388847
407769832,16632149
407769832,25535042
407769832,19019970
407769832,22905057
407769832,21783395
407769832,14842285
407769832,16951979
407769832,21856114
407769832,19663485
407769832,428333
407769832,7996082
407769832,14436030
407769832,24228647
407769832,19264748
407769832,20781929
407769832,18135386
407769832,15935242
407769832,8665852
407769832,15392221
407769832,19889294
407769832,30070288
407769832,4898091
407769832,3108351
407769832,22791595
407769832,14885549
407769832,8242942
407769832,45568257
407769832,43435899
407769832,33542541
407769832,20817333
407769832,3373791
407769832,19368263
407769832,26283795
407769832,28612444
407769832,12497362
407769832,26276346
407769832,41159653
407769832,9640682
407769832,17676713
407769832,26736265
407769832,9459622
407769832,19398521
407769832,22384691
407769832,7086822
407769832,23585685
407769832,20663215
407769832,16569045
407769832,17087162
407769832,54015652
407769832,20583613
407769832,15410226
407769832,15185848
407769832,34076997
407769832,25657017
407769832,35779304
407769832,16459040
407769832,16647534
407769832,19024850
407769832,192936774
407769832,23640660
407769832,17063215
407769832,18678493
407769832,19292033
407769832,19314186
407769832,20621655
407769832,14208199
407769832,17980026
407769832,15615035
407769832,19529158
407769832,19024453
407769832,14333754
407769832,18783599
407769832,22904901
407769832,70235774
407769832,19334929
407769832,19265059
407769832,21492030
407769832,155659213
407769832,3550091
407769832,2043041
407769832,18758902
407769832,17311493
407769832,15005991
407769832,24727891
407769832,297169759
407769832,177736182
407769832,214125777
407769832,16631693
407769832,16632219
407769832,121176422
407769832,19686295
407769832,14758257
407769832,16451028
407769832,96109537
407769832,18214481
407769832,43869790
407769832,16143864
407769832,108695397
407769832,16143899
407769832,8665572
407769832,124139163
407769832,24241544
407769832,9411482
407769832,17163446
407769832,8100852
407769832,7587032
407769832,759251
407769832,20536157
407769832,100220864
407769832,14270254
407769832,15391813
407769832,2561091
407769832,23263743
407769832,159377495
407769832,29479000
407769832,60865434
407769832,813286
407769832,783214
407769832,1485986700
407769832,14385324
407769832,43346844
407769832,3483917657
407769832,2230383367
407769832,2388477227
407769832,2726187272
407769832,231392190
407769832,130649891
407769832,54226675
407769832,216566780
407769832,30973
407769832,158398788
407769832,2984495783
407769832,3138341447
407769832,3422617395
407769832,3395514262
407769832,2977900810
407769832,27935844
407769832,3460005736
407769832,21417835
407769832,3376281958
407769832,1567041686
407769832,60916506
407769832,2840503373
407769832,29422232
407769832,410070653
407769832,2273283384
407769832,39056314
407769832,1536791610
407769832,41357718
407769832,21648020
407769832,97255485
407769832,82381798
407769832,36373505
407769832,827019770
407769832,3044738957
407769832,2969760609
407769832,233600977
407769832,19163946
407769832,1950188826
407769832,19133738
407769832,55362811
407769832,19051022
407769832,16144151
407769832,14539324
407769832,409532041
407769832,308328105
407769832,464964078
407769832,17972627
407769832,158044902
407769832,8350912
407769832,1013400612
407769832,18396319
407769832,133663801
407769832,2645325126
407769832,1630896181
407769832,331893639
407769832,23818581
407769832,16929520
407769832,2379366141
407769832,20458464
407769832,2365519388
407769832,8936082
407769832,8884772
407769832,35766159
407769832,72398084
407769832,730422764
407769832,2455097209
407769832,28565356
407769832,44671088
407769832,565366191
407769832,2994469282
407769832,1361619691
407769832,39776107
407769832,18762875
407769832,242000903
407769832,471287735
407769832,1562935142
407769832,52782073
407769832,16746076
407769832,45564482
407769832,14412844
407769832,1242286285
407769832,1856512344
407769832,1963312058
407769832,24216951
407769832,281093434
407769832,342705072
407769832,77528520
407769832,20085289
407769832,174318818
407769832,17810978
407769832,126405623
407769832,1960825746
407769832,449033066
407769832,242704372
407769832,2853449164
407769832,7144422
407769832,275686563
407769832,14095052
407769832,11856442
407769832,25562270
407769832,20518867
407769832,42703075
407769832,15560223
407769832,15066271
407769832,19661363
407769832,6070762
407769832,108617810
407769832,30043495
407769832,14662354
407769832,819800
407769832,23011527
407769832,80473367
407769832,74987950
407769832,30261067
407769832,39511166
407769832,73147282
407769832,338985020
407769832,2649991
407769832,21313364
407769832,24744541
407769832,68440549
407769832,18336706
407769832,575650860
407769832,20064101
407769832,42137252
407769832,69181624
407769832,499170272
407769832,18510860
407769832,65322179
407769832,15164565
407769832,16955991
407769832,2292454922
407769832,1947301
407769832,124690469
407769832,1002351
407769832,18676177
407769832,17953384
407769832,23242124
407769832,19284122
407769832,18814998
407769832,490126636
407769832,948552829
407769832,14584903
407769832,17624959
407769832,403291015
407769832,21642787
407769832,134196350
407769832,19971002
407769832,131574396
407769832,112785317
407769832,902858761
407769832,43374868
407769832,18213483
407769832,16153562
407769832,56891751
407769832,115099953
407769832,22972898
407769832,148517828
407769832,14499829
407769832,38146999
407769832,105231326
407769832,19277186
407769832,630699819
407769832,596394340
407769832,344613908
407769832,605611517
407769832,186478607
407769832,26348075
407769832,11695472
407769832,65065882
407769832,2577220474
407769832,22240612
407769832,26792275
407769832,17814938
407769832,15462819
407769832,35773039
407769832,364528766
407769832,13259932
407769832,93710519
407769832,17965523
407769832,211812390
407769832,191797566
407769832,21390756
407769832,21114659
407769832,48817946
407769832,369505837
407769832,325830217
407769832,939091
407769832,498086098
407769832,369068190
407769832,14514804
407769832,20058825
407769832,15007149
407769832,1339835893
407769832,1330457336
407769832,889643533
407769832,83795099
407769832,2156584694
407769832,237339178
407769832,990729122
407769832,1171924778
407769832,2205681944
407769832,20532031
407769832,608167078
407769832,2919023754
407769832,2926774491
407769832,2902138622
407769832,11856032
407769832,9245812
407769832,227837742
407769832,13850422
407769832,2458271108
407769832,19243648
407769832,1283396102
407769832,71294756
407769832,15224867
407769832,36029441
407769832,2903715045
407769832,1369316678
407769832,34310801
407769832,36843988
407769832,121231924
407769832,14900239
407769832,20923305
407769832,21197419
407769832,18957407
407769832,21357208
407769832,15492359
407769832,51468445
407769832,113681243
407769832,20380673
407769832,276674188
407769832,21668133
407769832,572470115
407769832,70429646
407769832,20856282
407769832,20885390
407769832,225235528
407769832,1662057727
407769832,2812267745
407769832,2573216851
407769832,280100723
407769832,190079099
407769832,37976647
407769832,24220708
407769832,22996693
407769832,22695704
407769832,22425307
407769832,20605017
407769832,20740074
407769832,19589640
407769832,19568016
407769832,19541630
407769832,19545396
407769832,19349699
407769832,19238981
407769832,19244479
407769832,19211902
407769832,19180060
407769832,19019702
407769832,18937095
407769832,17189930
407769832,41562632
407769832,117299815
407769832,789605024
407769832,23421880
407769832,8159472
407769832,14082692
407769832,970154557
407769832,386420143
407769832,16808626
407769832,423384542
407769832,607281049
407769832,198618575
407769832,43317911
407769832,18858395
407769832,19590009
407769832,199196447
407769832,25049056
407769832,32357365
407769832,211194146
407769832,112242274
407769832,13058772
407769832,2890961
407769832,112236047
407769832,5695632
407769832,112243365
407769832,115316607
407769832,84558700
407769832,146412867
407769832,16275366
407769832,972651
407769832,20794341
407769832,2306281370
407769832,14075928
407769832,492332909
407769832,17711232
407769832,22007357
407769832,237241020
407769832,45839850
407769832,2494020072
407769832,2387840556
407769832,291792721
407769832,73249951
407769832,478671055
407769832,1895388408
407769832,206717989
407769832,61457123
407769832,927783252
407769832,2485157162
407769832,11095022
407769832,1178944580
407769832,142261464
407769832,15291335
407769832,142393421
407769832,14497313
407769832,285332860
407769832,182876615
407769832,11348282
407769832,16537989
407769832,203162990
407769832,49781518
407769832,25341996
407769832,60024268
407769832,151998296
407769832,2359926157
407769832,138372303
407769832,140070953
407769832,2327875171
407769832,2396587010
407769832,2234889682
407769832,710064516
407769832,343627165
407769832,140750163
407769832,366592246
407769832,22910295
407769832,213745334
407769832,543533194
407769832,394581283
407769832,336116660
407769832,1362132925
407769832,171840420
407769832,627673190
407769832,426738834
407769832,136007061
407769832,112764971
407769832,142204481
407769832,46671396
407769832,96951800
407769832,304596944
407769832,90836187
407769832,452155423
407769832,224223563
407769832,2328735464
407769832,1480749782
407769832,158487331
407769832,1640169925
407769832,1666101823
407769832,1300150784
407769832,1563820100
407769832,1192744812
407769832,17595890
407769832,333534411
407769832,740336334
407769832,344801362
407769832,139092348
407769832,505915529
407769832,313913938
407769832,1651824314
407769832,932429090
407769832,205011496
407769832,533085085
407769832,183387449
407769832,329789735
407769832,252753618
407769832,2550023839
407769832,17137628
407769832,41878061
407769832,104277809
407769832,69231187
407769832,31468484
407769832,27081647
407769832,80937256
407769832,15088915
407769832,65150447
407769832,364761686
407769832,53096584
407769832,19649135
407769832,65473559
407769832,18219976
407769832,1142859176
407769832,8802752
407769832,20164477
407769832,9317502
407769832,103065157
407769832,28135853
407769832,19392223
407769832,15518054
407769832,2337130332
407769832,790680
407769832,19682451
407769832,312677640
407769832,426488154
407769832,50640639
407769832,454395581
407769832,18382771
407769832,358134245
407769832,40532389
407769832,90636188
407769832,69023503
407769832,214413743
407769832,90320997
407769832,1994321
407769832,432507102
407769832,82322622
407769832,20543416
407769832,25150711
407769832,908817920
407769832,19650966
407769832,380648579
407769832,90368802
407769832,25067168
407769832,1545994664
407769832,19600252
407769832,517700642
407769832,28139873
407769832,1023139638
407769832,384750535
407769832,19407053
407769832,102707504
407769832,1097836022
407769832,97008507
407769832,19564284
407769832,18994935
407769832,40872043
407769832,87279204
407769832,169426475
407769832,92263845
407769832,26332602
407769832,85286794
407769832,20646711
407769832,20596281
407769832,169963553
407769832,17003056
407769832,300868924
407769832,19291928
407769832,22537325
407769832,25999072
407769832,2423881212
407769832,1690412382
407769832,15072071
407769832,25390350
407769832,48459607
407769832,50300579
407769832,2142731
407769832,38679388
407769832,31285982
407769832,23937508
407769832,20790397
407769832,29994840
407769832,18481050
407769832,36047098
407769832,31311757
407769832,41331822
407769832,27955989
407769832,79320096
407769832,191781601
407769832,41330603
407769832,28167086
407769832,15898172
407769832,160798206
407769832,84281104
407769832,426159377
407769832,38237581
407769832,360685668
407769832,95206260
407769832,21200953
407769832,59486068
407769832,80331801
407769832,21126842
407769832,161801527
407769832,253167239
407769832,18938646
407769832,120176950
407769832,133356125
407769832,26538229
407769832,17899109
407769832,124087958
407769832,13784642
407769832,71256932
407769832,22001973
407769832,102700680
407769832,32468665
407769832,41814169
407769832,16670996
407769832,24914644
407769832,5120691
407769832,11178902
407769832,20609518
407769832,20517081
407769832,42626527
407769832,1166109290
407769832,624413
407769832,38170974
407769832,54502344
407769832,212332850
407769832,317373303
407769832,28164923
407769832,66834664
407769832,15108702
407769832,19271557
407769832,349714440
407769832,249090055
407769832,1533588679
407769832,19415798
407769832,87984807
407769832,25383000
407769832,59394443
407769832,111416652
407769832,21309551
407769832,16668834
407769832,484962664
407769832,84128595
407769832,174676399
407769832,93687642
407769832,26281917
407769832,1382404544
407769832,2197487762
407769832,824153233
407769832,243381107
407769832,382267114
407769832,24742040
407769832,348386300
407769832,15670515
407769832,266712846
407769832,74286565
407769832,17624543
407769832,405123394
407769832,232855418
407769832,1615685677
407769832,764667576
407769832,2459371
407769832,56505125
407769832,2425151
407769832,14749606
407769832,36803580
407769832,106646062
407769832,21182676
407769832,158414847
407769832,18510094
407769832,80813399
407769832,861444565
407769832,158165952
407769832,1470444750
407769832,1436360311
407769832,21314198
407769832,551791436
407769832,23122401
407769832,92568270
407769832,110472852
407769832,20591744
407769832,23446053
407769832,9567972
407769832,12221852
407769832,302099522
407769832,24907722
407769832,22827600
407769832,14353392
407769832,86141342
407769832,10074082
407769832,14342661
407769832,54321626
407769832,102797952
407769832,14363782
407769832,85932175
407769832,20667335
407769832,74428159
407769832,31125209
407769832,18049879
407769832,103550271
407769832,22903765
407769832,70349639
407769832,16548023
407769832,16665516
407769832,734970164
407769832,856693596
407769832,554789928
407769832,114273215
407769832,856682431
407769832,1115354340
407769832,107461331
407769832,481349413
407769832,54319466
407769832,21344507
407769832,280845215
407769832,59157393
407769832,74712538
407769832,234053160
407769832,8953122
407769832,15485441
407769832,314792669
407769832,1481930923
407769832,15155074
407769832,14780915
407769832,297047872
407769832,47617770
407769832,1145383772
407769832,14628959
407769832,17341358
407769832,229454266
407769832,28297965
407769832,17675072
407769832,15764136
407769832,171985977
407769832,68674747
407769832,318967677
407769832,41024430
407769832,115044590
407769832,192981351
407769832,318053188
407769832,138220302
407769832,940270308
407769832,36472130
407769832,597531176
407769832,18424289
407769832,104237736
407769832,89183429
407769832,16529238
407769832,83466368
407769832,816653
407769832,22637074
407769832,98955572
407769832,33611395
407769832,43430484
407769832,72861485
407769832,157981564
407769832,69008563
407769832,93819292
407769832,1426407942
407769832,525208028
407769832,24871896
407769832,24277513
407769832,23440052
407769832,213969309
407769832,66408053
407769832,22571216
407769832,196994616
407769832,304909941
407769832,25098482
407769832,18639734
407769832,168807938
407769832,25904526
407769832,396824540
407769832,793700395
407769832,251716551
407769832,493518764
407769832,69620713
407769832,20971676
407769832,35002876
407769832,25109624
407769832,14684733
407769832,155520880
407769832,261243348
407769832,241100784
407769832,61814386
407769832,32226898
407769832,24696669
407769832,19564523
407769832,19490380
407769832,23780652
407769832,57016932
407769832,368257901
407769832,14575014
407769832,107122128
407769832,936702871
407769832,547062528
407769832,203306729
407769832,245871948
407769832,16513161
407769832,57778499
407769832,217518231
407769832,581641820
407769832,496152307
407769832,460702712
407769832,550283734
407769832,373360898
407769832,17827029
407769832,6753242
407769832,75016467
407769832,26007726
407769832,11856142
407769832,205770556
407769832,16032925
407769832,66403013
407769832,102323621
407769832,1367531
407769832,16973333
407769832,50602093
407769832,1432977446
407769832,24608904
407769832,92541370
407769832,44727437
407769832,1363907377
407769832,15676492
407769832,268208070
407769832,66395780
407769832,65466158
407769832,27830610
407769832,14361155
407769832,33933259
407769832,14700316
407769832,14159148
407769832,121167080
407769832,27860681
407769832,1267392494
407769832,25053299
407769832,349367125
407769832,31714599
407769832,61808337
407769832,28162128
407769832,46417793
407769832,19712523
407769832,8728392
407769832,14399076
407769832,771383605
407769832,20954762
407769832,21287076
407769832,14847636
407769832,19405174
407769832,1342870903
407769832,1137948552
407769832,89985017
407769832,90941060
407769832,15866793
407769832,115485051
407769832,15861220
407769832,376819013
407769832,18949512
407769832,222513527
407769832,1183329590
407769832,1311980904
407769832,19875072
407769832,731133085
407769832,19394887
407769832,236512583
407769832,1197429283
407769832,506257687
407769832,853905008
407769832,399074894
407769832,15861355
407769832,20237824
407769832,11023052
407769832,924672590
407769832,193859657
407769832,264799462
407769832,46357879
407769832,1342859142
407769832,2803191
407769832,21335867
407769832,97488105
407769832,15137836
407769832,22621759
407769832,19026567
407769832,16012783
407769832,366549787
407769832,245848288
407769832,153474021
407769832,140778737
407769832,18481641
407769832,44084633
407769832,34395888
407769832,243999867
407769832,267220090
407769832,511829725
407769832,1089291733
407769832,28165910
407769832,36896494
407769832,220938339
407769832,187860483
407769832,186009251
407769832,283038024
407769832,16604366
407769832,17711659
407769832,6107422
407769832,18662024
407769832,18803751
407769832,19290759
407769832,14074886
407769832,20717297
407769832,15110357
407769832,14099695
407769832,20586517
407769832,33888921
407769832,25873011
407769832,28312880
407769832,19647014
407769832,17990493
407769832,55862608
407769832,15865878
407769832,110419066
407769832,59736898
407769832,45542386
407769832,11013952
407769832,201371124
407769832,39618631
407769832,14803701
407769832,218653131
407769832,8962482
407769832,1434251
407769832,28140646
407769832,19927627
407769832,621523
407769832,1754641
407769832,28175577
407769832,125879595
407769832,2735591
407769832,14800270
407769832,56810507
407769832,16365636
407769832,31237480
407769832,42586014
407769832,15030767
407769832,257666657
407769832,53090898
407769832,19620708
407769832,20062102
407769832,19337148
407769832,572927326
407769832,25981952
407769832,32359921
407769832,351156039
407769832,793603441
407769832,17133897
407769832,24586830
407769832,26574283
407769832,10977192
407769832,21312378
407769832,18075140
407769832,328980753
407769832,2467791
407769832,19224439
407769832,3943871
407769832,30313925
407769832,1117046706
407769832,1206255692
407769832,67442563
407769832,20618678
407769832,256577881
407769832,243662948
407769832,16688788
407769832,8662472
407769832,16664803
407769832,18186509
407769832,16854780
407769832,1096242072
407769832,19075873
407769832,259348780
407769832,41412279
407769832,17306424
407769832,25982907
407769832,19814175
407769832,10228272
407769832,85908999
407769832,1198685072
407769832,50287595
407769832,20766350
407769832,186154646
407769832,17214382
407769832,21204154
407769832,986878273
407769832,20560841
407769832,167399649
407769832,14183379
407769832,247206957
407769832,271610696
407769832,17623816
407769832,24773177
407769832,49279876
407769832,26186890
407769832,14903044
407769832,69712872
407769832,21424725
407769832,492288571
407769832,19248800
407769832,16672510
407769832,14074967
407769832,18803740
407769832,26017256
407769832,21510894
407769832,9300262
407769832,21302527
407769832,15095537
407769832,16589206
407769832,16171953
407769832,8536392
407769832,54341363
407769832,14594813
407769832,17413907
407769832,162089811
407769832,20511502
407769832,124811706
407769832,365088244
407769832,11287122
407769832,14341277
407769832,18600155
407769832,121176830
407769832,23694165
407769832,19247625
407769832,17006157
407769832,13409752
407769832,263780425
407769832,15723933
407769832,18679659
407769832,965741665
407769832,500704345
407769832,19109917
407769832,62793130
407769832,25059963
407769832,11862072
407769832,8628562
407769832,30362529
407769832,17715048
407769832,104205059
407769832,19331985
407769832,19488569
407769832,19405367
407769832,18730195
407769832,20448566
407769832,16558943
407769832,544045998
407769832,21417619
407769832,18847920
407769832,182721799
407769832,71922638
407769832,19883755
407769832,16838962
407769832,8976052
407769832,150677740
407769832,360857182
407769832,454843106
407769832,3310571
407769832,87460291
407769832,18724375
407769832,17159484
407769832,19472578
407769832,17169390
407769832,21138477
407769832,40019154
407769832,90888313
407769832,278487148
407769832,278490714
407769832,278485885
407769832,278489811
407769832,155927976
407769832,58601997
407769832,187607770
407769832,8170292
407769832,798277
407769832,814760
407769832,20050520
407769832,7589572
407769832,187423547
407769832,20599255
407769832,16648052
407769832,20809515
407769832,71843505
407769832,63136550
407769832,14746456
407769832,19534955
407769832,21195865
407769832,21902580
407769832,19989787
407769832,21707734
407769832,271028583
407769832,19689047
407769832,17220934
407769832,121116029
407769832,32529120
407769832,26008164
407769832,113425681
407769832,45843783
407769832,21817509
407769832,34352191
407769832,21905142
407769832,135950388
407769832,19863224
407769832,13423932
407769832,90889951
407769832,88718227
407769832,22948591
407769832,92073541
407769832,278488385
407769832,278489242
407769832,278490315
407769832,92083449
407769832,278488777
407769832,88721949
407769832,278487960
407769832,222252523
407769832,278486349
407769832,53082082
407769832,90891909
407769832,88716843
407769832,527526077
407769832,157775633
407769832,226087776
407769832,92024119
407769832,21104163
407769832,19290942
407769832,82342664
407769832,142642307
407769832,621583
407769832,91083585
407769832,127613373
407769832,17781576
407769832,28336705
407769832,1344951
407769832,14854023
407769832,82104476
407769832,7111412
407769832,232902835
407769832,223846292
407769832,36141072
407769832,27650674
407769832,138041655
407769832,108247668
407769832,33645850
407769832,55396840
407769832,250222643
407769832,21034405
407769832,14618509
407769832,15874523
407769832,18166038
407769832,41305464
407769832,256531899
407769832,22832029
407769832,494835459
407769832,16668886
407769832,443804285
407769832,28962464
407769832,577158331
407769832,21295582
407769832,138721389
407769832,102789583
407769832,108822983
407769832,56986976
407769832,116757352
407769832,61460381
407769832,92727851
407769832,52344859
407769832,111252305
407769832,25083467
407769832,171085245
407769832,19065251
407769832,16632011
407769832,19904728
407769832,304329674
407769832,180505807
407769832,16631801
407769832,50273744
407769832,11014272
407769832,91478624
407769832,14173315
407769832,20402945
407769832,156651229
407769832,14569869
407769832,2836421
407769832,16343974
407769832,28785486
407769832,21866939
407769832,11857072
407769832,7309052
407769832,2097571
407769832,742143
407769832,1877831
407769832,14138785
407769832,4970411
407769832,20562637
407769832,23484039
407769832,18949452
407769832,15754281
407769832,15279429
407769832,16664681
407769832,67358777
407769832,28134618
407769832,34713362
407769832,2884771
407769832,14677919
407769832,28544536
407769832,28151697
407769832,19529871
407769832,11665772
407769832,2394421
407769832,17038090
407769832,15110431
407769832,14331845
407769832,15954704
407769832,51241574
407769832,87818409
407769832,47636400
407769832,22786594
407769832,5988062
407769832,15458694
407769832,24569636
407769832,45577446
407769832,14511951
407769832,27073265
407769832,51088856
407769832,205789121
407769832,20088161
407769832,16184358
407769832,19546277
407769832,10080132
407769832,33792634
407769832,16334857
407769832,21389998
407769832,48497136
407769832,309066576
407769832,323319539
407769832,26235265
407769832,15531225
407769832,224359740
407769832,19791019
407769832,46367176
407769832,96110529
407769832,100186027
407769832,164727959
407769832,198789818
407769832,186113486
407769832,29214466
407769832,19033555
407769832,20884910
407769832,19973332
407769832,71560422
407769832,34423857
407769832,21112266
407769832,19713622
407769832,14946308
407769832,17693232
407769832,20712514
407769832,7109022
407769832,18904973
407769832,18764854
407769832,15683146
407769832,19910996
407769832,16631331
407769832,19186180
407769832,19921389
407769832,19391470
407769832,123754656
407769832,30041546
407769832,17471979
407769832,26257166
407769832,7905122
407769832,15012486
407769832,1652541
407769832,28370738
407769832,14293310
407769832,50393960
407769832,5402612
407769832,14872237
407769832,87416722
407769832,807095
407769832,612473
407769832,2557521
407769832,6017542
407769832,46403451
407769832,19230601
407769832,19343904
407769832,265902729
407769832,108568373
407769832,15748165
407769832,7996522
407769832,64643056
407769832,788524
407769832,18025537
407769832,17288725
407769832,22134758
407769832,21066857
407769832,277495114
407769832,17884125
407769832,94081671
407769832,25086986
407769832,20701487
407769832,14150093
407769832,41400946
407769832,17806553
407769832,20187832
407769832,17084160
407769832,395388847
407769832,16632149
407769832,25535042
407769832,19019970
407769832,22905057
407769832,21783395
407769832,14842285
407769832,16951979
407769832,21856114
407769832,19663485
407769832,428333
407769832,7996082
407769832,14436030
407769832,24228647
407769832,19264748
407769832,20781929
407769832,18135386
407769832,15935242
407769832,8665852
407769832,15392221
407769832,19889294
407769832,30070288
407769832,4898091
407769832,3108351
407769832,22791595
407769832,14885549
407769832,8242942
407769832,45568257
407769832,43435899
407769832,33542541
407769832,20817333
407769832,3373791
407769832,19368263
407769832,26283795
407769832,28612444
407769832,12497362
407769832,26276346
407769832,41159653
407769832,9640682
407769832,17676713
407769832,26736265
407769832,9459622
407769832,19398521
407769832,22384691
407769832,7086822
407769832,23585685
407769832,20663215
407769832,16569045
407769832,17087162
407769832,54015652
407769832,20583613
407769832,15410226
407769832,15185848
407769832,34076997
407769832,25657017
407769832,35779304
407769832,16459040
407769832,16647534
407769832,19024850
407769832,192936774
407769832,23640660
407769832,17063215
407769832,18678493
407769832,19292033
407769832,19314186
407769832,20621655
407769832,14208199
407769832,17980026
407769832,15615035
407769832,19529158
407769832,19024453
407769832,14333754
407769832,18783599
407769832,22904901
407769832,70235774
407769832,19334929
407769832,19265059
407769832,21492030
407769832,155659213
407769832,3550091
407769832,2043041
407769832,18758902
407769832,17311493
407769832,15005991
407769832,24727891
407769832,297169759
407769832,177736182
407769832,214125777
407769832,16631693
407769832,16632219
407769832,121176422
407769832,19686295
407769832,14758257
407769832,16451028
407769832,96109537
407769832,18214481
407769832,43869790
407769832,16143864
407769832,108695397
407769832,16143899
407769832,8665572
407769832,124139163
407769832,24241544
407769832,9411482
407769832,17163446
407769832,8100852
407769832,7587032
407769832,759251
407769832,20536157
407769832,100220864
407769832,14270254
407769832,15391813
407769832,2561091
407769832,23263743
407769832,159377495
407769832,29479000
407769832,60865434
407769832,813286
407769832,783214
