412137805,2485458836
412137805,4002912989
412137805,578340077
412137805,232987587
412137805,2860108347
412137805,2601007177
412137805,893820073
412137805,3312019624
412137805,4053502102
412137805,4094154734
412137805,4188529173
412137805,17536486
412137805,33923443
412137805,4165432539
412137805,2815477589
412137805,4217264237
412137805,4216493638
412137805,4224083489
412137805,2776828369
412137805,185723546
412137805,2381600205
412137805,716600528
412137805,515604588
412137805,4215499997
412137805,303349333
412137805,212284400
412137805,59541591
412137805,2842430229
412137805,3129633915
412137805,187109063
412137805,41345543
412137805,233587047
412137805,64643549
412137805,2728664696
412137805,350349984
412137805,3007800755
412137805,3927516312
412137805,3045912477
412137805,99976852
412137805,203215034
412137805,1923506532
412137805,885454634
412137805,403289765
412137805,3971806523
412137805,2262415796
412137805,4169475077
412137805,1558930298
412137805,1721940266
412137805,4358368275
412137805,4348199848
412137805,4265207050
412137805,439141229
412137805,2206545456
412137805,4317409217
412137805,1949260680
412137805,1729856540
412137805,49142217
412137805,85644875
412137805,1673339413
412137805,3385455963
412137805,1922963880
412137805,92223807
412137805,456665124
412137805,92027622
412137805,146620155
412137805,65339733
412137805,64645393
412137805,54206317
412137805,57341938
412137805,15768312
412137805,2522687190
412137805,432242557
412137805,20212944
412137805,3717263536
412137805,2399188224
412137805,3971650875
412137805,1037053579
412137805,292988442
412137805,52733798
412137805,2935188897
412137805,3414883330
412137805,611791931
412137805,356429740
412137805,37926315
412137805,441938188
412137805,3410155541
412137805,1443259250
412137805,2903539083
412137805,3011093670
412137805,1071930048
412137805,2924586286
412137805,16683014
412137805,606582227
412137805,263074291
412137805,417827973
412137805,238554588
412137805,2294480580
412137805,2924829610
412137805,2836313625
412137805,480412646
412137805,372755940
412137805,2615638981
412137805,163594070
412137805,967469754
412137805,137594484
412137805,2778685046
412137805,281645250
412137805,2192304565
412137805,56484146
412137805,348620338
412137805,218790738
412137805,2814000271
412137805,18760893
412137805,1595136948
412137805,379620517
412137805,2416619059
412137805,2654718968
412137805,236453099
412137805,801484848
412137805,342012777
412137805,1751259588
412137805,242883220
412137805,1886933239
412137805,65883342
412137805,1410331844
412137805,1915033398
412137805,439582808
412137805,2345482754
412137805,863815795
412137805,2426649449
412137805,314564616
412137805,309322333
412137805,384836594
412137805,1348654832
412137805,406291797
412137805,1252578691
412137805,375062789
412137805,1409647496
412137805,1397045876
412137805,1378804951
412137805,836617782
412137805,632836439
412137805,1400711270
412137805,1498358634
412137805,119456579
412137805,712659741
412137805,709875951
412137805,730474309
412137805,1367301528
412137805,2317687293
412137805,480727937
412137805,1005959725
412137805,243527093
412137805,630899566
412137805,622724622
412137805,706945032
412137805,726937430
412137805,1074431448
412137805,1065783049
412137805,2464822706
412137805,2453515447
412137805,2379805762
412137805,2371310427
412137805,2393754323
412137805,2394835635
412137805,2344521819
412137805,2417896390
412137805,2248248816
412137805,2408984797
412137805,2415512390
412137805,208510032
412137805,2433893195
412137805,1955203862
412137805,542958706
412137805,28756613
412137805,2365766214
412137805,28729634
412137805,339833759
412137805,516283255
412137805,2201940209
412137805,1683238140
412137805,142479275
412137805,1222794426
412137805,1495632595
412137805,45114363
412137805,254502590
412137805,258067208
412137805,550946504
412137805,247184005
412137805,2388447519
412137805,1064700606
412137805,51117079
412137805,2384591418
412137805,17061263
412137805,1404590618
412137805,608397571
412137805,769887571
412137805,227228904
412137805,582564752
412137805,322463557
412137805,2374090913
412137805,705290642
412137805,573945796
412137805,2371461285
412137805,2380716600
412137805,2385259917
412137805,2383357112
412137805,2404887712
412137805,884835433
412137805,1064203747
412137805,2311858706
412137805,1511497039
412137805,726865789
412137805,1021630280
412137805,1141846981
412137805,1054461860
412137805,957114169
412137805,355356782
412137805,137702159
412137805,27605774
412137805,898108482
412137805,614297099
412137805,509166591
412137805,142589663
412137805,79477864
412137805,257952250
412137805,2203363696
412137805,712939632
412137805,88261400
412137805,246799951
412137805,283043008
412137805,52032544
412137805,139990233
412137805,101990237
412137805,18373913
412137805,84054128
412137805,246756449
412137805,246773184
412137805,247207482
412137805,86279597
412137805,273682853
412137805,20983103
412137805,48490712
412137805,246757684
412137805,49582436
412137805,93618353
412137805,88017251
412137805,49966058
412137805,89951255
412137805,264423727
412137805,56307572
412137805,92223171
412137805,153810519
412137805,3416421
412137805,65379858
412137805,50631934
412137805,36668437
412137805,307850736
412137805,300789811
412137805,126955629
412137805,227729078
412137805,49930063
412137805,24689905
412137805,137318739
412137805,18134154
412137805,23941851
412137805,90020796
412137805,40607468
412137805,34859981
412137805,92223780
412137805,22117016
412137805,248679108
412137805,56672777
412137805,320761249
412137805,314031228
412137805,167852276
412137805,22146720
412137805,32851911
412137805,29201313
412137805,52164643
412137805,25575357
412137805,56030808
412137805,117401405
412137805,246755423
412137805,45114466
412137805,276941067
412137805,420247443
412137805,418529609
412137805,395258489
412137805,63077776
412137805,328936148
412137805,531837824
412137805,93804395
412137805,50459250
412137805,92725436
412137805,244069392
412137805,28907270
412137805,92219663
412137805,490808920
412137805,89151854
412137805,720374430
412137805,38817313
412137805,24630776
412137805,237536353
412137805,109246993
412137805,196933737
412137805,246690950
412137805,471909781
412137805,239379920
412137805,41592178
412137805,132947904
412137805,106453107
412137805,45912920
412137805,907798615
412137805,24502112
412137805,128826335
412137805,707189905
412137805,31115635
412137805,24992356
412137805,401908719
412137805,413798267
412137805,292887445
412137805,80254227
412137805,1263845191
412137805,244971147
412137805,243939559
412137805,855701844
412137805,263608501
412137805,438370063
412137805,249656645
412137805,114548312
412137805,720875504
412137805,231708889
412137805,493907917
412137805,819386342
412137805,1576099813
412137805,29440342
412137805,222417456
412137805,414601379
412137805,18754256
412137805,59486068
412137805,244655353
412137805,244486545
412137805,550379329
412137805,425778571
412137805,116392126
412137805,633627954
412137805,367027259
412137805,415520977
412137805,60690881
412137805,927421452
412137805,1461825812
412137805,249103944
412137805,384798935
412137805,1057306561
412137805,1415264468
412137805,1577260477
412137805,960450828
412137805,192428366
412137805,335367804
412137805,1574927970
412137805,118154946
412137805,257707055
412137805,1270530373
412137805,88562133
412137805,27766037
412137805,377723508
412137805,1875898086
412137805,246789047
412137805,15531387
412137805,150242436
412137805,180380677
412137805,412058221
412137805,430530890
412137805,339549705
412137805,361170372
412137805,251067182
412137805,979469935
412137805,194616236
412137805,612276758
412137805,263766470
412137805,33840696
412137805,2339942905
412137805,2361644954
412137805,867954806
412137805,519385076
412137805,257162605
412137805,31334625
412137805,452333229
412137805,734772115
412137805,537038165
412137805,536223682
412137805,383145195
412137805,2359103989
412137805,2173337717
412137805,2388157193
412137805,206400340
412137805,153004670
412137805,295663598
412137805,115430599
412137805,280260681
412137805,464998900
412137805,1513177542
412137805,47101165
412137805,632747602
412137805,18170896
412137805,2160830923
412137805,1632662798
412137805,2240706115
412137805,2285910145
412137805,2204505501
412137805,2284102387
412137805,2226818287
412137805,1663574334
412137805,248185495
412137805,2335828661
412137805,2339490490
412137805,1659669481
412137805,2203316260
412137805,1894294740
412137805,709382524
412137805,255390182
412137805,2245189512
412137805,2322504881
412137805,261525296
412137805,2326945450
412137805,2233195817
412137805,2288548144
412137805,2327039465
412137805,2225363625
412137805,2339240170
412137805,1594162394
412137805,2353130523
412137805,2296605030
412137805,48889495
412137805,2178901937
412137805,2179641021
412137805,319691359
412137805,558446365
412137805,723274946
412137805,33388399
412137805,404292675
412137805,1612570008
412137805,156545139
412137805,218763149
412137805,1629561318
412137805,245829596
412137805,122022996
412137805,185148436
412137805,1188763266
412137805,576971305
412137805,167338829
412137805,232459470
412137805,1626462240
412137805,1161223471
412137805,533538826
412137805,395192832
412137805,248078540
412137805,454994215
412137805,1482067974
412137805,1060968002
412137805,28170333
412137805,254043964
412137805,246716102
412137805,867712776
412137805,224999360
412137805,1552366026
412137805,603508209
412137805,339485716
412137805,1169569886
412137805,171937771
412137805,266614576
412137805,386183180
412137805,1449311798
412137805,278221832
412137805,181867798
412137805,1057046136
412137805,1628455454
412137805,90354442
412137805,357484690
412137805,202128701
412137805,296731860
412137805,539691226
412137805,97985062
412137805,65605300
412137805,45750267
412137805,733642328
412137805,361848889
412137805,1410260952
412137805,87370182
412137805,90023872
412137805,379373964
412137805,1159446284
412137805,1894956644
412137805,1527948654
412137805,1904537310
412137805,139741712
412137805,269734502
412137805,617116005
412137805,21937485
412137805,150554857
412137805,374445972
412137805,624180813
412137805,114988126
412137805,886286432
412137805,1025853972
412137805,1242913908
412137805,342509981
412137805,257178212
412137805,723811356
412137805,366798917
412137805,20423518
412137805,295797876
412137805,210029111
412137805,461946270
412137805,382558706
412137805,390053836
412137805,361156744
412137805,583834033
412137805,251132183
412137805,246766338
412137805,738720366
412137805,147061538
412137805,270739052
412137805,318914055
412137805,1515971100
412137805,251649127
412137805,2291307322
412137805,960398971
412137805,303175523
412137805,922581679
412137805,573371150
412137805,1397313534
412137805,433590551
412137805,74097978
412137805,1531038577
412137805,561266861
412137805,593127111
412137805,1364057610
412137805,715932697
412137805,214821759
412137805,31135086
412137805,754613281
412137805,2191350363
412137805,388887646
412137805,587319322
412137805,439976990
412137805,339591194
412137805,495793971
412137805,1025352079
412137805,41807335
412137805,377946515
412137805,125888593
412137805,1407881748
412137805,45802935
412137805,220354416
412137805,108401175
412137805,1676233682
412137805,90338615
412137805,242694087
412137805,493118610
412137805,369730752
412137805,385304141
412137805,286501473
412137805,518342335
412137805,310424537
412137805,1590675714
412137805,400052566
412137805,358652539
412137805,68342564
412137805,371739097
412137805,1096859346
412137805,401633585
412137805,1391517098
412137805,183207599
412137805,600828509
412137805,575366410
412137805,301378196
412137805,201885504
412137805,1557762500
412137805,161602402
412137805,986912365
412137805,1151783899
412137805,948552829
412137805,496248328
412137805,771383605
412137805,770951083
412137805,81926731
412137805,22156181
412137805,1376923476
412137805,60395840
412137805,41597278
412137805,21381273
412137805,29186602
412137805,1256157768
412137805,65733755
412137805,168098958
412137805,142610709
412137805,627271281
412137805,473230623
412137805,85431252
412137805,541941229
412137805,874195999
412137805,1180487983
412137805,39495792
412137805,472280371
412137805,26179718
412137805,49691382
412137805,320321644
412137805,56062730
412137805,454292799
412137805,230750857
412137805,514208571
412137805,304909941
412137805,250372925
412137805,25098482
412137805,348974217
412137805,47702948
412137805,1059450108
412137805,433088020
412137805,130163040
412137805,1206455148
412137805,720120570
412137805,209727330
412137805,368863461
412137805,71031904
412137805,351617136
412137805,37180323
412137805,48999909
412137805,31071663
412137805,51127807
412137805,116799581
412137805,36650680
412137805,275769482
412137805,21516577
412137805,1400618798
412137805,988747670
412137805,84778698
412137805,1338456066
412137805,22984088
412137805,16589206
412137805,579711170
412137805,89275264
412137805,843112550
412137805,149760844
412137805,466990677
412137805,897638228
412137805,403524107
412137805,2206929703
412137805,1965395712
412137805,204731972
412137805,329666643
412137805,133410097
412137805,404838992
412137805,383941988
412137805,17065389
412137805,146689704
412137805,34585188
412137805,530934797
412137805,527336982
412137805,55241432
412137805,221823822
412137805,2184523454
412137805,15762708
412137805,36675046
412137805,1037873611
412137805,148322097
412137805,61197041
412137805,402857363
412137805,168560508
412137805,253592290
412137805,409503871
412137805,236842863
412137805,135108060
412137805,379839760
412137805,107022704
412137805,100193733
412137805,482616971
412137805,17332723
412137805,14979849
412137805,18676425
412137805,16016277
412137805,158698941
412137805,23198028
412137805,18593821
412137805,38969718
412137805,19570139
412137805,16460275
412137805,82456816
412137805,17432648
412137805,21134285
412137805,378370442
412137805,234668137
412137805,474900800
412137805,28948916
412137805,12769722
412137805,54189456
412137805,304505937
412137805,226160733
412137805,200262214
412137805,61536089
412137805,90339504
412137805,471741741
412137805,49542497
412137805,128155589
412137805,586361294
412137805,277434037
412137805,34197952
412137805,757303975
412137805,75044835
412137805,15433693
412137805,22341950
412137805,191849753
412137805,14224719
412137805,47539748
412137805,1339835893
412137805,312254799
412137805,29264664
412137805,15007149
412137805,388555493
412137805,69231483
412137805,939091
412137805,1707321486
412137805,590745335
412137805,1016324719
412137805,583082221
412137805,1099500350
412137805,546017249
412137805,236413328
412137805,132893808
412137805,47650836
412137805,86024252
412137805,369011636
412137805,104482694
412137805,271509401
412137805,38625673
412137805,41814169
412137805,32842421
412137805,183165874
412137805,17220934
412137805,269780552
412137805,37601149
412137805,717128182
412137805,65437320
412137805,423273163
412137805,16581604
412137805,237792794
412137805,313926788
412137805,84095810
412137805,19674502
412137805,89323552
412137805,232193350
412137805,15601251
412137805,5988062
412137805,1364930179
412137805,409486555
412137805,158414847
412137805,737848638
412137805,587422679
412137805,1330457336
412137805,68999404
412137805,115099953
412137805,161801527
412137805,69181624
412137805,41828070
412137805,51483602
412137805,271491206
412137805,709450866
412137805,1019549610
412137805,414880034
412137805,1202410688
412137805,110827653
412137805,17266725
412137805,1541410182
412137805,40744725
412137805,1436489612
412137805,20609518
412137805,189868631
412137805,500704345
412137805,5577902
412137805,37242663
412137805,19397785
412137805,38531995
412137805,50393960
412137805,813286
