4151146144,16058816
4151146144,158342368
4151146144,3223966961
4151146144,74205573
4151146144,948552829
4151146144,14371600
4151146144,3380065859
4151146144,17191272
4151146144,475585621
4151146144,2537896518
4151146144,243608028
4151146144,4501939948
4151146144,143909649
4151146144,193619885
4151146144,65045121
4151146144,2910853983
4151146144,216507103
4151146144,343447873
4151146144,20909329
4151146144,210341090
4151146144,458496089
4151146144,312963709
4151146144,154589345
4151146144,187864310
4151146144,17951326
4151146144,69060709
4151146144,213639434
4151146144,467048692
4151146144,269239317
4151146144,209780362
4151146144,364528766
4151146144,8952562
4151146144,253017888
4151146144,3115109710
4151146144,1395341162
4151146144,932596117
4151146144,191372015
4151146144,18265605
4151146144,76914701
4151146144,296663495
4151146144,417834442
4151146144,789758492
4151146144,18238467
4151146144,105082141
4151146144,19292516
4151146144,266641960
4151146144,25555639
4151146144,4150515514
4151146144,428333
4151146144,813286
4151146144,306414975
4151146144,62029654
4151146144,498909218
4151146144,904210339
4151146144,230564155
4151146144,23375688
4151146144,268414482
4151146144,552561770
4151146144,255988123
4151146144,405039749
4151146144,188683472
4151146144,231000704
4151146144,295608887
4151146144,525416576
4151146144,603884167
4151146144,535707261
4151146144,107017154
4151146144,263780425
4151146144,122163176
4151146144,131212643
4151146144,56331789
4151146144,268470229
4151146144,11713422
4151146144,241496045
4151146144,230537167
4151146144,350466315
4151146144,319151109
4151146144,301388743
4151146144,14436317
4151146144,266601231
4151146144,245792560
4151146144,41562632
4151146144,32987420
4151146144,391965435
4151146144,38381308
4151146144,351907607
4151146144,2398158668
4151146144,15648827
4151146144,323989647
4151146144,550944232
4151146144,158392124
4151146144,286091416
4151146144,121389491
4151146144,271401243
4151146144,43910684
4151146144,6809022
4151146144,401706939
4151146144,151123001
4151146144,256091861
4151146144,191949347
4151146144,220047267
4151146144,607281049
4151146144,94565796
4151146144,370279922
4151146144,136007061
4151146144,197517650
4151146144,835614241
4151146144,43310939
4151146144,375280789
4151146144,502712906
4151146144,11904592
4151146144,426738834
4151146144,242796587
4151146144,185827887
4151146144,242414858
4151146144,324168954
4151146144,612855461
4151146144,184018871
4151146144,282985674
4151146144,347942059
4151146144,23791197
4151146144,31090827
4151146144,22954354
4151146144,301308940
4151146144,603961299
4151146144,276034185
4151146144,236939437
4151146144,237413314
4151146144,195415139
4151146144,166772945
4151146144,112211447
4151146144,3426635037
4151146144,3957234947
4151146144,3449646802
4151146144,111933542
4151146144,82084630
4151146144,108626853
4151146144,2288138575
4151146144,2173985875
4151146144,66789097
4151146144,59094682
4151146144,1541472109
4151146144,214164065
4151146144,20509689
4151146144,87620322
4151146144,13426312
4151146144,76010207
4151146144,586198217
4151146144,65369125
4151146144,267311284
4151146144,783214
4151146144,130649891
4151146144,300392950
4151146144,75855320
4151146144,443606843
4151146144,18200400
4151146144,364335734
4151146144,58751559
4151146144,187490838
4151146144,279649054
