419531968,34423857
419531968,70235774
419531968,2532284256
419531968,19713622
419531968,47503235
419531968,232642391
419531968,2785715902
419531968,40953465
419531968,352052000
419531968,2823447918
419531968,14125152
419531968,939981487
419531968,337096663
419531968,3677173709
419531968,2951622098
419531968,102246979
419531968,1461262015
419531968,200165158
419531968,2199524000
419531968,21873071
419531968,19965877
419531968,21714938
419531968,125400714
419531968,1138759182
419531968,715411856
419531968,1599154368
419531968,3448853548
419531968,1636590253
419531968,93957809
419531968,17503180
419531968,20348377
419531968,259725229
419531968,18420140
419531968,2307675307
419531968,14533932
419531968,14424278
419531968,33014441
419531968,135251922
419531968,302077603
419531968,18139144
419531968,348667570
419531968,76018680
419531968,16264803
419531968,208665126
419531968,2388494564
419531968,435111357
419531968,155628368
419531968,21645908
419531968,14519349
419531968,171923859
419531968,211273580
419531968,22773313
419531968,227423290
419531968,792338988
419531968,10689892
419531968,178088717
419531968,253663760
419531968,1890630757
419531968,57341314
419531968,15645940
419531968,20066919
419531968,10239762
419531968,14189292
419531968,16126957
419531968,5514192
419531968,26554000
419531968,40872043
419531968,18460854
419531968,53210455
419531968,76966092
419531968,101321544
419531968,95450043
419531968,1933042237
419531968,242822343
419531968,17723643
419531968,971325319
419531968,920485734
419531968,526747419
419531968,28022257
419531968,531048389
419531968,1434359072
419531968,221322661
419531968,493609953
419531968,2522505554
419531968,18183592
419531968,56038149
419531968,18087450
419531968,57275398
419531968,14445775
419531968,715317523
419531968,2914042454
419531968,20665924
419531968,66064952
419531968,8820652
419531968,1173033602
419531968,11299932
419531968,2827109622
419531968,169364387
419531968,2715586658
419531968,26530033
419531968,2699519000
419531968,2377530950
419531968,1002513128
419531968,2147983664
419531968,18640091
419531968,128375701
419531968,124829064
419531968,162018381
419531968,26069309
419531968,112266869
419531968,551430563
419531968,293338829
419531968,60349138
419531968,197646535
419531968,32187100
419531968,18312906
419531968,15839517
419531968,259674489
419531968,113391587
419531968,53416950
419531968,14414740
419531968,1911850692
419531968,91474307
419531968,42728966
419531968,588559501
419531968,54224360
419531968,795663
419531968,45962355
419531968,84699037
419531968,491619143
419531968,259649352
419531968,2559024019
419531968,916952911
419531968,2256016459
419531968,30948041
419531968,17040061
419531968,105838646
419531968,370808273
419531968,19307505
419531968,8161232
419531968,400884404
419531968,36082429
419531968,106735655
419531968,496542938
419531968,103828309
419531968,41414815
419531968,714004914
419531968,764078497
419531968,717974532
419531968,496039651
419531968,245505590
419531968,15210060
419531968,462489802
419531968,16696633
419531968,19917546
419531968,558237906
419531968,11673662
419531968,162611402
419531968,5683952
419531968,77897410
419531968,733048626
419531968,346498546
419531968,17415796
419531968,403671644
419531968,183231492
419531968,1265612173
419531968,610176107
419531968,179485181
419531968,333297995
419531968,137455381
419531968,14524485
419531968,78019386
419531968,39344374
419531968,208155240
419531968,29130296
419531968,45848625
419531968,21087106
419531968,24436600
419531968,130822947
419531968,33906521
419531968,50774064
419531968,16273055
419531968,33778988
419531968,349714440
419531968,56953746
419531968,174659176
419531968,14870804
419531968,2250563281
419531968,624282852
419531968,93098435
419531968,330509973
419531968,2201951496
419531968,261126056
419531968,403942389
419531968,16177296
419531968,1957554378
419531968,1914657931
419531968,220633093
419531968,16784555
419531968,332818538
419531968,552094012
419531968,319400776
419531968,1143324282
419531968,207323988
419531968,805672634
419531968,44126993
419531968,244046087
419531968,851316548
419531968,19819209
419531968,98425584
419531968,544459972
419531968,1003490226
419531968,311476854
419531968,144934894
419531968,28168085
419531968,1269200970
419531968,585525019
419531968,1265342192
419531968,276076297
419531968,763289996
419531968,14738804
419531968,195874397
419531968,287713328
419531968,481455699
419531968,29287875
419531968,69211533
419531968,18317058
419531968,143601713
419531968,29997206
419531968,1304995202
419531968,31270821
419531968,72637083
419531968,366812553
419531968,172846897
419531968,309468702
419531968,1507285778
419531968,20711390
419531968,27413705
419531968,113180383
419531968,15437549
419531968,187344913
419531968,2350651844
419531968,221099559
419531968,20468205
419531968,2355545629
419531968,1089695454
419531968,21941388
419531968,14131683
419531968,366721494
419531968,966697026
419531968,554508569
419531968,710278115
419531968,85144671
419531968,35406751
419531968,252715130
419531968,99635651
419531968,2359706282
419531968,805293200
419531968,42694642
419531968,284830534
419531968,7666572
419531968,1789097173
419531968,235291238
419531968,1651073869
419531968,302881437
419531968,245415119
419531968,14486498
419531968,309343602
419531968,384944070
419531968,226145955
419531968,208019751
419531968,16158176
419531968,37332714
419531968,16934205
419531968,132476518
419531968,31114386
419531968,198381553
419531968,16076796
419531968,20159596
419531968,15430182
419531968,17801805
419531968,1201691
419531968,9015512
419531968,7518252
419531968,19252216
419531968,879161563
419531968,257581957
419531968,25537232
419531968,145305040
419531968,161093386
419531968,725374226
419531968,338079269
419531968,20074976
419531968,30286145
419531968,9038392
419531968,18206231
419531968,438009317
419531968,21292715
419531968,239660650
419531968,1967043122
419531968,151156781
419531968,1852504213
419531968,843879524
419531968,26877811
419531968,792172915
419531968,19027475
419531968,540975940
419531968,27702107
419531968,2347299198
419531968,1467964236
419531968,186211233
419531968,314546554
419531968,2362571755
419531968,18695901
419531968,633173
419531968,26587452
419531968,14952077
419531968,235140283
419531968,17188950
419531968,275213572
419531968,269023982
419531968,94196635
419531968,25130365
419531968,386166560
419531968,52998511
419531968,868852736
419531968,23508882
419531968,18138592
419531968,404894487
419531968,120176950
419531968,94166093
419531968,16726810
419531968,47539748
419531968,122138683
419531968,12354252
419531968,33098821
419531968,40842944
419531968,15680626
419531968,1254761300
419531968,71513606
419531968,1007350508
419531968,269977277
419531968,1922163835
419531968,79469855
419531968,17041106
419531968,43983910
419531968,75049621
419531968,46476526
419531968,104553468
419531968,64677310
419531968,1077872654
419531968,190396744
419531968,42300159
419531968,18539631
419531968,798127728
419531968,668413
419531968,48425734
419531968,14807898
419531968,432294867
419531968,162044153
419531968,60445138
419531968,15082919
419531968,240285020
419531968,986106360
419531968,91267688
419531968,16037008
419531968,326060460
419531968,150986578
419531968,34528474
419531968,307575577
419531968,25281063
419531968,33495086
419531968,127652210
419531968,27318985
419531968,19936536
419531968,633743584
419531968,1320741337
419531968,2171232373
419531968,29030168
419531968,45917531
419531968,190426393
419531968,188006067
419531968,87818409
419531968,14293310
419531968,261736294
419531968,3108351
419531968,2467791
419531968,2097571
419531968,742143
419531968,807095
419531968,5988062
419531968,14435488
419531968,14800270
419531968,197446914
419531968,376302246
419531968,25053299
419531968,14127481
419531968,29856819
419531968,29851021
419531968,284764300
419531968,17884330
419531968,257151647
419531968,16534711
419531968,243360038
419531968,17266725
419531968,1403699438
419531968,19154824
419531968,19029306
419531968,30268257
419531968,17083396
419531968,278755701
419531968,22058146
419531968,17090308
419531968,103106691
419531968,387181116
419531968,215100106
419531968,95675456
419531968,297453408
419531968,1681990416
419531968,2394959970
419531968,16152701
419531968,719695474
419531968,34000178
419531968,1183685479
419531968,84014340
419531968,227040310
419531968,368831357
419531968,37391190
419531968,832695379
419531968,1542472303
419531968,1105211454
419531968,256895069
419531968,20687263
419531968,372198003
419531968,2377181970
419531968,374423056
419531968,374420899
419531968,431983412
419531968,216040632
419531968,190589983
419531968,1633837393
419531968,23251100
419531968,361468994
419531968,444940567
419531968,19478383
419531968,153966123
419531968,17463660
419531968,196994616
419531968,169426475
419531968,17056433
419531968,21881713
419531968,1089610734
419531968,39415410
419531968,21661810
419531968,46440202
419531968,163869974
419531968,31992855
419531968,483766139
419531968,20187037
419531968,22549642
419531968,15588657
419531968,16469050
419531968,40744725
419531968,15620557
419531968,31213362
419531968,20522531
419531968,16527415
419531968,14996950
419531968,377249175
419531968,15246951
419531968,1460023567
419531968,32896052
419531968,18867844
419531968,1858278324
419531968,1549705375
419531968,300866887
419531968,1254577704
419531968,15246479
419531968,14182238
419531968,62147133
419531968,20542013
419531968,341801728
419531968,279561049
419531968,1460138449
419531968,14579415
419531968,866219268
419531968,317113519
419531968,578961374
419531968,44171091
419531968,65659391
419531968,751988330
419531968,266236603
419531968,12874852
419531968,15175819
419531968,225309965
419531968,15784302
419531968,73986605
419531968,267390486
419531968,359493485
419531968,96564060
419531968,1314317676
419531968,163297524
419531968,372536763
419531968,253167239
419531968,18938646
419531968,26538229
419531968,83466368
419531968,25390350
419531968,25098482
419531968,27860681
419531968,68999404
419531968,14499829
419531968,33933259
419531968,252740978
419531968,16245822
419531968,155189649
419531968,139126954
419531968,33998183
419531968,24752484
419531968,313199716
419531968,17912982
419531968,73181712
419531968,453379933
419531968,22256515
419531968,631948054
419531968,7402662
419531968,9855382
419531968,26320250
419531968,243333357
419531968,74625574
419531968,16897237
419531968,19988765
419531968,16309969
419531968,35523686
419531968,17004618
419531968,1402975106
419531968,116507549
419531968,492991594
419531968,96972239
419531968,117662694
419531968,59031230
419531968,49269819
419531968,35823189
419531968,14962779
419531968,227768703
419531968,17424617
419531968,16081399
419531968,41792496
419531968,43166813
419531968,159588456
419531968,19397785
419531968,1700426708
419531968,15846407
419531968,37877645
419531968,19273104
419531968,436292177
419531968,19534873
419531968,62513246
419531968,166739404
419531968,19047089
419531968,27042513
419531968,22634164
419531968,250831586
419531968,124335068
419531968,329746058
419531968,229219088
419531968,618300542
419531968,243835805
419531968,1315431
419531968,33235771
419531968,15039436
419531968,20477352
419531968,23135992
419531968,36290416
419531968,15678167
419531968,54439786
419531968,148281099
419531968,71873943
419531968,153929488
419531968,34050629
419531968,91298698
419531968,11307882
419531968,494302092
419531968,31716155
419531968,218634414
419531968,48771393
419531968,18204500
419531968,15377115
419531968,291859435
419531968,21166399
419531968,1498963314
419531968,17343167
419531968,252531143
419531968,1615463502
419531968,102488708
419531968,18439997
419531968,56723973
419531968,15706633
419531968,61183568
419531968,7713202
419531968,113420831
419531968,15764644
419531968,280826651
419531968,15007149
419531968,504914052
419531968,867351037
419531968,15695513
419531968,45167431
419531968,2267188369
419531968,232966858
419531968,21216917
419531968,144350248
419531968,440230499
419531968,561601806
419531968,522728599
419531968,164263382
419531968,151328886
419531968,14071045
419531968,14262772
419531968,69231187
419531968,15912508
419531968,15647676
419531968,9624742
419531968,66369181
419531968,390858322
419531968,395184832
419531968,1632220008
419531968,478878156
419531968,1361867629
419531968,120207925
419531968,15738599
419531968,41453909
419531968,1377364772
419531968,17295444
419531968,11581462
419531968,1207667768
419531968,39651447
419531968,2361456992
419531968,17939037
419531968,201531255
419531968,13201312
419531968,38146999
419531968,557781472
419531968,23361712
419531968,243236419
419531968,16819278
419531968,19713521
419531968,268357486
419531968,266031327
419531968,42096051
419531968,303474214
419531968,842217397
419531968,2350913598
419531968,1334806249
419531968,22906582
419531968,38804737
419531968,1735241
419531968,184985946
419531968,862483279
419531968,253142541
419531968,71876190
419531968,274649460
419531968,195814782
419531968,735891769
419531968,421187117
419531968,605025484
419531968,14766090
419531968,15358350
419531968,42630325
419531968,2295114163
419531968,76348185
419531968,330509397
419531968,50115087
419531968,16580226
419531968,45181145
419531968,12044602
419531968,48410093
419531968,46757371
419531968,82853372
419531968,94608074
419531968,16933490
419531968,14547923
419531968,85380537
419531968,1040868524
419531968,542722456
419531968,16723958
419531968,19859554
419531968,95263650
419531968,17663756
419531968,284408088
419531968,41044925
419531968,41211760
419531968,29595882
419531968,34282709
419531968,19918112
419531968,19583545
419531968,251062195
419531968,368538656
419531968,189474615
419531968,91942071
419531968,36070804
419531968,65577676
419531968,65589378
419531968,15882393
419531968,572470115
419531968,948552829
419531968,16248319
419531968,318049822
419531968,28405003
419531968,2283958747
419531968,625297944
419531968,12041932
419531968,599444146
419531968,15225331
419531968,178507619
419531968,15225668
419531968,1889001865
419531968,576330096
419531968,87693625
419531968,82080668
419531968,216986898
419531968,33388399
419531968,165471361
419531968,121887978
419531968,44335525
419531968,36412963
419531968,52551600
419531968,481964948
419531968,177484327
419531968,50235991
419531968,128216887
419531968,17717287
419531968,15224867
419531968,123109597
419531968,177179008
419531968,460966881
419531968,18812301
419531968,65289126
419531968,136004952
419531968,41814169
419531968,25984418
419531968,500704345
419531968,7861312
419531968,75974281
419531968,106522515
419531968,51895123
419531968,14700117
419531968,14224719
419531968,103065157
419531968,16220136
419531968,48390963
419531968,17675072
419531968,46744791
419531968,376819013
419531968,17471979
419531968,19658826
419531968,12889882
419531968,829859160
419531968,60783724
419531968,236374122
419531968,19515424
419531968,19725644
419531968,65466158
419531968,1674589274
419531968,14321959
419531968,484962664
419531968,1287374131
419531968,19224439
419531968,360857182
419531968,1137700339
419531968,1323187164
419531968,620181806
419531968,22685200
419531968,19875072
419531968,69181624
419531968,627643923
419531968,19029137
419531968,18396070
419531968,683113
419531968,9158962
419531968,360510708
419531968,17006157
419531968,16581604
419531968,19674502
419531968,50300579
419531968,325830217
419531968,7109022
419531968,50374439
419531968,21112266
419531968,14824849
419531968,1142859176
419531968,259348780
419531968,14746456
419531968,771383605
419531968,26803375
419531968,87403396
419531968,1390282218
419531968,151930383
419531968,14510710
419531968,1499080250
419531968,1478869458
419531968,164495280
419531968,528859777
419531968,17169390
419531968,110823581
419531968,1887949466
419531968,1615685677
419531968,1339835893
419531968,316389142
419531968,158414847
419531968,1330457336
419531968,757303975
419531968,17087162
419531968,405123394
419531968,17063215
419531968,19472578
419531968,16539208
419531968,1877102412
419531968,10810102
419531968,24241544
419531968,117490165
419531968,14065040
419531968,3107271
419531968,104295317
419531968,14333690
419531968,3416421
419531968,13691622
419531968,312211666
419531968,14159148
419531968,15005991
419531968,30313925
419531968,21182676
419531968,50037051
419531968,20843014
419531968,34507480
419531968,11348282
419531968,14643955
419531968,19264748
419531968,20781929
419531968,19686295
419531968,21138477
419531968,21447363
419531968,17919972
419531968,19910996
419531968,17624543
419531968,21111883
419531968,18135386
419531968,21324165
419531968,21510894
419531968,20583613
419531968,20809515
419531968,22904901
419531968,161801527
419531968,14816777
419531968,97852838
419531968,75069067
419531968,70186440
419531968,813286
419531968,428333
419531968,17899109
419531968,20609518
419531968,91478624
419531968,50393960
419531968,1685563086
419531968,261492974
419531968,216703054
419531968,97499145
419531968,255075178
419531968,301933818
419531968,61711654
419531968,966906690
419531968,15430413
419531968,16838466
419531968,16781292
419531968,40345672
419531968,146040219
419531968,245765228
419531968,495674592
419531968,132823483
419531968,17703994
419531968,23429151
419531968,61359492
419531968,12196302
419531968,91407102
419531968,47615618
419531968,186127644
419531968,460420165
419531968,19921389
419531968,8665852
419531968,17311493
419531968,14270254
419531968,19903099
419531968,2561091
419531968,89210395
419531968,22134758
419531968,817133173
419531968,20599255
419531968,43140530
419531968,21982720
419531968,22287161
419531968,269370950
419531968,569902944
419531968,615927039
419531968,592864784
419531968,30198114
419531968,20438240
419531968,253356144
419531968,107989489
419531968,325094451
419531968,93409419
419531968,133807781
419531968,32517568
419531968,21961468
419531968,323128607
419531968,192886025
419531968,21533716
419531968,35701040
419531968,86229215
419531968,18749766
419531968,390192329
419531968,30702783
419531968,19636166
419531968,90048528
