429521007,59893300
429521007,2382586740
429521007,81853685
429521007,138495038
429521007,139218598
429521007,895892744
429521007,2203887914
429521007,2542348724
429521007,53691067
429521007,1382582869
429521007,280689114
429521007,2959514073
429521007,46964949
429521007,74626513
429521007,1546823898
429521007,2540115734
429521007,24162478
429521007,1023624524
429521007,25925716
429521007,379739211
429521007,23763503
429521007,1030900164
429521007,2911714101
429521007,154970843
429521007,2957245097
429521007,2959539497
429521007,2959494201
429521007,3759387560
429521007,3852632422
429521007,9612112
429521007,24799500
429521007,62108074
429521007,43394391
429521007,83706953
429521007,53787241
429521007,1722821948
429521007,56684856
429521007,80318442
429521007,63561038
429521007,337280454
429521007,32952792
429521007,342805007
429521007,52231037
429521007,28332132
429521007,16682832
429521007,14776696
429521007,450874614
429521007,15839573
429521007,173482605
429521007,3075645023
429521007,2426388154
429521007,2456938808
429521007,34704778
429521007,3107938929
429521007,483464649
429521007,139832755
429521007,541912489
429521007,38465537
429521007,89443418
429521007,4201291767
429521007,2356606272
429521007,3421547945
429521007,20712514
429521007,20809515
429521007,23455730
429521007,2936402625
429521007,22476271
429521007,31116114
429521007,75031882
429521007,236657638
429521007,36787113
429521007,84094789
429521007,69054952
429521007,83959481
429521007,1629803222
429521007,17013378
429521007,20164477
429521007,3483917657
429521007,3257487491
429521007,46490641
429521007,55583641
429521007,2545437052
429521007,2515983236
429521007,139183350
429521007,49938269
429521007,3340397632
429521007,15582847
429521007,165967038
429521007,115766541
429521007,349274594
429521007,396109773
429521007,43108299
429521007,137863782
429521007,33306904
429521007,164713706
429521007,18814998
429521007,79145543
429521007,62747302
429521007,2890053064
429521007,16717501
429521007,125998076
429521007,761398686
429521007,37717107
429521007,53772716
429521007,2992491707
429521007,133687873
429521007,13653812
429521007,212604444
429521007,28807930
429521007,2550145173
429521007,237241020
429521007,1546788546
429521007,2319244940
429521007,2865988678
429521007,1723670689
429521007,87719641
429521007,1532184012
429521007,2946045177
429521007,34964710
429521007,153220746
429521007,2308762898
429521007,2402087785
429521007,30117765
429521007,134851310
429521007,3898598357
429521007,411177174
429521007,527713147
429521007,218017942
429521007,6042412
429521007,37545509
429521007,72732893
429521007,299661475
429521007,17624959
429521007,126118232
429521007,2692974816
429521007,243814636
429521007,52467382
429521007,339064364
429521007,27486706
429521007,15391813
429521007,193878902
429521007,531579092
429521007,613806308
429521007,1265799110
429521007,1837508958
429521007,74307964
429521007,1496597852
429521007,85382757
429521007,44169953
429521007,184762182
429521007,44005522
429521007,18718638
429521007,106714016
429521007,3523924097
429521007,3082385345
429521007,45435425
429521007,2578490958
429521007,2893939156
429521007,2299933568
429521007,2613749605
429521007,46018462
429521007,532604663
429521007,3238632731
429521007,100615509
429521007,46907257
429521007,358114249
429521007,485975606
429521007,25577585
429521007,51199592
429521007,2825245941
429521007,70799317
429521007,8110402
429521007,54341363
429521007,9317502
429521007,107541162
429521007,43340387
429521007,2330949535
429521007,27957274
429521007,2808247938
429521007,2190162650
429521007,2812966638
429521007,3090382647
429521007,2216536333
429521007,69624027
429521007,484679568
429521007,1656571844
429521007,2216000111
429521007,401664384
429521007,429269092
429521007,2320785660
429521007,124148802
429521007,1914619908
429521007,67358777
429521007,91478624
429521007,14293310
429521007,759251
429521007,428333
429521007,5402612
429521007,742143
429521007,807095
429521007,87818409
429521007,64643056
429521007,771383605
429521007,68466700
429521007,14333754
429521007,948552829
429521007,1662057727
429521007,1723343780
429521007,705005037
429521007,3317376645
429521007,56497233
429521007,52488863
429521007,167969112
429521007,489676860
429521007,19903099
429521007,21648020
429521007,301981059
429521007,513127513
429521007,19910429
429521007,2482580201
429521007,171137221
429521007,97852838
429521007,80115806
429521007,1954616779
429521007,3156110287
429521007,124746556
429521007,58594065
429521007,3183653715
429521007,1720186020
429521007,1622999490
429521007,2369128076
429521007,226569175
429521007,48108211
429521007,18114895
429521007,26495640
429521007,17624543
429521007,19472578
429521007,1558141890
429521007,325810200
429521007,2883123896
429521007,325030133
429521007,768938756
429521007,45415364
429521007,2241342044
429521007,3105361402
429521007,30920881
429521007,63219690
429521007,246860338
429521007,2339831775
429521007,19261460
429521007,39116717
429521007,2476009416
429521007,550272664
429521007,1692345876
429521007,66740930
429521007,2600162552
429521007,45953391
429521007,253153526
429521007,2976192999
429521007,3043665101
429521007,199075503
429521007,3090203848
429521007,1531803858
429521007,2183032592
429521007,2183577423
429521007,3241900997
429521007,3100193285
429521007,2687051507
429521007,20549270
429521007,153763519
429521007,1872914948
429521007,2385910914
429521007,17477363
429521007,3062776624
429521007,133008925
429521007,19667016
429521007,51885263
429521007,72371342
429521007,98570147
429521007,137063405
429521007,889343190
429521007,3131773305
429521007,17900385
429521007,429090457
429521007,8996602
429521007,185120381
429521007,186093521
429521007,440187033
429521007,360230512
429521007,3130818321
429521007,2441831348
429521007,59102196
429521007,19458129
429521007,52724814
429521007,47086946
429521007,159608451
429521007,74820860
429521007,18990097
429521007,41644088
429521007,18865285
429521007,2245588236
429521007,3241981330
429521007,54979892
429521007,135269423
429521007,2520613448
429521007,149760844
429521007,200646598
429521007,62501888
429521007,64788246
429521007,2388029767
429521007,19612753
429521007,2459250838
429521007,16196902
429521007,266712846
429521007,1379640865
429521007,65473559
429521007,2813326654
429521007,237400389
429521007,1403245850
429521007,26266891
429521007,22900663
429521007,377008435
429521007,1942049240
429521007,2960774643
429521007,3174249784
429521007,1613858491
429521007,206222507
429521007,187356243
429521007,423827702
429521007,10652262
429521007,814144363
429521007,242730127
429521007,2580677300
429521007,36248739
429521007,2279243403
429521007,2597576840
429521007,2469874862
429521007,15146157
429521007,199791618
429521007,541735952
429521007,876630265
429521007,2946009016
429521007,348079303
429521007,1535523350
429521007,291946697
429521007,2258033023
429521007,394425666
429521007,15494380
429521007,18122496
429521007,1158226609
429521007,347490369
429521007,346151042
429521007,735431611
429521007,17327804
429521007,59100148
429521007,84344881
429521007,2721095667
429521007,398989973
429521007,522201237
429521007,948554414
429521007,103866203
429521007,3086263848
429521007,83916401
429521007,279547892
429521007,806948929
429521007,3323545391
429521007,45434539
429521007,3039740003
429521007,24989174
429521007,1014760268
429521007,120285641
429521007,1004789802
429521007,129415147
429521007,976591754
429521007,991786448
429521007,985369778
429521007,78684416
429521007,55729783
429521007,2824856966
429521007,48186490
429521007,283540806
429521007,284977869
429521007,1029365012
429521007,50133997
429521007,51064768
429521007,353339501
429521007,95253000
429521007,192578825
429521007,51781496
429521007,80426518
429521007,3126474640
429521007,58008595
429521007,342836049
429521007,39781535
429521007,2213198621
429521007,556970631
429521007,2824799702
429521007,469725202
429521007,33976240
429521007,1216258832
429521007,975728226
429521007,214484052
429521007,76699270
429521007,2147845549
429521007,74762633
429521007,583315850
429521007,1460706924
429521007,1348986296
429521007,88751911
429521007,66831264
429521007,1616084491
429521007,38722635
429521007,35936889
429521007,58500178
429521007,208112870
429521007,66678954
429521007,330967960
429521007,34827888
429521007,106522099
429521007,2877999447
429521007,191266958
429521007,115388833
429521007,218748524
429521007,2174537102
429521007,583055282
429521007,1350590216
429521007,12747382
429521007,2633910529
429521007,888108127
429521007,2551051105
429521007,40007869
429521007,321059805
429521007,2270386813
429521007,2172348015
429521007,46222364
429521007,59770036
429521007,2311705105
429521007,293673969
429521007,902789738
429521007,1594432626
429521007,83701138
429521007,2979432113
429521007,15084884
429521007,20696007
429521007,2369525400
429521007,203643171
429521007,578322916
429521007,1912780393
429521007,41648463
429521007,68008585
429521007,24744541
429521007,57391507
429521007,259359647
429521007,74763991
429521007,504936854
429521007,198535390
429521007,24043827
429521007,58668131
429521007,34586817
429521007,47739030
429521007,44987020
429521007,23532744
429521007,364518567
429521007,16814640
429521007,138075168
429521007,142393421
429521007,790680
429521007,248890506
429521007,18144791
429521007,174396298
429521007,2669410451
429521007,586671909
429521007,168520768
429521007,380716440
429521007,39837411
429521007,405900747
429521007,78139021
429521007,45447020
429521007,41632141
429521007,39522911
429521007,342994346
429521007,354095556
429521007,831760092
429521007,2830188916
429521007,77320040
429521007,58951368
429521007,95740548
429521007,44449830
429521007,149685788
429521007,36210597
429521007,44409004
429521007,1209466154
429521007,163296619
429521007,228596333
429521007,66468535
429521007,31139434
429521007,58065771
429521007,63118359
429521007,364538942
429521007,151745909
429521007,50038380
429521007,56470032
429521007,79201178
429521007,26932840
429521007,112498734
429521007,18601589
429521007,87324565
429521007,58617415
429521007,134647381
429521007,45870897
429521007,110522807
429521007,25858078
429521007,20242549
429521007,46463401
429521007,58065191
429521007,23138365
429521007,15518054
429521007,16632084
429521007,14594813
429521007,131574396
429521007,1722628542
429521007,1694519286
429521007,69650953
429521007,14754376
429521007,230295750
429521007,14511070
