4310874539,20322929
4310874539,21447363
4310874539,627673190
4310874539,338084918
4310874539,169686021
4310874539,133008925
4310874539,35094637
4310874539,24966423
4310874539,102889489
4310874539,90836187
4310874539,26565946
4310874539,27260086
4310874539,54341363
4310874539,813286
4310874539,48332360
4310874539,156719729
4310874539,116362700
4310874539,56482694
4310874539,14872237
4310874539,108192542
4310874539,19397785
4310874539,18219976
4310874539,46463401
4310874539,43394391
4310874539,83634722
4310874539,16814960
4310874539,79293791
4310874539,58951368
4310874539,25365536
4310874539,16814640
4310874539,28407958
4310874539,15088915
4310874539,24802340
4310874539,790680
4310874539,79744881
4310874539,2351546078
4310874539,1558141890
4310874539,14502789
4310874539,14306125
4310874539,60865434
4310874539,17675497
4310874539,27195114
4310874539,4203155837
4310874539,29479000
4310874539,46409160
4310874539,3976766235
4310874539,1652541
4310874539,158487331
4310874539,155659213
4310874539,19472578
4310874539,948552829
4310874539,1662057727
4310874539,3483917657
4310874539,1674277502
4310874539,362557435
4310874539,264540821
4310874539,135116718
4310874539,13531162
4310874539,14840606
4310874539,16795139
4310874539,17711232
4310874539,66441430
4310874539,16794066
4310874539,46357966
4310874539,91130776
4310874539,90963197
4310874539,31511871
4310874539,71699343
4310874539,142393421
4310874539,66458391
4310874539,41841573
4310874539,18137030
4310874539,9317502
4310874539,10950922
4310874539,16632084
4310874539,65473559
4310874539,34461692
4310874539,17715048
4310874539,14594813
4310874539,80937256
