4350955521,4357599435
4350955521,140784962
4350955521,7996082
4350955521,2550023839
4350955521,15137836
4350955521,3814697002
4350955521,498086098
4350955521,52053647
4350955521,401136271
4350955521,2463499796
4350955521,14159148
4350955521,500704345
4350955521,134569687
4350955521,57099808
4350955521,228723028
4350955521,187490838
4350955521,275447294
4350955521,184612217
4350955521,561430861
4350955521,117146008
4350955521,71266682
4350955521,72834489
4350955521,17446621
4350955521,17992258
4350955521,20727819
4350955521,15291335
4350955521,21904217
4350955521,34676063
4350955521,20255162
4350955521,14840869
4350955521,36947388
4350955521,203162990
4350955521,31634255
4350955521,17229809
4350955521,34381878
4350955521,2441831348
4350955521,243835805
4350955521,221523199
4350955521,618300542
4350955521,15723995
4350955521,407137170
4350955521,57097104
4350955521,19397785
4350955521,2717254872
4350955521,63296944
4350955521,7152572
4350955521,304089779
4350955521,18086960
4350955521,12804422
4350955521,18981013
4350955521,106567895
4350955521,25379053
4350955521,2201496073
4350955521,12369372
4350955521,18667907
4350955521,200163448
4350955521,39263607
4350955521,807095
4350955521,336116660
4350955521,27457788
4350955521,23446053
4350955521,1286063538
4350955521,54502344
4350955521,1857448777
4350955521,3044738957
4350955521,19971002
4350955521,73249951
4350955521,61037301
4350955521,21856114
4350955521,1598644159
4350955521,1536791610
4350955521,1339835893
4350955521,1330457336
4350955521,15635604
4350955521,559675462
4350955521,30313925
4350955521,17471979
4350955521,3108351
4350955521,14677919
4350955521,87818409
4350955521,15279429
4350955521,4898091
4350955521,22621759
4350955521,62513246
4350955521,8350382
4350955521,451075784
4350955521,3376281958
4350955521,70349639
4350955521,52782073
4350955521,184910040
4350955521,4286137593
4350955521,15683146
4350955521,31237480
4350955521,902105053
4350955521,22780877
4350955521,16632149
4350955521,16631693
4350955521,17884125
4350955521,21066857
4350955521,14758257
4350955521,21783395
4350955521,50393960
4350955521,1603111440
4350955521,23585685
4350955521,18679659
4350955521,1690412382
4350955521,94081671
4350955521,155659213
4350955521,115485051
4350955521,16548023
4350955521,26276346
4350955521,22903765
4350955521,5988062
4350955521,707543
4350955521,40019154
4350955521,15392221
4350955521,23263743
4350955521,19663485
4350955521,195408457
4350955521,16451028
4350955521,16589206
4350955521,19921389
4350955521,21389998
4350955521,78715972
4350955521,16602180
4350955521,98520643
4350955521,2230147480
4350955521,40266854
4350955521,212594756
4350955521,498951528
4350955521,2253618582
4350955521,23445711
4350955521,318503318
4350955521,1615502904
4350955521,23421880
4350955521,8665572
4350955521,14684733
4350955521,41878061
4350955521,124139163
4350955521,14842285
4350955521,19889294
4350955521,31125209
4350955521,25319819
4350955521,16854780
4350955521,16631331
4350955521,15391813
4350955521,19814175
4350955521,17311493
4350955521,21182676
4350955521,49781518
4350955521,19903099
4350955521,2561091
4350955521,24915307
4350955521,18049879
4350955521,22827600
4350955521,35718347
4350955521,16632219
4350955521,56487239
4350955521,8665852
4350955521,19867777
4350955521,16513161
4350955521,17163446
