435258204,748905979
435258204,301224541
435258204,2594638160
435258204,447000932
435258204,4849045318
435258204,195696910
435258204,116271543
435258204,2609737463
435258204,1350560887
435258204,2785658906
435258204,303267608
435258204,4782845498
435258204,4782914611
435258204,4514867961
435258204,2763177514
435258204,2969482959
435258204,22401772
435258204,2375541176
435258204,569087823
435258204,3044778150
435258204,330619582
435258204,4524136761
435258204,168770430
435258204,4496113877
435258204,211883050
435258204,3024851769
435258204,769976390
435258204,410898935
435258204,1710921638
435258204,264120398
435258204,74596930
435258204,3091390749
435258204,4602466413
435258204,383144838
435258204,73350229
435258204,2820825394
435258204,16525568
435258204,228314632
435258204,2982481407
435258204,218975345
435258204,1441180610
435258204,3725153296
435258204,279571897
435258204,1329954348
435258204,154836286
435258204,3157316962
435258204,2919683127
435258204,319179445
435258204,146871170
435258204,1126187202
435258204,108346395
435258204,508576823
435258204,343303022
435258204,325799830
435258204,997526610
435258204,17780532
435258204,341341422
435258204,57107167
435258204,2347093926
435258204,2303780288
435258204,2231469580
435258204,2889496107
435258204,1381546388
435258204,3014814508
435258204,4060044976
435258204,300463239
435258204,95977096
435258204,211836100
435258204,2242266074
435258204,397160563
435258204,1750691
435258204,526242817
435258204,4210326395
435258204,1616279970
435258204,2932273630
435258204,3278846584
435258204,3124495631
435258204,424367914
435258204,524554592
435258204,1253931494
435258204,1923200881
435258204,2427419840
435258204,496289039
435258204,304646709
435258204,822195722
435258204,631853741
435258204,1885797505
435258204,3172459528
435258204,65045121
435258204,49447769
435258204,96790991
435258204,2469652237
435258204,408708960
435258204,1060403089
435258204,3803388755
435258204,3637162696
435258204,53998940
435258204,2737172489
435258204,2987724190
435258204,125647054
435258204,2938313027
435258204,2468416072
435258204,4037822896
435258204,1373504558
435258204,3299116330
435258204,3373609372
435258204,266641960
435258204,3180482847
435258204,3218169015
435258204,2997919768
435258204,248264581
435258204,3305173822
435258204,3025516884
435258204,301076048
435258204,235368054
435258204,4119160593
435258204,2524661437
435258204,3001318950
435258204,2861717668
435258204,2674621909
435258204,368234207
435258204,2603707429
435258204,225887277
435258204,3973657293
435258204,3396227409
435258204,2836993300
435258204,131587159
435258204,344993038
435258204,167063817
435258204,3046635964
435258204,504273886
435258204,2470592789
435258204,1405424917
435258204,257985575
435258204,336608627
435258204,2522997290
435258204,780564356
435258204,3765133757
435258204,2526946112
435258204,550478227
435258204,122330270
435258204,808712882
435258204,220044514
435258204,327672977
435258204,3187672259
435258204,2315654938
435258204,2919810208
435258204,3366825352
435258204,418426824
435258204,2934096622
435258204,494095630
435258204,141943563
435258204,3881769005
435258204,238095222
435258204,135579914
435258204,15497124
435258204,941365410
435258204,2830529728
435258204,2850524922
435258204,476642851
435258204,491118783
435258204,3390512517
435258204,2613612890
435258204,3340973451
435258204,267058747
435258204,1435219422
435258204,3107835173
435258204,1956447462
435258204,3313105138
435258204,378493989
435258204,390146501
435258204,1126286509
435258204,2257968936
435258204,2214027704
435258204,14441929
435258204,3617830409
435258204,382111314
435258204,835862888
435258204,2436752112
435258204,827003376
435258204,460386348
435258204,326164785
435258204,2984849609
435258204,2190755568
435258204,1488544838
435258204,1963312058
435258204,2472478952
435258204,37746280
435258204,136666412
435258204,2763891766
435258204,3549037701
435258204,2389761961
435258204,97715361
435258204,3308323469
435258204,2595366655
435258204,1639153644
435258204,41558482
435258204,19858930
435258204,384822130
435258204,2240848556
435258204,65071020
435258204,3387582239
435258204,253103516
435258204,1163551304
435258204,3378640463
435258204,2341698337
435258204,45579875
435258204,220389772
435258204,244570936
435258204,427789609
435258204,925869919
435258204,2910840034
435258204,3367420930
435258204,610038762
435258204,203262579
435258204,2935989981
435258204,2940725986
435258204,631519450
435258204,62447260
435258204,25555639
435258204,233732711
435258204,3092594199
435258204,2832736775
435258204,20299996
435258204,338560854
435258204,367614683
435258204,280227352
435258204,3292602127
435258204,2413855930
435258204,983397452
435258204,1596508926
435258204,2558824752
435258204,2434351129
435258204,47907754
435258204,3378629297
435258204,2537388139
435258204,1270776432
435258204,62300095
435258204,2687619672
435258204,87925425
435258204,2811085665
435258204,549413283
435258204,409549183
435258204,1426391750
435258204,361007677
435258204,2982382703
435258204,1167554012
435258204,455296564
435258204,211699719
435258204,29230342
435258204,112288331
435258204,362706283
435258204,181728342
435258204,1123288076
435258204,425119821
435258204,2263454006
435258204,14525982
435258204,2986633307
435258204,70941108
435258204,79982342
435258204,136361303
435258204,15933910
435258204,318312354
435258204,142771359
435258204,188671764
435258204,2704859866
435258204,2870353174
435258204,2553108270
435258204,284759411
435258204,550349812
435258204,223959285
435258204,988573350
435258204,1122407936
435258204,3172105157
435258204,266656551
435258204,1289813436
435258204,2651488820
435258204,3041105807
435258204,2292454922
435258204,3004531168
435258204,352950201
435258204,3327181637
435258204,2897921704
435258204,3000128979
435258204,162983657
435258204,1412379272
435258204,110442665
435258204,3320444721
435258204,384787201
435258204,3096575289
435258204,3296593211
435258204,297490439
435258204,249243667
435258204,202567162
435258204,275938934
435258204,310272177
435258204,985402465
435258204,390990952
435258204,2819518847
435258204,299816367
435258204,2615630918
435258204,2303109391
435258204,508519023
435258204,3105993470
435258204,2850875479
435258204,611147594
435258204,2854997973
435258204,547496504
435258204,2531911437
435258204,3302116031
435258204,965363461
435258204,448332490
435258204,3248900489
435258204,248112851
435258204,243380988
435258204,2687243682
435258204,3044644289
435258204,3028345096
435258204,2979559469
435258204,384779290
435258204,3254733825
435258204,3120896337
435258204,2222020903
435258204,184568839
435258204,397020953
435258204,896038494
435258204,543670496
435258204,3027357395
435258204,3190657937
435258204,2182111008
435258204,394859808
435258204,1644724273
435258204,3217921588
435258204,240785148
435258204,141724009
435258204,2601056441
435258204,257485308
435258204,2834345368
435258204,3046590574
435258204,2767983686
435258204,3117323573
435258204,3069727672
435258204,2712328882
435258204,526273214
435258204,2288123232
435258204,250337445
435258204,215576059
435258204,1167099504
435258204,1037607307
435258204,265928089
435258204,151910386
435258204,118416697
435258204,449646757
435258204,50969179
435258204,1630076022
435258204,113285079
435258204,417460635
435258204,592759956
435258204,2745462253
435258204,2787117105
435258204,38408599
435258204,295111271
435258204,607166608
435258204,1978779463
435258204,3176246350
435258204,14322042
435258204,254936770
435258204,201913086
435258204,3078820279
435258204,196220926
435258204,951442771
435258204,2385532513
435258204,3141624964
435258204,3039669766
435258204,403997319
435258204,250673385
435258204,222480003
435258204,2912650066
435258204,279175038
435258204,3084704992
435258204,2909614617
435258204,2586012036
435258204,379715495
435258204,88275775
435258204,411712367
435258204,2373636859
435258204,1926477908
435258204,258776055
435258204,1021767540
435258204,157994424
435258204,529295570
435258204,2148808056
435258204,3096370137
435258204,261810119
435258204,349763953
435258204,2592803186
435258204,2972725061
435258204,966381678
435258204,1254923221
435258204,435350704
435258204,1419127550
435258204,1555516945
435258204,159084016
435258204,68039572
435258204,493214213
435258204,2229841855
435258204,228678115
435258204,25251453
435258204,3091451957
435258204,354336445
435258204,3089447135
435258204,3077881630
435258204,301429402
435258204,69755180
435258204,2847986667
435258204,409925101
435258204,2518318242
435258204,17895189
435258204,321303544
435258204,17283541
435258204,17834224
435258204,18303623
435258204,6888712
435258204,76109025
435258204,16923261
435258204,593799546
435258204,191379406
435258204,3063586941
435258204,3091376321
435258204,432294867
435258204,1150623912
435258204,1883499115
435258204,3082307626
435258204,569205137
435258204,267420359
435258204,560983270
435258204,120520742
435258204,1249522940
435258204,197199146
435258204,3019961223
435258204,149823600
435258204,102388575
435258204,274477618
435258204,1852786436
435258204,87561153
435258204,596717255
435258204,108272451
435258204,12348372
435258204,264102886
435258204,884143206
435258204,416527855
435258204,111933542
435258204,432706448
435258204,2534888295
435258204,1414908242
435258204,2315119148
435258204,2423559499
435258204,2236413235
435258204,3035952538
435258204,2157329569
435258204,1860044198
435258204,549936773
435258204,2181196383
435258204,302118163
435258204,2915639038
435258204,51714961
435258204,581697643
435258204,1459764907
435258204,271327993
435258204,2377547269
435258204,2786454911
435258204,3005765446
435258204,2967547407
435258204,2874390030
435258204,324859576
435258204,17671790
435258204,2508923417
435258204,409121775
435258204,272272141
435258204,3000137182
435258204,124690469
435258204,2196018439
435258204,2160922662
435258204,2861155589
435258204,121859642
435258204,9379912
435258204,510535152
435258204,11419202
435258204,2215576828
435258204,2740653213
435258204,1351488362
435258204,113211856
435258204,39483072
435258204,2897814227
435258204,2907557939
435258204,2359602707
435258204,832928402
435258204,17138110
435258204,235234497
435258204,926283835
435258204,2345276020
435258204,2977036967
435258204,251290516
435258204,1541554483
435258204,2485741974
435258204,634840389
435258204,2909822283
435258204,9713262
435258204,376623675
435258204,2876565310
435258204,1017017108
435258204,311039928
435258204,607021904
435258204,362565198
435258204,319086427
435258204,212746983
435258204,2766236780
435258204,37634306
435258204,2450679372
435258204,2819519140
435258204,2939855242
435258204,1263940776
435258204,537523904
435258204,50373757
435258204,2866066125
435258204,2756408634
435258204,825961698
435258204,2789844699
435258204,2904084916
435258204,307879207
435258204,97218143
435258204,29978138
435258204,119023627
435258204,1362860359
435258204,1095225319
435258204,1588391480
435258204,247410313
435258204,376276660
435258204,2842050461
435258204,428486667
435258204,85380453
435258204,2800866513
435258204,403627473
435258204,264233489
435258204,389625332
435258204,1377974166
435258204,2860888628
435258204,94504249
435258204,2897056113
435258204,2438616714
435258204,2249309611
435258204,581124585
435258204,1349827242
435258204,1064003582
435258204,2549586726
435258204,2204856822
435258204,1622482651
435258204,2159687748
435258204,414886464
435258204,2800655184
435258204,839460348
435258204,802610696
435258204,2452861564
435258204,2826522718
435258204,408515538
435258204,200834123
435258204,335260607
435258204,2193878394
435258204,2899087054
435258204,303760268
435258204,2570961308
435258204,17676713
435258204,448237616
435258204,2875284701
435258204,201874346
435258204,1641794160
435258204,1006860685
435258204,2353341670
435258204,2554300980
435258204,2880958761
435258204,234873279
435258204,394727839
435258204,296301094
435258204,2697559416
435258204,132625777
435258204,2397043430
435258204,392199690
435258204,337862999
435258204,442385889
435258204,14189969
435258204,2826116790
435258204,74992460
435258204,221406410
435258204,301403189
435258204,2722945505
435258204,948552829
435258204,208442526
435258204,796684728
435258204,110403389
435258204,299846534
435258204,2556652706
435258204,356265879
435258204,2866226883
435258204,450785322
435258204,2485355244
435258204,212377097
435258204,229165429
435258204,815159544
435258204,49458808
435258204,302453497
435258204,299926293
435258204,264169660
435258204,360612491
435258204,393042841
435258204,108310222
435258204,173986147
435258204,455642659
435258204,331020996
435258204,1478198448
435258204,353576178
435258204,246545036
435258204,372812630
435258204,2557339668
435258204,2495032879
435258204,187564239
435258204,1152294570
435258204,455875065
435258204,597499972
435258204,976927784
435258204,306268810
435258204,358024490
435258204,159119360
435258204,344739325
435258204,222650133
435258204,2537713124
435258204,2865790606
435258204,175048556
435258204,222053220
435258204,1269484171
435258204,707931426
435258204,1491180618
435258204,259806268
435258204,175141505
435258204,394266186
435258204,1460176202
435258204,419008875
435258204,550301945
435258204,1605457298
435258204,46388635
435258204,448995921
435258204,2419290031
435258204,319285743
435258204,40047903
435258204,56331789
435258204,213831646
435258204,2401006401
435258204,14206854
435258204,379017539
435258204,14436317
435258204,115611795
435258204,1289327088
435258204,2795000459
435258204,2577576056
435258204,237223544
435258204,255988123
435258204,2815087202
435258204,478708936
435258204,580277671
435258204,1190702491
435258204,1087313888
435258204,2514872552
435258204,2333097601
435258204,1372164674
435258204,2821179496
435258204,2717629395
435258204,260185446
435258204,2337403471
435258204,2815790443
435258204,1111444609
435258204,1426456681
435258204,271801168
435258204,2562171955
435258204,2814666913
435258204,1451843438
435258204,2537896518
435258204,102095809
435258204,264242314
435258204,148406700
435258204,2407129787
435258204,1002034134
435258204,253681894
435258204,2196197386
435258204,448052572
435258204,2409760422
435258204,151499636
435258204,250091047
435258204,2561262114
435258204,2570434437
435258204,1275962762
435258204,341054685
435258204,987029264
435258204,1634988846
435258204,2731814030
435258204,2426196648
435258204,26278200
435258204,2304656748
435258204,706251405
435258204,2362959120
435258204,2372196386
435258204,261344352
435258204,267718464
435258204,206846660
435258204,780998053
435258204,277233913
435258204,1144933434
435258204,2161550855
435258204,89227737
435258204,376217080
435258204,187839836
435258204,490339438
435258204,1517539843
435258204,482389606
435258204,19292516
435258204,20929745
435258204,197863865
435258204,870593426
435258204,2722185202
435258204,2347425337
435258204,313979467
435258204,110279557
435258204,912364213
435258204,237655097
435258204,593164029
435258204,2525574404
435258204,525416576
435258204,2203422018
435258204,110686881
435258204,405514601
435258204,563677231
435258204,405996527
435258204,1958927894
435258204,1558002140
435258204,301308940
435258204,296928888
435258204,80899853
435258204,267110606
435258204,2596472780
435258204,1171673742
435258204,484191119
435258204,2301647360
435258204,1340497500
435258204,2570848771
435258204,2524886635
435258204,191143493
435258204,2578583465
435258204,2286113728
435258204,161287051
435258204,537110483
435258204,963140659
435258204,999157088
435258204,39727960
435258204,270345803
435258204,13426312
435258204,193612192
435258204,409920787
435258204,2299499070
435258204,2437112695
435258204,108670198
435258204,2316527311
435258204,1087432710
435258204,869507689
435258204,2295986715
435258204,360771246
435258204,237780736
435258204,884354064
435258204,784574954
435258204,268470229
435258204,2327667186
435258204,1446542761
435258204,1725033865
435258204,2294652656
435258204,2301051751
435258204,1657934534
435258204,2162375808
435258204,876335550
435258204,304276953
435258204,259773429
435258204,973515318
435258204,612742754
435258204,130613344
435258204,134721917
435258204,2289268591
435258204,59746058
435258204,246743051
435258204,2464412969
435258204,16924360
435258204,472688324
435258204,984784848
435258204,1236504302
435258204,250642880
435258204,1732791
435258204,1347756012
435258204,505065393
435258204,14597434
435258204,50623506
435258204,705760986
435258204,48920854
435258204,997635859
435258204,246862164
435258204,18200400
435258204,2191710311
435258204,11904592
435258204,244584232
435258204,2308264578
435258204,274654144
435258204,2288138575
435258204,73372670
435258204,34283893
435258204,50292379
435258204,5108051
435258204,97873089
435258204,1926403296
435258204,2298185312
435258204,526281623
435258204,2306206716
435258204,384231222
435258204,96653560
435258204,608510491
435258204,91097816
435258204,493357567
435258204,567389065
435258204,379228865
435258204,317758932
435258204,298633384
435258204,2302580646
435258204,59166628
435258204,405634323
435258204,1295973528
435258204,1017670770
435258204,383317252
435258204,167000151
435258204,1148504095
435258204,30687924
435258204,603884167
435258204,338890247
435258204,96355115
435258204,52701452
435258204,261153286
435258204,158342368
435258204,222241634
435258204,98616939
435258204,390207955
435258204,66338222
435258204,572805860
435258204,23479139
435258204,1244820600
435258204,1149322308
435258204,561972788
435258204,1035503786
435258204,970434865
435258204,1342038199
435258204,18940466
435258204,774491220
435258204,1347313232
435258204,260744792
435258204,267616514
435258204,217023926
435258204,1090191247
435258204,118328156
435258204,2169946751
435258204,16718844
435258204,139732473
435258204,1662959274
435258204,205653346
435258204,255544652
435258204,423798229
435258204,365337900
435258204,1514254705
435258204,1224994536
435258204,1372657382
435258204,2149440107
435258204,1026237000
435258204,717970059
435258204,101837347
435258204,951706621
435258204,845142620
435258204,21031963
435258204,1073159618
435258204,13820742
435258204,34322822
435258204,304893987
435258204,17267346
435258204,1272224815
435258204,38144464
435258204,110231838
435258204,38294168
435258204,157705342
435258204,102646663
435258204,343327901
435258204,199215173
435258204,631256239
435258204,405039749
435258204,587391417
435258204,169424852
435258204,600879733
435258204,1381437288
435258204,107645843
435258204,1149926310
435258204,357498720
435258204,1347569880
435258204,1404845454
435258204,470206398
435258204,15673317
435258204,33915734
435258204,19565216
435258204,395472436
435258204,82310285
435258204,19963431
435258204,294198246
435258204,98851441
435258204,305202691
435258204,480572646
435258204,327363313
435258204,274928752
435258204,1079135084
435258204,792046711
435258204,293428648
435258204,805113872
435258204,14330434
435258204,282948704
435258204,407916791
435258204,208299475
435258204,221685819
435258204,131458127
435258204,1222673132
435258204,419703616
435258204,237686900
435258204,587596945
435258204,600016279
435258204,23330642
435258204,767346326
435258204,287267744
435258204,978769628
435258204,17215455
435258204,1144124797
435258204,74126402
435258204,271887283
435258204,789634196
435258204,23520746
435258204,88723966
435258204,516405086
435258204,518414904
435258204,873981673
435258204,976184071
435258204,798541470
435258204,230884915
435258204,120480492
435258204,269740441
435258204,1076448464
435258204,1003834339
435258204,718373797
435258204,398113134
435258204,372440761
435258204,465504580
435258204,492116733
435258204,65304841
435258204,869972262
435258204,281458883
435258204,608947370
435258204,798173863
435258204,773880415
435258204,773835018
435258204,279918869
435258204,220644756
435258204,22935720
435258204,8077212
435258204,712632800
435258204,477892211
435258204,423345535
435258204,140036291
435258204,816178
435258204,228307477
435258204,471069073
435258204,531231851
435258204,377938192
435258204,38348243
435258204,489581935
435258204,492133172
435258204,266212060
435258204,85426644
435258204,220751541
435258204,82084630
435258204,140029086
435258204,471863367
435258204,23791197
435258204,464267041
435258204,266837377
435258204,330378776
435258204,150385876
435258204,522230446
435258204,521433128
435258204,240938326
435258204,300144495
435258204,409889977
435258204,127902116
435258204,484660423
435258204,105082141
435258204,87904812
435258204,269794924
435258204,327852951
435258204,278677477
435258204,365483473
435258204,48579013
