4378593927,1206313525
4378593927,26270913
4378593927,42562446
4378593927,2444424735
4378593927,941600545
4378593927,4500621674
4378593927,4466390174
4378593927,74858368
4378593927,67900391
4378593927,4605764596
4378593927,1156866230
4378593927,376073243
4378593927,173503857
4378593927,187897893
4378593927,270453961
4378593927,309487253
4378593927,19575977
4378593927,19081309
4378593927,185487499
4378593927,27673684
4378593927,27271615
4378593927,30630104
4378593927,24278900
4378593927,17692330
4378593927,38127255
4378593927,20518710
4378593927,21705616
4378593927,19028953
4378593927,24906723
4378593927,21278412
4378593927,23065354
4378593927,17915334
4378593927,20567939
4378593927,292403049
4378593927,3293282560
4378593927,21384852
4378593927,948552829
4378593927,1662057727
4378593927,3483917657
4378593927,395388847
4378593927,18625669
4378593927,32959253
4378593927,79293791
4378593927,85603854
4378593927,16998020
4378593927,19186180
4378593927,428333
4378593927,169686021
4378593927,17753033
4378593927,250090860
4378593927,100220864
4378593927,16409683
4378593927,19397785
4378593927,95465386
4378593927,28706024
4378593927,15485441
4378593927,16631331
4378593927,14089195
4378593927,35094637
4378593927,19426551
4378593927,184910040
4378593927,19329393
4378593927,30364057
4378593927,21447363
4378593927,251716551
4378593927,22903765
4378593927,23421880
4378593927,17386885
4378593927,2561091
4378593927,813286
4378593927,23083404
4378593927,60865434
4378593927,27260086
4378593927,17163446
4378593927,221122127
4378593927,116362700
4378593927,43394391
4378593927,29479000
4378593927,14872237
4378593927,14502789
4378593927,19923144
4378593927,627673190
4378593927,285332860
4378593927,20322929
4378593927,23617610
4378593927,18219976
4378593927,19818494
4378593927,26565946
4378593927,8665572
4378593927,5402612
4378593927,155659213
4378593927,17919972
4378593927,158487331
4378593927,23375688
4378593927,20508222
4378593927,268414482
4378593927,344801362
4378593927,27195114
4378593927,343627165
4378593927,262881419
4378593927,25365536
4378593927,40019154
4378593927,157140968
