44748665,100267582
44748665,72902541
44748665,19403231
44748665,3345052715
44748665,207908078
44748665,3248268345
44748665,3064418441
44748665,55200317
44748665,47668442
44748665,23585685
44748665,94081671
44748665,17884125
44748665,395388847
44748665,16924141
44748665,241100784
44748665,2477503298
44748665,1221810199
44748665,372921751
44748665,35433402
44748665,18199124
44748665,113333590
44748665,2827596458
44748665,798056173
44748665,423410588
44748665,279095172
44748665,608167078
44748665,123754656
44748665,3395514262
44748665,3044738957
44748665,163840309
44748665,600293319
44748665,38121202
44748665,98234239
44748665,45422383
44748665,29103334
44748665,1450014108
44748665,1157435610
44748665,406593299
44748665,2401785330
44748665,878817504
44748665,190056608
44748665,96250698
44748665,610813229
44748665,19837752
44748665,16261638
44748665,1097836022
44748665,118029798
44748665,40872043
44748665,118680576
44748665,110056427
44748665,19762524
44748665,72594435
44748665,37397798
44748665,280582614
44748665,262194542
44748665,578098244
44748665,40210910
44748665,1677767653
44748665,91462518
44748665,35762667
44748665,1163372912
44748665,24952494
44748665,166124708
44748665,335358150
44748665,65217298
44748665,15320887
44748665,14278978
44748665,22747624
44748665,217856600
44748665,111553960
44748665,280414653
44748665,174964320
44748665,153403071
44748665,1963312058
44748665,17006157
44748665,111416652
44748665,477714324
44748665,97507994
44748665,2644830898
44748665,1283357598
44748665,339672742
44748665,337032606
44748665,21007030
44748665,313297298
44748665,2249745696
44748665,59895033
44748665,927290354
44748665,19247378
44748665,17483462
44748665,17195792
44748665,14340751
44748665,234399791
44748665,91189330
44748665,234306659
44748665,88703900
44748665,83529162
44748665,40714381
44748665,52422878
44748665,393948633
44748665,1276447915
44748665,116705512
44748665,288785053
44748665,2920069624
44748665,47617770
44748665,947733559
44748665,923783779
44748665,78622214
44748665,18245664
44748665,1907069815
44748665,14166909
44748665,7905122
44748665,20635100
44748665,2932057036
44748665,18676177
44748665,259925559
44748665,1337785291
44748665,344634424
44748665,359343297
44748665,3247292267
44748665,3131525925
44748665,3092828014
44748665,2524967246
44748665,2612136966
44748665,75790568
44748665,872225460
44748665,593140589
44748665,33716898
44748665,1111437631
44748665,627341153
44748665,403023638
44748665,217031225
44748665,328392607
44748665,1391590176
44748665,529800003
44748665,450821855
44748665,2978268339
44748665,567481628
44748665,2216706062
44748665,1536311413
44748665,329046585
44748665,35246361
44748665,2904197241
44748665,805493082
44748665,88928734
44748665,74742835
44748665,87600172
44748665,53236025
44748665,176955875
44748665,526684905
44748665,29305225
44748665,95407937
44748665,393582063
44748665,133880286
44748665,104969057
44748665,27042513
44748665,47786101
44748665,1660468830
44748665,15439395
44748665,562675766
44748665,2355178723
44748665,187933414
44748665,39490506
44748665,2292454922
44748665,104298598
44748665,334602996
44748665,124690469
44748665,2842497207
44748665,2283547236
44748665,84842266
44748665,1435542715
44748665,2539609098
44748665,309614993
44748665,1134107647
44748665,1318517563
44748665,2233634298
44748665,192523090
44748665,2257908606
44748665,69936506
44748665,45197671
44748665,3008786975
44748665,2978736670
44748665,19826717
44748665,2801790905
44748665,2785763187
44748665,2806529146
44748665,16366271
44748665,21933125
44748665,18454180
44748665,56367519
44748665,66687136
44748665,38704343
44748665,260928758
44748665,68307227
44748665,22972898
44748665,67702044
44748665,18203224
44748665,16683014
44748665,116799581
44748665,25387183
44748665,56891751
44748665,140003488
44748665,36670025
44748665,65150447
44748665,135187648
44748665,53096584
44748665,85839993
44748665,146620155
44748665,8283082
44748665,18244358
44748665,897457670
44748665,22692199
44748665,453893556
44748665,17842366
44748665,19649135
44748665,1390489568
44748665,80803819
44748665,198618575
44748665,173992307
44748665,36329597
44748665,206717989
44748665,24150634
44748665,36184220
44748665,117662694
44748665,157981564
44748665,17471979
44748665,14885860
44748665,17866834
44748665,11856342
44748665,1428219750
44748665,1358062944
44748665,16877611
44748665,2557521
44748665,37749362
44748665,276469806
44748665,582312540
44748665,3108351
44748665,5988062
44748665,935086632
44748665,25524832
44748665,788524
44748665,1003822129
44748665,156651229
44748665,1877831
44748665,2884771
44748665,52484614
44748665,7309052
44748665,19380829
44748665,7587032
44748665,40019154
44748665,14874480
44748665,33611395
44748665,16425197
44748665,612076511
44748665,16409781
44748665,1690412382
44748665,380648579
44748665,533085085
44748665,1964571728
44748665,932429090
44748665,2533070650
44748665,344801362
44748665,158487331
44748665,789605024
44748665,8159472
44748665,138372303
44748665,140070953
44748665,26775098
44748665,19230601
44748665,108568373
44748665,343627165
44748665,713993413
44748665,297174372
44748665,265902729
44748665,169021842
44748665,146569971
44748665,19915362
44748665,357648167
44748665,37789252
44748665,152866991
44748665,460364759
44748665,36683668
44748665,27945356
44748665,171314974
44748665,115097756
44748665,249700990
44748665,46408217
44748665,17899109
44748665,34889448
44748665,571072597
44748665,19177501
44748665,176863974
44748665,359962497
44748665,105328660
44748665,104277809
44748665,194643654
44748665,56723973
44748665,515838635
44748665,148517828
44748665,21303235
44748665,46003622
44748665,77763276
44748665,164263382
44748665,23053809
44748665,92263845
44748665,192942213
44748665,169963553
44748665,25390350
44748665,17463923
44748665,102700680
44748665,5120691
44748665,25098482
44748665,39511166
44748665,38146999
44748665,27860681
44748665,17137628
44748665,20596281
44748665,415754279
44748665,496934755
44748665,14361155
44748665,612473
44748665,14677919
44748665,18213483
44748665,16153562
44748665,14499829
44748665,14700316
44748665,69231187
44748665,20646711
44748665,33933259
44748665,207773069
44748665,14159148
44748665,18949452
44748665,32359921
44748665,4898091
44748665,15675138
44748665,31285982
44748665,14842285
44748665,64643056
44748665,2836421
44748665,90891909
44748665,16951979
44748665,1615685677
44748665,15754281
44748665,33838201
44748665,93711247
44748665,50090898
44748665,19472578
44748665,16664681
44748665,37172533
44748665,11348282
44748665,1344951
44748665,816653
44748665,2467791
44748665,2142731
44748665,15012486
44748665,14173315
44748665,1367531
44748665,28785486
44748665,14138785
44748665,16343974
44748665,16973333
44748665,14511951
44748665,87818409
44748665,118042411
44748665,106499434
44748665,32468665
44748665,1652541
44748665,51241574
44748665,31311757
44748665,38679388
44748665,10737212
44748665,56505125
44748665,591646425
44748665,86395621
44748665,61559439
44748665,2803191
44748665,15670515
44748665,74286565
44748665,243381107
44748665,2097571
44748665,382267114
44748665,742143
44748665,20536157
44748665,5402612
44748665,256284164
44748665,627367751
44748665,532366360
44748665,272381387
44748665,281255433
44748665,430666534
44748665,162540930
44748665,20809515
44748665,629647965
44748665,364379445
44748665,245711189
44748665,574498007
44748665,388995725
44748665,1937473429
44748665,625968578
44748665,2284004952
44748665,1393191703
44748665,1275307628
44748665,2400768792
44748665,337399390
44748665,550769131
44748665,14266087
44748665,455676920
44748665,2458534338
44748665,408492765
44748665,142039409
44748665,1390509439
44748665,2432354340
44748665,108153093
44748665,84672766
44748665,29579082
44748665,223667873
44748665,47683921
44748665,2322975265
44748665,234332977
44748665,53889400
44748665,827186910
44748665,26276346
44748665,280649394
44748665,23771976
44748665,1965468576
44748665,248427150
44748665,322090562
44748665,2181964681
44748665,290524327
44748665,964291868
44748665,255156181
44748665,120092724
44748665,2378840071
44748665,409460740
44748665,604077969
44748665,50876178
44748665,31154318
44748665,44618937
44748665,128636277
44748665,566541606
44748665,23011527
44748665,58450450
44748665,17693232
44748665,214481639
44748665,264404407
44748665,18803751
44748665,20583613
44748665,273414098
44748665,466882452
44748665,167447310
44748665,208282758
44748665,226539645
44748665,314057676
44748665,244841388
44748665,275768451
44748665,481654869
44748665,259334231
44748665,258979589
44748665,226746871
44748665,610660583
44748665,58980847
44748665,477794986
44748665,195409366
44748665,383118054
44748665,200977299
44748665,9437162
44748665,177596632
44748665,224008386
44748665,58619823
44748665,38299404
44748665,287318313
44748665,21783395
44748665,26932840
44748665,297890312
44748665,15005991
44748665,106764040
44748665,17019762
44748665,19006696
44748665,203027759
44748665,11408322
44748665,80820758
44748665,823905
44748665,205765313
44748665,291792721
44748665,15907720
44748665,14259923
44748665,78957336
44748665,14375390
44748665,155009498
44748665,18664105
44748665,16896485
44748665,308445381
44748665,2043041
44748665,21920790
44748665,303183895
44748665,17895259
44748665,72899270
44748665,35135794
44748665,122915767
44748665,221393281
44748665,14847447
44748665,36159809
44748665,30834904
44748665,47106546
44748665,53429770
44748665,35734223
44748665,23576618
44748665,17446621
44748665,16688788
44748665,25262689
44748665,51594430
44748665,22634750
44748665,27649665
44748665,117788536
44748665,20234880
44748665,15635604
44748665,16668550
44748665,22905057
44748665,49487311
44748665,8818672
44748665,15454549
44748665,46571111
44748665,759251
44748665,69238573
44748665,14824849
44748665,68355994
44748665,55696408
44748665,19284122
44748665,46377797
44748665,70527209
44748665,7996082
44748665,17704727
44748665,7047
44748665,42960026
44748665,807095
44748665,16330759
44748665,17494015
44748665,19024453
44748665,73661177
44748665,25657017
44748665,38181630
44748665,6017542
44748665,15823676
44748665,6443062
44748665,20187832
44748665,50374439
44748665,21530275
44748665,19058681
44748665,14803701
44748665,44584938
44748665,14903044
44748665,21856254
44748665,19405367
44748665,18904973
44748665,21492030
44748665,19724839
44748665,14749606
44748665,65761927
44748665,29179592
44748665,18979674
44748665,20843014
44748665,85426644
44748665,19160304
44748665,19973332
44748665,19394887
44748665,50612406
44748665,19863224
44748665,17163446
44748665,20096328
44748665,22633850
44748665,18783599
44748665,18193018
44748665,22074058
44748665,18049879
44748665,37661852
44748665,18764854
44748665,309482735
44748665,16171953
44748665,22904901
44748665,18581071
44748665,14567184
44748665,18333271
44748665,183024098
44748665,58350963
44748665,19889294
44748665,15488915
44748665,2679741
44748665,428641510
44748665,972651
44748665,90415370
44748665,16119842
44748665,188006067
44748665,15686911
44748665,14850955
44748665,138963787
44748665,86800876
44748665,10228272
44748665,312863670
44748665,18814998
44748665,6074912
44748665,25829168
44748665,12408202
44748665,104857771
44748665,53796795
44748665,318355646
44748665,41092386
44748665,169680131
44748665,347485182
44748665,48078363
44748665,153170350
44748665,50722467
44748665,30025965
44748665,127809628
44748665,104163745
44748665,28100323
44748665,76285289
44748665,44020947
44748665,44388207
44748665,43910366
44748665,20781929
44748665,57654089
44748665,22633070
44748665,204819686
44748665,34271853
44748665,16632084
44748665,88976340
44748665,54901338
44748665,82590459
44748665,21496751
44748665,109617742
44748665,239907708
44748665,239997925
44748665,61597124
44748665,196533306
44748665,19802879
44748665,79385667
44748665,13294452
44748665,28528873
44748665,19287037
44748665,74423205
44748665,89460035
44748665,87416722
44748665,90648421
44748665,22204459
44748665,20978436
44748665,19534955
44748665,21112266
44748665,20618678
44748665,19315635
44748665,19652551
44748665,20424235
44748665,17046577
44748665,15529670
44748665,8976
44748665,20305035
44748665,22051769
44748665,16648052
44748665,22615511
44748665,21854625
44748665,3295001
44748665,23816051
44748665,36392123
44748665,34973889
44748665,19865709
44748665,36826491
44748665,47716551
44748665,52690266
44748665,47985222
44748665,16672510
44748665,19034373
44748665,55821182
44748665,67857221
44748665,34395357
44748665,95763464
44748665,23667654
44748665,18241122
44748665,30547095
44748665,38159069
44748665,16029780
44748665,3459051
44748665,30435064
44748665,17484499
44748665,18689409
44748665,59460397
44748665,7900732
44748665,28593487
44748665,57405298
44748665,59256959
44748665,212649357
44748665,54173939
44748665,54509044
44748665,18646799
44748665,14975487
44748665,19900973
44748665,23761908
44748665,19081531
44748665,31455315
44748665,118048743
44748665,51688454
44748665,84817915
44748665,155529831
44748665,122335918
44748665,154172675
44748665,18842676
44748665,54994317
44748665,18721922
44748665,18344173
44748665,16589206
44748665,43366491
44748665,83042948
44748665,17123305
44748665,10443992
44748665,14854836
44748665,16865878
44748665,40439109
44748665,18949610
44748665,80820673
44748665,70702905
44748665,121249206
44748665,3373791
44748665,15016060
44748665,16707471
44748665,27406284
44748665,71905488
44748665,58857879
44748665,172276871
44748665,41170160
44748665,8075962
44748665,142226945
44748665,61460381
44748665,14583400
44748665,23242124
44748665,58601997
44748665,15492359
44748665,18196217
44748665,139382475
44748665,144932708
44748665,84822943
44748665,134058532
44748665,62802516
44748665,104598954
44748665,62037939
44748665,67665271
44748665,91431611
44748665,117837138
44748665,185377822
44748665,19048551
44748665,21396136
44748665,14293310
44748665,621583
44748665,17220934
44748665,19689047
44748665,19033555
44748665,20856282
44748665,43901270
44748665,18647230
44748665,14998298
44748665,23780652
44748665,18679659
44748665,50602093
44748665,10151982
44748665,15234407
44748665,25982907
44748665,50393960
44748665,17711659
44748665,19294028
44748665,115485051
44748665,102097897
44748665,20586517
44748665,52780513
44748665,64672345
44748665,2425151
44748665,132130882
44748665,84126402
44748665,96109537
44748665,21389998
44748665,155162673
44748665,75359239
44748665,118199159
44748665,16727535
44748665,62060205
44748665,35819067
44748665,108247668
44748665,99305442
44748665,57394696
44748665,19836706
44748665,102323621
44748665,87782384
44748665,122954066
44748665,57107167
44748665,23322474
44748665,9584532
44748665,34942094
44748665,25976067
44748665,74172963
44748665,46876312
44748665,57897136
44748665,94859666
44748665,62032361
44748665,106512932
44748665,19891675
44748665,98664255
44748665,76424263
44748665,27231619
44748665,72699440
44748665,71922638
44748665,19732375
44748665,70658420
44748665,116283841
44748665,18048035
44748665,52344859
44748665,24187015
44748665,28784803
44748665,42387365
44748665,30973
44748665,19661294
44748665,16423109
44748665,27830610
44748665,30315557
44748665,88471941
44748665,32443401
44748665,64996271
44748665,15057943
44748665,12804422
44748665,98386497
44748665,29821851
44748665,35821537
44748665,50512088
44748665,68196701
44748665,57993819
44748665,77490766
44748665,9499402
44748665,51788249
44748665,89372025
44748665,87240233
44748665,130805787
44748665,10661732
44748665,14770412
44748665,22361198
44748665,22076981
44748665,26526471
44748665,42697954
44748665,96796141
44748665,28683463
44748665,17219675
44748665,57931181
44748665,35714904
44748665,19976785
44748665,22280257
44748665,78323166
44748665,11938302
44748665,102046474
44748665,96128723
44748665,24772578
44748665,14967310
44748665,48435862
44748665,813286
44748665,14282208
44748665,40738349
44748665,8864942
44748665,85429594
44748665,108075859
44748665,17913798
44748665,70797172
44748665,85871019
44748665,99074511
44748665,90243256
44748665,23106726
44748665,91935208
44748665,73098055
44748665,65077490
44748665,57482454
44748665,52895869
44748665,94166168
44748665,55049624
44748665,66853037
44748665,42397837
44748665,30072053
44748665,31793827
44748665,18667907
44748665,73714984
44748665,15774048
44748665,22851484
44748665,19663485
44748665,14167351
44748665,22903765
44748665,82579388
44748665,17158140
44748665,42220353
44748665,82831947
44748665,17602896
44748665,50725573
44748665,26589987
44748665,24028681
44748665,25441019
44748665,64768450
44748665,20646524
44748665,20693837
44748665,20646427
44748665,64767579
44748665,64766976
44748665,64768094
44748665,18847469
44748665,63741249
44748665,44525441
44748665,83147002
44748665,21050953
44748665,51831438
44748665,57882839
44748665,31197706
44748665,12907112
44748665,26722718
44748665,54440782
44748665,20380673
44748665,24204336
44748665,14123751
44748665,40890329
44748665,72874621
44748665,80406301
44748665,20437573
44748665,54881165
44748665,48841536
44748665,40110996
44748665,56149037
44748665,42770545
44748665,48113196
44748665,22637074
44748665,19627304
44748665,24684193
44748665,42497567
44748665,39731366
44748665,40036127
44748665,19712523
44748665,21195592
44748665,16529640
44748665,14583362
44748665,22635062
44748665,23232821
44748665,55578503
44748665,19391273
44748665,70664118
44748665,47350606
44748665,19331985
44748665,17595890
44748665,19000851
44748665,19284872
44748665,19001068
44748665,19002331
44748665,14840869
44748665,22646558
44748665,21232605
44748665,10810102
44748665,5802762
44748665,34175976
44748665,20491162
44748665,40056514
44748665,53029114
44748665,35022597
44748665,56441158
44748665,38692649
44748665,15458833
44748665,50892716
44748665,37132776
44748665,21066857
44748665,17084160
44748665,16451028
44748665,8666142
44748665,14270254
44748665,16631331
44748665,16631693
44748665,20062102
44748665,49118678
44748665,30041546
44748665,19827956
44748665,25662725
44748665,17624543
44748665,40843071
44748665,36900747
44748665,13838562
44748665,61804151
44748665,14857290
44748665,17329538
44748665,14836197
44748665,14123683
44748665,19980499
44748665,20479813
44748665,10373612
44748665,55494432
44748665,55229553
44748665,14582890
44748665,19264748
44748665,36375458
44748665,22812891
44748665,35321015
44748665,57607410
44748665,20239848
44748665,64281067
44748665,59901081
44748665,10101522
44748665,21624322
44748665,14518090
44748665,22249286
44748665,14396986
44748665,25086986
44748665,20532031
44748665,19488569
44748665,19814175
44748665,51026084
44748665,27270769
44748665,17135454
44748665,6860232
44748665,50282345
44748665,39235696
44748665,36179677
44748665,48405885
44748665,16096053
44748665,18798877
44748665,41159653
44748665,15856861
44748665,33959647
44748665,27519573
44748665,20137281
44748665,20671468
44748665,23828759
44748665,47665772
44748665,25368442
44748665,27325170
44748665,22901363
44748665,22607258
44748665,19410468
44748665,5846452
44748665,17326808
44748665,14227132
44748665,16484770
44748665,21199992
44748665,820097
44748665,29167100
44748665,18985107
44748665,47316064
44748665,15393582
44748665,23423045
44748665,15835118
44748665,23073208
44748665,25904703
44748665,40284662
44748665,47589330
44748665,20667335
44748665,18122642
44748665,20762478
44748665,34592354
44748665,19662372
44748665,24603112
44748665,14282834
44748665,19024403
44748665,18556466
44748665,18244043
44748665,21489408
44748665,20727234
44748665,47433640
44748665,45030486
44748665,25618661
44748665,10178192
44748665,35000403
44748665,47638845
44748665,28312880
44748665,34423857
44748665,21905142
44748665,16527754
44748665,28523323
44748665,19594871
44748665,46453252
44748665,19820358
44748665,17411980
44748665,8242942
44748665,19406070
44748665,33895079
44748665,33679091
44748665,18932935
44748665,19647014
44748665,21195865
44748665,28995273
44748665,25535042
44748665,45016753
44748665,19627221
44748665,18675380
44748665,44927213
44748665,19451823
44748665,45284881
44748665,19334929
44748665,19019970
44748665,16631801
44748665,8665852
44748665,20884910
44748665,18135386
44748665,20560841
44748665,3550091
44748665,8665572
44748665,2561091
44748665,15392221
44748665,16854780
44748665,23263743
44748665,19921389
44748665,31237480
44748665,20186266
44748665,22531295
44748665,24823092
44748665,30235308
44748665,40520114
44748665,40899510
44748665,13201312
44748665,22757533
44748665,30120516
44748665,428333
44748665,14758257
44748665,22280318
44748665,15391813
44748665,26102409
44748665,14468128
44748665,783214
44748665,16632219
44748665,14333754
44748665,18075140
44748665,17311493
44748665,14327726
44748665,22693800
44748665,19265059
44748665,21648222
44748665,10221592
