4480329862,2714057239
4480329862,466444412
4480329862,25704704
4480329862,17065256
4480329862,16631693
4480329862,540219772
4480329862,62793130
4480329862,217888398
4480329862,23585685
4480329862,19889294
4480329862,14856333
4480329862,1407892861
4480329862,1023139638
4480329862,20658906
4480329862,21287076
4480329862,23959135
4480329862,222225064
4480329862,214125777
4480329862,2573216851
4480329862,20586517
4480329862,14718218
4480329862,17240425
4480329862,336116660
4480329862,22044556
4480329862,3319354379
4480329862,21324165
4480329862,21510894
4480329862,17063215
4480329862,443297806
4480329862,20752411
4480329862,22695704
4480329862,7587032
4480329862,87818409
4480329862,4626581062
4480329862,285683485
4480329862,27636113
4480329862,50287595
4480329862,2916305152
4480329862,14903044
4480329862,2528068106
4480329862,23543816
4480329862,19247625
4480329862,175001271
4480329862,40229858
4480329862,1615685677
4480329862,3044738957
4480329862,395388847
4480329862,18135386
4480329862,204417294
4480329862,2879429625
4480329862,20286177
4480329862,2756725944
4480329862,388235344
4480329862,21050755
4480329862,343627165
4480329862,479654927
4480329862,2359664939
4480329862,2550023839
4480329862,1895388408
4480329862,86233091
4480329862,17595890
4480329862,73249951
4480329862,61457123
4480329862,3053100261
4480329862,19472578
4480329862,920656356
4480329862,31237480
4480329862,428333
4480329862,813286
4480329862,807095
4480329862,26775098
4480329862,147990290
4480329862,113087136
4480329862,1662057727
4480329862,19743650
4480329862,24714020
4480329862,62846152
4480329862,14614833
4480329862,1542862735
4480329862,30835999
4480329862,20600983
4480329862,19378466
4480329862,27012567
4480329862,23583008
4480329862,182439939
4480329862,1558141890
4480329862,19864303
4480329862,20712514
4480329862,15935242
4480329862,39776616
4480329862,20856282
4480329862,27457788
4480329862,7996082
4480329862,31594288
4480329862,15095537
4480329862,20380673
4480329862,19051022
4480329862,1548317628
4480329862,1690412382
4480329862,3009914033
4480329862,3376281958
4480329862,595923013
4480329862,28509159
4480329862,21016479
4480329862,259348780
4480329862,26916939
4480329862,21009460
4480329862,17087110
4480329862,22941152
4480329862,8728392
4480329862,442676504
4480329862,309741611
4480329862,21247133
4480329862,234833717
4480329862,564638466
4480329862,17092489
4480329862,17101388
4480329862,239505770
4480329862,557659549
4480329862,71843505
4480329862,835290290
4480329862,4193734749
4480329862,31152869
4480329862,42936819
4480329862,117662694
4480329862,20448566
4480329862,2869858001
4480329862,15030767
4480329862,74426840
4480329862,17471979
4480329862,51241574
4480329862,1652541
4480329862,126783393
4480329862,2268716400
4480329862,9459622
4480329862,5402612
4480329862,2097571
4480329862,218653131
4480329862,24241544
4480329862,19405367
4480329862,19921389
4480329862,17884125
4480329862,19663485
4480329862,21066857
4480329862,58798066
4480329862,20041085
4480329862,25535042
4480329862,16451028
4480329862,33672552
4480329862,211580813
4480329862,21390674
4480329862,230468292
4480329862,2707164763
4480329862,19492011
4480329862,454395581
4480329862,19004166
4480329862,34352191
4480329862,17540625
4480329862,19650966
4480329862,15392221
4480329862,3323119108
4480329862,21103366
4480329862,26276346
4480329862,23186152
4480329862,38977171
4480329862,23263743
4480329862,21783395
4480329862,18954703
4480329862,15391813
4480329862,16951979
4480329862,25493980
4480329862,94081671
4480329862,21182676
4480329862,22903765
4480329862,14842285
4480329862,18049879
4480329862,15683146
4480329862,17163446
4480329862,19814175
4480329862,8665852
4480329862,56487239
4480329862,2561091
4480329862,19903099
4480329862,21389998
4480329862,124139163
4480329862,21390437
4480329862,155659213
