44895082,5875022
44895082,4653559701
44895082,114870386
44895082,302568944
44895082,2388477227
44895082,2200784754
44895082,3310241819
44895082,21294212
44895082,362557435
44895082,1674277502
44895082,3700795101
44895082,287198108
44895082,3871751002
44895082,506676795
44895082,1336605338
44895082,231392190
44895082,2916305152
44895082,20319462
44895082,3178162343
44895082,1259671560
44895082,2310116088
44895082,20712514
44895082,492288571
44895082,2833147516
44895082,2812936934
44895082,3422617395
44895082,1942227031
44895082,1213751708
44895082,3438483879
44895082,3395514262
44895082,3376281958
44895082,3404100525
44895082,1567041686
44895082,77715283
44895082,23051181
44895082,3377990879
44895082,460002683
44895082,1084678801
44895082,19564284
44895082,17340546
44895082,350413106
44895082,2734713482
44895082,23455730
44895082,3326733263
44895082,3331230305
44895082,3308456165
44895082,3319315456
44895082,2203766394
44895082,2960172897
44895082,39056314
44895082,3194231701
44895082,2320821690
44895082,5402612
44895082,400678046
44895082,1968654061
44895082,98957692
44895082,3044738957
44895082,1327825687
44895082,2941365709
44895082,49356724
44895082,2969760609
44895082,29471556
44895082,1339835893
44895082,121167080
44895082,163853523
44895082,2615143489
44895082,27212264
44895082,1930959812
44895082,2835594983
44895082,3040424454
44895082,103416757
44895082,3054743691
44895082,2837919371
44895082,2246561438
44895082,14157134
44895082,3012414632
44895082,124690469
44895082,3014711811
44895082,2262898614
44895082,17940246
44895082,2886990801
44895082,96986981
44895082,20475285
44895082,2696538775
44895082,15896379
44895082,169913609
44895082,2902280675
44895082,53095311
44895082,36029441
44895082,1100351
44895082,2376418728
44895082,19108238
44895082,513708554
44895082,2795972912
44895082,44009156
44895082,2683116827
44895082,2607219787
44895082,2550479695
44895082,2561646679
44895082,909774924
44895082,2359926157
44895082,2373111366
44895082,283038024
44895082,523471831
44895082,572470115
44895082,2415634021
44895082,19133738
44895082,15683146
44895082,60916506
44895082,25503709
44895082,20508973
44895082,19033555
44895082,5383382
44895082,25285370
44895082,141022749
44895082,1949495336
44895082,19989787
44895082,948552829
44895082,45615081
44895082,30963710
44895082,555416759
44895082,55405408
44895082,2526916549
44895082,889643533
44895082,454395581
44895082,244635787
44895082,20463983
44895082,273468342
44895082,221330045
44895082,21713520
44895082,21417835
44895082,2481804918
44895082,53113946
44895082,63996905
44895082,766051548
44895082,297100174
44895082,1662057727
44895082,542882615
44895082,1092348054
44895082,22152483
44895082,16955870
44895082,22152389
44895082,18636337
44895082,219233615
44895082,651433
44895082,2416232804
44895082,494362620
44895082,21056978
44895082,2217620251
44895082,1608357912
44895082,2383804802
44895082,371972173
44895082,332617373
44895082,243318995
44895082,127814172
44895082,127187945
44895082,2348739600
44895082,23640660
44895082,250880109
44895082,169426475
44895082,49325537
44895082,116028519
44895082,65948622
44895082,602317143
44895082,85590185
44895082,122685408
44895082,16827148
44895082,2180126766
44895082,2358016183
44895082,2328735464
44895082,2288308578
44895082,16698884
44895082,23365014
44895082,21391703
44895082,2349845856
44895082,2341568615
44895082,2202210446
44895082,2331830774
44895082,1690412382
44895082,95178042
44895082,5943622
44895082,2291331547
44895082,2310758080
44895082,1658572099
44895082,494514667
44895082,2294735010
44895082,1536780608
44895082,108598233
44895082,2292589604
44895082,819768577
44895082,485751594
44895082,300738625
44895082,2280862698
44895082,2257833176
44895082,1548317628
44895082,2244340904
44895082,773353274
44895082,21138477
44895082,61457123
44895082,2243373460
44895082,2220183580
44895082,2236906644
44895082,495780682
44895082,491400026
44895082,486072725
44895082,1480749782
44895082,7954082
44895082,374620156
44895082,1960899301
44895082,1407892861
44895082,279642533
44895082,761801714
44895082,15469170
44895082,223396078
44895082,231703688
44895082,25999072
44895082,226119902
44895082,108631068
44895082,49411258
44895082,34076997
44895082,24241544
44895082,21707734
44895082,18783599
44895082,19265059
44895082,205974045
44895082,97255485
44895082,22193361
44895082,20062102
44895082,62116734
44895082,49781518
44895082,54972551
44895082,115442828
44895082,51088466
44895082,82112012
44895082,97700212
44895082,65301994
44895082,438324063
44895082,19472578
44895082,965741665
44895082,20609518
44895082,500704345
44895082,65422427
44895082,1615685677
44895082,20618678
44895082,21195865
44895082,25657017
44895082,18135386
44895082,20511502
44895082,21112266
44895082,1260213817
44895082,961132338
44895082,1444484102
44895082,218653131
44895082,268208070
44895082,741036666
44895082,492332909
44895082,71530380
44895082,15821823
44895082,458966079
44895082,36047098
44895082,19900973
44895082,105915404
44895082,564813207
44895082,266712846
44895082,782780658
44895082,73147282
44895082,14946308
44895082,182876615
44895082,178295677
44895082,17624959
44895082,14746456
44895082,376775023
44895082,8548612
44895082,22176845
44895082,454843106
44895082,161353380
44895082,358134245
44895082,335207117
44895082,224604544
44895082,72581967
44895082,23061981
44895082,20503242
44895082,22627258
44895082,49957834
44895082,17442320
44895082,224592841
44895082,947564096
44895082,86056816
44895082,16343974
44895082,59393368
44895082,281033838
44895082,234343491
44895082,844081278
44895082,1118841980
44895082,14497517
44895082,14108050
44895082,17875811
44895082,17807719
44895082,8720562
44895082,79737242
44895082,23780232
44895082,19394887
44895082,82381798
44895082,813286
44895082,116454635
44895082,474500236
44895082,23011527
44895082,414007789
44895082,892057760
44895082,1097836022
44895082,915537378
44895082,124506375
44895082,1364930179
44895082,20562637
44895082,21183938
44895082,17884125
44895082,21114659
44895082,14613514
44895082,68511500
44895082,15738602
44895082,19232587
44895082,15243812
44895082,18047862
44895082,20483476
44895082,22926365
44895082,57350105
44895082,5715752
44895082,18774524
44895082,5776022
44895082,126118232
44895082,976185420
44895082,6017542
44895082,11095022
44895082,151106990
44895082,20381809
44895082,19458886
44895082,243313702
44895082,288980311
44895082,143949701
44895082,20583613
44895082,19394188
44895082,1330457336
44895082,50393960
44895082,1337851392
44895082,31997610
44895082,426802833
44895082,326255267
44895082,508734872
44895082,63895732
44895082,51241574
44895082,64280784
44895082,316679638
44895082,30360274
44895082,40872043
44895082,14096763
44895082,48132847
44895082,255781485
44895082,330361451
44895082,17063215
44895082,71922638
44895082,1294551798
44895082,10799642
44895082,20667204
44895082,42064645
44895082,344764478
44895082,774393817
44895082,759251
44895082,14560097
44895082,297535770
44895082,396894374
44895082,103065157
44895082,246459126
44895082,121171958
44895082,15507433
44895082,127917675
44895082,19185333
44895082,339719308
44895082,14940354
44895082,28528172
44895082,16491569
44895082,12263542
44895082,19962363
44895082,523804354
44895082,53149244
44895082,20627896
44895082,47387039
44895082,19536881
44895082,288180098
44895082,17514954
44895082,254446382
44895082,227682918
44895082,232855418
44895082,19591633
44895082,22021397
44895082,563093420
44895082,39879120
44895082,25709609
44895082,365088244
44895082,196994616
44895082,9655032
44895082,59132894
44895082,255542457
44895082,274544419
44895082,49432817
44895082,21427827
44895082,2834511
44895082,579755043
44895082,196084201
44895082,1151950350
44895082,621812792
44895082,39938182
44895082,38451030
44895082,20796069
44895082,104237736
44895082,5135521
44895082,894435367
44895082,26186890
44895082,67345697
44895082,41245550
44895082,338875694
44895082,296511906
44895082,165805708
44895082,316485110
44895082,404533942
44895082,298360697
44895082,16569045
44895082,407347022
44895082,1024492520
44895082,19186180
44895082,20571872
44895082,25163231
44895082,327484803
44895082,65448361
44895082,8884772
44895082,21438024
44895082,17308753
44895082,19247625
44895082,14856333
44895082,450244239
44895082,259348780
44895082,49279876
44895082,6361512
44895082,16325505
44895082,73760208
44895082,39349216
44895082,125071209
44895082,99727393
44895082,53429839
44895082,14511951
44895082,279390084
44895082,167518667
44895082,854027528
44895082,377837520
44895082,15446531
44895082,232181626
44895082,19529053
44895082,20600983
44895082,25998499
44895082,18803751
44895082,14562960
44895082,110403389
44895082,48424015
44895082,6256592
44895082,320524842
44895082,18729562
44895082,105898722
44895082,102773210
44895082,83567424
44895082,47622979
44895082,162089811
44895082,19264748
44895082,305115361
44895082,47259873
44895082,79919001
44895082,121176422
44895082,1117046706
44895082,376819013
44895082,49195175
44895082,1151631841
44895082,472079320
44895082,19083439
44895082,65466158
44895082,100798716
44895082,101002059
44895082,16041920
44895082,555299478
44895082,20809515
44895082,14764714
44895082,22396466
44895082,483350291
44895082,17919393
44895082,20759034
44895082,360857182
44895082,34713362
44895082,631478559
44895082,56796431
44895082,19676723
44895082,1917731
44895082,543821149
44895082,579839305
44895082,60633332
44895082,1145368886
44895082,1244590062
44895082,18241122
44895082,586739908
44895082,177736182
44895082,18856867
44895082,24566469
44895082,15615035
44895082,17637572
44895082,167399649
44895082,255240646
44895082,22812734
44895082,471229972
44895082,14465640
44895082,188736341
44895082,1292292907
44895082,5867842
44895082,22321740
44895082,20884910
44895082,40129171
44895082,1278931579
44895082,3373791
44895082,65322179
44895082,29422232
44895082,18847920
44895082,123754656
44895082,14903044
44895082,17624543
44895082,14183379
44895082,410070653
44895082,17623816
44895082,17579431
44895082,771383605
44895082,24586830
44895082,44411598
44895082,16400258
44895082,241709263
44895082,460005853
44895082,198538431
44895082,986878273
44895082,405123394
44895082,18502842
44895082,15204596
44895082,19811190
44895082,547173846
44895082,97268285
44895082,22904901
44895082,20843014
44895082,474319511
44895082,19612753
44895082,14426349
44895082,21856254
44895082,43210668
44895082,905946493
44895082,461162973
44895082,1101354170
44895082,61462319
44895082,1001631067
44895082,308415277
44895082,378693834
44895082,16030974
44895082,46085533
44895082,20429858
44895082,17064195
44895082,213663314
44895082,293066780
44895082,26458162
44895082,347792540
44895082,182721799
44895082,12497362
44895082,449838222
44895082,19356276
44895082,77528520
44895082,17173144
44895082,18600155
44895082,335972576
44895082,426574897
44895082,14966893
44895082,15951863
44895082,102097897
44895082,304909941
44895082,19713622
44895082,84126402
44895082,8665572
44895082,115724250
44895082,18764854
44895082,17675072
44895082,19689047
44895082,17006157
44895082,111416652
44895082,19334929
44895082,83466368
44895082,51831438
44895082,19019970
44895082,1652541
44895082,19921389
44895082,21783395
44895082,31237480
44895082,25098482
44895082,71560422
44895082,16632149
44895082,150677740
44895082,428333
44895082,70235774
44895082,70349639
44895082,20560841
44895082,14208199
44895082,15391813
44895082,124139163
44895082,14333754
44895082,257666657
44895082,15392221
44895082,19889294
44895082,20781929
44895082,34423857
44895082,86754749
44895082,26276346
44895082,16887507
44895082,243381107
44895082,93711247
44895082,14372486
44895082,297169759
44895082,5734902
44895082,89913536
44895082,17163446
44895082,23263743
44895082,17311493
44895082,14758257
44895082,94081671
44895082,382825817
44895082,48886906
44895082,36523555
44895082,17494015
44895082,57365059
44895082,2561091
44895082,28312880
44895082,5988062
44895082,24042063
44895082,8665852
44895082,50347145
44895082,200205767
44895082,5875022
44895082,4653559701
44895082,114870386
44895082,302568944
44895082,2388477227
44895082,2200784754
44895082,3310241819
44895082,21294212
44895082,362557435
44895082,1674277502
44895082,3700795101
44895082,287198108
44895082,3871751002
44895082,506676795
44895082,1336605338
44895082,231392190
44895082,2916305152
44895082,20319462
44895082,3178162343
44895082,1259671560
44895082,2310116088
44895082,20712514
44895082,492288571
44895082,2833147516
44895082,2812936934
44895082,3422617395
44895082,1942227031
44895082,1213751708
44895082,3438483879
44895082,3395514262
44895082,3376281958
44895082,3404100525
44895082,1567041686
44895082,77715283
44895082,23051181
44895082,3377990879
44895082,460002683
44895082,1084678801
44895082,19564284
44895082,17340546
44895082,350413106
44895082,2734713482
44895082,23455730
44895082,3326733263
44895082,3331230305
44895082,3308456165
44895082,3319315456
44895082,2203766394
44895082,2960172897
44895082,39056314
44895082,3194231701
44895082,2320821690
44895082,5402612
44895082,400678046
44895082,1968654061
44895082,98957692
44895082,3044738957
44895082,1327825687
44895082,2941365709
44895082,49356724
44895082,2969760609
44895082,29471556
44895082,1339835893
44895082,121167080
44895082,163853523
44895082,2615143489
44895082,27212264
44895082,1930959812
44895082,2835594983
44895082,3040424454
44895082,103416757
44895082,3054743691
44895082,2837919371
44895082,2246561438
44895082,14157134
44895082,3012414632
44895082,124690469
44895082,3014711811
44895082,2262898614
44895082,17940246
44895082,2886990801
44895082,96986981
44895082,20475285
44895082,2696538775
44895082,15896379
44895082,169913609
44895082,2902280675
44895082,53095311
44895082,36029441
44895082,1100351
44895082,2376418728
44895082,19108238
44895082,513708554
44895082,2795972912
44895082,44009156
44895082,2683116827
44895082,2607219787
44895082,2550479695
44895082,2561646679
44895082,909774924
44895082,2359926157
44895082,2373111366
44895082,283038024
44895082,523471831
44895082,572470115
44895082,2415634021
44895082,19133738
44895082,15683146
44895082,60916506
44895082,25503709
44895082,20508973
44895082,19033555
44895082,5383382
44895082,25285370
44895082,141022749
44895082,1949495336
44895082,19989787
44895082,948552829
44895082,45615081
44895082,30963710
44895082,555416759
44895082,55405408
44895082,2526916549
44895082,889643533
44895082,454395581
44895082,244635787
44895082,20463983
44895082,273468342
44895082,221330045
44895082,21713520
44895082,21417835
44895082,2481804918
44895082,53113946
44895082,63996905
44895082,766051548
44895082,297100174
44895082,1662057727
44895082,542882615
44895082,1092348054
44895082,22152483
44895082,16955870
44895082,22152389
44895082,18636337
44895082,219233615
44895082,651433
44895082,2416232804
44895082,494362620
44895082,21056978
44895082,2217620251
44895082,1608357912
44895082,2383804802
44895082,371972173
44895082,332617373
44895082,243318995
44895082,127814172
44895082,127187945
44895082,2348739600
44895082,23640660
44895082,250880109
44895082,169426475
44895082,49325537
44895082,116028519
44895082,65948622
44895082,602317143
44895082,85590185
44895082,122685408
44895082,16827148
44895082,2180126766
44895082,2358016183
44895082,2328735464
44895082,2288308578
44895082,16698884
44895082,23365014
44895082,21391703
44895082,2349845856
44895082,2341568615
44895082,2202210446
44895082,2331830774
44895082,1690412382
44895082,95178042
44895082,5943622
44895082,2291331547
44895082,2310758080
44895082,1658572099
44895082,494514667
44895082,2294735010
44895082,1536780608
44895082,108598233
44895082,2292589604
44895082,819768577
44895082,485751594
44895082,300738625
44895082,2280862698
44895082,2257833176
44895082,1548317628
44895082,2244340904
44895082,773353274
44895082,21138477
44895082,61457123
44895082,2243373460
44895082,2220183580
44895082,2236906644
44895082,495780682
44895082,491400026
44895082,486072725
44895082,1480749782
44895082,7954082
44895082,374620156
44895082,1960899301
44895082,1407892861
44895082,279642533
44895082,761801714
44895082,15469170
44895082,223396078
44895082,231703688
44895082,25999072
44895082,226119902
44895082,108631068
44895082,49411258
44895082,34076997
44895082,24241544
44895082,21707734
44895082,18783599
44895082,19265059
44895082,205974045
44895082,97255485
44895082,22193361
44895082,20062102
44895082,62116734
44895082,49781518
44895082,54972551
44895082,115442828
44895082,51088466
44895082,82112012
44895082,97700212
44895082,65301994
44895082,438324063
44895082,19472578
44895082,965741665
44895082,20609518
44895082,500704345
44895082,65422427
44895082,1615685677
44895082,20618678
44895082,21195865
44895082,25657017
44895082,18135386
44895082,20511502
44895082,21112266
44895082,1260213817
44895082,961132338
44895082,1444484102
44895082,218653131
44895082,268208070
44895082,741036666
44895082,492332909
44895082,71530380
44895082,15821823
44895082,458966079
44895082,36047098
44895082,19900973
44895082,105915404
44895082,564813207
44895082,266712846
44895082,782780658
44895082,73147282
44895082,14946308
44895082,182876615
44895082,178295677
44895082,17624959
44895082,14746456
44895082,376775023
44895082,8548612
44895082,22176845
44895082,454843106
44895082,161353380
44895082,358134245
44895082,335207117
44895082,224604544
44895082,72581967
44895082,23061981
44895082,20503242
44895082,22627258
44895082,49957834
44895082,17442320
44895082,224592841
44895082,947564096
44895082,86056816
44895082,16343974
44895082,59393368
44895082,281033838
44895082,234343491
44895082,844081278
44895082,1118841980
44895082,14497517
44895082,14108050
44895082,17875811
44895082,17807719
44895082,8720562
44895082,79737242
44895082,23780232
44895082,19394887
44895082,82381798
44895082,813286
44895082,116454635
44895082,474500236
44895082,23011527
44895082,414007789
44895082,892057760
44895082,1097836022
44895082,915537378
44895082,124506375
44895082,1364930179
44895082,20562637
44895082,21183938
44895082,17884125
44895082,21114659
44895082,14613514
44895082,68511500
44895082,15738602
44895082,19232587
44895082,15243812
44895082,18047862
44895082,20483476
44895082,22926365
44895082,57350105
44895082,5715752
44895082,18774524
44895082,5776022
44895082,126118232
44895082,976185420
44895082,6017542
44895082,11095022
44895082,151106990
44895082,20381809
44895082,19458886
44895082,243313702
44895082,288980311
44895082,143949701
44895082,20583613
44895082,19394188
44895082,1330457336
44895082,50393960
44895082,1337851392
44895082,31997610
44895082,426802833
44895082,326255267
44895082,508734872
44895082,63895732
44895082,51241574
44895082,64280784
44895082,316679638
44895082,30360274
44895082,40872043
44895082,14096763
44895082,48132847
44895082,255781485
44895082,330361451
44895082,17063215
44895082,71922638
44895082,1294551798
44895082,10799642
44895082,20667204
44895082,42064645
44895082,344764478
44895082,774393817
44895082,759251
44895082,14560097
44895082,297535770
44895082,396894374
44895082,103065157
44895082,246459126
44895082,121171958
44895082,15507433
44895082,127917675
44895082,19185333
44895082,339719308
44895082,14940354
44895082,28528172
44895082,16491569
44895082,12263542
44895082,19962363
44895082,523804354
44895082,53149244
44895082,20627896
44895082,47387039
44895082,19536881
44895082,288180098
44895082,17514954
44895082,254446382
44895082,227682918
44895082,232855418
44895082,19591633
44895082,22021397
44895082,563093420
44895082,39879120
44895082,25709609
44895082,365088244
44895082,196994616
44895082,9655032
44895082,59132894
44895082,255542457
44895082,274544419
44895082,49432817
44895082,21427827
44895082,2834511
44895082,579755043
44895082,196084201
44895082,1151950350
44895082,621812792
44895082,39938182
44895082,38451030
44895082,20796069
44895082,104237736
44895082,5135521
44895082,894435367
44895082,26186890
44895082,67345697
44895082,41245550
44895082,338875694
44895082,296511906
44895082,165805708
44895082,316485110
44895082,404533942
44895082,298360697
44895082,16569045
44895082,407347022
44895082,1024492520
44895082,19186180
44895082,20571872
44895082,25163231
44895082,327484803
44895082,65448361
44895082,8884772
44895082,21438024
44895082,17308753
44895082,19247625
44895082,14856333
44895082,450244239
44895082,259348780
44895082,49279876
44895082,6361512
44895082,16325505
44895082,73760208
44895082,39349216
44895082,125071209
44895082,99727393
44895082,53429839
44895082,14511951
44895082,279390084
44895082,167518667
44895082,854027528
44895082,377837520
44895082,15446531
44895082,232181626
44895082,19529053
44895082,20600983
44895082,25998499
44895082,18803751
44895082,14562960
44895082,110403389
44895082,48424015
44895082,6256592
44895082,320524842
44895082,18729562
44895082,105898722
44895082,102773210
44895082,83567424
44895082,47622979
44895082,162089811
44895082,19264748
44895082,305115361
44895082,47259873
44895082,79919001
44895082,121176422
44895082,1117046706
44895082,376819013
44895082,49195175
44895082,1151631841
44895082,472079320
44895082,19083439
44895082,65466158
44895082,100798716
44895082,101002059
44895082,16041920
44895082,555299478
44895082,20809515
44895082,14764714
44895082,22396466
44895082,483350291
44895082,17919393
44895082,20759034
44895082,360857182
44895082,34713362
44895082,631478559
44895082,56796431
44895082,19676723
44895082,1917731
44895082,543821149
44895082,579839305
44895082,60633332
44895082,1145368886
44895082,1244590062
44895082,18241122
44895082,586739908
44895082,177736182
44895082,18856867
44895082,24566469
44895082,15615035
44895082,17637572
44895082,167399649
44895082,255240646
44895082,22812734
44895082,471229972
44895082,14465640
44895082,188736341
44895082,1292292907
44895082,5867842
44895082,22321740
44895082,20884910
44895082,40129171
44895082,1278931579
44895082,3373791
44895082,65322179
44895082,29422232
44895082,18847920
44895082,123754656
44895082,14903044
44895082,17624543
44895082,14183379
44895082,410070653
44895082,17623816
44895082,17579431
44895082,771383605
44895082,24586830
44895082,44411598
44895082,16400258
44895082,241709263
44895082,460005853
44895082,198538431
44895082,986878273
44895082,405123394
44895082,18502842
44895082,15204596
44895082,19811190
44895082,547173846
44895082,97268285
44895082,22904901
44895082,20843014
44895082,474319511
44895082,19612753
44895082,14426349
44895082,21856254
44895082,43210668
44895082,905946493
44895082,461162973
44895082,1101354170
44895082,61462319
44895082,1001631067
44895082,308415277
44895082,378693834
44895082,16030974
44895082,46085533
44895082,20429858
44895082,17064195
44895082,213663314
44895082,293066780
44895082,26458162
44895082,347792540
44895082,182721799
44895082,12497362
44895082,449838222
44895082,19356276
44895082,77528520
44895082,17173144
44895082,18600155
44895082,335972576
44895082,426574897
44895082,14966893
44895082,15951863
44895082,102097897
44895082,304909941
44895082,19713622
44895082,84126402
44895082,8665572
44895082,115724250
44895082,18764854
44895082,17675072
44895082,19689047
44895082,17006157
44895082,111416652
44895082,19334929
44895082,83466368
44895082,51831438
44895082,19019970
44895082,1652541
44895082,19921389
44895082,21783395
44895082,31237480
44895082,25098482
44895082,71560422
44895082,16632149
44895082,150677740
44895082,428333
44895082,70235774
44895082,70349639
44895082,20560841
44895082,14208199
44895082,15391813
44895082,124139163
44895082,14333754
44895082,257666657
44895082,15392221
44895082,19889294
44895082,20781929
44895082,34423857
44895082,86754749
44895082,26276346
44895082,16887507
44895082,243381107
44895082,93711247
44895082,14372486
44895082,297169759
44895082,5734902
44895082,89913536
44895082,17163446
44895082,23263743
44895082,17311493
44895082,14758257
44895082,94081671
44895082,382825817
44895082,48886906
44895082,36523555
44895082,17494015
44895082,57365059
44895082,2561091
44895082,28312880
44895082,5988062
44895082,24042063
44895082,8665852
44895082,50347145
44895082,200205767
