453815493,3900328114
453815493,2362301084
453815493,2815744853
453815493,3247658471
453815493,2414884400
453815493,1379662802
453815493,205315827
453815493,2979616235
453815493,849134528
453815493,2204437078
453815493,3110948392
453815493,2880825298
453815493,2937642010
453815493,325486395
453815493,17752816
453815493,826743260
453815493,17487476
453815493,1735063320
453815493,949341888
453815493,1536804174
453815493,920895180
453815493,211175054
453815493,1585889305
453815493,1734717882
453815493,2317789460
453815493,2578600004
453815493,2656533409
453815493,2396056585
453815493,43505930
453815493,2735058706
453815493,19227096
453815493,2794265861
453815493,2615239693
453815493,988900345
453815493,471940498
453815493,33248043
453815493,1071246548
453815493,3520822337
453815493,2395909352
453815493,80052879
453815493,498983436
453815493,4022826012
453815493,462084471
453815493,2420283458
453815493,68965711
453815493,18238328
453815493,2280603745
453815493,412937036
453815493,2382691149
453815493,1854303487
453815493,378478769
453815493,142690511
453815493,2343845391
453815493,44411598
453815493,194606502
453815493,2472445567
453815493,2424047370
453815493,19422447
453815493,1368850908
453815493,143393223
453815493,2389235778
453815493,1314652063
453815493,2416391065
453815493,224572743
453815493,198432070
453815493,4382367748
453815493,3758934681
453815493,2979834868
453815493,2876243771
453815493,12233422
453815493,68964628
453815493,3032768741
453815493,2425184299
453815493,2687237153
453815493,2858025183
453815493,149147611
453815493,2190755568
453815493,162055437
453815493,582076945
453815493,15061445
453815493,87668877
453815493,112644059
453815493,900231078
453815493,939966774
453815493,193261836
453815493,2426902357
453815493,1048626774
453815493,1361319566
453815493,849071016
453815493,42072558
453815493,77311690
453815493,2165903247
453815493,241540322
453815493,2574335359
453815493,2861353025
453815493,2795506144
453815493,34423857
453815493,581103570
453815493,992741821
453815493,37643162
453815493,24909190
453815493,25980581
453815493,1249695476
453815493,2194389229
453815493,336089942
453815493,195681218
453815493,1011412910
453815493,166102184
453815493,228673882
453815493,184554335
453815493,2985563471
453815493,3376281958
453815493,2388162240
453815493,467556902
453815493,171584438
453815493,14283525
453815493,300868924
453815493,300259887
453815493,2401316876
453815493,3545335941
453815493,1960370958
453815493,181567076
453815493,68034431
453815493,4260086956
453815493,599491010
453815493,2422102190
453815493,420475423
453815493,2615232002
453815493,2789444395
453815493,139661393
453815493,182404196
453815493,29963566
453815493,120109196
453815493,2494327693
453815493,2466169957
453815493,112873259
453815493,2195622679
453815493,1300328653
453815493,2218262270
453815493,90014101
453815493,625617955
453815493,49950808
453815493,2165445573
453815493,1875717132
453815493,531328950
453815493,2294733241
453815493,2289930074
453815493,19435245
453815493,21648649
453815493,25868679
453815493,22004795
453815493,18901336
453815493,24181511
453815493,1379066754
453815493,16600393
453815493,240613149
453815493,29958529
453815493,17448796
453815493,3063825971
453815493,3377137053
453815493,472412809
453815493,2443718293
453815493,365765843
453815493,2510358169
453815493,548376843
453815493,2856707242
453815493,2852724951
453815493,2771695409
453815493,59394443
453815493,2425151
453815493,1147844713
453815493,1306932638
453815493,311951299
453815493,3257067453
453815493,14861745
453815493,2407402921
453815493,66691158
453815493,199700276
453815493,2369520374
453815493,106446573
453815493,189082017
453815493,529611048
453815493,2162942852
453815493,1704818077
453815493,3108154565
453815493,854441570
453815493,3310571
453815493,3621437962
453815493,1485429175
453815493,23670209
453815493,313510104
453815493,119434647
453815493,499811217
453815493,3397152070
453815493,295611207
453815493,19689047
453815493,3824253808
453815493,1583062087
453815493,619097064
453815493,624913111
453815493,414637701
453815493,1017524072
453815493,1516837249
453815493,50746928
453815493,198321619
453815493,2273283384
453815493,3121101029
453815493,3015194763
453815493,2754681001
453815493,912569448
453815493,141158796
453815493,24714272
453815493,385358076
453815493,87645208
453815493,38455020
453815493,2773567537
453815493,2416212176
453815493,3305994758
453815493,74720323
453815493,495220317
453815493,380648579
453815493,3346482160
453815493,150557711
453815493,2308977793
453815493,2631015170
453815493,919381514
453815493,179111606
453815493,568981074
453815493,34578176
453815493,250058740
453815493,221716842
453815493,98872288
453815493,339846503
453815493,2304094443
453815493,2463325740
453815493,1870771148
453815493,795872796
453815493,22012460
453815493,2292454922
453815493,186060772
453815493,199743355
453815493,23296450
453815493,231807647
453815493,90946272
453815493,300883723
453815493,2401626361
453815493,2356458307
453815493,3036150304
453815493,580861440
453815493,552711664
453815493,18814998
453815493,43407217
453815493,2977900810
453815493,253061519
453815493,1856512344
453815493,412174660
453815493,439224883
453815493,788524
453815493,87818409
453815493,2649971
453815493,3306601618
453815493,3306549730
453815493,95455794
453815493,3289713977
453815493,3292998393
453815493,1909237502
453815493,515381210
453815493,3240242242
453815493,1100920765
453815493,1493824074
453815493,209020126
453815493,478679663
453815493,158021529
453815493,702661167
453815493,343800608
453815493,3216292564
453815493,3247474301
453815493,135528548
453815493,202086424
453815493,19504290
453815493,36347303
453815493,1225229076
453815493,2350848886
453815493,2461432297
453815493,2257770468
453815493,38171370
453815493,20610385
453815493,82912952
453815493,16345369
453815493,2801885037
453815493,592616570
453815493,316956459
453815493,14569308
453815493,16905927
453815493,86719842
453815493,371315536
453815493,1336254342
453815493,1510780328
453815493,391945446
453815493,829032654
453815493,217749896
453815493,1206108030
453815493,216739115
453815493,166101980
453815493,250157926
453815493,104222894
453815493,2613385747
453815493,28773799
453815493,42372786
453815493,499937475
453815493,36048614
453815493,1707490597
453815493,379685816
453815493,619818342
453815493,3097094639
453815493,145935897
453815493,917844342
453815493,52009223
453815493,626653053
453815493,391508451
453815493,217758017
453815493,86301869
453815493,898469210
453815493,21184887
453815493,964081375
453815493,225443793
453815493,217422465
453815493,539156512
453815493,255941995
453815493,2223619951
453815493,113915931
453815493,379325675
453815493,1063589060
453815493,2797829561
453815493,193333190
453815493,2831728879
453815493,2294137566
453815493,3119157183
453815493,2394261703
453815493,21773056
453815493,467487098
453815493,145286181
453815493,2858791258
453815493,225804608
453815493,516518356
453815493,312034662
453815493,3144380667
453815493,20246216
453815493,348977450
453815493,29577436
453815493,16804902
453815493,452474576
453815493,36033351
453815493,608933297
453815493,322507145
453815493,42583606
453815493,176842974
453815493,102362597
453815493,436668445
453815493,70385068
453815493,2435183203
453815493,818951154
453815493,2316693373
453815493,160150650
453815493,125995973
453815493,217752780
453815493,1908167676
453815493,193301414
453815493,1372130516
453815493,467551928
453815493,1109452214
453815493,972052686
453815493,619029030
453815493,470099591
453815493,2202869202
453815493,2874880006
453815493,181888506
453815493,236913095
453815493,52789659
453815493,385491079
453815493,466571567
453815493,2803595268
453815493,2814572198
453815493,424093888
453815493,2885085044
453815493,2867454101
453815493,358134245
453815493,469280888
453815493,48390963
453815493,2421073909
453815493,1106482400
453815493,191386707
453815493,235084558
453815493,2861232334
453815493,84571957
453815493,90886487
453815493,183213553
453815493,850713475
453815493,49446130
453815493,18762875
453815493,260743284
453815493,501162328
453815493,886930609
453815493,1221901260
453815493,2811022140
453815493,146101077
453815493,1934463319
453815493,2267143780
453815493,1119834276
453815493,471352210
453815493,284067858
453815493,628396879
453815493,2326900446
453815493,460002683
453815493,39255883
453815493,2474190703
453815493,177605712
453815493,22918134
453815493,1498593469
453815493,512029333
453815493,2482719410
453815493,2467689584
453815493,204752573
453815493,3098745659
453815493,500927893
453815493,84094847
453815493,206205469
453815493,2804154672
453815493,393637870
453815493,1652541
453815493,15108702
453815493,335455570
453815493,8973062
453815493,194119186
453815493,26890307
453815493,14460250
453815493,467604110
453815493,83041759
453815493,2969760609
453815493,20503242
453815493,21786064
453815493,29180679
453815493,31099936
453815493,246295381
453815493,21195865
453815493,3076115325
453815493,135995223
453815493,802279262
453815493,2484021120
453815493,26586771
453815493,771383605
453815493,948552829
453815493,1198416960
453815493,1108382916
453815493,2340156271
453815493,20228586
453815493,487393533
453815493,54172831
453815493,246309084
453815493,154391771
453815493,365363757
453815493,1380410526
453815493,192877061
453815493,1580316804
453815493,578240398
453815493,1040088108
453815493,292917443
453815493,2370090686
453815493,2373681362
453815493,17576181
453815493,292869151
453815493,98330202
453815493,252625352
453815493,25509816
453815493,104777237
453815493,99914275
453815493,222400131
453815493,218804015
453815493,143828745
453815493,381618637
453815493,2349865278
453815493,2927229797
453815493,176411812
453815493,3042231323
453815493,429926807
453815493,3055698805
453815493,56392389
453815493,115102341
453815493,19003991
453815493,116729780
453815493,201201906
453815493,344621545
453815493,392199690
453815493,158342368
453815493,2419290031
453815493,2397043430
453815493,1374924439
453815493,45360352
453815493,28640933
453815493,829060856
453815493,202610289
453815493,1354570123
453815493,28123362
453815493,70664947
453815493,1088593087
453815493,914281548
453815493,716640056
453815493,296139716
453815493,243097200
453815493,335207117
453815493,462747348
453815493,48163821
453815493,3011889243
453815493,191022032
453815493,594719820
453815493,164015008
453815493,950088961
453815493,258730127
453815493,2979952623
453815493,251260986
453815493,1549866445
453815493,2890528054
453815493,281093434
453815493,307950898
453815493,1017044760
453815493,2428699813
453815493,415555178
453815493,124690469
453815493,279642533
453815493,242704372
453815493,575177081
453815493,96537818
453815493,25763468
453815493,820190174
453815493,142981992
453815493,2510491303
453815493,43928023
453815493,2872161425
453815493,19232649
453815493,2786900559
453815493,28565356
453815493,42183750
453815493,2340163770
453815493,388932692
453815493,232242473
453815493,575269517
453815493,205750967
453815493,20058825
453815493,2803587655
453815493,7197752
453815493,2820447172
453815493,460966881
453815493,1011129121
453815493,1391776140
453815493,2834882705
453815493,784558332
453815493,16228337
453815493,2220009464
453815493,1586266080
453815493,2438273430
453815493,2599249849
453815493,2805926353
453815493,2413938919
453815493,552515200
453815493,15234407
453815493,2850290531
453815493,2650351980
453815493,2841137531
453815493,2838173051
453815493,2180468108
453815493,36326893
453815493,20770862
453815493,385931566
453815493,1926740881
453815493,38719580
453815493,130443167
453815493,250038860
453815493,557086648
453815493,486811390
453815493,547173846
453815493,373323171
453815493,248714344
453815493,14048325
453815493,2353201590
453815493,397406521
453815493,255437647
453815493,334777310
453815493,69002929
453815493,522134393
453815493,18549528
453815493,90673584
453815493,29935980
453815493,258778853
453815493,35145147
453815493,300744871
453815493,479587052
453815493,1196370162
453815493,358953123
453815493,424888305
453815493,35082015
453815493,86029069
453815493,560188351
453815493,25489542
453815493,35542372
453815493,186456465
453815493,1217706133
453815493,2241431167
453815493,2720634765
453815493,1071169639
453815493,76635157
453815493,335889086
453815493,130157278
453815493,467625483
453815493,2803207232
453815493,23746425
453815493,31136679
453815493,488335902
453815493,11480162
453815493,186478607
453815493,16003760
453815493,242251282
453815493,2698174471
453815493,1899984391
453815493,2376821569
453815493,2731419696
453815493,285099333
453815493,369993299
453815493,19777925
453815493,1943641399
453815493,1962977155
453815493,370760631
453815493,460163041
453815493,1374378014
453815493,14699613
453815493,4970411
453815493,1577004516
453815493,201680757
453815493,1433321612
453815493,1356855804
453815493,85469815
453815493,2291331547
453815493,1374683634
453815493,2613612890
453815493,30002070
453815493,123109597
453815493,94529866
453815493,1068698414
453815493,263664482
453815493,107557653
453815493,32429400
453815493,203357203
453815493,460428084
453815493,1330022240
453815493,237222584
453815493,627200944
453815493,962534857
453815493,40426994
453815493,82048175
453815493,122371085
453815493,338345036
453815493,2445152377
453815493,70335941
453815493,401574044
453815493,1095763710
453815493,35708579
453815493,160557129
453815493,50454809
453815493,62546479
453815493,726372601
453815493,1513718124
453815493,249601317
453815493,92337227
453815493,309032431
453815493,24153492
453815493,96128123
453815493,117027371
453815493,2201422716
453815493,65331253
453815493,138717046
453815493,607174392
453815493,254196211
453815493,351009963
453815493,14511951
453815493,91115300
453815493,94657978
453815493,791498250
453815493,167416508
453815493,2385310698
453815493,480548839
453815493,755011464
453815493,138361101
453815493,2362797030
453815493,122315233
453815493,55031092
453815493,45542386
453815493,937417056
453815493,1731731006
453815493,410070653
453815493,205253713
453815493,18264824
453815493,26985345
453815493,14331845
453815493,1379381670
453815493,15134277
453815493,135096804
453815493,493370166
453815493,22525976
453815493,423319740
453815493,89158787
453815493,121116495
453815493,188329919
453815493,134790401
453815493,97182620
453815493,1299643704
453815493,189087349
453815493,102790284
453815493,352350844
453815493,37748354
453815493,60871623
453815493,286079802
453815493,38393473
453815493,217071937
453815493,180394103
453815493,15724052
453815493,1676242584
453815493,392808933
453815493,2458297142
453815493,27751891
453815493,512147530
453815493,17522935
453815493,29449278
453815493,299545910
453815493,68715764
453815493,580910737
453815493,125735875
453815493,429012948
453815493,1131595777
453815493,50984033
453815493,92739411
453815493,29961988
453815493,1251194214
453815493,39721564
453815493,2301141372
453815493,29702361
453815493,237304561
453815493,1010753996
453815493,23638544
453815493,46086713
453815493,9581032
453815493,119345542
453815493,158679118
453815493,1103458020
453815493,110737351
453815493,619948533
453815493,185584661
453815493,581709161
453815493,14086764
453815493,262178953
453815493,216314816
453815493,415419372
453815493,21397304
453815493,188063559
453815493,17635773
453815493,366508448
453815493,161242354
453815493,573442111
453815493,366037745
453815493,429918555
453815493,249760664
453815493,153741027
453815493,22481098
453815493,21898779
453815493,276907249
453815493,154140028
453815493,51410799
453815493,84321939
453815493,48713549
453815493,473036006
453815493,1101181027
453815493,1100580163
453815493,429915424
453815493,518612226
453815493,20368423
453815493,229896848
453815493,200090056
453815493,63077245
453815493,233978509
453815493,49571224
453815493,17396836
453815493,224557686
453815493,94117533
453815493,1496381275
453815493,567272864
453815493,334016754
453815493,572019499
453815493,503322015
453815493,869912514
453815493,595743881
453815493,19391273
453815493,2348739600
453815493,374486559
453815493,1388959171
453815493,510345697
453815493,23361712
453815493,1245699895
453815493,82654534
453815493,2369997787
453815493,86019547
453815493,1879380037
453815493,40047021
453815493,948544681
453815493,34734117
453815493,169426475
453815493,2180126766
453815493,419498220
453815493,485027222
453815493,256551070
453815493,856148305
453815493,89151961
453815493,378662335
453815493,2177841966
453815493,83167966
453815493,545343465
453815493,92534887
453815493,2326019222
453815493,742143
453815493,1338707028
453815493,18935114
453815493,172442746
453815493,707727883
453815493,472079320
453815493,1311173616
453815493,8884772
453815493,20132540
453815493,32365832
453815493,506438340
453815493,364784007
453815493,135904937
453815493,74999347
453815493,312028258
453815493,63147485
453815493,15916215
453815493,52084584
453815493,19837528
453815493,75276662
453815493,140738073
453815493,333992072
453815493,199729835
453815493,431474517
453815493,79962986
453815493,1218457974
453815493,125403342
453815493,293376237
453815493,1347250338
453815493,825369480
453815493,268357486
453815493,869894239
453815493,172260109
453815493,137692252
453815493,224231760
453815493,206717989
453815493,21517010
453815493,1920431011
453815493,294028805
453815493,461919971
453815493,1343714233
453815493,83894723
453815493,525779070
453815493,47910667
453815493,78244075
453815493,6361512
453815493,568156566
453815493,187460404
453815493,1536274003
453815493,66370568
453815493,440810430
453815493,1653681684
453815493,179116912
453815493,1127974357
453815493,246196874
453815493,1337268097
453815493,575160556
453815493,38823427
453815493,1057912933
453815493,240684422
453815493,182335666
453815493,146793462
453815493,1133539693
453815493,409655680
453815493,112474129
453815493,507688852
453815493,1605512862
453815493,951333319
453815493,715839908
453815493,1443241057
453815493,1498076587
453815493,295039830
453815493,80249845
453815493,171877288
453815493,376819013
453815493,83795099
453815493,217616314
453815493,227257918
453815493,226541132
453815493,540625154
453815493,1008673909
453815493,1192644307
453815493,1545333888
453815493,17442320
453815493,89286622
453815493,20987405
453815493,146794087
453815493,92034115
453815493,931767264
453815493,1453922420
453815493,1227578250
453815493,1227524245
453815493,1197234409
453815493,1218272659
453815493,1225071811
453815493,1197967508
453815493,36205090
453815493,960212832
453815493,1203857112
453815493,1227160704
453815493,505748969
453815493,962085350
453815493,183430693
453815493,1221108739
453815493,951347707
453815493,1400804851
453815493,39516018
453815493,177179008
453815493,873777758
453815493,106781642
453815493,112215087
453815493,78384612
453815493,719886282
453815493,859731314
453815493,1127815098
453815493,815107976
453815493,19864682
453815493,951348098
453815493,306115656
453815493,23444635
453815493,1207640215
453815493,1109602070
453815493,951326846
453815493,1243282393
453815493,1109053896
453815493,1227104120
453815493,234747378
453815493,424975108
453815493,409885370
453815493,250725469
453815493,574293020
453815493,335291108
453815493,19161627
453815493,239767060
453815493,17131762
453815493,962012749
453815493,257415817
453815493,51031558
453815493,304876789
453815493,19763668
453815493,16297777
453815493,51241574
453815493,420461348
453815493,280976134
453815493,819843415
453815493,14860401
453815493,469263260
453815493,218812123
453815493,52000483
453815493,17780822
453815493,22904901
453815493,188736341
453815493,377976301
453815493,56098167
453815493,1054918663
453815493,18016160
453815493,44890795
453815493,14704278
453815493,400053935
453815493,370067163
453815493,990802033
453815493,42378378
453815493,50591603
453815493,248600714
453815493,856010760
453815493,19541556
453815493,159950527
453815493,82068157
453815493,577496653
453815493,121171958
453815493,309652586
453815493,258269139
453815493,704710758
453815493,576209736
453815493,184756856
453815493,295962702
453815493,76616401
453815493,471931630
453815493,270415156
453815493,372182708
453815493,190227425
453815493,890465390
453815493,863792432
453815493,166976899
453815493,115660120
453815493,392741474
453815493,523496416
453815493,331544473
453815493,570018183
453815493,69621923
453815493,420208399
453815493,21895544
453815493,82059486
453815493,517821944
453815493,19722343
453815493,151395664
453815493,494163451
453815493,56356860
453815493,27453467
453815493,262298210
453815493,19206899
453815493,481964948
453815493,607523139
453815493,19232927
453815493,606325697
453815493,552562303
453815493,274611045
453815493,183254309
453815493,64672345
453815493,441101681
453815493,192993369
453815493,296253874
453815493,57044449
453815493,220070669
453815493,104782747
453815493,418769043
453815493,620232976
453815493,14770715
453815493,30202381
453815493,384230182
453815493,76596562
453815493,4808861
453815493,401926357
453815493,68639310
453815493,108631068
453815493,74109828
453815493,23600999
453815493,423427851
453815493,71061262
453815493,469977506
453815493,38410436
453815493,161237524
453815493,17675072
453815493,140838527
453815493,20840441
453815493,111048984
453815493,50588871
453815493,161243998
453815493,34985699
453815493,87000999
453815493,24154407
453815493,92693785
453815493,17776189
453815493,22622911
453815493,254069879
453815493,68213392
453815493,554978245
453815493,166187133
453815493,19231330
453815493,141137711
453815493,190383639
453815493,190620798
453815493,479566469
453815493,1994321
453815493,17596020
453815493,39724171
453815493,342772500
453815493,196994616
453815493,533138850
453815493,111554274
453815493,20429858
453815493,226533801
453815493,203027759
453815493,84353216
453815493,89431845
453815493,327249605
453815493,24899436
453815493,80820758
453815493,77963355
453815493,11911322
453815493,234035533
453815493,117761523
453815493,167328296
453815493,106357883
453815493,24732180
453815493,36420621
453815493,26538913
453815493,327317804
453815493,92233525
453815493,272401679
453815493,439463212
453815493,378480926
453815493,135430876
453815493,467581610
453815493,23339387
453815493,17404871
453815493,187508945
453815493,469396855
453815493,21111483
453815493,31193470
453815493,36634959
453815493,118064213
453815493,381540723
453815493,144238332
453815493,19452793
453815493,191779603
453815493,191409618
453815493,44019567
453815493,24355430
453815493,21440665
453815493,239862568
453815493,270850017
453815493,23056912
453815493,381932497
453815493,106110469
453815493,18020811
453815493,21707498
453815493,18721034
453815493,88928275
453815493,166509226
453815493,113583713
453815493,18512892
453815493,380226093
453815493,144483627
453815493,308677137
453815493,180415006
453815493,20237435
453815493,108882900
453815493,85794542
453815493,324983207
453815493,252491320
453815493,48507794
453815493,14691032
453815493,19017675
453815493,93709885
453815493,376775023
453815493,322529131
453815493,128874159
453815493,454779231
453815493,216327829
453815493,27204646
453815493,203044507
453815493,169129013
453815493,33683331
453815493,194504406
453815493,71549108
453815493,59902639
453815493,312641078
453815493,26228880
453815493,19594736
453815493,19530527
453815493,21090736
453815493,19977542
453815493,121167127
453815493,115969061
453815493,93687642
453815493,22628924
453815493,77821953
453815493,14411725
453815493,15529670
453815493,358204197
453815493,14291684
453815493,14281853
453815493,53879771
453815493,27054706
453815493,407008173
453815493,47350606
453815493,81838067
453815493,53347647
453815493,17389795
453815493,67323783
453815493,27860681
453815493,54256156
453815493,95626773
453815493,41591452
453815493,90379972
453815493,19719076
453815493,38407430
453815493,12609292
453815493,373475320
453815493,16558943
453815493,20141640
453815493,278988180
453815493,17960020
453815493,25493707
453815493,102395777
453815493,145696610
453815493,6751502
453815493,19287037
453815493,11587032
453815493,20434591
453815493,44588224
453815493,42653087
453815493,25390350
453815493,144520337
453815493,151456736
453815493,20815041
453815493,80571413
453815493,22005657
453815493,69346473
453815493,107772718
453815493,143039587
453815493,175397167
453815493,21021891
453815493,117382161
453815493,21744554
453815493,153386946
453815493,343937785
453815493,118697276
453815493,310221185
453815493,183622298
453815493,24150634
453815493,18022037
453815493,5680622
453815493,161351071
453815493,43317911
453815493,36349838
453815493,5402612
453815493,17093617
453815493,21223877
453815493,83466368
453815493,144830278
453815493,4898091
453815493,14808226
453815493,28114871
453815493,32226898
453815493,17990493
453815493,25067168
453815493,22667478
453815493,109241118
453815493,258790331
453815493,22627258
453815493,49129140
453815493,15308643
453815493,80803819
453815493,3563051
453815493,19590009
453815493,36329597
453815493,2467791
453815493,198618575
453815493,157981564
453815493,199196447
453815493,621533
453815493,26792275
453815493,5988062
453815493,22368856
453815493,134765771
453815493,278427495
453815493,270440167
