45606043,1379141910
45606043,74594552
45606043,38676903
45606043,3353012344
45606043,2528068106
45606043,3123549545
45606043,405210383
45606043,1322319715
45606043,3130777491
45606043,3973360527
45606043,2835594983
45606043,17950109
45606043,972651
45606043,3423250012
45606043,4299127816
45606043,2539906562
45606043,14270254
45606043,56699256
45606043,1854580777
45606043,948552829
45606043,385056910
45606043,395388847
45606043,15392221
45606043,19472578
45606043,274626857
45606043,16669898
45606043,59600093
45606043,109674300
45606043,14183379
45606043,3040424454
45606043,731223740
45606043,9773342
45606043,249527815
45606043,771943484
45606043,15738599
45606043,3149010130
45606043,3107514857
45606043,3143365889
45606043,2718810449
45606043,2529181375
45606043,2657609921
45606043,3385096041
45606043,3015190744
45606043,14857290
45606043,250831586
45606043,23151437
45606043,1340535499
45606043,1830525626
45606043,15615035
45606043,15830701
45606043,130942339
45606043,1361619691
45606043,3148108377
45606043,769398037
45606043,2903715045
45606043,2313227480
45606043,847238528
45606043,493278212
45606043,3088432587
45606043,330446733
45606043,1283561876
45606043,121167080
45606043,124690469
45606043,500042487
45606043,34352191
45606043,306025835
45606043,204832963
45606043,1105496966
45606043,2846774704
45606043,569358733
45606043,118680576
45606043,360074959
45606043,342599843
45606043,2359476565
45606043,533085085
45606043,361150095
45606043,23057502
45606043,2478067663
45606043,1662057727
45606043,296825065
45606043,855239330
45606043,149760844
45606043,1259671560
45606043,272358339
45606043,313913938
45606043,618387275
45606043,20448566
45606043,835290290
45606043,30364057
45606043,180556368
45606043,1660468830
45606043,2512738568
45606043,1178944580
45606043,86233091
45606043,333534411
45606043,240456162
45606043,252753618
45606043,1035148302
45606043,2550023839
45606043,142261464
45606043,17595890
45606043,329789735
45606043,1548317628
45606043,1192744812
45606043,61457123
45606043,18600155
45606043,20351362
45606043,19271557
45606043,19904349
45606043,1690412382
45606043,21204154
45606043,449879706
45606043,22621759
45606043,19814175
45606043,470309986
45606043,20809515
45606043,2237337005
45606043,17994572
45606043,14758257
45606043,583545411
45606043,427471285
45606043,461922813
45606043,1457171660
45606043,108390812
45606043,22906929
45606043,14166909
45606043,19150328
45606043,2197487762
45606043,2243997137
45606043,38977171
45606043,126118232
45606043,21390674
45606043,66834664
45606043,140091998
45606043,17884125
45606043,19051022
45606043,18948541
45606043,19686295
45606043,95023423
45606043,16854780
45606043,18075140
45606043,277495114
45606043,18186509
45606043,16838962
45606043,21492030
45606043,17693232
45606043,22321740
45606043,573535151
45606043,23837271
45606043,16171953
45606043,15485441
45606043,15951863
45606043,22384691
45606043,20781929
45606043,14903044
45606043,454843106
45606043,34423857
45606043,14746456
45606043,54015652
45606043,18803751
45606043,82054005
45606043,158414847
45606043,17163446
45606043,19921389
45606043,14333754
45606043,17006157
45606043,42626527
45606043,15005991
45606043,24241544
45606043,23585685
45606043,986878273
45606043,1330457336
45606043,1615685677
45606043,1499080250
45606043,70186440
45606043,824153233
45606043,771383605
45606043,21138477
45606043,17624543
45606043,1382404544
45606043,123754656
45606043,19713622
45606043,19247625
45606043,19405367
45606043,85908999
45606043,19186180
45606043,19394887
45606043,19490380
45606043,97488105
45606043,23263743
45606043,19564523
45606043,158487331
45606043,19033555
45606043,115485051
45606043,49781518
45606043,18863815
45606043,155659213
45606043,280701704
45606043,414369327
45606043,29479000
45606043,20015311
45606043,58531272
