4601031207,864819398
4601031207,2589339186
4601031207,120358242
4601031207,231057189
4601031207,468085771
4601031207,560550769
4601031207,373926795
4601031207,23432161
4601031207,61231376
4601031207,387617217
4601031207,167923378
4601031207,623863040
4601031207,4354062675
4601031207,251151868
4601031207,50472975
4601031207,76184555
4601031207,576604582
4601031207,189014269
4601031207,223509491
4601031207,948552829
4601031207,50602093
4601031207,14746456
4601031207,17884125
4601031207,20794341
4601031207,10228272
4601031207,16632149
4601031207,50300579
4601031207,3432586733
4601031207,16451028
4601031207,26276346
4601031207,19889294
4601031207,15392221
4601031207,23585685
4601031207,1615685677
4601031207,21783395
4601031207,854501389
4601031207,395388847
4601031207,19472578
4601031207,1690412382
4601031207,19921389
4601031207,216566780
4601031207,8665572
4601031207,8665852
4601031207,124139163
4601031207,85908999
4601031207,40019154
4601031207,19394887
4601031207,19903099
4601031207,17163446
4601031207,14842285
4601031207,41878061
4601031207,138220302
4601031207,19564523
4601031207,2561091
4601031207,25319819
4601031207,783214
4601031207,19814175
