4732712908,81196391
4732712908,3449557767
4732712908,31373904
4732712908,19396347
4732712908,541023928
4732712908,544980546
4732712908,3315563566
4732712908,3425736760
4732712908,1231857355
4732712908,2641866110
4732712908,858443246
4732712908,3415135342
4732712908,151994793
4732712908,3711207347
4732712908,326327431
4732712908,39068703
4732712908,4698672978
4732712908,368962405
4732712908,4804826068
4732712908,3716808137
4732712908,4846656597
4732712908,4757411825
4732712908,4242267994
4732712908,1895388408
4732712908,4273032622
4732712908,724019978
4732712908,524238345
4732712908,21783395
4732712908,292223927
4732712908,51772806
4732712908,19509051
4732712908,28828224
4732712908,49938269
4732712908,426834798
4732712908,24914644
4732712908,135623552
4732712908,467611821
4732712908,2967982426
4732712908,793913496
4732712908,20954762
4732712908,218653131
4732712908,2893939156
4732712908,4276176449
4732712908,2477367753
4732712908,127551187
4732712908,485801262
4732712908,3018645575
4732712908,29873477
4732712908,360230512
4732712908,2512424461
4732712908,3248879708
4732712908,42850472
4732712908,15392221
4732712908,8662472
4732712908,17993489
4732712908,14333754
4732712908,572470115
4732712908,948552829
4732712908,1662057727
4732712908,328980753
4732712908,19472578
4732712908,97488105
4732712908,1615685677
4732712908,804527024
4732712908,627673190
4732712908,352969903
4732712908,3360655815
4732712908,1016303431
4732712908,1150722620
4732712908,3199745237
4732712908,350163849
4732712908,41387382
4732712908,2233240370
4732712908,488573465
4732712908,450841569
4732712908,3102292899
4732712908,231703688
4732712908,885539280
4732712908,26561149
4732712908,18973489
4732712908,555359991
4732712908,31099411
4732712908,21390008
4732712908,60024840
4732712908,73480693
4732712908,30472798
4732712908,113606059
4732712908,116596951
4732712908,21294212
4732712908,1664919120
4732712908,72278923
4732712908,56457275
4732712908,2442476075
4732712908,16171953
4732712908,427885919
4732712908,17306424
4732712908,237241020
4732712908,38977171
4732712908,21204154
4732712908,61457123
4732712908,17595890
4732712908,21856114
4732712908,250311850
4732712908,23011527
4732712908,23132159
4732712908,2372379259
4732712908,151412125
4732712908,405123394
4732712908,50300579
4732712908,2657635503
4732712908,240872962
4732712908,20712514
4732712908,14746456
4732712908,20843014
4732712908,16854780
4732712908,111116063
4732712908,175083215
4732712908,4059928402
4732712908,232922891
4732712908,62896127
4732712908,2322739412
4732712908,19663485
4732712908,16951979
4732712908,526329170
4732712908,1155233203
4732712908,1039815788
4732712908,3010384528
4732712908,95693963
4732712908,20428049
4732712908,744067699
4732712908,794110602
4732712908,19398663
4732712908,19179687
4732712908,54880025
4732712908,21050755
4732712908,3040424454
4732712908,23837271
4732712908,3379067782
4732712908,1407892861
4732712908,21309551
4732712908,1362132925
4732712908,1023139638
4732712908,14856333
4732712908,19405367
4732712908,19247625
4732712908,185827887
4732712908,740336334
4732712908,136007061
4732712908,313913938
4732712908,224223563
4732712908,90836187
4732712908,1964571728
4732712908,304596944
4732712908,14562960
4732712908,3373791
4732712908,932429090
4732712908,550202880
4732712908,23263743
4732712908,27372234
4732712908,14872237
4732712908,28966604
4732712908,333534411
4732712908,113167208
4732712908,493469191
4732712908,26836094
4732712908,481440135
4732712908,225341947
4732712908,329789735
4732712908,344801362
4732712908,131004602
4732712908,126978294
4732712908,2811941773
4732712908,401566854
4732712908,412237956
4732712908,422868223
4732712908,3066070240
4732712908,505605766
4732712908,577466504
4732712908,727305176
4732712908,153067700
4732712908,596940844
4732712908,14317501
4732712908,33804533
4732712908,25704704
4732712908,540219772
4732712908,290762891
4732712908,923844500
4732712908,121167080
4732712908,115485051
4732712908,181637383
4732712908,454843106
4732712908,19033555
4732712908,21390437
4732712908,49781518
4732712908,19186180
4732712908,19490380
4732712908,155659213
4732712908,20164413
4732712908,19051022
4732712908,20448566
4732712908,19564523
4732712908,19394887
4732712908,66834664
