474235333,229193566
474235333,40872955
474235333,542680103
474235333,2693559204
474235333,267803587
474235333,503140755
474235333,218801945
474235333,9920562
474235333,41132073
474235333,70404511
474235333,157980214
474235333,3063861453
474235333,274145004
474235333,1907301103
474235333,2784304985
474235333,2784353835
474235333,157431387
474235333,485885985
474235333,2536784770
474235333,2912625905
474235333,2991955251
474235333,3096244845
474235333,791287230
474235333,123840635
474235333,63422408
474235333,259732148
474235333,214032204
474235333,2902058591
474235333,605312124
474235333,99946621
474235333,1174813058
474235333,453811670
474235333,49430094
474235333,90186360
474235333,196322410
474235333,120387031
474235333,123293237
474235333,2525708155
474235333,374751810
474235333,2933958443
474235333,613570431
474235333,1498783645
474235333,1266518029
474235333,2387940007
474235333,308599971
474235333,372186699
474235333,2903740144
474235333,1927923236
474235333,301001020
474235333,17287954
474235333,1351538676
474235333,594878796
474235333,2822483402
474235333,35465127
474235333,11559482
474235333,57411021
474235333,21110590
474235333,13957392
474235333,14073364
474235333,8383592
474235333,2284066573
474235333,575499163
474235333,12725862
474235333,872675798
474235333,1370772650
474235333,42374574
474235333,7788062
474235333,821259391
474235333,29994839
474235333,275962996
474235333,3221933128
474235333,596192833
474235333,2256676554
474235333,145536817
474235333,69235992
474235333,21230615
474235333,241209665
474235333,1192644307
474235333,233978509
474235333,510499013
474235333,2815383942
474235333,3319401585
474235333,1326653898
474235333,248119592
474235333,17112845
474235333,802952916
474235333,18519972
474235333,17940564
474235333,2507557358
474235333,22390043
474235333,50589015
474235333,311619290
474235333,14761795
474235333,1586501
474235333,18327902
474235333,10454572
474235333,33039483
474235333,82282572
474235333,3044776683
474235333,14293266
474235333,891055958
474235333,806850055
474235333,505623693
474235333,28207516
474235333,3378971819
474235333,492677033
474235333,18897186
474235333,268349503
474235333,397156975
474235333,260741931
474235333,23823699
474235333,353912475
474235333,27692596
474235333,83814679
474235333,16558943
474235333,60886384
474235333,22812734
474235333,465973
474235333,102680887
474235333,145062108
474235333,391701052
474235333,3241740251
474235333,3428019135
474235333,49413866
474235333,14885549
474235333,86590740
474235333,3308434169
474235333,2541195588
474235333,16097702
474235333,700365513
474235333,24752484
474235333,222953824
474235333,427475002
474235333,372575989
474235333,509021062
474235333,14251559
474235333,130649891
474235333,2811752183
474235333,1774511
474235333,18096679
474235333,18363533
474235333,40720843
474235333,20308111
474235333,14992326
474235333,246493616
474235333,13982132
474235333,15808647
474235333,926965098
474235333,10977192
474235333,1288778468
474235333,2472172578
474235333,25372760
474235333,422572351
474235333,2760793338
474235333,17072650
474235333,10078
474235333,14541402
474235333,5520332
474235333,2186695691
474235333,15307727
474235333,457680395
474235333,20924605
474235333,356821542
474235333,262652556
474235333,371735125
474235333,1528158793
474235333,938792065
474235333,3041118346
474235333,1356765606
474235333,1523009653
474235333,352982521
474235333,2702045630
474235333,22997944
474235333,17213400
474235333,80531573
474235333,89226136
474235333,1869348505
474235333,204365009
474235333,124714973
474235333,47573934
474235333,140027538
474235333,14128528
474235333,151106990
474235333,1687594752
474235333,2829464126
474235333,7761912
474235333,14639551
474235333,278262326
474235333,234673113
474235333,2856722823
474235333,255891748
474235333,31362562
474235333,47030292
474235333,1441291
474235333,26539166
474235333,107960690
474235333,16407746
474235333,418590420
474235333,342864030
474235333,2853329560
474235333,876531985
474235333,96994200
474235333,41086186
474235333,43918390
474235333,2422403311
474235333,844475851
474235333,624668875
474235333,1629244514
474235333,2352119012
474235333,247875833
474235333,518311705
474235333,116063765
474235333,14441849
474235333,297626682
474235333,377883179
474235333,22573
474235333,26974807
474235333,6806612
474235333,234786485
474235333,66998204
474235333,279144084
474235333,2893971
474235333,14763734
474235333,10876852
474235333,21208792
474235333,84351228
474235333,385430372
474235333,21334179
474235333,2255529122
474235333,14420299
474235333,244011154
474235333,35341530
474235333,3233199022
474235333,256108230
474235333,12456402
474235333,238436945
474235333,244437560
474235333,19557049
474235333,2372163481
474235333,80325905
474235333,26755501
474235333,24893449
474235333,29054405
474235333,87725458
474235333,1088979654
474235333,163961205
474235333,245323137
474235333,3195143310
474235333,936998017
474235333,168857946
474235333,15317462
474235333,33846451
474235333,24775410
474235333,19720395
474235333,41003633
474235333,611593608
474235333,51196455
474235333,229203595
474235333,5429882
474235333,264150997
474235333,362585949
474235333,108873448
474235333,14845783
474235333,254505959
474235333,324539863
474235333,240262628
474235333,11221722
474235333,497722127
474235333,9773412
474235333,75998143
474235333,33463103
474235333,1490687167
474235333,48466800
474235333,47955371
474235333,2803587655
474235333,466571567
474235333,326686576
474235333,104615636
474235333,22239898
474235333,71794616
474235333,22363802
474235333,76133
474235333,60642052
474235333,619225869
474235333,155823857
474235333,430207771
474235333,821176807
474235333,320140078
474235333,578390246
474235333,18487622
474235333,139980619
474235333,1731807673
474235333,1934361631
474235333,67100074
474235333,68119671
474235333,27257367
474235333,72531400
474235333,141005594
474235333,14834340
474235333,15865878
474235333,2969760609
474235333,115078642
474235333,377839201
474235333,94657978
474235333,2857907670
474235333,2863728977
474235333,70767121
474235333,2539676676
474235333,16300629
474235333,1520368280
474235333,2398110764
474235333,145637907
474235333,303823238
474235333,579940825
474235333,24758341
474235333,1966853138
474235333,109527103
474235333,237715569
474235333,3030545037
474235333,12881092
474235333,3021262131
474235333,133385126
474235333,17481977
474235333,300508137
474235333,6467332
474235333,88194305
474235333,2954987987
474235333,14224719
474235333,14281853
474235333,14291684
474235333,16596200
474235333,74422593
474235333,975627246
474235333,2392862702
474235333,351768179
474235333,932682973
474235333,56772461
474235333,95984800
474235333,74634814
474235333,2337328626
474235333,2458432322
474235333,17063830
474235333,90712779
474235333,90867587
474235333,341975809
474235333,621533
474235333,20517043
474235333,161706963
474235333,415803691
474235333,38174467
474235333,1706995182
474235333,3082822294
474235333,703186602
474235333,14933526
474235333,20064556
474235333,20225578
474235333,142991619
474235333,15820821
474235333,323809872
474235333,590001020
474235333,521246647
474235333,2749253150
474235333,462856853
474235333,2978233702
474235333,113491007
474235333,46078438
474235333,45577408
474235333,297967419
474235333,253490735
474235333,22282116
474235333,20424362
474235333,19017675
474235333,261782937
474235333,258834854
474235333,311986618
474235333,236395049
474235333,80802900
474235333,14700117
474235333,22159580
474235333,111411358
474235333,18020612
474235333,328634628
474235333,34374472
474235333,201226827
474235333,14933304
474235333,125270251
474235333,1225696320
474235333,153810216
474235333,19397942
474235333,19977759
474235333,16708655
474235333,15010349
474235333,61781260
474235333,103065157
474235333,28543847
474235333,19058678
474235333,15580900
474235333,14190551
474235333,115643685
474235333,1541364193
474235333,1114467960
474235333,2853949918
474235333,250561866
474235333,759532789
474235333,512242310
474235333,34541246
474235333,1022543810
474235333,388280458
474235333,43969788
474235333,845151852
474235333,1481814283
474235333,540895773
474235333,72098865
474235333,2613332162
474235333,1354570123
474235333,93709885
474235333,29577436
474235333,2162942852
474235333,329920941
474235333,100471877
474235333,1951080096
474235333,20840441
474235333,19590009
474235333,83590725
474235333,23199436
474235333,468640410
474235333,18020811
474235333,2414027864
474235333,2333313331
474235333,192993369
474235333,166100601
474235333,360090697
474235333,108036812
474235333,2415914930
474235333,21287636
474235333,41324441
474235333,109288334
474235333,378701621
474235333,1504008056
474235333,1035006728
474235333,275035317
474235333,2249291714
474235333,303885267
474235333,862812992
474235333,1870872692
474235333,2164572164
474235333,343937785
474235333,384873279
474235333,2370645258
474235333,1446296545
474235333,20143373
474235333,183622298
474235333,81838067
474235333,47350606
474235333,150557711
474235333,19287037
474235333,18022037
474235333,53347647
474235333,2380459082
474235333,2407860055
474235333,366103046
474235333,1499064463
474235333,2371094546
474235333,994734272
474235333,24864675
474235333,310158798
474235333,486107961
474235333,113467231
474235333,10410122
474235333,464853189
474235333,192988663
474235333,2227188306
474235333,1313814055
474235333,65322179
474235333,124989940
474235333,384251537
474235333,22627258
474235333,507688852
474235333,1311173616
474235333,1925066418
474235333,190620798
474235333,22844854
474235333,1958645540
474235333,794808
474235333,9517882
474235333,19232927
474235333,12593052
474235333,133490927
474235333,115462655
474235333,597498828
474235333,602632877
474235333,95613620
474235333,14599976
474235333,89675146
474235333,815109338
474235333,1971267481
474235333,46123918
474235333,381932497
474235333,106110469
474235333,21707498
474235333,522501686
474235333,310221185
474235333,914281548
474235333,18721034
474235333,32928571
474235333,20153975
474235333,819843415
474235333,34705879
474235333,835659450
474235333,29482320
474235333,472289510
474235333,32429400
474235333,17442320
474235333,39469049
474235333,55031092
474235333,236392736
474235333,103254650
474235333,38455020
474235333,42072558
474235333,625617955
474235333,1303402580
474235333,90014101
474235333,854441570
474235333,21111483
474235333,104777237
474235333,252625352
474235333,222400131
474235333,176788542
474235333,412299164
474235333,1048626774
474235333,19591600
474235333,23444635
474235333,25868679
474235333,79132152
474235333,40787074
474235333,471352210
474235333,589336079
474235333,135122873
474235333,620182875
474235333,62496954
474235333,628396879
474235333,85136881
474235333,41333290
474235333,143052851
474235333,561995743
474235333,104565358
474235333,14746456
474235333,948565483
474235333,1221643736
474235333,40871073
474235333,948552829
474235333,86719842
474235333,460064263
474235333,54988878
474235333,270839361
474235333,1309752961
474235333,318316637
474235333,269837351
474235333,847045045
474235333,88444470
474235333,454821447
474235333,371315536
474235333,243774203
474235333,76383375
474235333,92704636
474235333,455990355
474235333,523103648
474235333,28301234
474235333,381453862
474235333,19541556
474235333,163847606
474235333,25380551
474235333,34585384
474235333,328928353
474235333,1095378726
474235333,22681340
474235333,42593866
474235333,133770069
474235333,20399735
474235333,246295381
474235333,16345369
474235333,1108382916
474235333,25750390
474235333,18873086
474235333,517868035
474235333,37631360
474235333,20757050
474235333,28767771
474235333,38171370
474235333,27453467
474235333,886420428
474235333,98330202
474235333,37648891
474235333,377940978
474235333,153821177
474235333,35332405
474235333,601811574
474235333,1400804851
474235333,248706155
474235333,133272363
474235333,133330777
474235333,361944198
474235333,1612601184
474235333,218961972
474235333,24150634
474235333,737550788
474235333,409821692
474235333,1007256920
474235333,714138510
474235333,246196874
474235333,180540061
474235333,14808226
474235333,46083791
474235333,313294310
474235333,18681875
474235333,48737341
474235333,512345737
474235333,308382670
474235333,269895242
474235333,243203704
474235333,161351071
474235333,39450899
474235333,41795707
474235333,582076945
474235333,829093568
474235333,400037438
474235333,341398199
474235333,40044515
474235333,272931417
474235333,273109835
474235333,18677570
474235333,1371875510
474235333,857798702
474235333,29408230
474235333,522135735
474235333,1249695476
474235333,608020893
474235333,509288627
474235333,296139716
474235333,988965534
474235333,243097200
474235333,467556902
474235333,949468651
474235333,420475423
474235333,33154963
474235333,552676014
474235333,38152686
474235333,306115656
474235333,139661393
474235333,562091221
474235333,35760808
474235333,119361430
474235333,1557028850
474235333,306134959
474235333,1565809416
474235333,1598263500
474235333,233211498
474235333,1570754803
474235333,856010760
474235333,203027759
474235333,381540723
474235333,34578176
474235333,104528623
474235333,1536804174
474235333,166102184
474235333,88928275
474235333,1585889305
474235333,20980622
474235333,18512892
474235333,182404196
474235333,817575619
474235333,22004795
474235333,386630251
474235333,610994783
474235333,119434647
474235333,449951300
474235333,88184493
474235333,815107976
474235333,42590805
474235333,15255580
474235333,862795896
474235333,1030730444
474235333,28773799
474235333,304876789
474235333,469280888
474235333,1545333888
474235333,1605512862
474235333,460966881
474235333,505748969
474235333,218812123
474235333,268357486
474235333,1011129121
474235333,869894239
474235333,51031558
474235333,266031327
474235333,106426994
474235333,381021987
474235333,481964948
474235333,17487476
474235333,82068157
474235333,27054706
474235333,112474129
474235333,377976301
474235333,529247064
474235333,825369480
474235333,296253874
474235333,376819013
474235333,144238332
474235333,1525524354
474235333,477024981
474235333,19452793
474235333,441101681
474235333,84353216
474235333,1097681648
474235333,24899436
474235333,327249605
474235333,191779603
474235333,165786404
474235333,217749896
474235333,31177357
474235333,77963355
474235333,146426876
474235333,1004071460
474235333,17576181
474235333,39702320
474235333,380226093
474235333,384230182
474235333,1262422213
474235333,292869151
474235333,29969008
474235333,439699677
474235333,19593640
474235333,17675072
474235333,267794397
474235333,189082017
474235333,618165868
474235333,33465596
474235333,19067940
474235333,83466368
474235333,1014267936
474235333,16717501
474235333,499811217
474235333,25098482
474235333,52000483
474235333,80803819
474235333,610163202
474235333,304909941
474235333,621523
474235333,460005853
474235333,18949452
474235333,7278212
474235333,241601651
474235333,590152667
474235333,421894082
474235333,198618575
474235333,28804247
474235333,196994616
474235333,110009513
474235333,76033556
474235333,19161627
474235333,93687642
474235333,169426475
474235333,605583548
474235333,740424272
474235333,42863753
474235333,270850017
474235333,49129140
474235333,203044507
474235333,258790331
474235333,398672330
474235333,13201312
474235333,529159527
474235333,252531143
474235333,20228586
474235333,20596281
474235333,191849753
474235333,243541051
474235333,21528638
474235333,85184055
474235333,485027222
474235333,29963566
474235333,1249246681
474235333,16325467
474235333,254619863
474235333,420255268
474235333,141137711
474235333,1088593087
474235333,16600393
474235333,239101306
474235333,42018575
474235333,99914275
474235333,233130447
474235333,120109196
474235333,39155275
474235333,25509816
474235333,172442746
474235333,113064090
474235333,123550070
474235333,552509647
474235333,1933161
474235333,11911322
474235333,114382257
474235333,37296570
474235333,778057
474235333,234035533
474235333,579712891
474235333,102178698
474235333,252590140
474235333,16826367
474235333,34922663
474235333,19231330
474235333,291617459
474235333,118440658
474235333,318549253
474235333,70051392
474235333,231094495
474235333,12
474235333,6332292
474235333,24622734
474235333,590696439
474235333,94819640
474235333,51885045
474235333,17669950
474235333,20895318
474235333,399426344
474235333,1218272659
474235333,413839619
474235333,119134771
474235333,82912952
474235333,177555492
474235333,20237435
474235333,22904901
474235333,60052548
474235333,399420451
474235333,204816763
474235333,479390782
474235333,37891431
474235333,322529131
474235333,716640056
474235333,262298210
474235333,1374827906
474235333,280113430
474235333,92233525
474235333,1390017163
474235333,18336504
474235333,9234892
474235333,44019567
474235333,484841089
474235333,95631693
474235333,113583713
474235333,83611277
474235333,272401679
474235333,1137018775
474235333,439463212
474235333,569954111
474235333,198432070
474235333,42380944
474235333,77188782
474235333,271374990
474235333,827413622
474235333,465403556
474235333,378480926
474235333,19864682
474235333,22982441
474235333,108882900
474235333,19435245
474235333,252987054
474235333,1379066754
474235333,15473781
474235333,26228880
474235333,85794542
474235333,1294551798
474235333,324983207
474235333,95403486
474235333,512029333
474235333,366151355
474235333,43327610
474235333,16017475
474235333,5908622
474235333,116729780
474235333,111554274
474235333,50344099
474235333,129026706
474235333,107445818
474235333,93646309
474235333,13176752
474235333,156121420
474235333,321575853
474235333,743768472
474235333,239767060
474235333,714000438
474235333,443603333
474235333,166232522
474235333,22067244
474235333,456853552
474235333,115724250
474235333,106044009
474235333,29422232
474235333,199127861
474235333,539508404
474235333,15970050
474235333,19644592
474235333,16057813
474235333,216122857
474235333,115102341
474235333,227818863
474235333,6603812
474235333,307946560
474235333,36974428
474235333,38630618
474235333,282454805
474235333,277134948
474235333,18978192
474235333,142998242
474235333,1175221
474235333,17781692
474235333,376775023
474235333,254196211
474235333,93957809
474235333,25895750
474235333,24387417
474235333,42586014
474235333,177179008
474235333,380305658
474235333,140838527
474235333,126002279
474235333,167328296
474235333,103152299
474235333,1119834276
474235333,472043689
474235333,1227534121
474235333,16297777
474235333,113915931
474235333,25051152
474235333,263588855
474235333,429065822
474235333,1113993006
474235333,771383605
474235333,606349480
474235333,252491320
474235333,1171570106
474235333,886723075
474235333,200053080
474235333,30202381
474235333,522483667
474235333,900231078
474235333,404836757
474235333,252650780
474235333,48507794
474235333,14691032
474235333,455378815
474235333,19504290
474235333,524236790
474235333,1361319566
474235333,21786064
474235333,626653053
474235333,21050953
474235333,150677740
474235333,53033594
474235333,102918775
474235333,19358992
474235333,1390541958
474235333,622143743
474235333,40383081
474235333,193623549
474235333,103860864
474235333,36329597
474235333,36349838
474235333,102700680
474235333,66965573
474235333,191409618
474235333,112705411
474235333,168837276
474235333,22915582
474235333,19763668
474235333,72275541
474235333,108350352
474235333,493137511
474235333,11587032
474235333,249572808
474235333,23646603
474235333,156729839
474235333,38650557
474235333,23341062
474235333,89286622
474235333,21195865
474235333,97675703
474235333,371203921
474235333,563573148
474235333,1285599505
474235333,38444415
474235333,52009223
474235333,148281934
474235333,80532808
474235333,30360274
474235333,456599828
474235333,89163841
474235333,104782747
474235333,70664947
474235333,19206899
474235333,467581610
474235333,161404318
474235333,908032322
474235333,193301414
474235333,8761432
474235333,159950527
474235333,205315827
474235333,20610385
474235333,87939274
474235333,32323724
474235333,27001889
474235333,128874159
474235333,23339387
474235333,587517694
474235333,409813557
474235333,22933654
474235333,193235405
474235333,40022142
474235333,69578244
474235333,23340779
474235333,220070669
474235333,22066767
474235333,990630679
474235333,259636279
474235333,230849793
474235333,615011876
474235333,17404871
474235333,992741821
474235333,170722312
474235333,23339701
474235333,24355430
474235333,224572743
474235333,454779231
474235333,216327829
474235333,38200185
474235333,485841317
474235333,257408744
474235333,33885460
474235333,258413221
474235333,43407217
474235333,40891732
474235333,37643162
474235333,469977506
474235333,187508945
474235333,1060875528
474235333,92969084
474235333,920895180
474235333,299545910
474235333,613680871
474235333,39972060
474235333,466522217
474235333,415475621
474235333,27204646
474235333,192877061
474235333,39759883
474235333,43017642
474235333,17190576
474235333,60264136
474235333,169387991
474235333,25735272
474235333,17131762
474235333,182055312
474235333,1219031846
474235333,81163402
474235333,1155089689
474235333,112243365
474235333,112236047
474235333,816653
474235333,571194060
474235333,40425262
474235333,2890961
474235333,600130887
474235333,1344951
