48078538,93484066
48078538,4644839074
48078538,2193009746
48078538,54385975
48078538,47476545
48078538,53176453
48078538,284944250
48078538,563093420
48078538,1073567899
48078538,73546448
48078538,21420870
48078538,14183379
48078538,3102292899
48078538,291792721
48078538,851760818
48078538,3404100525
48078538,93847902
48078538,302204453
48078538,414026849
48078538,36826491
48078538,2765891751
48078538,21642787
48078538,19973332
48078538,60633332
48078538,990802033
48078538,4253260888
48078538,2812936934
48078538,22791558
48078538,19312050
48078538,14176375
48078538,34908602
48078538,4259432757
48078538,204832963
48078538,3266364020
48078538,190705200
48078538,4203391948
48078538,25150711
48078538,109301900
48078538,53149244
48078538,4164818543
48078538,70385068
48078538,230334531
48078538,22548639
48078538,20521915
48078538,360857182
48078538,19287037
48078538,373351368
48078538,14477865
48078538,126246730
48078538,3087106076
48078538,324274805
48078538,10799642
48078538,311256677
48078538,2907807622
48078538,338723099
48078538,20973069
48078538,3207450153
48078538,65055187
48078538,19136302
48078538,572470115
48078538,23263743
48078538,2307259380
48078538,20762598
48078538,4163899049
48078538,63136550
48078538,11922372
48078538,1560697424
48078538,14399076
48078538,2292454922
48078538,39658927
48078538,2784827119
48078538,29081625
48078538,1649830568
48078538,43317911
48078538,2969760609
48078538,5402612
48078538,15951863
48078538,2310116088
48078538,24688868
48078538,77826352
48078538,19247625
48078538,2442300531
48078538,113681243
48078538,475311020
48078538,2496668899
48078538,2445566707
48078538,1387117364
48078538,395388847
48078538,2988201131
48078538,22904901
48078538,113655522
48078538,1255030290
48078538,44139807
48078538,1362132925
48078538,197927483
48078538,43767463
48078538,311606579
48078538,35714762
48078538,1213751708
48078538,17626165
48078538,8884772
48078538,3962832268
48078538,31378530
48078538,59285496
48078538,14903044
48078538,87460291
48078538,742143
48078538,69329527
48078538,1968654061
48078538,70349639
48078538,14691720
48078538,40705534
48078538,50042649
48078538,2299830460
48078538,429013666
48078538,130670816
48078538,43183229
48078538,579686201
48078538,2584286726
48078538,311534515
48078538,24241544
48078538,17637572
48078538,19163946
48078538,23469895
48078538,20781929
48078538,20560841
48078538,3087068219
48078538,19334929
48078538,20978436
48078538,36392123
48078538,319677725
48078538,2960600541
48078538,22362992
48078538,3911134121
48078538,17440412
48078538,167399649
48078538,27669353
48078538,162089811
48078538,214125777
48078538,23316750
48078538,290263087
48078538,2539906562
48078538,2708829955
48078538,63860242
48078538,15615035
48078538,14758166
48078538,18944007
48078538,19674338
48078538,14946308
48078538,2435310141
48078538,63452015
48078538,14746456
48078538,162835938
48078538,22321740
48078538,555416759
48078538,19713622
48078538,22007357
48078538,2902138622
48078538,19415798
48078538,23455730
48078538,19472578
48078538,78998798
48078538,2197487762
48078538,2319296090
48078538,3694720161
48078538,3503220401
48078538,3208836797
48078538,193116688
48078538,1483024080
48078538,3145095700
48078538,243147791
48078538,31951741
48078538,19564284
48078538,454843106
48078538,17980026
48078538,224087884
48078538,106830010
48078538,21390674
48078538,22523863
48078538,3435362428
48078538,266712846
48078538,5988062
48078538,366665185
48078538,41903988
48078538,38767223
48078538,3040424454
48078538,385429064
48078538,18075140
48078538,1407892861
48078538,475703276
48078538,38882931
48078538,3129499773
48078538,1023139638
48078538,820097
48078538,19391470
48078538,21109992
48078538,19745586
48078538,19408645
48078538,324424572
48078538,23011527
48078538,258555730
48078538,1615685677
48078538,2210612108
48078538,391290162
48078538,55405408
48078538,20712514
48078538,14499517
48078538,584768795
48078538,135218588
48078538,21417835
48078538,51725794
48078538,3405792119
48078538,2182410638
48078538,52963
48078538,1690412382
48078538,972539582
48078538,46403196
48078538,30695265
48078538,68172834
48078538,986863256
48078538,29065962
48078538,17624543
48078538,224701480
48078538,547535342
48078538,19921389
48078538,26276346
48078538,3018812343
48078538,12429652
48078538,19033555
48078538,42485749
48078538,234332977
48078538,1010864635
48078538,55531506
48078538,392581941
48078538,289236542
48078538,562413977
48078538,14140055
48078538,2437340876
48078538,14395119
48078538,1327346862
48078538,231012631
48078538,1270507638
48078538,1218482390
48078538,1219752259
48078538,1212811453
48078538,71922638
48078538,1128535268
48078538,20825141
48078538,126918871
48078538,1048261087
48078538,19186180
48078538,180505807
48078538,17311493
48078538,136825593
48078538,23522050
48078538,57784140
48078538,219117339
48078538,233019751
48078538,30541899
48078538,58041962
48078538,188924619
48078538,131138098
48078538,144861272
48078538,883214245
48078538,19781853
48078538,21516550
48078538,58486714
48078538,325669046
48078538,133776691
48078538,997945178
48078538,713555504
48078538,117701079
48078538,123080844
48078538,189296676
48078538,219406074
48078538,384787366
48078538,131664180
48078538,26148794
48078538,17689173
48078538,272572985
48078538,31100630
48078538,12828322
48078538,25524832
48078538,18135386
48078538,20727234
48078538,48771741
48078538,41014792
48078538,17654273
48078538,21785791
48078538,19674652
48078538,20667204
48078538,19165467
48078538,21624322
48078538,19246359
48078538,20884910
48078538,34059567
48078538,23576483
48078538,55435693
48078538,29688273
48078538,16736293
48078538,45983200
48078538,50379405
48078538,103323590
48078538,105837552
48078538,15473972
48078538,15073547
48078538,46987286
48078538,10101522
48078538,25108041
48078538,37704943
48078538,46187804
48078538,81230883
48078538,19732375
48078538,91661116
48078538,53084381
48078538,22531295
48078538,22050893
48078538,15530798
48078538,22626630
48078538,70728601
48078538,19797695
48078538,70961291
48078538,70611818
48078538,48850221
48078538,12580762
48078538,72699440
48078538,29002671
48078538,46416092
48078538,20503897
48078538,29005342
48078538,57358095
48078538,49027758
48078538,44230659
48078538,47463910
48078538,56671106
48078538,19142616
48078538,12026062
48078538,57156774
48078538,22249286
48078538,31237480
48078538,8977972
48078538,31376474
48078538,22758236
48078538,52401068
48078538,51508262
48078538,20583023
48078538,14116327
48078538,14270254
48078538,3373791
48078538,21495291
48078538,40214654
48078538,50472762
48078538,15225158
48078538,33732224
48078538,22759858
48078538,26067140
48078538,17897245
48078538,20272860
48078538,10159762
48078538,14975487
48078538,21527369
48078538,19964864
48078538,19584222
48078538,25109223
48078538,51768533
48078538,22874178
48078538,21856254
48078538,19929847
48078538,19083439
48078538,22996693
48078538,14340984
48078538,47638845
48078538,40842545
48078538,24733898
48078538,16649119
48078538,28998415
48078538,16648052
48078538,45534851
48078538,29692853
48078538,31759310
48078538,31186289
48078538,40020707
48078538,23132739
48078538,32948822
48078538,47433640
48078538,23609829
48078538,22378878
48078538,21258827
48078538,18679780
48078538,19658123
48078538,21391918
48078538,19081531
48078538,17704727
48078538,24871986
48078538,20137281
48078538,35135794
48078538,40252296
48078538,25368442
48078538,43910366
48078538,35776021
48078538,23828759
48078538,19094859
