4825471829,2773634354
4825471829,3741092777
4825471829,637018860
4825471829,133209324
4825471829,4288506561
4825471829,2845561815
4825471829,4032993861
4825471829,4293418396
4825471829,2454160969
4825471829,4801047257
4825471829,2527274589
4825471829,3397566375
4825471829,3438477111
4825471829,4260962873
4825471829,3933402437
4825471829,3948982823
4825471829,4576673063
4825471829,2446410511
4825471829,3796951097
4825471829,3582445941
4825471829,3377927321
4825471829,459612808
4825471829,3793729155
4825471829,3424692689
4825471829,3370217051
4825471829,3818353161
4825471829,2664519902
4825471829,2836059233
4825471829,2429603114
4825471829,3975484816
4825471829,3298285409
4825471829,2875562350
4825471829,3416602845
4825471829,4591023495
4825471829,1367745368
4825471829,2966464485
4825471829,3374048097
4825471829,66780587
4825471829,2479564871
4825471829,2923278936
4825471829,2148073772
4825471829,497034778
4825471829,2911664673
4825471829,3395953330
4825471829,252754414
4825471829,3055598061
4825471829,1191734442
4825471829,331342500
4825471829,1273812235
4825471829,2850341296
4825471829,3174247462
4825471829,1107135678
4825471829,2610867602
4825471829,479582694
4825471829,3437219182
4825471829,3403347076
4825471829,796933117
4825471829,3378997781
4825471829,1008357019
4825471829,2201978431
4825471829,3123956673
4825471829,2904542889
4825471829,3688732457
4825471829,3226723011
4825471829,280640439
4825471829,2381306574
4825471829,3334665935
4825471829,2989044387
4825471829,3065809366
4825471829,2960859940
4825471829,3139084557
4825471829,3368466807
4825471829,2784579255
4825471829,2993558909
4825471829,2545079719
4825471829,2907895282
4825471829,2872681421
4825471829,3038150800
4825471829,324446061
4825471829,3419004490
4825471829,16334724
4825471829,1604041994
4825471829,3087786760
4825471829,4195889512
4825471829,3207697427
4825471829,3376932196
4825471829,3481695053
4825471829,3348196006
4825471829,3365043622
4825471829,3735999496
4825471829,3318092811
4825471829,1286023620
4825471829,2241768390
4825471829,3429009759
4825471829,1627122865
4825471829,2836170473
4825471829,3318949397
4825471829,3248120237
4825471829,2505965912
4825471829,1853013750
4825471829,1472796822
4825471829,3367012821
4825471829,3731306932
4825471829,3949482454
4825471829,2514235717
4825471829,3299578264
4825471829,3234329105
4825471829,2909393979
4825471829,2741108036
4825471829,3940860683
4825471829,920143392
4825471829,3534105917
4825471829,3386571328
4825471829,3213395111
4825471829,3376415429
4825471829,2935503363
4825471829,2928467164
4825471829,2911414618
4825471829,2826441116
4825471829,3177706877
4825471829,3435688065
4825471829,367392707
4825471829,3400841403
4825471829,423071130
4825471829,1265653884
4825471829,3054435399
4825471829,3106067151
4825471829,851940860
4825471829,2337605448
4825471829,3044331748
4825471829,3413174500
4825471829,3350228596
4825471829,2978919405
4825471829,1775748552
4825471829,3077151650
4825471829,3433238392
4825471829,3301759095
4825471829,2342417659
4825471829,2149898438
4825471829,1572161544
4825471829,384750535
4825471829,3430068377
4825471829,2911406525
4825471829,3394836921
4825471829,2892376648
4825471829,2984269408
4825471829,715202894
4825471829,3044477830
4825471829,1623876848
4825471829,1157492906
4825471829,2325988351
4825471829,3243692236
4825471829,3349627821
4825471829,3177194477
4825471829,349253276
4825471829,3000686955
4825471829,3335823987
4825471829,2782792939
4825471829,3301246708
4825471829,3755189301
4825471829,1227920058
4825471829,2153397356
4825471829,3291368040
4825471829,3133839489
4825471829,2907191069
4825471829,3165039549
4825471829,3217882205
4825471829,2870967028
4825471829,2573486005
4825471829,3665712797
4825471829,2786097298
4825471829,2857283908
4825471829,3611023643
4825471829,2900934391
4825471829,2678149604
4825471829,3257842791
4825471829,898300604
4825471829,18730634
4825471829,3003882449
4825471829,1074172226
4825471829,3033649165
4825471829,2654247482
4825471829,3996628095
4825471829,2579483666
4825471829,3316660721
4825471829,908844871
4825471829,1007882192
4825471829,3060211825
4825471829,882863239
4825471829,876742681
4825471829,1107307519
4825471829,2968065633
4825471829,2834288231
4825471829,3174471461
4825471829,226683054
4825471829,2753257262
4825471829,3003706738
4825471829,834867632
4825471829,3041671091
4825471829,2324638122
4825471829,3240472911
4825471829,2687816696
4825471829,3033390560
4825471829,3171372609
4825471829,2864016401
4825471829,3385332051
4825471829,2949690351
4825471829,2464535364
4825471829,3077948661
4825471829,2361533238
4825471829,2973457204
4825471829,448530761
4825471829,3158216630
4825471829,2840849387
4825471829,3133455547
4825471829,2990734757
4825471829,3026897582
4825471829,10122672
4825471829,2975906627
4825471829,3292072630
4825471829,3414034767
4825471829,3311941263
4825471829,3087579842
4825471829,2894680551
4825471829,3007813768
4825471829,105961714
4825471829,3219101799
4825471829,3312118012
4825471829,3048720826
4825471829,3474781047
4825471829,2884639509
4825471829,3406571663
4825471829,3008830869
4825471829,3323410563
4825471829,3210142817
4825471829,2583910926
4825471829,2595976850
4825471829,3397424603
4825471829,3202489535
4825471829,2209543814
4825471829,333081796
4825471829,3312020339
4825471829,3335799802
4825471829,2980797899
4825471829,3197699811
4825471829,3048609889
4825471829,3353359579
4825471829,2841228934
4825471829,2280042655
4825471829,3295451727
4825471829,2735587354
4825471829,3070228179
4825471829,2305451048
4825471829,3436182640
4825471829,1864865708
4825471829,4246686028
4825471829,4722942259
4825471829,3112641909
4825471829,3907046012
4825471829,2553276656
4825471829,3309008818
4825471829,3948914717
4825471829,2982098075
4825471829,4398854063
4825471829,3305716995
4825471829,3987843747
4825471829,3131490191
4825471829,3349273498
4825471829,3048081158
4825471829,2906821641
4825471829,857026597
4825471829,3064566587
4825471829,3488881037
4825471829,242422259
4825471829,2850132977
4825471829,2976973816
4825471829,2591869550
4825471829,2872726377
4825471829,2860710605
4825471829,74438629
4825471829,2900903931
4825471829,1239601914
4825471829,2790877664
4825471829,2432470903
4825471829,3377675699
4825471829,2379370760
4825471829,14623674
4825471829,2863737925
4825471829,177759965
4825471829,3312327807
4825471829,3094342941
4825471829,1060858688
4825471829,3317545391
4825471829,1898396862
4825471829,3241844771
4825471829,3112386993
4825471829,1872266460
4825471829,1563740516
4825471829,2832060488
4825471829,21139804
4825471829,90727874
4825471829,881117228
4825471829,3031582929
4825471829,3245539720
4825471829,3115720222
4825471829,2873079965
4825471829,2426579821
4825471829,483335076
4825471829,2418114344
4825471829,2600248333
4825471829,2835550666
4825471829,876779844
4825471829,867784374
4825471829,1137943082
4825471829,2402263189
4825471829,3214450883
4825471829,3027104555
4825471829,2898855587
4825471829,3026433976
4825471829,1551059834
4825471829,2813202073
4825471829,2848411384
4825471829,2798074077
4825471829,2789711200
4825471829,3058595613
4825471829,2747451977
4825471829,3242727093
4825471829,994327712
4825471829,3950667700
4825471829,2932873503
4825471829,2893775367
4825471829,2902948876
4825471829,2721547226
4825471829,3987593549
4825471829,1678944354
4825471829,2882984195
4825471829,2915553825
4825471829,1111836524
4825471829,2910147862
4825471829,2859511143
4825471829,2779729181
4825471829,2845236022
4825471829,2917970405
4825471829,3998418683
4825471829,3344929869
4825471829,2990801423
4825471829,2903244909
4825471829,2934434819
4825471829,2970605625
4825471829,616676929
4825471829,626182406
4825471829,301297040
4825471829,212037498
4825471829,2335936926
4825471829,487185591
4825471829,2434004871
4825471829,2872672259
4825471829,2287148827
4825471829,2980126893
4825471829,472032847
4825471829,3241017400
4825471829,2799253049
4825471829,433695904
4825471829,2919905260
4825471829,3372421379
4825471829,3827631556
4825471829,2931446890
4825471829,2920399451
4825471829,2906674571
4825471829,1970299884
4825471829,2597011975
4825471829,3871751002
4825471829,1158314971
4825471829,2512883976
4825471829,2297138815
4825471829,1594788589
4825471829,1716905046
4825471829,636305381
4825471829,1311719257
4825471829,755909622
4825471829,2981872762
4825471829,1462635967
4825471829,1428716210
4825471829,1201470318
4825471829,2355296521
4825471829,2581003874
4825471829,1112299663
4825471829,1315596187
4825471829,4780457320
4825471829,1068796111
4825471829,1643458758
4825471829,3398827299
4825471829,3309802120
4825471829,2771885692
4825471829,3069012231
4825471829,501289812
4825471829,3087719788
4825471829,3008083805
4825471829,3031716144
4825471829,3030152214
4825471829,1689258756
4825471829,3177857075
4825471829,2865819106
4825471829,2742466402
4825471829,3091480845
4825471829,3239132746
4825471829,3108041667
4825471829,3389837741
4825471829,4459360235
4825471829,2687928348
4825471829,2571552694
4825471829,2890667171
4825471829,2586263755
4825471829,3940951463
4825471829,2854057473
4825471829,2828537792
4825471829,2931336021
4825471829,3024861611
4825471829,3764410222
4825471829,2974086047
4825471829,1064778068
4825471829,851421444
4825471829,1403788759
4825471829,3339240873
4825471829,3950968703
4825471829,3393169931
4825471829,3035528109
4825471829,13982132
4825471829,1864461788
4825471829,2982961941
4825471829,3423075701
4825471829,3208406547
4825471829,3225599566
4825471829,30331404
4825471829,7224702
4825471829,18743550
4825471829,2877186956
4825471829,1620892752
4825471829,2307152137
4825471829,1037764116
4825471829,2575658785
4825471829,3882784775
4825471829,125644689
4825471829,700590137
4825471829,4321036799
4825471829,3031863081
4825471829,2970663849
4825471829,3214973206
4825471829,382253381
4825471829,302722503
4825471829,3343287359
4825471829,3328310902
4825471829,1914392148
4825471829,23462787
4825471829,3104825651
4825471829,1239385687
4825471829,3343225043
4825471829,3864750928
4825471829,158865339
4825471829,22424763
4825471829,255098607
4825471829,536720993
4825471829,3299645447
4825471829,2973709541
4825471829,3298659267
4825471829,3723792861
4825471829,179721040
4825471829,2750635995
4825471829,3208002460
4825471829,3347048469
4825471829,3930795352
4825471829,621523
4825471829,18949452
4825471829,4210229295
4825471829,20096370
4825471829,16184358
4825471829,15110357
4825471829,34713362
4825471829,20562637
4825471829,278691695
4825471829,25053299
4825471829,14800270
4825471829,2800292898
4825471829,2735591
4825471829,27801361
4825471829,2646621524
4825471829,31373904
4825471829,16896485
4825471829,91478624
4825471829,295932016
4825471829,15327565
4825471829,19407053
4825471829,3303423797
4825471829,2753311340
4825471829,2588804713
4825471829,2289784381
4825471829,591938222
4825471829,2591667288
4825471829,468583731
4825471829,16228398
4825471829,16225240
4825471829,2659386806
4825471829,36728196
4825471829,438030643
4825471829,538579715
4825471829,1084696562
4825471829,1472766776
4825471829,2780686921
4825471829,32002507
4825471829,292781708
4825471829,1901197129
4825471829,401775393
4825471829,39275966
4825471829,84281104
4825471829,38237581
4825471829,31869934
4825471829,468960732
4825471829,41330603
4825471829,187897893
4825471829,1065953456
4825471829,487118986
4825471829,14258807
4825471829,428333
4825471829,4188708107
4825471829,2587566553
4825471829,1367531
4825471829,14173315
4825471829,15012486
4825471829,28785486
4825471829,2097571
4825471829,87416722
4825471829,90735643
4825471829,7587032
4825471829,612473
4825471829,19626386
4825471829,4898091
4825471829,30945830
4825471829,788524
4825471829,25494975
4825471829,14293310
4825471829,5988062
4825471829,87818409
4825471829,5402612
4825471829,742143
4825471829,3108351
4825471829,1652541
4825471829,51241574
4825471829,759251
4825471829,2467791
4825471829,807095
4825471829,14075928
4825471829,19697415
4825471829,2317351705
4825471829,316389142
4825471829,158414847
4825471829,34036028
4825471829,16303106
4825471829,40019154
4825471829,2848375214
4825471829,3169818761
4825471829,16548023
4825471829,26053643
4825471829,16632149
4825471829,16632219
4825471829,15485441
4825471829,16631331
4825471829,1273338348
4825471829,18679659
4825471829,115485051
4825471829,264107729
4825471829,439125710
4825471829,403245020
4825471829,403255314
4825471829,56783491
4825471829,120855752
4825471829,268414482
4825471829,403246803
4825471829,21111883
4825471829,2165406052
4825471829,3754394594
4825471829,2344126993
4825471829,105119490
4825471829,209708391
4825471829,176566242
4825471829,4099283164
4825471829,4730531731
4825471829,158314798
4825471829,4736714116
4825471829,1454251626
4825471829,4719262818
4825471829,84279963
4825471829,4744350596
4825471829,4430081813
4825471829,2657413002
4825471829,3083860706
4825471829,181561712
4825471829,2858652221
4825471829,464139666
4825471829,234770365
4825471829,426951343
4825471829,411112055
4825471829,32904973
4825471829,4726709904
4825471829,4755679583
4825471829,216830711
4825471829,405019482
4825471829,221799766
4825471829,112289040
4825471829,1117614684
4825471829,2535331199
4825471829,23578046
4825471829,3386063434
4825471829,3403352272
4825471829,112457675
4825471829,4722851360
4825471829,4735308802
4825471829,4754923529
4825471829,272561314
4825471829,174416608
4825471829,1949930600
4825471829,4705129834
4825471829,2963456819
4825471829,167714664
4825471829,4646966783
4825471829,4797714292
4825471829,4578393262
4825471829,4732889608
4825471829,3264525900
4825471829,397906046
4825471829,1607068166
4825471829,4719395663
4825471829,560033532
4825471829,3039127270
4825471829,4721542589
4825471829,3503219183
4825471829,184013075
4825471829,4390665975
4825471829,4448778627
4825471829,4717770031
4825471829,1247735155
4825471829,3818680993
4825471829,3900784805
4825471829,2737572557
4825471829,4705178427
4825471829,4794038068
4825471829,631747865
4825471829,2808669016
4825471829,4737553019
4825471829,4804782819
4825471829,2289199447
4825471829,4126015277
4825471829,4468532783
4825471829,291731428
4825471829,4742034802
4825471829,4819758339
4825471829,346702436
4825471829,4756872677
4825471829,4733844834
4825471829,4746969933
4825471829,4744640692
4825471829,3885605958
4825471829,4719043892
4825471829,2988130295
4825471829,4731368838
4825471829,2244308428
4825471829,4729508061
4825471829,4613744180
4825471829,19722435
4825471829,944371758
4825471829,4721605460
4825471829,3251300439
4825471829,4651926134
4825471829,2501874385
4825471829,182721799
4825471829,3284153682
4825471829,3515357835
4825471829,498914215
4825471829,4568846543
4825471829,3351266865
4825471829,12497362
4825471829,303707600
4825471829,59799522
4825471829,17980026
4825471829,485677780
4825471829,359515048
4825471829,2268716400
4825471829,269716042
4825471829,145668086
4825471829,366615527
4825471829,82579152
4825471829,17827029
4825471829,17062937
4825471829,17260980
4825471829,101664884
4825471829,17540625
4825471829,17087110
4825471829,222225064
4825471829,17306424
4825471829,17214382
4825471829,28828224
4825471829,104205059
4825471829,30684725
4825471829,19784606
4825471829,24914644
4825471829,14583958
4825471829,19451823
4825471829,14691720
4825471829,389991462
4825471829,14354145
4825471829,57157922
4825471829,339064364
4825471829,23686766
4825471829,15677513
4825471829,116596951
4825471829,20717237
4825471829,21409325
4825471829,20044737
4825471829,27486706
4825471829,60751490
4825471829,19405396
4825471829,19875072
4825471829,771383605
4825471829,20609141
4825471829,948552829
4825471829,63218040
4825471829,1662057727
4825471829,24783322
4825471829,19472578
4825471829,22473054
4825471829,238681991
4825471829,14746456
4825471829,19713622
4825471829,301697842
4825471829,1615685677
4825471829,123754656
4825471829,21138477
4825471829,44609080
4825471829,17693232
4825471829,20164477
4825471829,18600155
4825471829,19292033
4825471829,22384691
4825471829,3483917657
4825471829,23694165
4825471829,17159484
4825471829,3310571
4825471829,898418228
4825471829,17063215
4825471829,14208199
4825471829,21324165
4825471829,14607522
4825471829,18758902
4825471829,34076997
4825471829,21905142
4825471829,224284480
4825471829,26266891
4825471829,2043041
4825471829,19686295
4825471829,18135386
4825471829,73265463
4825471829,20809515
4825471829,15005991
4825471829,20712514
4825471829,19264748
4825471829,21510894
4825471829,20583613
4825471829,98165330
4825471829,232922891
4825471829,21424725
4825471829,62896127
4825471829,56093343
4825471829,21492030
4825471829,51500961
4825471829,63961281
4825471829,17169390
4825471829,206847322
4825471829,153163131
4825471829,66834664
4825471829,17087162
4825471829,237241020
4825471829,20448566
4825471829,60024840
4825471829,38977171
4825471829,19396347
4825471829,21204154
4825471829,90891909
4825471829,61457123
4825471829,17595890
4825471829,16951979
4825471829,352686923
4825471829,24566469
4825471829,31099411
4825471829,19663485
4825471829,3751062796
4825471829,30472798
4825471829,95693963
4825471829,21390008
4825471829,20428049
4825471829,21294212
4825471829,113606059
4825471829,47589786
4825471829,20164413
4825471829,2299367423
4825471829,891466268
4825471829,54880025
4825471829,2310116088
4825471829,2236607947
4825471829,16349463
4825471829,783204546
4825471829,98957692
4825471829,304869811
4825471829,21050755
4825471829,19108238
4825471829,1270650481
4825471829,34304970
4825471829,3087127611
4825471829,396609534
4825471829,40266854
4825471829,54078222
4825471829,3467765950
4825471829,1494258350
4825471829,2372148703
4825471829,824153233
4825471829,415558547
4825471829,3018812343
4825471829,1382404544
4825471829,21890926
4825471829,264164654
4825471829,169913609
4825471829,20973069
4825471829,22900663
4825471829,4634929581
4825471829,22480199
4825471829,17118292
4825471829,19106722
4825471829,1385049799
4825471829,449857467
4825471829,1912117148
4825471829,461393205
4825471829,366665185
4825471829,1663338932
4825471829,14389761
4825471829,4076045825
4825471829,301631989
4825471829,2932759888
4825471829,18944007
4825471829,113714309
4825471829,2443723459
4825471829,2164968990
4825471829,22204459
4825471829,2976771850
4825471829,42469553
4825471829,28089873
4825471829,55051675
4825471829,930669439
4825471829,6346082
4825471829,787950086
4825471829,32420106
4825471829,3092058627
4825471829,363370721
4825471829,204422438
4825471829,18847920
4825471829,331707065
4825471829,2294735010
4825471829,563093420
4825471829,215084558
4825471829,508678165
4825471829,14903044
4825471829,21648020
4825471829,20676778
4825471829,55655615
4825471829,268208070
4825471829,15615035
4825471829,3044956761
4825471829,24399244
4825471829,2442300531
4825471829,292204879
4825471829,581005574
4825471829,105898722
4825471829,12323012
4825471829,956257758
4825471829,3178162343
4825471829,23132159
4825471829,38767223
4825471829,19184818
4825471829,2812936934
4825471829,909774924
4825471829,46040232
4825471829,3031378642
4825471829,1589634168
4825471829,25150711
4825471829,2389401762
4825471829,2190831163
4825471829,52185601
4825471829,37431353
4825471829,91832452
4825471829,200066875
4825471829,14361633
4825471829,71868160
4825471829,398064722
4825471829,19001894
4825471829,396894374
4825471829,1536087474
4825471829,16490124
4825471829,171261225
4825471829,64788246
4825471829,555416759
4825471829,75511224
4825471829,69663389
4825471829,1255030290
4825471829,3373791
4825471829,1845968514
4825471829,19393233
4825471829,249869615
4825471829,11778572
4825471829,754108867
4825471829,19044557
4825471829,3355587790
4825471829,1030694869
4825471829,19932481
4825471829,2699519000
4825471829,1226337714
4825471829,2876650035
4825471829,455733199
4825471829,19534202
4825471829,24733102
4825471829,1020848227
4825471829,80691846
4825471829,2668958462
4825471829,3044738957
4825471829,25268679
4825471829,114033939
4825471829,4191557294
4825471829,113655522
4825471829,69034554
4825471829,136271609
4825471829,757775772
4825471829,21079101
4825471829,132031651
4825471829,201812923
4825471829,21769623
4825471829,21505490
4825471829,21856254
4825471829,22904901
4825471829,23106525
4825471829,1317221562
4825471829,46387635
4825471829,34423857
4825471829,96798117
4825471829,10799642
4825471829,291557868
4825471829,3054743691
4825471829,18101982
4825471829,298360697
4825471829,23565726
4825471829,21259023
4825471829,613412461
4825471829,1183584528
4825471829,47476545
4825471829,111887189
4825471829,92088399
4825471829,47930935
4825471829,39145982
4825471829,2193009746
4825471829,2263571841
4825471829,20717438
4825471829,377008435
4825471829,17624543
4825471829,14183379
4825471829,17624959
4825471829,23011527
4825471829,82235906
4825471829,154023356
4825471829,346895264
4825471829,122178701
4825471829,382632147
4825471829,20627896
4825471829,1252917283
4825471829,19716315
4825471829,48750532
4825471829,360230512
4825471829,1957554378
4825471829,19450907
4825471829,40705534
4825471829,191091360
4825471829,23837271
4825471829,543043594
4825471829,90183755
4825471829,227802983
4825471829,607512248
4825471829,794110602
4825471829,74473873
4825471829,25573099
4825471829,1435291280
4825471829,218653131
4825471829,238327175
4825471829,79147813
4825471829,153763519
4825471829,21527369
4825471829,541151348
4825471829,20549270
4825471829,634024501
4825471829,2599831086
4825471829,1238897528
4825471829,3292887179
4825471829,14426349
4825471829,59102196
4825471829,19458129
4825471829,542923119
4825471829,258494221
4825471829,19092699
4825471829,2478436797
4825471829,19612753
4825471829,190470663
4825471829,2174252699
4825471829,19964864
4825471829,24246633
4825471829,86406337
4825471829,2907870629
4825471829,266712846
4825471829,391306391
4825471829,304329674
4825471829,15846407
4825471829,2993476936
4825471829,28452495
4825471829,1889832038
4825471829,19674338
4825471829,2266449391
4825471829,47622979
4825471829,4331593455
4825471829,4692781514
4825471829,15951863
4825471829,1483024080
4825471829,97255485
4825471829,155913407
4825471829,19179687
4825471829,66359307
4825471829,24688868
4825471829,188242820
4825471829,438296720
4825471829,500626804
4825471829,361376201
4825471829,38275780
4825471829,17440412
4825471829,544980546
4825471829,2528768236
4825471829,2391405331
4825471829,1412720658
4825471829,53084381
4825471829,3293957261
4825471829,15867973
4825471829,20009338
4825471829,48516549
4825471829,102716130
4825471829,833137830
4825471829,264230483
4825471829,51566870
4825471829,61610578
4825471829,16193162
4825471829,1598558840
4825471829,1407892861
4825471829,2754268514
4825471829,328990309
4825471829,197927483
4825471829,717874436
4825471829,3040424454
4825471829,163982176
4825471829,85304883
4825471829,2233335530
4825471829,105390756
4825471829,3308043171
4825471829,4606430308
4825471829,847706929
4825471829,3315276470
4825471829,3306446241
4825471829,2761366366
4825471829,1355664060
4825471829,19924104
4825471829,1569137946
4825471829,2420131502
4825471829,36744940
4825471829,25138194
4825471829,85831083
4825471829,148442216
4825471829,24802436
4825471829,17230832
4825471829,21346939
4825471829,16328167
4825471829,4143348913
4825471829,2386693493
4825471829,289968574
4825471829,2561989429
4825471829,1132051164
4825471829,2374624111
4825471829,1023785498
4825471829,871335726
4825471829,2268690548
4825471829,3303824782
4825471829,3104734329
4825471829,2525750942
4825471829,2990977423
4825471829,1391027346
4825471829,105099425
4825471829,4618040489
4825471829,2619956187
4825471829,2785368477
4825471829,4282525754
4825471829,4608572177
4825471829,929543910
4825471829,826890624
4825471829,3227698278
4825471829,4587270802
4825471829,3290107665
4825471829,4080778531
4825471829,897306134
4825471829,2572886074
4825471829,194569649
4825471829,236346272
4825471829,4549121933
4825471829,205199096
4825471829,2309294342
4825471829,4332253665
4825471829,3741876621
4825471829,4695059120
4825471829,4386093497
4825471829,2957732800
4825471829,4748251523
4825471829,2229081637
4825471829,4693826312
4825471829,3025900581
4825471829,562676167
4825471829,114733616
4825471829,592161372
4825471829,1275981505
4825471829,4672731854
4825471829,3231529579
4825471829,3555727397
4825471829,4558824821
4825471829,3363744586
4825471829,2706749544
4825471829,4547786245
4825471829,543427031
4825471829,4325536276
4825471829,3184182779
4825471829,26123182
4825471829,182384817
4825471829,1375860338
4825471829,1329771756
4825471829,248482989
4825471829,87403396
4825471829,3815694312
4825471829,4143385333
4825471829,2967423887
4825471829,4685845272
4825471829,398770067
4825471829,2687970072
4825471829,360448172
4825471829,248100395
4825471829,4667465534
4825471829,2833063648
4825471829,4638328769
4825471829,4126024349
4825471829,741637770
4825471829,2272670730
4825471829,1902631015
4825471829,4405229073
4825471829,4370417475
4825471829,4108687754
4825471829,2770535861
4825471829,4673117718
4825471829,89851579
4825471829,4760754254
4825471829,4351041333
4825471829,1041912878
4825471829,212057007
4825471829,2886797560
4825471829,4743121162
4825471829,4754544976
4825471829,4384052295
4825471829,4419937581
4825471829,3246513592
4825471829,4713916461
4825471829,4268512475
4825471829,4535150026
4825471829,4637752036
4825471829,4260851779
4825471829,4701013321
4825471829,4725110795
4825471829,3606113715
4825471829,3108804255
4825471829,947839411
4825471829,261244920
4825471829,1005283166
4825471829,4720202892
4825471829,193174573
4825471829,325448357
4825471829,4738921880
4825471829,3373773432
4825471829,4662673815
4825471829,3369692559
4825471829,84217658
4825471829,191564118
4825471829,3121099811
4825471829,1945085910
4825471829,3814179737
4825471829,1065695678
4825471829,4638341258
4825471829,2769244400
4825471829,3222073316
4825471829,4690079952
4825471829,4769355497
4825471829,361975111
4825471829,3957920723
4825471829,3595962673
4825471829,132577087
4825471829,91391633
4825471829,4700980406
4825471829,4756395269
4825471829,3925717942
4825471829,3246325095
4825471829,4636431502
4825471829,4742700223
4825471829,1699435004
4825471829,4772061796
4825471829,161941429
4825471829,4500991402
4825471829,4612348821
4825471829,3069117419
4825471829,4750464651
4825471829,4768781362
4825471829,4706485876
4825471829,4063885757
4825471829,3944922375
4825471829,407415172
4825471829,3430081840
4825471829,4754898555
4825471829,2733863795
4825471829,237561266
4825471829,99536886
4825471829,2408001956
4825471829,870880830
4825471829,4767026297
4825471829,749518148
4825471829,134901569
4825471829,4409750007
4825471829,267622305
4825471829,4330502833
4825471829,4534818814
4825471829,4794759316
4825471829,2904778896
4825471829,942595022
4825471829,4745246172
4825471829,3070984712
4825471829,276918379
4825471829,2404840614
4825471829,3327875120
4825471829,4114391479
4825471829,615518237
4825471829,330822787
4825471829,120396067
4825471829,4808727227
4825471829,4717081560
4825471829,4760589612
4825471829,4790351728
4825471829,2310578996
4825471829,360771401
4825471829,172863320
4825471829,603519225
4825471829,4062930923
4825471829,3598111397
4825471829,4737028291
4825471829,4766808035
4825471829,2907846994
4825471829,4183704267
4825471829,4715695523
4825471829,4560593657
4825471829,2440935655
4825471829,421354274
4825471829,4707862817
4825471829,4768127357
4825471829,985717022
4825471829,2174395675
4825471829,3369320289
4825471829,4743365295
4825471829,4630679713
4825471829,4342012654
4825471829,4765408213
4825471829,173606855
4825471829,546144049
4825471829,4818068429
4825471829,4817968583
4825471829,3246413741
4825471829,4572135111
4825471829,4572387322
4825471829,3779864307
4825471829,4770117991
4825471829,3161019538
4825471829,1964214510
4825471829,4686535848
4825471829,4698065323
4825471829,4658808397
4825471829,4766188105
4825471829,4725720797
4825471829,4658171603
4825471829,3638083695
4825471829,2198892278
4825471829,4476025840
4825471829,4509131895
4825471829,3234512761
4825471829,4429861092
4825471829,4822056683
4825471829,4003377219
4825471829,4401182003
4825471829,257211828
4825471829,4748755289
4825471829,3073862693
4825471829,2850688181
4825471829,4777207094
4825471829,4752627196
4825471829,973520702
4825471829,4561130745
4825471829,3545228354
4825471829,4824277090
4825471829,4468347441
4825471829,711601865
4825471829,69374550
4825471829,370074791
4825471829,541023928
4825471829,25152422
4825471829,167399649
4825471829,2874951671
4825471829,2435310141
4825471829,229075280
4825471829,21900859
4825471829,2303806447
4825471829,2305446662
4825471829,73480693
4825471829,575593223
4825471829,442204983
4825471829,21438024
4825471829,864541693
4825471829,2950049757
4825471829,43767463
4825471829,14660826
4825471829,255240646
4825471829,2970094888
4825471829,2869790291
4825471829,813909716
4825471829,17311493
4825471829,1336605338
4825471829,22903765
4825471829,3323200955
4825471829,94081671
4825471829,18973489
4825471829,165010801
4825471829,2497708617
4825471829,20766350
4825471829,2533489015
4825471829,376255141
4825471829,2249951831
4825471829,1235632694
4825471829,122354696
4825471829,3097620646
4825471829,14166909
4825471829,302727821
4825471829,62065567
4825471829,50300579
4825471829,24784028
4825471829,23671297
4825471829,34549808
4825471829,243404422
4825471829,21407241
4825471829,1193059748
4825471829,151594194
4825471829,70186440
4825471829,180363363
4825471829,14562960
4825471829,1007432648
4825471829,22758266
4825471829,117110737
4825471829,943422660
4825471829,1278778574
4825471829,42341769
4825471829,771222132
4825471829,2455097209
4825471829,432446773
4825471829,23446053
4825471829,239093860
4825471829,19844132
4825471829,836214343
4825471829,391290162
4825471829,22827600
4825471829,25192228
4825471829,205974045
4825471829,14995420
4825471829,554523137
4825471829,108032268
4825471829,23316750
4825471829,44644692
4825471829,911323074
4825471829,38531188
4825471829,277196843
4825471829,99795732
4825471829,118115446
4825471829,94646915
4825471829,1600989234
4825471829,2790802182
4825471829,67420766
4825471829,1213751708
4825471829,3700795101
4825471829,404590040
4825471829,279972382
4825471829,49195175
4825471829,263235608
4825471829,232274407
4825471829,444831113
4825471829,53027306
4825471829,1221570000
4825471829,46853153
4825471829,146931805
4825471829,20094861
4825471829,611227644
4825471829,269384965
4825471829,530029542
4825471829,170454913
4825471829,102526776
4825471829,14176375
4825471829,258075762
4825471829,54700299
4825471829,176101395
4825471829,80136024
4825471829,885457147
4825471829,53176453
4825471829,54699073
4825471829,161288528
4825471829,162089811
4825471829,72933084
4825471829,19924704
4825471829,99335489
4825471829,469362120
4825471829,175566811
4825471829,19674853
4825471829,2589759319
4825471829,18966867
4825471829,241100784
4825471829,425830493
4825471829,112020404
4825471829,97095635
4825471829,20771699
4825471829,21425405
4825471829,239415478
4825471829,249346970
4825471829,80330311
4825471829,1023139638
4825471829,572470115
4825471829,231111279
4825471829,229224374
4825471829,14270254
4825471829,14856333
4825471829,16854780
4825471829,44233510
4825471829,19405367
4825471829,121167080
4825471829,19051022
4825471829,19490380
4825471829,19779296
4825471829,18221807
4825471829,73938281
4825471829,414736352
4825471829,909186090
4825471829,20843014
4825471829,181637383
4825471829,41878061
4825471829,492288571
4825471829,23585685
4825471829,395388847
4825471829,20781929
4825471829,57022252
4825471829,24241544
4825471829,19889294
4825471829,124139163
4825471829,19921389
4825471829,3348218277
4825471829,23421880
4825471829,15391813
4825471829,1690412382
4825471829,816653
4825471829,8665852
4825471829,8665572
4825471829,21287076
4825471829,14372486
4825471829,35708444
4825471829,3148108377
4825471829,40872043
4825471829,2890961
4825471829,199354750
4825471829,3003338945
4825471829,972651
4825471829,21390674
4825471829,1344951
4825471829,18075140
4825471829,35453117
4825471829,20536157
4825471829,23263743
4825471829,251716551
4825471829,783214
4825471829,19033555
4825471829,839069430
4825471829,51477288
4825471829,254687303
4825471829,3328031266
4825471829,21389998
4825471829,1558141890
4825471829,19394887
4825471829,15392221
4825471829,509522039
4825471829,16451028
4825471829,17884125
4825471829,14758257
4825471829,21783395
4825471829,16171953
4825471829,147309706
4825471829,17163446
4825471829,891589844
4825471829,21309551
4825471829,126118232
4825471829,19564523
4825471829,15137836
4825471829,35264576
4825471829,586739908
4825471829,19271557
4825471829,49781518
4825471829,19247625
4825471829,155659213
4825471829,19186180
4825471829,96647659
4825471829,26276346
4825471829,21390437
4825471829,2607779291
4825471829,2561091
4825471829,2773634354
4825471829,3741092777
4825471829,637018860
4825471829,133209324
4825471829,4288506561
4825471829,2845561815
4825471829,4032993861
4825471829,4293418396
4825471829,2454160969
4825471829,4801047257
4825471829,2527274589
4825471829,3397566375
4825471829,3438477111
4825471829,4260962873
4825471829,3933402437
4825471829,3948982823
4825471829,4576673063
4825471829,2446410511
4825471829,3796951097
4825471829,3582445941
4825471829,3377927321
4825471829,459612808
4825471829,3793729155
4825471829,3424692689
4825471829,3370217051
4825471829,3818353161
4825471829,2664519902
4825471829,2836059233
4825471829,2429603114
4825471829,3975484816
4825471829,3298285409
4825471829,2875562350
4825471829,3416602845
4825471829,4591023495
4825471829,1367745368
4825471829,2966464485
4825471829,3374048097
4825471829,66780587
4825471829,2479564871
4825471829,2923278936
4825471829,2148073772
4825471829,497034778
4825471829,2911664673
4825471829,3395953330
4825471829,252754414
4825471829,3055598061
4825471829,1191734442
4825471829,331342500
4825471829,1273812235
4825471829,2850341296
4825471829,3174247462
4825471829,1107135678
4825471829,2610867602
4825471829,479582694
4825471829,3437219182
4825471829,3403347076
4825471829,796933117
4825471829,3378997781
4825471829,1008357019
4825471829,2201978431
4825471829,3123956673
4825471829,2904542889
4825471829,3688732457
4825471829,3226723011
4825471829,280640439
4825471829,2381306574
4825471829,3334665935
4825471829,2989044387
4825471829,3065809366
4825471829,2960859940
4825471829,3139084557
4825471829,3368466807
4825471829,2784579255
4825471829,2993558909
4825471829,2545079719
4825471829,2907895282
4825471829,2872681421
4825471829,3038150800
4825471829,324446061
4825471829,3419004490
4825471829,16334724
4825471829,1604041994
4825471829,3087786760
4825471829,4195889512
4825471829,3207697427
4825471829,3376932196
4825471829,3481695053
4825471829,3348196006
4825471829,3365043622
4825471829,3735999496
4825471829,3318092811
4825471829,1286023620
4825471829,2241768390
4825471829,3429009759
4825471829,1627122865
4825471829,2836170473
4825471829,3318949397
4825471829,3248120237
4825471829,2505965912
4825471829,1853013750
4825471829,1472796822
4825471829,3367012821
4825471829,3731306932
4825471829,3949482454
4825471829,2514235717
4825471829,3299578264
4825471829,3234329105
4825471829,2909393979
4825471829,2741108036
4825471829,3940860683
4825471829,920143392
4825471829,3534105917
4825471829,3386571328
4825471829,3213395111
4825471829,3376415429
4825471829,2935503363
4825471829,2928467164
4825471829,2911414618
4825471829,2826441116
4825471829,3177706877
4825471829,3435688065
4825471829,367392707
4825471829,3400841403
4825471829,423071130
4825471829,1265653884
4825471829,3054435399
4825471829,3106067151
4825471829,851940860
4825471829,2337605448
4825471829,3044331748
4825471829,3413174500
4825471829,3350228596
4825471829,2978919405
4825471829,1775748552
4825471829,3077151650
4825471829,3433238392
4825471829,3301759095
4825471829,2342417659
4825471829,2149898438
4825471829,1572161544
4825471829,384750535
4825471829,3430068377
4825471829,2911406525
4825471829,3394836921
4825471829,2892376648
4825471829,2984269408
4825471829,715202894
4825471829,3044477830
4825471829,1623876848
4825471829,1157492906
4825471829,2325988351
4825471829,3243692236
4825471829,3349627821
4825471829,3177194477
4825471829,349253276
4825471829,3000686955
4825471829,3335823987
4825471829,2782792939
4825471829,3301246708
4825471829,3755189301
4825471829,1227920058
4825471829,2153397356
4825471829,3291368040
4825471829,3133839489
4825471829,2907191069
4825471829,3165039549
4825471829,3217882205
4825471829,2870967028
4825471829,2573486005
4825471829,3665712797
4825471829,2786097298
4825471829,2857283908
4825471829,3611023643
4825471829,2900934391
4825471829,2678149604
4825471829,3257842791
4825471829,898300604
4825471829,18730634
4825471829,3003882449
4825471829,1074172226
4825471829,3033649165
4825471829,2654247482
4825471829,3996628095
4825471829,2579483666
4825471829,3316660721
4825471829,908844871
4825471829,1007882192
4825471829,3060211825
4825471829,882863239
4825471829,876742681
4825471829,1107307519
4825471829,2968065633
4825471829,2834288231
4825471829,3174471461
4825471829,226683054
4825471829,2753257262
4825471829,3003706738
4825471829,834867632
4825471829,3041671091
4825471829,2324638122
4825471829,3240472911
4825471829,2687816696
4825471829,3033390560
4825471829,3171372609
4825471829,2864016401
4825471829,3385332051
4825471829,2949690351
4825471829,2464535364
4825471829,3077948661
4825471829,2361533238
4825471829,2973457204
4825471829,448530761
4825471829,3158216630
4825471829,2840849387
4825471829,3133455547
4825471829,2990734757
4825471829,3026897582
4825471829,10122672
4825471829,2975906627
4825471829,3292072630
4825471829,3414034767
4825471829,3311941263
4825471829,3087579842
4825471829,2894680551
4825471829,3007813768
4825471829,105961714
4825471829,3219101799
4825471829,3312118012
4825471829,3048720826
4825471829,3474781047
4825471829,2884639509
4825471829,3406571663
4825471829,3008830869
4825471829,3323410563
4825471829,3210142817
4825471829,2583910926
4825471829,2595976850
4825471829,3397424603
4825471829,3202489535
4825471829,2209543814
4825471829,333081796
4825471829,3312020339
4825471829,3335799802
4825471829,2980797899
4825471829,3197699811
4825471829,3048609889
4825471829,3353359579
4825471829,2841228934
4825471829,2280042655
4825471829,3295451727
4825471829,2735587354
4825471829,3070228179
4825471829,2305451048
4825471829,3436182640
4825471829,1864865708
4825471829,4246686028
4825471829,4722942259
4825471829,3112641909
4825471829,3907046012
4825471829,2553276656
4825471829,3309008818
4825471829,3948914717
4825471829,2982098075
4825471829,4398854063
4825471829,3305716995
4825471829,3987843747
4825471829,3131490191
4825471829,3349273498
4825471829,3048081158
4825471829,2906821641
4825471829,857026597
4825471829,3064566587
4825471829,3488881037
4825471829,242422259
4825471829,2850132977
4825471829,2976973816
4825471829,2591869550
4825471829,2872726377
4825471829,2860710605
4825471829,74438629
4825471829,2900903931
4825471829,1239601914
4825471829,2790877664
4825471829,2432470903
4825471829,3377675699
4825471829,2379370760
4825471829,14623674
4825471829,2863737925
4825471829,177759965
4825471829,3312327807
4825471829,3094342941
4825471829,1060858688
4825471829,3317545391
4825471829,1898396862
4825471829,3241844771
4825471829,3112386993
4825471829,1872266460
4825471829,1563740516
4825471829,2832060488
4825471829,21139804
4825471829,90727874
4825471829,881117228
4825471829,3031582929
4825471829,3245539720
4825471829,3115720222
4825471829,2873079965
4825471829,2426579821
4825471829,483335076
4825471829,2418114344
4825471829,2600248333
4825471829,2835550666
4825471829,876779844
4825471829,867784374
4825471829,1137943082
4825471829,2402263189
4825471829,3214450883
4825471829,3027104555
4825471829,2898855587
4825471829,3026433976
4825471829,1551059834
4825471829,2813202073
4825471829,2848411384
4825471829,2798074077
4825471829,2789711200
4825471829,3058595613
4825471829,2747451977
4825471829,3242727093
4825471829,994327712
4825471829,3950667700
4825471829,2932873503
4825471829,2893775367
4825471829,2902948876
4825471829,2721547226
4825471829,3987593549
4825471829,1678944354
4825471829,2882984195
4825471829,2915553825
4825471829,1111836524
4825471829,2910147862
4825471829,2859511143
4825471829,2779729181
4825471829,2845236022
4825471829,2917970405
4825471829,3998418683
4825471829,3344929869
4825471829,2990801423
4825471829,2903244909
4825471829,2934434819
4825471829,2970605625
4825471829,616676929
4825471829,626182406
4825471829,301297040
4825471829,212037498
4825471829,2335936926
4825471829,487185591
4825471829,2434004871
4825471829,2872672259
4825471829,2287148827
4825471829,2980126893
4825471829,472032847
4825471829,3241017400
4825471829,2799253049
4825471829,433695904
4825471829,2919905260
4825471829,3372421379
4825471829,3827631556
4825471829,2931446890
4825471829,2920399451
4825471829,2906674571
4825471829,1970299884
4825471829,2597011975
4825471829,3871751002
4825471829,1158314971
4825471829,2512883976
4825471829,2297138815
4825471829,1594788589
4825471829,1716905046
4825471829,636305381
4825471829,1311719257
4825471829,755909622
4825471829,2981872762
4825471829,1462635967
4825471829,1428716210
4825471829,1201470318
4825471829,2355296521
4825471829,2581003874
4825471829,1112299663
4825471829,1315596187
4825471829,4780457320
4825471829,1068796111
4825471829,1643458758
4825471829,3398827299
4825471829,3309802120
4825471829,2771885692
4825471829,3069012231
4825471829,501289812
4825471829,3087719788
4825471829,3008083805
4825471829,3031716144
4825471829,3030152214
4825471829,1689258756
4825471829,3177857075
4825471829,2865819106
4825471829,2742466402
4825471829,3091480845
4825471829,3239132746
4825471829,3108041667
4825471829,3389837741
4825471829,4459360235
4825471829,2687928348
4825471829,2571552694
4825471829,2890667171
4825471829,2586263755
4825471829,3940951463
4825471829,2854057473
4825471829,2828537792
4825471829,2931336021
4825471829,3024861611
4825471829,3764410222
4825471829,2974086047
4825471829,1064778068
4825471829,851421444
4825471829,1403788759
4825471829,3339240873
4825471829,3950968703
4825471829,3393169931
4825471829,3035528109
4825471829,13982132
4825471829,1864461788
4825471829,2982961941
4825471829,3423075701
4825471829,3208406547
4825471829,3225599566
4825471829,30331404
4825471829,7224702
4825471829,18743550
4825471829,2877186956
4825471829,1620892752
4825471829,2307152137
4825471829,1037764116
4825471829,2575658785
4825471829,3882784775
4825471829,125644689
4825471829,700590137
4825471829,4321036799
4825471829,3031863081
4825471829,2970663849
4825471829,3214973206
4825471829,382253381
4825471829,302722503
4825471829,3343287359
4825471829,3328310902
4825471829,1914392148
4825471829,23462787
4825471829,3104825651
4825471829,1239385687
4825471829,3343225043
4825471829,3864750928
4825471829,158865339
4825471829,22424763
4825471829,255098607
4825471829,536720993
4825471829,3299645447
4825471829,2973709541
4825471829,2612992844
4825471829,3298659267
4825471829,3723792861
4825471829,179721040
4825471829,2750635995
4825471829,3208002460
4825471829,3347048469
4825471829,3930795352
4825471829,621523
4825471829,18949452
4825471829,4210229295
4825471829,20096370
4825471829,16184358
4825471829,15110357
4825471829,34713362
4825471829,20562637
4825471829,278691695
4825471829,25053299
4825471829,14800270
4825471829,2800292898
4825471829,2735591
4825471829,27801361
4825471829,2646621524
4825471829,31373904
4825471829,16896485
4825471829,91478624
4825471829,295932016
4825471829,15327565
4825471829,19407053
4825471829,3303423797
4825471829,2753311340
4825471829,2588804713
4825471829,2289784381
4825471829,591938222
4825471829,2591667288
4825471829,468583731
4825471829,16228398
4825471829,16225240
4825471829,2659386806
4825471829,36728196
4825471829,438030643
4825471829,538579715
4825471829,1084696562
4825471829,1472766776
4825471829,2780686921
4825471829,32002507
4825471829,292781708
4825471829,1901197129
4825471829,401775393
4825471829,39275966
4825471829,84281104
4825471829,38237581
4825471829,31869934
4825471829,468960732
4825471829,41330603
4825471829,187897893
4825471829,1065953456
4825471829,487118986
4825471829,14258807
4825471829,428333
4825471829,4188708107
4825471829,2587566553
4825471829,1367531
4825471829,14173315
4825471829,15012486
4825471829,28785486
4825471829,2097571
4825471829,87416722
4825471829,90735643
4825471829,7587032
4825471829,612473
4825471829,19626386
4825471829,4898091
4825471829,30945830
4825471829,788524
4825471829,25494975
4825471829,14293310
4825471829,5988062
4825471829,87818409
4825471829,5402612
4825471829,742143
4825471829,3108351
4825471829,1652541
4825471829,51241574
4825471829,759251
4825471829,2467791
4825471829,807095
4825471829,14075928
4825471829,19697415
4825471829,2317351705
4825471829,316389142
4825471829,158414847
4825471829,34036028
4825471829,16303106
4825471829,40019154
4825471829,2848375214
4825471829,3169818761
4825471829,16548023
4825471829,26053643
4825471829,16632149
4825471829,16632219
4825471829,15485441
4825471829,16631331
4825471829,1273338348
4825471829,18679659
4825471829,115485051
4825471829,264107729
4825471829,439125710
4825471829,403245020
4825471829,403255314
4825471829,56783491
4825471829,120855752
4825471829,268414482
4825471829,403246803
4825471829,21111883
4825471829,2165406052
4825471829,3754394594
4825471829,2344126993
4825471829,105119490
4825471829,209708391
4825471829,176566242
4825471829,4099283164
4825471829,4730531731
4825471829,158314798
4825471829,4736714116
4825471829,1454251626
4825471829,4719262818
4825471829,84279963
4825471829,4744350596
4825471829,4430081813
4825471829,2657413002
4825471829,3083860706
4825471829,181561712
4825471829,2858652221
4825471829,464139666
4825471829,234770365
4825471829,426951343
4825471829,411112055
4825471829,32904973
4825471829,4726709904
4825471829,4755679583
4825471829,216830711
4825471829,405019482
4825471829,221799766
4825471829,112289040
4825471829,1117614684
4825471829,2535331199
4825471829,23578046
4825471829,3386063434
4825471829,3403352272
4825471829,112457675
4825471829,4722851360
4825471829,4735308802
4825471829,4754923529
4825471829,272561314
4825471829,174416608
4825471829,1949930600
4825471829,4705129834
4825471829,2963456819
4825471829,167714664
4825471829,4646966783
4825471829,4797714292
4825471829,4578393262
4825471829,4732889608
4825471829,3264525900
4825471829,397906046
4825471829,1607068166
4825471829,4719395663
4825471829,560033532
4825471829,3039127270
4825471829,4721542589
4825471829,3503219183
4825471829,184013075
4825471829,4390665975
4825471829,4448778627
4825471829,4717770031
4825471829,1247735155
4825471829,3818680993
4825471829,3900784805
4825471829,2737572557
4825471829,4705178427
4825471829,4794038068
4825471829,631747865
4825471829,2808669016
4825471829,4737553019
4825471829,4804782819
4825471829,2289199447
4825471829,4126015277
4825471829,4468532783
4825471829,291731428
4825471829,4742034802
4825471829,4819758339
4825471829,346702436
4825471829,4756872677
4825471829,4733844834
4825471829,4746969933
4825471829,4744640692
4825471829,3885605958
4825471829,4719043892
4825471829,2988130295
4825471829,4731368838
4825471829,2244308428
4825471829,4729508061
4825471829,4613744180
4825471829,19722435
4825471829,944371758
4825471829,4721605460
4825471829,3251300439
4825471829,4651926134
4825471829,2501874385
4825471829,182721799
4825471829,3284153682
4825471829,3515357835
4825471829,498914215
4825471829,4568846543
4825471829,3351266865
4825471829,12497362
4825471829,303707600
4825471829,59799522
4825471829,17980026
4825471829,485677780
4825471829,359515048
4825471829,2268716400
4825471829,269716042
4825471829,145668086
4825471829,366615527
4825471829,82579152
4825471829,17827029
4825471829,17062937
4825471829,17260980
4825471829,101664884
4825471829,17540625
4825471829,17087110
4825471829,222225064
4825471829,17306424
4825471829,17214382
4825471829,28828224
4825471829,104205059
4825471829,30684725
4825471829,19784606
4825471829,24914644
4825471829,14583958
4825471829,19451823
4825471829,14691720
4825471829,389991462
4825471829,14354145
4825471829,57157922
4825471829,339064364
4825471829,23686766
4825471829,15677513
4825471829,116596951
4825471829,20717237
4825471829,21409325
4825471829,20044737
4825471829,27486706
4825471829,60751490
4825471829,19405396
4825471829,19875072
4825471829,771383605
4825471829,20609141
4825471829,948552829
4825471829,63218040
4825471829,1662057727
4825471829,24783322
4825471829,19472578
4825471829,22473054
4825471829,238681991
4825471829,14746456
4825471829,19713622
4825471829,301697842
4825471829,1615685677
4825471829,123754656
4825471829,21138477
4825471829,44609080
4825471829,17693232
4825471829,20164477
4825471829,18600155
4825471829,19292033
4825471829,22384691
4825471829,3483917657
4825471829,23694165
4825471829,17159484
4825471829,3310571
4825471829,898418228
4825471829,17063215
4825471829,14208199
4825471829,21324165
4825471829,14607522
4825471829,18758902
4825471829,34076997
4825471829,21905142
4825471829,224284480
4825471829,26266891
4825471829,2043041
4825471829,19686295
4825471829,18135386
4825471829,73265463
4825471829,20809515
4825471829,15005991
4825471829,20712514
4825471829,19264748
4825471829,21510894
4825471829,20583613
4825471829,98165330
4825471829,232922891
4825471829,21424725
4825471829,62896127
4825471829,56093343
4825471829,21492030
4825471829,51500961
4825471829,63961281
4825471829,17169390
4825471829,206847322
4825471829,153163131
4825471829,66834664
4825471829,17087162
4825471829,237241020
4825471829,20448566
4825471829,60024840
4825471829,38977171
4825471829,19396347
4825471829,21204154
4825471829,90891909
4825471829,61457123
4825471829,17595890
4825471829,16951979
4825471829,352686923
4825471829,24566469
4825471829,31099411
4825471829,19663485
4825471829,3751062796
4825471829,30472798
4825471829,95693963
4825471829,21390008
4825471829,20428049
4825471829,21294212
4825471829,113606059
4825471829,47589786
4825471829,20164413
4825471829,2299367423
4825471829,891466268
4825471829,54880025
4825471829,2310116088
4825471829,2236607947
4825471829,16349463
4825471829,783204546
4825471829,98957692
4825471829,304869811
4825471829,21050755
4825471829,19108238
4825471829,1270650481
4825471829,34304970
4825471829,3087127611
4825471829,396609534
4825471829,40266854
4825471829,54078222
4825471829,3467765950
4825471829,1494258350
4825471829,2372148703
4825471829,824153233
4825471829,415558547
4825471829,3018812343
4825471829,1382404544
4825471829,21890926
4825471829,264164654
4825471829,169913609
4825471829,20973069
4825471829,22900663
4825471829,4634929581
4825471829,22480199
4825471829,17118292
4825471829,19106722
4825471829,1385049799
4825471829,449857467
4825471829,1912117148
4825471829,461393205
4825471829,366665185
4825471829,1663338932
4825471829,14389761
4825471829,4076045825
4825471829,301631989
4825471829,2932759888
4825471829,18944007
4825471829,113714309
4825471829,2443723459
4825471829,2164968990
4825471829,22204459
4825471829,2976771850
4825471829,42469553
4825471829,28089873
4825471829,55051675
4825471829,930669439
4825471829,6346082
4825471829,787950086
4825471829,32420106
4825471829,3092058627
4825471829,363370721
4825471829,204422438
4825471829,18847920
4825471829,331707065
4825471829,2294735010
4825471829,563093420
4825471829,215084558
4825471829,508678165
4825471829,14903044
4825471829,21648020
4825471829,20676778
4825471829,55655615
4825471829,268208070
4825471829,15615035
4825471829,3044956761
4825471829,24399244
4825471829,2442300531
4825471829,292204879
4825471829,581005574
4825471829,105898722
4825471829,12323012
4825471829,956257758
4825471829,3178162343
4825471829,23132159
4825471829,38767223
4825471829,19184818
4825471829,2812936934
4825471829,909774924
4825471829,46040232
4825471829,3031378642
4825471829,1589634168
4825471829,25150711
4825471829,2389401762
4825471829,2190831163
4825471829,52185601
4825471829,37431353
4825471829,91832452
4825471829,200066875
4825471829,14361633
4825471829,71868160
4825471829,398064722
4825471829,19001894
4825471829,396894374
4825471829,1536087474
4825471829,16490124
4825471829,171261225
4825471829,64788246
4825471829,555416759
4825471829,75511224
4825471829,69663389
4825471829,1255030290
4825471829,3373791
4825471829,1845968514
4825471829,19393233
4825471829,249869615
4825471829,11778572
4825471829,754108867
4825471829,19044557
4825471829,3355587790
4825471829,1030694869
4825471829,19932481
4825471829,2699519000
4825471829,1226337714
4825471829,2876650035
4825471829,455733199
4825471829,19534202
4825471829,24733102
4825471829,1020848227
4825471829,80691846
4825471829,2668958462
4825471829,3044738957
4825471829,25268679
4825471829,114033939
4825471829,4191557294
4825471829,113655522
4825471829,69034554
4825471829,136271609
4825471829,757775772
4825471829,21079101
4825471829,132031651
4825471829,201812923
4825471829,21769623
4825471829,21505490
4825471829,21856254
4825471829,22904901
4825471829,23106525
4825471829,1317221562
4825471829,46387635
4825471829,34423857
4825471829,96798117
4825471829,10799642
4825471829,291557868
4825471829,3054743691
4825471829,18101982
4825471829,298360697
4825471829,23565726
4825471829,21259023
4825471829,613412461
4825471829,1183584528
4825471829,47476545
4825471829,111887189
4825471829,92088399
4825471829,47930935
4825471829,39145982
4825471829,2193009746
4825471829,2263571841
4825471829,20717438
4825471829,377008435
4825471829,17624543
4825471829,14183379
4825471829,17624959
4825471829,23011527
4825471829,82235906
4825471829,154023356
4825471829,346895264
4825471829,122178701
4825471829,382632147
4825471829,20627896
4825471829,1252917283
4825471829,19716315
4825471829,48750532
4825471829,360230512
4825471829,1957554378
4825471829,19450907
4825471829,40705534
4825471829,191091360
4825471829,23837271
4825471829,543043594
4825471829,90183755
4825471829,227802983
4825471829,607512248
4825471829,794110602
4825471829,74473873
4825471829,25573099
4825471829,1435291280
4825471829,218653131
4825471829,238327175
4825471829,79147813
4825471829,153763519
4825471829,21527369
4825471829,541151348
4825471829,20549270
4825471829,634024501
4825471829,2599831086
4825471829,1238897528
4825471829,3292887179
4825471829,14426349
4825471829,59102196
4825471829,19458129
4825471829,542923119
4825471829,258494221
4825471829,19092699
4825471829,2478436797
4825471829,19612753
4825471829,190470663
4825471829,2174252699
4825471829,19964864
4825471829,24246633
4825471829,86406337
4825471829,2907870629
4825471829,266712846
4825471829,391306391
4825471829,304329674
4825471829,15846407
4825471829,2993476936
4825471829,28452495
4825471829,1889832038
4825471829,19674338
4825471829,2266449391
4825471829,47622979
4825471829,4331593455
4825471829,4692781514
4825471829,15951863
4825471829,1483024080
4825471829,97255485
4825471829,155913407
4825471829,19179687
4825471829,66359307
4825471829,24688868
4825471829,188242820
4825471829,438296720
4825471829,500626804
4825471829,361376201
4825471829,38275780
4825471829,17440412
4825471829,544980546
4825471829,2528768236
4825471829,2391405331
4825471829,1412720658
4825471829,53084381
4825471829,3293957261
4825471829,15867973
4825471829,20009338
4825471829,48516549
4825471829,102716130
4825471829,833137830
4825471829,264230483
4825471829,51566870
4825471829,61610578
4825471829,16193162
4825471829,1598558840
4825471829,1407892861
4825471829,2754268514
4825471829,328990309
4825471829,197927483
4825471829,717874436
4825471829,3040424454
4825471829,163982176
4825471829,85304883
4825471829,2233335530
4825471829,105390756
4825471829,3308043171
4825471829,4606430308
4825471829,847706929
4825471829,3315276470
4825471829,3306446241
4825471829,2761366366
4825471829,1355664060
4825471829,19924104
4825471829,1569137946
4825471829,2420131502
4825471829,36744940
4825471829,25138194
4825471829,85831083
4825471829,148442216
4825471829,24802436
4825471829,17230832
4825471829,21346939
4825471829,16328167
4825471829,4143348913
4825471829,2386693493
4825471829,289968574
4825471829,2561989429
4825471829,1132051164
4825471829,2374624111
4825471829,1023785498
4825471829,871335726
4825471829,2268690548
4825471829,3303824782
4825471829,3104734329
4825471829,2525750942
4825471829,2990977423
4825471829,1391027346
4825471829,105099425
4825471829,4618040489
4825471829,2619956187
4825471829,2785368477
4825471829,4282525754
4825471829,4608572177
4825471829,929543910
4825471829,826890624
4825471829,3227698278
4825471829,3290107665
4825471829,4080778531
4825471829,897306134
4825471829,2572886074
4825471829,194569649
4825471829,236346272
4825471829,205199096
4825471829,2309294342
4825471829,4332253665
4825471829,3741876621
4825471829,4695059120
4825471829,4386093497
4825471829,2957732800
4825471829,4748251523
4825471829,2229081637
4825471829,4693826312
4825471829,3025900581
4825471829,562676167
4825471829,114733616
4825471829,592161372
4825471829,1275981505
4825471829,4672731854
4825471829,3231529579
4825471829,3555727397
4825471829,4558824821
4825471829,3363744586
4825471829,2706749544
4825471829,4547786245
4825471829,543427031
4825471829,4325536276
4825471829,3184182779
4825471829,26123182
4825471829,182384817
4825471829,1375860338
4825471829,1329771756
4825471829,248482989
4825471829,87403396
4825471829,3815694312
4825471829,4143385333
4825471829,2967423887
4825471829,4685845272
4825471829,398770067
4825471829,2687970072
4825471829,360448172
4825471829,248100395
4825471829,4667465534
4825471829,2833063648
4825471829,4638328769
4825471829,4126024349
4825471829,741637770
4825471829,2272670730
4825471829,1902631015
4825471829,4405229073
4825471829,4370417475
4825471829,4108687754
4825471829,2770535861
4825471829,4673117718
4825471829,89851579
4825471829,4760754254
4825471829,4351041333
4825471829,1041912878
4825471829,212057007
4825471829,2886797560
4825471829,4743121162
4825471829,4754544976
4825471829,4384052295
4825471829,4419937581
4825471829,3246513592
4825471829,4713916461
4825471829,4268512475
4825471829,4535150026
4825471829,4637752036
4825471829,4260851779
4825471829,4701013321
4825471829,4725110795
4825471829,3606113715
4825471829,3108804255
4825471829,947839411
4825471829,261244920
4825471829,1005283166
4825471829,4720202892
4825471829,193174573
4825471829,325448357
4825471829,4738921880
4825471829,3373773432
4825471829,4662673815
4825471829,3369692559
4825471829,84217658
4825471829,191564118
4825471829,3121099811
4825471829,1945085910
4825471829,3814179737
4825471829,1065695678
4825471829,4638341258
4825471829,2769244400
4825471829,3222073316
4825471829,4690079952
4825471829,4769355497
4825471829,361975111
4825471829,3957920723
4825471829,3595962673
4825471829,132577087
4825471829,91391633
4825471829,4700980406
4825471829,4756395269
4825471829,3925717942
4825471829,3246325095
4825471829,4636431502
4825471829,4742700223
4825471829,1699435004
4825471829,4772061796
4825471829,161941429
4825471829,4500991402
4825471829,4612348821
4825471829,3069117419
4825471829,4750464651
4825471829,4768781362
4825471829,4706485876
4825471829,4063885757
4825471829,3944922375
4825471829,407415172
4825471829,3430081840
4825471829,4754898555
4825471829,2733863795
4825471829,237561266
4825471829,99536886
4825471829,2408001956
4825471829,870880830
4825471829,4767026297
4825471829,749518148
4825471829,134901569
4825471829,4409750007
4825471829,267622305
4825471829,4330502833
4825471829,4534818814
4825471829,4794759316
4825471829,2904778896
4825471829,942595022
4825471829,4745246172
4825471829,3070984712
4825471829,276918379
4825471829,2404840614
4825471829,3327875120
4825471829,4114391479
4825471829,615518237
4825471829,330822787
4825471829,120396067
4825471829,4808727227
4825471829,4717081560
4825471829,4760589612
4825471829,4790351728
4825471829,2310578996
4825471829,360771401
4825471829,172863320
4825471829,603519225
4825471829,4062930923
4825471829,3598111397
4825471829,4737028291
4825471829,4766808035
4825471829,2907846994
4825471829,4183704267
4825471829,4715695523
4825471829,4560593657
4825471829,2440935655
4825471829,421354274
4825471829,4707862817
4825471829,4768127357
4825471829,985717022
4825471829,2174395675
4825471829,3369320289
4825471829,4743365295
4825471829,4630679713
4825471829,4342012654
4825471829,4765408213
4825471829,173606855
4825471829,546144049
4825471829,4818068429
4825471829,4817968583
4825471829,3246413741
4825471829,4572135111
4825471829,4572387322
4825471829,3779864307
4825471829,4770117991
4825471829,3161019538
4825471829,1964214510
4825471829,4686535848
4825471829,4698065323
4825471829,4658808397
4825471829,4766188105
4825471829,4725720797
4825471829,4658171603
4825471829,3638083695
4825471829,2198892278
4825471829,4476025840
4825471829,4509131895
4825471829,3234512761
4825471829,4429861092
4825471829,4822056683
4825471829,4003377219
4825471829,4401182003
4825471829,257211828
4825471829,4748755289
4825471829,3073862693
4825471829,2850688181
4825471829,4777207094
4825471829,4752627196
4825471829,973520702
4825471829,4561130745
4825471829,3545228354
4825471829,4824277090
4825471829,711601865
4825471829,69374550
4825471829,370074791
4825471829,541023928
4825471829,25152422
4825471829,167399649
4825471829,2874951671
4825471829,2435310141
4825471829,229075280
4825471829,21900859
4825471829,2303806447
4825471829,2305446662
4825471829,73480693
4825471829,575593223
4825471829,442204983
4825471829,21438024
4825471829,864541693
4825471829,2950049757
4825471829,43767463
4825471829,14660826
4825471829,255240646
4825471829,2970094888
4825471829,2869790291
4825471829,813909716
4825471829,17311493
4825471829,1336605338
4825471829,22903765
4825471829,3323200955
4825471829,94081671
4825471829,18973489
4825471829,165010801
4825471829,2497708617
4825471829,20766350
4825471829,2533489015
4825471829,376255141
4825471829,2249951831
4825471829,1235632694
4825471829,122354696
4825471829,3097620646
4825471829,14166909
4825471829,302727821
4825471829,62065567
4825471829,50300579
4825471829,24784028
4825471829,23671297
4825471829,34549808
4825471829,243404422
4825471829,21407241
4825471829,1193059748
4825471829,151594194
4825471829,70186440
4825471829,180363363
4825471829,14562960
4825471829,1007432648
4825471829,22758266
4825471829,117110737
4825471829,943422660
4825471829,1278778574
4825471829,42341769
4825471829,771222132
4825471829,2455097209
4825471829,432446773
4825471829,23446053
4825471829,239093860
4825471829,19844132
4825471829,836214343
4825471829,391290162
4825471829,22827600
4825471829,25192228
4825471829,205974045
4825471829,14995420
4825471829,554523137
4825471829,108032268
4825471829,23316750
4825471829,44644692
4825471829,911323074
4825471829,38531188
4825471829,277196843
4825471829,99795732
4825471829,118115446
4825471829,94646915
4825471829,1600989234
4825471829,2790802182
4825471829,67420766
4825471829,1213751708
4825471829,3700795101
4825471829,404590040
4825471829,279972382
4825471829,49195175
4825471829,263235608
4825471829,232274407
4825471829,444831113
4825471829,53027306
4825471829,1221570000
4825471829,46853153
4825471829,146931805
4825471829,20094861
4825471829,611227644
4825471829,269384965
4825471829,530029542
4825471829,170454913
4825471829,102526776
4825471829,14176375
4825471829,258075762
4825471829,54700299
4825471829,176101395
4825471829,80136024
4825471829,885457147
4825471829,53176453
4825471829,54699073
4825471829,161288528
4825471829,162089811
4825471829,72933084
4825471829,19924704
4825471829,99335489
4825471829,469362120
4825471829,175566811
4825471829,19674853
4825471829,2589759319
4825471829,18966867
4825471829,241100784
4825471829,425830493
4825471829,112020404
4825471829,97095635
4825471829,20771699
4825471829,21425405
4825471829,239415478
4825471829,249346970
4825471829,80330311
4825471829,1023139638
4825471829,572470115
4825471829,231111279
4825471829,229224374
4825471829,14270254
4825471829,14856333
4825471829,16854780
4825471829,44233510
4825471829,19405367
4825471829,121167080
4825471829,19051022
4825471829,19490380
4825471829,19779296
4825471829,18221807
4825471829,73938281
4825471829,414736352
4825471829,909186090
4825471829,20843014
4825471829,181637383
4825471829,41878061
4825471829,492288571
4825471829,23585685
4825471829,395388847
4825471829,20781929
4825471829,57022252
4825471829,24241544
4825471829,19889294
4825471829,124139163
4825471829,19921389
4825471829,3348218277
4825471829,23421880
4825471829,15391813
4825471829,1690412382
4825471829,816653
4825471829,8665852
4825471829,8665572
4825471829,21287076
4825471829,14372486
4825471829,35708444
4825471829,3148108377
4825471829,40872043
4825471829,2890961
4825471829,199354750
4825471829,3003338945
4825471829,972651
4825471829,21390674
4825471829,1344951
4825471829,18075140
4825471829,35453117
4825471829,20536157
4825471829,23263743
4825471829,251716551
4825471829,783214
4825471829,19033555
4825471829,839069430
4825471829,51477288
4825471829,254687303
4825471829,3328031266
4825471829,21389998
4825471829,1558141890
4825471829,19394887
4825471829,15392221
4825471829,509522039
4825471829,16451028
4825471829,17884125
4825471829,14758257
4825471829,21783395
4825471829,16171953
4825471829,147309706
4825471829,17163446
4825471829,891589844
4825471829,21309551
4825471829,126118232
4825471829,19564523
4825471829,15137836
4825471829,35264576
4825471829,586739908
4825471829,19271557
4825471829,49781518
4825471829,19247625
4825471829,155659213
4825471829,19186180
4825471829,96647659
4825471829,26276346
4825471829,21390437
4825471829,2607779291
4825471829,2561091
