48648969,4839257626
48648969,12369372
48648969,4796358033
48648969,278347014
48648969,390664440
48648969,50598703
48648969,118033828
48648969,283762243
48648969,241496045
48648969,2980791
48648969,94926712
48648969,16611840
48648969,482290129
48648969,247679867
48648969,273377392
48648969,287855571
48648969,259504604
48648969,14092803
48648969,2314464974
48648969,541895106
48648969,250765512
48648969,10602012
48648969,313871238
48648969,12393132
48648969,3017412700
48648969,4037822896
48648969,4069301782
48648969,365392319
48648969,4119160593
48648969,21346141
48648969,122115502
48648969,2549870083
48648969,127550968
48648969,11667442
48648969,242488342
48648969,1384167626
48648969,432706448
48648969,18450562
48648969,301306806
48648969,32987420
48648969,43882274
48648969,370712872
48648969,606776750
48648969,2916305152
48648969,3395436645
48648969,10515322
48648969,18064767
48648969,115377822
48648969,2373475078
48648969,1069013018
48648969,117777690
48648969,211498571
48648969,3377028881
48648969,477941341
48648969,214489881
48648969,868301383
48648969,345642130
48648969,194368110
48648969,456015600
48648969,31356565
48648969,2585482699
48648969,3122283251
48648969,7027112
48648969,2495032879
48648969,368629834
48648969,121733688
48648969,3313457320
48648969,524041962
48648969,154317253
48648969,405542657
48648969,2587155967
48648969,145741832
48648969,3130227117
48648969,2969760609
48648969,15912890
48648969,2527983625
48648969,2433742945
48648969,3044851768
48648969,433349387
48648969,2514878438
48648969,3092385519
48648969,3043804366
48648969,27212264
48648969,3084704992
48648969,3091376321
48648969,103902346
48648969,2927758254
48648969,10604742
48648969,2610041328
48648969,72840940
48648969,3019961223
48648969,1468548817
48648969,2975678883
48648969,2860448789
48648969,1359606434
48648969,384200997
48648969,842129389
48648969,127555353
48648969,159119360
48648969,14437914
48648969,3001983868
48648969,131935861
48648969,352253508
48648969,2858807777
48648969,1341593274
48648969,124690469
48648969,117720701
48648969,115611795
48648969,2343549222
48648969,1361984828
48648969,254177137
48648969,2893368293
48648969,441389311
48648969,18720918
48648969,483521999
48648969,789076394
48648969,2905232597
48648969,475813869
48648969,164210076
48648969,2549796380
48648969,815069305
48648969,199366760
48648969,471931015
48648969,1542533869
48648969,579787976
48648969,2837673315
48648969,953541278
48648969,102388575
48648969,550349812
48648969,2910853983
48648969,246492635
48648969,1347788202
48648969,2644789819
48648969,1023096199
48648969,9558972
48648969,245675337
48648969,2889611860
48648969,531502958
48648969,438559349
48648969,2739472182
48648969,301096788
48648969,978908012
48648969,2348445343
48648969,869825995
48648969,948552829
48648969,81942193
48648969,10668832
48648969,1124504628
48648969,25014406
48648969,1770311
48648969,36020111
48648969,19033675
48648969,306718837
48648969,2549586726
48648969,39713726
48648969,1144933434
48648969,1880215279
48648969,2537896518
48648969,57985101
48648969,12000212
48648969,121385551
48648969,812633076
48648969,402898437
48648969,107372656
48648969,2821179496
48648969,14499829
48648969,540143028
48648969,331816614
48648969,18971067
48648969,26618506
48648969,362565198
48648969,900231078
48648969,388247359
48648969,58463589
48648969,18807424
48648969,374065715
48648969,412101034
48648969,1273168208
48648969,2328716844
48648969,205687554
48648969,1310407032
48648969,470939940
48648969,564686965
48648969,2778126259
48648969,405996527
48648969,302061842
48648969,2529658422
48648969,2654324634
48648969,1965388153
48648969,1002351
48648969,352274875
48648969,2709340519
48648969,12133382
48648969,718485116
48648969,2707139214
48648969,246764832
48648969,16817799
48648969,16016427
48648969,301928168
48648969,2222123156
48648969,163029352
48648969,381524419
48648969,481290835
48648969,2247114314
48648969,50908485
48648969,891118309
48648969,190268372
48648969,410361696
48648969,104655359
48648969,964604341
48648969,220754338
48648969,425938818
48648969,39692424
48648969,2558484630
48648969,2573403746
48648969,1042079851
48648969,2562087410
48648969,37634306
48648969,245402555
48648969,784574954
48648969,114143953
48648969,108670198
48648969,2288138575
48648969,482389606
48648969,65045121
48648969,368350554
48648969,229090782
48648969,8328922
48648969,789634196
48648969,207083993
48648969,76102747
48648969,747435660
48648969,119445672
48648969,269934544
48648969,984784848
48648969,398712480
48648969,384498836
48648969,105082141
48648969,280101600
48648969,18757892
48648969,17686758
48648969,158110011
48648969,261184869
48648969,299306567
48648969,303480604
48648969,2409225762
48648969,250706927
48648969,2353384208
48648969,37002510
48648969,394781346
48648969,94536251
48648969,549749560
48648969,135936369
48648969,238615228
48648969,864938768
48648969,192524341
48648969,301927387
48648969,347436260
48648969,803291118
48648969,118757839
48648969,22914345
48648969,133777227
48648969,125017967
48648969,2348235990
48648969,194587239
48648969,498909218
48648969,68740712
48648969,245074453
48648969,771780426
48648969,2214820412
48648969,197962366
48648969,14598074
48648969,15950681
48648969,335312155
48648969,1336170152
48648969,56639196
48648969,2170162291
48648969,2237538050
48648969,108654325
48648969,72945438
48648969,472082295
48648969,595413530
48648969,319721896
48648969,217791130
48648969,5644962
48648969,2193993253
48648969,159463570
48648969,1978463803
48648969,111933542
48648969,535153760
48648969,614143862
48648969,1219666448
48648969,86045556
48648969,255608643
48648969,392580114
48648969,365524517
48648969,9524342
48648969,391697613
48648969,126697624
48648969,395635845
48648969,1636590253
48648969,266641960
48648969,200163561
48648969,59456549
48648969,137671936
48648969,31387435
48648969,230175706
48648969,47115584
48648969,170307446
48648969,180956759
48648969,177319253
48648969,109853239
48648969,404740528
48648969,12245932
48648969,87561153
48648969,171526500
48648969,13283
48648969,220389772
48648969,14898380
48648969,5854732
48648969,269701138
48648969,258713107
48648969,6414422
48648969,57377653
48648969,247906044
48648969,578504087
48648969,376223474
48648969,191012755
48648969,20909329
48648969,127487853
48648969,263332773
48648969,80899853
48648969,1650130820
48648969,929962782
48648969,106397073
48648969,237223544
48648969,88954535
48648969,304342684
48648969,1216328455
48648969,471395456
48648969,544370092
48648969,25103865
48648969,242796283
48648969,44196397
48648969,230767221
48648969,592959325
48648969,300417142
48648969,118365649
48648969,15865878
48648969,1418570142
48648969,20015311
48648969,383279822
48648969,18948541
48648969,17772404
48648969,222643714
48648969,349082490
48648969,14606079
48648969,20929745
48648969,252021610
48648969,416236285
48648969,18928865
48648969,158342368
48648969,1008611664
48648969,378273223
48648969,780263304
48648969,271959977
48648969,121183700
48648969,1115352032
48648969,72494826
48648969,16080129
48648969,15947602
48648969,6017542
48648969,204832963
48648969,32495289
48648969,567389065
48648969,478070432
48648969,118938550
48648969,273925677
48648969,370020019
48648969,189906799
48648969,302644100
48648969,310247462
48648969,472079320
48648969,249310430
48648969,17383707
48648969,206609384
48648969,187102833
48648969,248896244
48648969,19144031
48648969,89784381
48648969,130175290
48648969,147976925
48648969,142696824
48648969,1110457633
48648969,555874276
48648969,224970347
48648969,1225632589
48648969,142770380
48648969,358661916
48648969,291744758
48648969,1035307940
48648969,350411337
48648969,20280065
48648969,1060403089
48648969,17229160
48648969,347300354
48648969,13346352
48648969,942511399
48648969,1079135084
48648969,331887413
48648969,334625850
48648969,13952602
48648969,209780139
48648969,366223820
48648969,595548192
48648969,47305361
48648969,14824411
48648969,84186668
48648969,64193688
48648969,1115626531
48648969,321811211
48648969,303739273
48648969,164461154
48648969,580277671
48648969,298244052
48648969,525416576
48648969,934175066
48648969,84595471
48648969,17017219
48648969,481988910
48648969,1004241846
48648969,239096885
48648969,57354930
48648969,973982096
48648969,109616781
48648969,282002095
48648969,13426312
48648969,301318163
48648969,12036002
48648969,603884167
48648969,14711282
48648969,142622969
48648969,94361315
48648969,256124725
48648969,91560739
48648969,52719361
48648969,262749820
48648969,215707523
48648969,870312248
48648969,325025077
48648969,102095809
48648969,114592551
48648969,324518133
48648969,47399805
48648969,405480018
48648969,346867615
48648969,16935292
48648969,625873336
48648969,9379912
48648969,547987936
48648969,189376144
48648969,262872637
48648969,830626404
48648969,365339642
48648969,831385038
48648969,896038494
48648969,499649876
48648969,20451618
48648969,42715368
48648969,18186464
48648969,81721843
48648969,303750320
48648969,378641626
48648969,805230499
48648969,198599226
48648969,119355599
48648969,503343447
48648969,251352780
48648969,182764833
48648969,2003581
48648969,49730998
48648969,94208950
48648969,144852115
48648969,235234497
48648969,263730653
48648969,401889371
48648969,169538164
48648969,471043792
48648969,1652541
48648969,334533392
48648969,518638828
48648969,809752652
48648969,319086427
48648969,74453123
48648969,17138110
48648969,832928402
48648969,608747590
48648969,26073581
48648969,261934369
48648969,59398402
48648969,619932815
48648969,626685799
48648969,524482722
48648969,774685428
48648969,291856281
48648969,255461727
48648969,62887164
48648969,253017888
48648969,237666639
48648969,230538685
48648969,156341350
48648969,44903626
48648969,161629977
48648969,254680639
48648969,17006157
48648969,100336023
48648969,186508118
48648969,15084005
48648969,761862806
48648969,13745872
48648969,211235703
48648969,151918927
48648969,796684728
48648969,244730854
48648969,15224867
48648969,92993433
48648969,181199293
48648969,494518813
48648969,571202103
48648969,8953122
48648969,213831646
48648969,428262200
48648969,601461402
48648969,66485971
48648969,117341231
48648969,299413847
48648969,7684882
48648969,281969269
48648969,125647054
48648969,39081267
48648969,170265359
48648969,304551665
48648969,53524547
48648969,259203746
48648969,56678515
48648969,281093434
48648969,211888572
48648969,15143478
48648969,574567537
48648969,769919
48648969,233732711
48648969,216469738
48648969,89148725
48648969,43310939
48648969,5713842
48648969,364528766
48648969,341251022
48648969,213379779
48648969,74594552
48648969,569235216
48648969,580866720
48648969,22990674
48648969,409892360
48648969,74210263
48648969,122729604
48648969,40875857
48648969,95928466
48648969,16129920
48648969,113633730
48648969,79797834
48648969,299713621
48648969,244599187
48648969,551970102
48648969,564550877
48648969,278521747
48648969,409712505
48648969,409700948
48648969,415868417
48648969,414667006
48648969,409618149
48648969,415887539
48648969,397465035
48648969,409658939
48648969,466350323
48648969,412862936
48648969,417155500
48648969,89954550
48648969,248104475
48648969,65384380
48648969,475585621
48648969,544518106
48648969,269477327
48648969,263780425
48648969,71216725
48648969,535707261
48648969,361281589
48648969,19509500
48648969,138504565
48648969,7805322
48648969,402616141
48648969,424301100
48648969,21897873
48648969,506123396
48648969,273507620
48648969,448377201
48648969,265015916
48648969,58166411
48648969,476977725
48648969,17790274
48648969,399443246
48648969,303533210
48648969,118743940
48648969,59086862
48648969,17593734
48648969,258996973
48648969,492039864
48648969,283078615
48648969,2553151
48648969,483767812
48648969,111691454
48648969,460490011
48648969,1947301
48648969,39219494
48648969,384766172
48648969,71845729
48648969,8453452
48648969,478027633
48648969,21667065
48648969,24773177
48648969,243608028
48648969,273498575
48648969,4594121
48648969,111416652
48648969,8089762
48648969,13841712
48648969,62186451
48648969,436016566
48648969,155283407
48648969,225445834
48648969,461950880
48648969,110419154
48648969,454347234
48648969,460065842
48648969,27819458
48648969,113673277
48648969,267844203
48648969,22778098
48648969,399347256
48648969,115793824
48648969,301308940
48648969,96642355
48648969,313886137
48648969,104219645
48648969,438413504
48648969,270023978
48648969,51999718
48648969,372163914
48648969,277524291
48648969,295120448
48648969,17621391
48648969,347816410
48648969,41775007
48648969,150677941
48648969,373471512
48648969,288129939
48648969,227959242
48648969,245964724
48648969,52817665
48648969,131659930
48648969,20862425
48648969,76010207
48648969,38063
48648969,389397589
48648969,67682384
48648969,298156730
48648969,66655276
48648969,244480058
48648969,367081714
48648969,275674102
48648969,305449141
48648969,9356042
48648969,121859642
48648969,380808030
48648969,254095456
48648969,24870470
48648969,220047267
48648969,26214503
48648969,214216697
48648969,61510234
48648969,305514503
48648969,165061889
48648969,95232591
48648969,25122127
48648969,280175222
48648969,11904592
48648969,386078487
48648969,401667575
48648969,248882803
48648969,16435631
48648969,210766314
48648969,85467544
48648969,196500160
48648969,266601231
48648969,30509098
48648969,230141062
48648969,90991130
48648969,378035342
48648969,196955819
48648969,31097748
48648969,88475257
48648969,14306573
48648969,107153756
48648969,268748579
48648969,293075262
48648969,245551558
48648969,48292600
48648969,249243667
48648969,139140247
48648969,279649054
48648969,61722517
48648969,106231214
48648969,276940518
48648969,301388743
48648969,11713422
48648969,385621023
48648969,197863865
48648969,265553625
48648969,264839819
48648969,148748195
48648969,378506147
48648969,29151579
48648969,398712273
48648969,37062760
48648969,394596515
48648969,252549038
48648969,110442665
48648969,87277351
48648969,221508936
48648969,3471751
48648969,224583276
48648969,241147024
48648969,50354243
48648969,241669834
48648969,19292516
48648969,245792560
48648969,250620677
48648969,242796587
48648969,94287024
48648969,65369125
48648969,15075869
48648969,145669983
48648969,69060709
48648969,378542641
48648969,42702612
48648969,132584621
48648969,378112097
48648969,37810885
48648969,78863928
48648969,369422623
48648969,15503880
48648969,259440765
48648969,237303849
48648969,41782018
48648969,166195201
48648969,248763460
48648969,276397899
48648969,209754467
48648969,72872490
48648969,55092613
48648969,224769900
48648969,304437350
48648969,225916866
48648969,269471430
48648969,14175358
48648969,116898464
48648969,78864249
48648969,249738912
48648969,268470229
48648969,194934827
48648969,66707264
48648969,14396748
48648969,15907720
48648969,275437185
48648969,1776671
48648969,56331789
48648969,239469819
48648969,35276608
48648969,14436030
48648969,26729931
48648969,38966126
48648969,204060294
48648969,199049406
48648969,248763779
48648969,33261757
48648969,68508818
48648969,256081341
48648969,141707288
48648969,12038022
48648969,65706855
48648969,30138120
48648969,44992826
48648969,4480981
48648969,64651513
48648969,52672768
48648969,15666992
48648969,14436317
48648969,2330551
48648969,28195460
48648969,30217769
48648969,6809022
48648969,19337053
48648969,17676713
48648969,18394216
48648969,49447769
