493642155,4299127816
493642155,15715020
493642155,3022068155
493642155,140841590
493642155,3092058627
493642155,309705905
493642155,612473
493642155,16973333
493642155,2197487762
493642155,14138785
493642155,70349639
493642155,524438893
493642155,2994469282
493642155,3395514262
493642155,1020383864
493642155,42509297
493642155,25305476
493642155,166137946
493642155,3308456165
493642155,25524832
493642155,334602996
493642155,823905
493642155,2477232129
493642155,1276108842
493642155,97705301
493642155,28331193
493642155,3044738957
493642155,1339835893
493642155,2292454922
493642155,124690469
493642155,113714309
493642155,2850507417
493642155,1412720658
493642155,78323166
493642155,2628997193
493642155,20794341
493642155,126405623
493642155,489900556
493642155,8802752
493642155,108377766
493642155,2187099031
493642155,623820739
493642155,313802077
493642155,24787524
493642155,299361034
493642155,516590774
493642155,15962096
493642155,2741384345
493642155,2526916549
493642155,2550479695
493642155,1257239767
493642155,17623816
493642155,82235906
493642155,8757362
493642155,22543231
493642155,239760107
493642155,1924391640
493642155,2425739461
493642155,193365140
493642155,21648020
493642155,1542533869
493642155,2331830774
493642155,1162023864
493642155,2455097209
493642155,1235219430
493642155,1226337714
493642155,19964864
493642155,2178318901
493642155,219807531
493642155,2159593981
493642155,405581633
493642155,25814474
493642155,18717426
493642155,75601920
493642155,1621174134
493642155,2266557254
493642155,169426475
493642155,271610696
493642155,283038024
493642155,20884910
493642155,63452015
493642155,35287190
493642155,102773210
493642155,47894151
493642155,771943484
493642155,93687642
493642155,181715376
493642155,114848451
493642155,360857182
493642155,19391470
493642155,1608357912
493642155,543043594
493642155,30959490
493642155,923824482
493642155,22904901
493642155,1944762336
493642155,620181806
493642155,14176375
493642155,19612753
493642155,22050893
493642155,16349463
493642155,23837271
493642155,1663353241
493642155,2341568615
493642155,75511224
493642155,38535996
493642155,20980429
493642155,20521915
493642155,17637572
493642155,503435302
493642155,19106722
493642155,1137806516
493642155,46154612
493642155,60633332
493642155,965741665
493642155,1435291280
493642155,205437050
493642155,204422438
493642155,1020848227
493642155,920158884
493642155,1382404544
493642155,6346082
493642155,21050755
493642155,50602093
493642155,1600989234
493642155,167399649
493642155,17006157
493642155,54078222
493642155,239313282
493642155,976185420
493642155,1238897528
493642155,14856333
493642155,233292368
493642155,19392223
493642155,1407892861
493642155,60916506
493642155,77826352
493642155,2188070546
493642155,1023139638
493642155,19415798
493642155,14270254
493642155,26186890
493642155,16838962
493642155,599124370
493642155,123754656
493642155,21138477
493642155,1615685677
493642155,19397785
493642155,20843014
493642155,3373791
493642155,405123394
493642155,49195175
493642155,771383605
493642155,19875072
493642155,315333494
493642155,17624543
493642155,20781929
493642155,19713622
493642155,15683146
493642155,23202649
493642155,14116807
493642155,50393960
493642155,16171953
493642155,10228272
493642155,30041546
493642155,55204143
493642155,16854780
493642155,88794175
493642155,240693291
493642155,19394887
