502096783,195415139
502096783,225887277
502096783,603884167
502096783,16080129
502096783,237413314
502096783,266641960
502096783,436016566
502096783,1978807645
502096783,948552829
502096783,66789097
502096783,157950356
502096783,3091376321
502096783,220047267
502096783,158342368
502096783,241496045
502096783,338899906
502096783,13426312
502096783,242796587
502096783,1245631843
502096783,153629442
502096783,126990459
502096783,221452291
502096783,2176667875
502096783,2288463852
502096783,555928038
502096783,937832288
502096783,1349082427
502096783,114036618
502096783,754585519
502096783,494217729
502096783,631256239
502096783,1216328455
502096783,437681996
502096783,1441283196
502096783,253033367
502096783,143054424
502096783,43910684
502096783,388981312
502096783,47593217
502096783,9974322
502096783,11904592
502096783,595012674
502096783,535707261
502096783,56331789
502096783,268470229
502096783,125050812
502096783,599387459
502096783,202980278
502096783,872281470
502096783,368889720
502096783,76293978
502096783,134857150
502096783,82084630
502096783,15269659
502096783,206120534
502096783,394226214
502096783,118383874
502096783,331917597
502096783,23074502
502096783,301388743
502096783,8077952
502096783,269934544
502096783,7996082
502096783,619435296
502096783,14306573
502096783,273507620
502096783,65369125
502096783,164213765
502096783,269042977
502096783,16548023
502096783,28989171
502096783,304022881
502096783,85426644
502096783,88723966
502096783,47612389
502096783,5520952
502096783,344634424
502096783,15880755
