51054671,3747216802
51054671,1296926359
51054671,939207756
51054671,3876276793
51054671,3835017507
51054671,3251747412
51054671,3315527542
51054671,3786595108
51054671,225456058
51054671,42974328
51054671,2711601222
51054671,344458685
51054671,2664667260
51054671,3889473220
51054671,3878514807
51054671,233495081
51054671,25243349
51054671,358464377
51054671,3338791451
51054671,43537493
51054671,24064452
51054671,3431800685
51054671,3738218424
51054671,3289151330
51054671,2803932430
51054671,3310246449
51054671,3152832123
51054671,3735540615
51054671,278837077
51054671,863299644
51054671,624086288
51054671,624006696
51054671,3387045389
51054671,597211178
51054671,106661558
51054671,3012852466
51054671,217589848
51054671,3244941366
51054671,230927249
51054671,95314057
51054671,2413245824
51054671,3448176615
51054671,3698770408
51054671,90758346
51054671,3779452948
51054671,3229291738
51054671,295521382
51054671,1480724527
51054671,2984568795
51054671,475227982
51054671,1868820145
51054671,2788273482
51054671,21481032
51054671,266623853
51054671,1714396896
51054671,1314117085
51054671,361094397
51054671,344516308
51054671,1455613998
51054671,2830352851
51054671,2500006440
51054671,2392780887
51054671,372911588
51054671,18834173
51054671,2409186270
51054671,236113981
51054671,1273308487
51054671,20564045
51054671,1869226500
51054671,2581589611
51054671,14334487
51054671,1102691048
51054671,23224410
51054671,846171895
51054671,46117928
51054671,69201180
51054671,9351442
51054671,252020392
51054671,3131448724
51054671,468071981
51054671,66914448
51054671,69337087
51054671,53118116
51054671,16162941
51054671,917210408
51054671,46573481
51054671,22948057
51054671,1697761
51054671,34266258
51054671,63062645
51054671,626592883
51054671,17265163
51054671,3068553651
51054671,3222375010
51054671,2155088808
51054671,949377379
51054671,1967877204
51054671,417340958
51054671,124398112
51054671,1633697954
51054671,348461082
51054671,30425336
51054671,2685317257
51054671,1528197925
51054671,932933322
51054671,112493646
51054671,2808100592
51054671,857522720
51054671,50387814
51054671,2936372632
51054671,208732426
51054671,2886362644
51054671,440052505
51054671,2228709750
51054671,2936002210
51054671,2932099903
51054671,350864421
51054671,2677136665
51054671,2934099211
51054671,2925070762
51054671,2441373302
51054671,614249320
51054671,2941303794
51054671,2938177869
51054671,2984987280
51054671,2720407384
51054671,2986757068
51054671,3002604536
51054671,3004268549
51054671,3028649030
51054671,3032043470
51054671,3046343325
51054671,3048397114
51054671,2412436917
51054671,3053625058
51054671,62600486
51054671,1675922336
51054671,2761056291
51054671,3044939483
51054671,3040401054
51054671,2986013434
51054671,805306266
51054671,3064535307
51054671,2983114852
51054671,3053393214
51054671,3066008493
51054671,86000652
51054671,629621187
51054671,3070126288
51054671,3071424783
51054671,3078114815
51054671,3309301994
51054671,2785960687
51054671,3047386197
51054671,20804498
51054671,2991449595
51054671,244322355
51054671,369837828
51054671,2921063798
51054671,48933839
51054671,2949505895
51054671,2953108130
51054671,1042908750
51054671,766431488
51054671,1732456736
51054671,1702570076
51054671,617553982
51054671,1553482556
51054671,2233827552
51054671,82106689
51054671,239134312
51054671,630611104
51054671,2865761310
51054671,3082637280
51054671,3091649856
51054671,3091291212
51054671,3095867643
51054671,3099154732
51054671,2650420730
51054671,30933757
51054671,2829741992
51054671,2805752907
51054671,1864898798
51054671,3137063434
51054671,1279180130
51054671,3136077400
51054671,3136329508
51054671,2725237813
51054671,3152301579
51054671,3134238200
51054671,1204424610
51054671,64368995
51054671,2425812222
51054671,3173506181
51054671,3160262714
51054671,451407922
51054671,2557902222
51054671,2942770564
51054671,2916004313
51054671,202211335
51054671,635024437
51054671,716833058
51054671,2951559824
51054671,172060884
51054671,193805426
51054671,25694870
51054671,3256145206
51054671,1164065990
51054671,3294089794
51054671,194585928
51054671,3300286089
51054671,300820168
51054671,3058581305
51054671,3245713791
51054671,1094296178
51054671,3308255085
51054671,432920211
51054671,2270311374
51054671,3312014861
51054671,1327700292
51054671,183814234
51054671,1189613150
51054671,104944845
51054671,1001249984
51054671,3303328336
51054671,69733894
51054671,1761495421
51054671,3356488419
51054671,3371315075
51054671,3244035910
51054671,3352154357
51054671,2707630423
51054671,418085489
51054671,2342824975
51054671,1015671666
51054671,3351731355
51054671,3285014706
51054671,551760536
51054671,212005123
51054671,3286251702
51054671,77034984
51054671,2375267995
51054671,496447606
51054671,2184570502
51054671,463930296
51054671,3007758388
51054671,2576104438
51054671,2613333098
51054671,3287927774
51054671,3423282683
51054671,2301761892
51054671,3424635479
51054671,3406682183
51054671,203635308
51054671,89025912
51054671,998049876
51054671,229385617
51054671,2454072644
51054671,126725833
51054671,28478176
51054671,269535760
51054671,124848346
51054671,97082945
51054671,119596436
51054671,404423239
51054671,3315368354
51054671,399578663
51054671,31377937
51054671,214311015
51054671,118201082
51054671,3028439397
51054671,219190664
51054671,181070828
51054671,56610211
51054671,133572123
51054671,323601085
51054671,235308667
51054671,42253443
51054671,64086644
51054671,3438765191
51054671,242512016
51054671,3368847478
51054671,3325038913
51054671,2614903091
51054671,48747911
51054671,263364326
51054671,2355552367
51054671,3336414615
51054671,15884394
51054671,23545799
51054671,2811554689
51054671,81971731
51054671,27243727
51054671,48248079
51054671,65233595
51054671,23438664
51054671,130710804
51054671,2418361098
51054671,47565393
51054671,1964752958
51054671,2271114060
51054671,2686107948
51054671,3222511640
51054671,2686232856
51054671,2265113756
51054671,3294119075
51054671,3413405939
51054671,3298515312
51054671,2896294571
51054671,493758313
51054671,2871287331
51054671,1912228351
51054671,2969226340
51054671,1678270794
51054671,3268318355
51054671,3259910582
51054671,3177641729
51054671,3184496532
51054671,3386062325
51054671,247523515
51054671,3395708554
51054671,214434085
51054671,426859655
51054671,3188974160
51054671,2237493436
51054671,2333477263
51054671,2153974838
51054671,2415185183
51054671,3255719987
51054671,3137400293
51054671,2166774427
51054671,2360121774
51054671,3301563299
51054671,3187716132
51054671,3185205345
51054671,3397761711
51054671,3164066678
51054671,3233828605
51054671,3307098586
51054671,3064027681
51054671,2852332793
51054671,3302399258
51054671,3311830301
51054671,21563992
51054671,3105454040
51054671,3105431684
51054671,3112086729
51054671,2863975913
51054671,1688573444
51054671,247584088
51054671,3105336618
51054671,3149372253
51054671,892206048
51054671,437683391
51054671,3410657099
51054671,2794868356
51054671,3523381161
51054671,3552397037
51054671,3260824616
51054671,438596495
51054671,153442121
51054671,343488134
51054671,158331222
51054671,3410533180
51054671,348667570
51054671,504808858
51054671,20322929
51054671,2282520380
51054671,1929437323
51054671,3235775887
51054671,3145072354
51054671,136785885
51054671,3089620900
51054671,3096652600
51054671,3089907077
51054671,3181018729
51054671,2528049439
51054671,1601135010
51054671,54621885
51054671,2568078091
51054671,136483908
51054671,175052771
51054671,291256293
51054671,3062121561
51054671,19612753
51054671,19682772
51054671,783187724
51054671,2458512031
51054671,1057169024
51054671,1310843706
51054671,1660865102
51054671,552890477
51054671,409553223
51054671,1536912458
51054671,2398238658
51054671,2565435792
51054671,2935671410
51054671,2923859238
51054671,72100421
51054671,730601479
51054671,2984671923
51054671,2157397723
51054671,2983603662
51054671,1574219095
51054671,2995083282
51054671,2985990711
51054671,317979226
51054671,173911739
51054671,3010951239
51054671,2725163813
51054671,2788268446
51054671,3024412113
51054671,3006521369
51054671,2979859377
51054671,2306611
51054671,3030732688
51054671,275818244
51054671,2987006971
51054671,2894253968
51054671,3033561741
51054671,495431601
51054671,2964394043
51054671,3033610384
51054671,3035577857
51054671,2461369794
51054671,2612731658
51054671,2262797240
51054671,124596859
51054671,272010749
51054671,137645230
51054671,17057271
51054671,12804422
51054671,129051309
51054671,15057943
51054671,15866793
51054671,1440641
51054671,145648706
51054671,21866939
51054671,100233707
51054671,329014351
51054671,558243279
51054671,46400289
51054671,147589161
51054671,1125906469
51054671,2489910787
51054671,102707504
51054671,2461011579
51054671,2428023535
51054671,2482814250
51054671,20442930
51054671,6107422
51054671,34655603
51054671,2997635856
51054671,82657579
51054671,17895820
51054671,138749160
51054671,15438913
51054671,111556423
51054671,844514922
51054671,1561900051
51054671,149116101
51054671,21115824
51054671,73790408
51054671,41193322
51054671,913331605
51054671,364435714
51054671,2288632549
51054671,2792099081
51054671,411057004
51054671,2844732419
51054671,463144662
51054671,2488571276
51054671,2683317151
51054671,867565298
51054671,1243902056
51054671,2363349235
51054671,1110457514
51054671,2806133356
51054671,786188203
51054671,1131044923
51054671,220902820
51054671,724795542
51054671,18730195
51054671,421677198
51054671,1467633588
51054671,84177636
51054671,131408440
51054671,194897174
51054671,296590840
51054671,2228852244
51054671,574148270
51054671,2914665141
51054671,623305219
51054671,123754656
51054671,81987541
51054671,702095503
51054671,24241544
51054671,895518078
51054671,704209194
51054671,317428092
51054671,24402426
51054671,1264987260
51054671,68440549
51054671,2727639953
51054671,338985020
51054671,65416867
51054671,133663801
51054671,705496045
51054671,1711797498
51054671,19686295
51054671,838852608
51054671,51903295
51054671,719169414
51054671,20583613
51054671,498086098
51054671,1584709838
51054671,2901898927
51054671,2924703765
51054671,2682308143
51054671,2174210196
51054671,2888042724
51054671,2913011216
51054671,590320389
51054671,306468617
51054671,2703480476
51054671,992350844
51054671,1381795645
51054671,2903229076
51054671,55586264
51054671,2915780313
51054671,321613097
51054671,799225735
51054671,2910905992
51054671,1621444344
51054671,28507777
51054671,439494530
51054671,1170152498
51054671,326071710
51054671,126196015
51054671,247266043
51054671,15896379
51054671,2902860964
51054671,192520233
51054671,2866862404
51054671,2875137711
51054671,2838162820
51054671,11855772
51054671,16973333
51054671,8839632
51054671,706223386
51054671,35842110
51054671,1339849050
51054671,27150723
51054671,21163600
51054671,238475531
51054671,2423864658
51054671,1374391597
51054671,60249691
51054671,236956880
51054671,24963961
51054671,28206360
51054671,2425820378
51054671,536039729
51054671,8007072
51054671,2449042759
51054671,123997104
51054671,43469093
51054671,159427036
51054671,1327812020
51054671,174814537
51054671,278490315
51054671,2243247552
51054671,2278065114
51054671,2195317310
51054671,1917672680
51054671,1917978217
51054671,1967732160
51054671,1439484380
51054671,1523086356
51054671,2678220996
51054671,1957155570
51054671,1479831932
51054671,2223385698
51054671,2216634918
51054671,147491390
51054671,2258110368
51054671,1452289195
51054671,2220975589
51054671,2432343272
51054671,378457929
51054671,2279840102
51054671,69219246
51054671,2320518704
51054671,2449640607
51054671,1955556686
51054671,77175810
51054671,2199976718
51054671,2411239262
51054671,2182959745
51054671,2336088978
51054671,2407333566
51054671,2635805215
51054671,2500424909
51054671,36541750
51054671,2250987787
51054671,2815087632
51054671,2808052501
51054671,1194064231
51054671,2584412440
51054671,1410221689
51054671,83743686
51054671,54223610
51054671,39576381
51054671,41327216
51054671,2900577008
51054671,2897218495
51054671,1581338042
51054671,91315462
51054671,2428747747
51054671,2880266368
51054671,235356599
51054671,1026601566
51054671,1684914740
51054671,1898672875
51054671,1872611628
51054671,2906398980
51054671,189448516
51054671,721785146
51054671,117591803
51054671,2806602095
51054671,23099470
51054671,1265342192
51054671,2883313665
51054671,1084684530
51054671,419806405
51054671,35099519
51054671,440436724
51054671,111698159
51054671,73530234
51054671,223411301
51054671,21943447
51054671,16143864
51054671,130557523
51054671,21182676
51054671,14437914
51054671,194383064
51054671,333819258
51054671,97739866
51054671,631478663
51054671,31484912
51054671,376819013
51054671,14138785
51054671,7587032
51054671,164263382
51054671,16537989
51054671,15224867
51054671,148517828
51054671,157981564
51054671,170932760
51054671,26585095
51054671,69231187
51054671,613147223
51054671,20596281
51054671,19867432
51054671,295533495
51054671,547251591
51054671,20646711
51054671,287466422
51054671,14700316
51054671,783214
51054671,1070128825
51054671,14499829
51054671,2360244054
51054671,33933259
51054671,16153562
51054671,14159148
51054671,1078058972
51054671,38267264
51054671,38385018
51054671,33328203
51054671,30180137
51054671,1236859364
51054671,1030386978
51054671,7309052
51054671,34713362
51054671,91478624
51054671,14662354
51054671,30313925
51054671,240850379
51054671,516352034
51054671,67172977
51054671,9459622
51054671,86141342
51054671,1266040784
51054671,22948591
51054671,405123394
51054671,1206683760
51054671,528002023
51054671,2836421
51054671,2351706381
51054671,1027828194
51054671,14677919
51054671,17469289
51054671,1425909446
51054671,451815639
51054671,2647530185
51054671,585498592
51054671,1347156613
51054671,41400946
51054671,234531292
51054671,57010394
51054671,28009560
51054671,1662486660
51054671,873022675
51054671,1102446546
51054671,2697205266
51054671,2766297309
51054671,2714055668
51054671,2679140332
51054671,2189071988
51054671,779316858
51054671,601504301
51054671,717145224
51054671,52863106
51054671,756410094
51054671,28692645
51054671,288880928
51054671,436558370
51054671,1571989280
51054671,1254109916
51054671,623375611
51054671,944748853
51054671,1257423258
51054671,423420442
51054671,329187252
51054671,1324796364
51054671,1318472634
51054671,21398825
51054671,1320577039
51054671,1222630206
51054671,36595221
51054671,563072900
51054671,1143414601
51054671,271655947
51054671,2885061983
51054671,29151815
51054671,52386698
51054671,558226851
51054671,2407710345
51054671,616882319
51054671,924368858
51054671,1367531
51054671,39776107
51054671,500704345
51054671,52782073
51054671,143958468
51054671,22814076
51054671,24744541
51054671,1877831
51054671,31237480
51054671,14176375
51054671,14075928
51054671,2796601847
51054671,1013400612
51054671,11178902
51054671,2043041
51054671,1158918746
51054671,21138477
51054671,89581084
51054671,31183407
51054671,602377439
51054671,15251258
51054671,38712901
51054671,45979321
51054671,35608087
51054671,1960325822
51054671,92814678
51054671,2086951
51054671,55448999
51054671,2479814306
51054671,536372330
51054671,2531659385
51054671,2708005792
51054671,2556766447
51054671,2834463041
51054671,5392522
51054671,473771919
51054671,27527208
51054671,272106137
51054671,581190459
51054671,2467791
51054671,50679155
51054671,244791392
51054671,515001311
51054671,16664681
51054671,18479855
51054671,311102664
51054671,376523102
51054671,946742636
51054671,19376807
51054671,608038698
51054671,48008068
51054671,15012486
51054671,87818409
51054671,1079898342
51054671,135654771
51054671,214692319
51054671,326450140
51054671,6017542
51054671,14511951
51054671,81111591
51054671,632157129
51054671,2884771
51054671,621256290
51054671,28785486
51054671,612473
51054671,198497506
51054671,580248118
51054671,810569840
51054671,19712523
51054671,553775697
51054671,15754281
51054671,788524
51054671,51241574
51054671,34306919
51054671,208727556
51054671,14173315
51054671,16171953
51054671,124313681
51054671,71464851
51054671,76832401
51054671,20019200
51054671,273939979
51054671,400278278
51054671,192304653
51054671,392240781
51054671,36817589
51054671,78102625
51054671,66518116
51054671,40683388
51054671,183813242
51054671,42207706
51054671,129003075
51054671,139771013
51054671,31437470
51054671,597531176
51054671,45553126
51054671,1434179142
51054671,280931468
51054671,592873814
51054671,1064752471
51054671,117907353
51054671,860132138
51054671,92236363
51054671,484953392
51054671,1578740910
51054671,171284200
51054671,34795862
51054671,1484237479
51054671,1109939556
51054671,408692400
51054671,950425608
51054671,471148761
51054671,550086505
51054671,1540200463
51054671,1531831332
51054671,936930122
51054671,1429057452
51054671,1569580194
51054671,58389427
51054671,19961365
51054671,1556964138
51054671,1598488620
51054671,98920570
51054671,339723854
51054671,1350358621
51054671,1574286499
51054671,257619425
51054671,313607822
51054671,1095679608
51054671,601277781
51054671,1104106212
51054671,1734586250
51054671,1688894065
51054671,568419521
51054671,54321994
51054671,1480255039
51054671,315973675
51054671,1515097477
51054671,1928946493
51054671,1504489076
51054671,1633998338
51054671,353832839
51054671,100572219
51054671,132620979
51054671,2196075056
51054671,1954845583
51054671,2210827081
51054671,1487522222
51054671,2172938794
51054671,929685325
51054671,300185608
51054671,1868601978
51054671,1732302554
51054671,794441022
51054671,2674980043
51054671,1539381811
51054671,24982003
51054671,283791017
51054671,857497880
51054671,581110223
51054671,213909843
51054671,988075603
51054671,65174139
51054671,395556140
51054671,35854542
51054671,90888313
51054671,222252523
51054671,88718227
51054671,88716843
51054671,88721949
51054671,291199911
51054671,546877097
51054671,736120418
51054671,374636238
51054671,302113614
51054671,29624709
51054671,555122015
51054671,172099510
51054671,1076228377
51054671,70428272
51054671,28145724
51054671,15282614
51054671,33514875
51054671,372873384
51054671,52309567
51054671,29457273
51054671,208083493
51054671,167875544
51054671,1120030188
51054671,80971332
51054671,276685878
51054671,295391349
51054671,275647191
51054671,263008390
51054671,61193896
51054671,378302257
51054671,16629918
51054671,19904728
51054671,18615027
51054671,2570923940
51054671,107472906
51054671,175001271
51054671,23421880
51054671,43140530
51054671,430750378
51054671,19903099
51054671,158597935
51054671,1066610964
51054671,2147838055
51054671,461048847
51054671,2201713556
51054671,1786843447
51054671,75426512
51054671,61640251
51054671,2271605671
51054671,220946413
51054671,2338557716
51054671,1117800030
51054671,2337164406
51054671,2582974855
51054671,2405589768
51054671,635052744
51054671,2321016078
51054671,2829100200
51054671,2863860241
51054671,2647368632
51054671,27816801
51054671,1704286314
51054671,595324647
51054671,1676972539
51054671,296924572
51054671,90915232
51054671,338686160
51054671,2784485500
51054671,1544025378
51054671,2384982860
51054671,129392207
51054671,237511953
51054671,283866163
51054671,24989199
51054671,334670484
51054671,37091684
51054671,28082984
51054671,26053643
51054671,241100784
51054671,59000169
51054671,95965155
51054671,35214428
51054671,115485051
51054671,130704572
51054671,19051022
51054671,113491775
51054671,318764863
51054671,20856282
51054671,176600776
51054671,22017142
51054671,1690412382
51054671,38977171
51054671,15005991
51054671,19921394
51054671,22621759
51054671,20599255
51054671,85932175
51054671,20667335
51054671,22637074
51054671,19814175
51054671,31125209
51054671,14684733
51054671,18049879
51054671,19564523
51054671,19247625
51054671,283038024
51054671,85908999
51054671,19186180
51054671,280689114
51054671,490859520
51054671,1504895912
51054671,910189825
51054671,2164830788
51054671,1448812526
51054671,2801129967
51054671,319988917
51054671,2577766646
51054671,2734378362
51054671,224251472
51054671,2400396445
51054671,2870785485
51054671,1901553092
51054671,249141008
51054671,1955353086
51054671,373485894
51054671,2531354045
51054671,2238126204
51054671,94080269
51054671,132887265
51054671,8699742
51054671,7109022
51054671,18135386
51054671,21066857
51054671,8665852
51054671,15798935
51054671,94041806
51054671,82799766
51054671,343647998
51054671,948552829
51054671,10012122
51054671,105082141
51054671,1003277683
51054671,30600065
51054671,178901757
51054671,19923515
51054671,104316319
51054671,112314027
51054671,250520006
51054671,19472578
51054671,1551952806
51054671,21856254
51054671,107334740
51054671,2459455171
51054671,454395581
51054671,7996082
51054671,298267113
51054671,34423857
51054671,262723758
51054671,1529467404
51054671,177498004
51054671,10228272
51054671,22667080
51054671,395388847
51054671,28139771
51054671,25086986
51054671,18995665
51054671,15683146
51054671,261256272
51054671,23263743
51054671,428333
51054671,742143
51054671,807095
51054671,20809515
51054671,382828154
51054671,250381778
51054671,22904901
51054671,19264748
51054671,20843014
51054671,20781929
51054671,62396655
51054671,19921389
51054671,16631693
51054671,22905057
51054671,15392221
51054671,124139163
51054671,16631801
51054671,15391813
51054671,34050356
51054671,110203696
51054671,17048177
51054671,30972802
51054671,110619760
51054671,17454419
51054671,880765176
51054671,240774998
51054671,19331985
51054671,62760327
51054671,396954820
51054671,522184156
51054671,281135209
51054671,309454753
51054671,42299649
51054671,116084703
51054671,142368604
51054671,445868545
51054671,518186788
51054671,17411629
51054671,378355051
51054671,277227291
51054671,452289256
51054671,199399709
51054671,83831341
51054671,204883315
51054671,321202115
51054671,36008743
51054671,73321820
51054671,621205043
51054671,447654003
51054671,915418934
51054671,478583710
51054671,408851940
51054671,390964818
51054671,868819946
51054671,559957741
51054671,617764853
51054671,405022806
51054671,25864697
51054671,893398550
51054671,440506548
51054671,991540303
51054671,1112363216
51054671,113304287
51054671,156002128
51054671,979126958
51054671,16632149
51054671,20609518
51054671,16451028
51054671,96109537
51054671,19889294
51054671,94081671
51054671,19394887
51054671,50640639
51054671,8665572
51054671,19033555
51054671,49781518
51054671,2097571
51054671,1652541
51054671,25535042
51054671,59990297
51054671,454843106
51054671,17087162
51054671,56811845
51054671,70401159
51054671,59556862
51054671,82530749
51054671,514793765
51054671,67680344
51054671,216202938
51054671,47344545
51054671,50829514
51054671,14764519
51054671,91832452
51054671,92790011
51054671,527420054
51054671,572705477
51054671,473435993
51054671,566126289
51054671,287486311
51054671,55818944
51054671,267750187
51054671,89783168
51054671,245364077
51054671,53530513
51054671,20429954
51054671,136044787
51054671,78667385
51054671,23794127
51054671,108361327
51054671,18280732
51054671,105759430
51054671,99752222
51054671,16631331
51054671,98196720
51054671,81480862
51054671,43435899
51054671,19251758
51054671,18075140
51054671,96120666
51054671,76847201
51054671,25083467
51054671,88401902
51054671,51710773
51054671,93679187
51054671,93234926
51054671,23217162
51054671,27857286
51054671,58571959
51054671,78018906
51054671,37913670
51054671,14842285
51054671,24924841
51054671,26276346
51054671,16632219
51054671,14293310
51054671,17311493
51054671,56236468
51054671,22685200
51054671,20187832
51054671,44377869
51054671,29005342
51054671,11994692
51054671,3373791
51054671,22940095
51054671,20536157
51054671,33584794
51054671,5402612
51054671,759251
51054671,2561091
51054671,14758257
51054671,17163446
51054671,21783395
51054671,14270254
