51140146,74991835
51140146,38916246
51140146,47972671
51140146,4214750805
51140146,3436697152
51140146,180505807
51140146,36026218
51140146,803556811
51140146,3296306939
51140146,3440908348
51140146,3228477850
51140146,4111536567
51140146,4067372429
51140146,3384515074
51140146,24895616
51140146,155659213
51140146,2603226312
51140146,2801520151
51140146,2785996590
51140146,2785498572
51140146,2785484322
51140146,26376570
51140146,360569242
51140146,520352110
51140146,291074034
51140146,20307299
51140146,2316887300
51140146,1355536062
51140146,2537339691
51140146,504993492
51140146,952286946
51140146,2358697964
51140146,229804484
51140146,18872880
51140146,32394535
51140146,39056314
51140146,513708554
51140146,1428156926
51140146,24688868
51140146,277982631
51140146,18698668
51140146,26565946
51140146,23976386
51140146,49781518
51140146,948552829
51140146,2384960965
51140146,20082207
51140146,15846407
51140146,19397785
51140146,121167080
51140146,85908999
51140146,26486870
51140146,82602399
51140146,813286
51140146,974638356
51140146,913769406
51140146,960252360
51140146,505000064
51140146,117369668
51140146,343244887
51140146,329131510
51140146,50687676
51140146,23116354
51140146,46347029
51140146,379736568
51140146,533084344
51140146,87800638
51140146,28311335
51140146,1100905614
51140146,1716452754
51140146,126760741
51140146,783214
51140146,19261460
51140146,21783395
51140146,20781929
51140146,17311493
51140146,25535042
51140146,94081671
51140146,16632149
51140146,19033555
51140146,34423857
51140146,454843106
51140146,20448566
51140146,42625523
51140146,21905142
51140146,23232821
51140146,1090458342
51140146,1001916026
51140146,1690412382
51140146,16854780
51140146,19264748
51140146,2446855243
51140146,143201970
51140146,46262534
51140146,48022532
51140146,110565167
51140146,71095057
51140146,892007730
51140146,32965485
51140146,114312867
51140146,19903099
51140146,16804762
51140146,142797379
51140146,66740930
51140146,2561091
51140146,37899812
51140146,15683146
51140146,19564523
51140146,16632219
51140146,16451028
51140146,8665572
51140146,26276346
51140146,20856282
51140146,505089852
51140146,50602093
51140146,19331985
51140146,17163446
51140146,19921389
51140146,16631331
51140146,19814175
51140146,19394887
51140146,19889294
51140146,23263743
51140146,15392221
51140146,29214466
51140146,15391813
51140146,14758257
51140146,242085107
51140146,2237652132
51140146,268414482
51140146,33537369
51140146,1291458559
51140146,397167393
51140146,709758042
