51752519,242000903
51752519,17889970
51752519,17463923
51752519,3044738957
51752519,14351536
51752519,30331417
51752519,14903044
51752519,2916305152
51752519,36329597
51752519,25048816
51752519,26257166
51752519,2557521
51752519,14758257
51752519,169426475
51752519,17471979
51752519,20536157
51752519,823905
51752519,23204569
51752519,20794341
51752519,1142859176
51752519,14116807
51752519,50707383
51752519,3110031193
51752519,395388847
51752519,20455625
51752519,1407892861
51752519,27607735
51752519,2317351705
51752519,1362132925
51752519,2858058767
51752519,18393773
51752519,33860739
51752519,21108916
51752519,38681183
51752519,15866793
51752519,19347708
51752519,14856333
51752519,1382404544
51752519,18944007
51752519,2835653131
51752519,29312953
51752519,14594813
51752519,16672510
51752519,23694165
51752519,78400475
51752519,294258287
51752519,272358339
51752519,19066345
51752519,5225991
51752519,12804422
51752519,129051309
51752519,15057943
51752519,52782073
51752519,1440641
51752519,271521239
51752519,19562228
51752519,14341277
51752519,28175577
51752519,312368068
51752519,2790802182
51752519,2869259447
51752519,768564264
51752519,27457788
51752519,149913262
51752519,19426551
51752519,105155795
51752519,69181624
51752519,19917612
51752519,53904041
51752519,19826509
51752519,471287735
51752519,265902729
51752519,616652145
51752519,457338834
51752519,990729122
51752519,263780425
51752519,18729562
51752519,18761347
51752519,19663706
51752519,80919686
51752519,1877831
51752519,2197487762
51752519,304714530
51752519,2148700882
51752519,17980026
51752519,75601920
51752519,204832963
51752519,97268285
51752519,19686295
51752519,19341180
51752519,8350912
51752519,22001973
51752519,500704345
51752519,17918704
51752519,68440549
51752519,24744541
51752519,19397785
51752519,1434251
51752519,16529640
51752519,50393960
51752519,21138477
51752519,16664681
51752519,23484039
51752519,20402945
51752519,30313925
51752519,25053299
51752519,34713362
51752519,16838962
51752519,52484614
51752519,783214
51752519,17693232
51752519,15227791
51752519,19712523
51752519,20448566
51752519,274064566
51752519,32359921
51752519,1615685677
51752519,11014272
51752519,71256932
51752519,11178902
51752519,441750075
51752519,16334857
51752519,21309551
51752519,158414847
51752519,123754656
51752519,428333
51752519,454843106
51752519,2467791
51752519,328980753
51752519,30587193
51752519,16668834
51752519,1241883595
51752519,39056314
51752519,788524
51752519,15391813
51752519,789738973
51752519,17220934
51752519,21812884
51752519,259379883
51752519,274649460
51752519,23780652
51752519,33611395
51752519,20609518
51752519,124139163
51752519,21066857
51752519,15635604
51752519,320134516
51752519,14293310
51752519,862483279
51752519,965741665
51752519,500042487
51752519,21323268
51752519,8662472
51752519,20586517
51752519,4898091
51752519,6017542
51752519,16589206
51752519,16171953
51752519,3373791
51752519,389020725
51752519,20256976
51752519,19921389
51752519,17624543
51752519,14995420
51752519,19689047
51752519,19265059
51752519,15683146
51752519,372575989
51752519,742143
51752519,1367531
51752519,612473
51752519,17918891
51752519,1652541
51752519,759251
51752519,336116660
51752519,14681605
51752519,75974281
51752519,15485441
51752519,19877186
51752519,10228272
51752519,14511951
51752519,15962096
51752519,91478624
51752519,7996082
51752519,813286
51752519,15392221
51752519,17311493
51752519,19186180
51752519,337032606
51752519,9688342
51752519,11518842
51752519,14885549
51752519,619608752
51752519,597889763
51752519,419059395
51752519,97488105
51752519,553373708
51752519,571641962
51752519,579099642
51752519,325217210
51752519,1344951
51752519,24791943
51752519,8665572
51752519,29214466
51752519,132797342
51752519,121253822
51752519,23211859
51752519,59188788
51752519,19405174
51752519,314552752
51752519,335972576
51752519,17290126
51752519,199482366
51752519,10810102
51752519,20015311
51752519,19391470
51752519,240314113
51752519,358218468
51752519,148045480
51752519,2561091
51752519,277495114
51752519,3550091
51752519,8665852
51752519,213603475
51752519,213638089
51752519,34897144
51752519,278487148
51752519,15907720
51752519,88974843
51752519,52485322
51752519,19658826
51752519,34592606
51752519,299413847
51752519,49781518
51752519,15224867
51752519,17074440
51752519,3108351
51752519,5988062
51752519,18842676
51752519,25707933
51752519,23263743
51752519,16854780
51752519,58601997
51752519,113392430
51752519,87460291
51752519,14824849
51752519,9692022
51752519,16953608
51752519,15439395
51752519,115485051
51752519,27203588
51752519,26017256
51752519,22652196
51752519,211235703
51752519,24241544
51752519,44949890
51752519,21357208
51752519,113425681
51752519,14800270
51752519,18089163
51752519,17006157
51752519,807095
51752519,14677919
51752519,243971787
51752519,15066760
51752519,14499809
51752519,14692117
51752519,59736898
51752519,246481013
51752519,18600155
51752519,14270254
51752519,24353832
51752519,8343832
51752519,19405367
51752519,19833917
51752519,23418919
51752519,17953384
51752519,19033555
51752519,18075140
51752519,17308753
51752519,20740074
51752519,59841541
51752519,23808856
51752519,80355361
51752519,17084160
51752519,19394887
51752519,20781929
51752519,18135386
51752519,22544839
51752519,19814175
51752519,55420425
51752519,64220324
51752519,26276346
51752519,71922638
51752519,30041546
51752519,19331985
51752519,16303106
51752519,17884125
51752519,211174046
51752519,25503709
51752519,14746456
51752519,14761795
51752519,14208199
51752519,69712872
51752519,15492359
51752519,213830678
51752519,19247625
51752519,21661279
51752519,18949452
