524435437,3138341447
524435437,25390350
524435437,4644839074
524435437,1496060226
524435437,1533588679
524435437,89210395
524435437,360857182
524435437,19910429
524435437,301981059
524435437,66740930
524435437,29422232
524435437,19261460
524435437,19903099
524435437,16804762
524435437,21182676
524435437,70186440
524435437,4105193720
524435437,19349699
524435437,21390674
524435437,22007357
524435437,3483917657
524435437,2609981514
524435437,204428144
524435437,389229444
524435437,266712846
524435437,167116627
524435437,19472578
524435437,20794341
524435437,574467967
524435437,1702414710
524435437,2738411808
524435437,20671468
524435437,580097412
524435437,166739404
524435437,50374439
524435437,47786101
524435437,133880286
524435437,133093395
524435437,104969057
524435437,27042513
524435437,27935844
524435437,291792721
524435437,114282063
524435437,2602386181
524435437,72915722
524435437,1178700896
524435437,847761097
524435437,18424289
524435437,198618575
524435437,206717989
524435437,4970411
524435437,157981564
524435437,36329597
524435437,24150634
524435437,20226248
524435437,3866658923
524435437,83795099
524435437,932196612
524435437,23640660
524435437,63136550
524435437,2552418144
524435437,17409240
524435437,15647676
524435437,31310158
524435437,106597684
524435437,10126672
524435437,8775672
524435437,54885400
524435437,19611483
524435437,115749048
524435437,17629860
524435437,2359926157
524435437,19490380
524435437,2248872301
524435437,205437050
524435437,239760107
524435437,10228272
524435437,3125349375
524435437,19725644
524435437,2916305152
524435437,3310241819
524435437,1851735337
524435437,16548023
524435437,745802821
524435437,194566216
524435437,785739140
524435437,19597783
524435437,19024453
524435437,18678493
524435437,878779645
524435437,2199360541
524435437,965916764
524435437,817133173
524435437,22425307
524435437,395388847
524435437,124139163
524435437,2561091
524435437,39056314
524435437,108189680
524435437,1536791610
524435437,20583613
524435437,16171953
524435437,2301763806
524435437,1615685677
524435437,1382404544
524435437,2835594983
524435437,10810102
524435437,1660468830
524435437,15439395
524435437,1968654061
524435437,2994469282
524435437,18075140
524435437,1226007084
524435437,62539853
524435437,3232015234
524435437,14293310
524435437,1265295037
524435437,15814166
524435437,31137510
524435437,69181624
524435437,454843106
524435437,309869081
524435437,190164222
524435437,20809515
524435437,1662057727
524435437,21856254
524435437,22904901
524435437,20843014
524435437,92727851
524435437,243662948
524435437,527526077
524435437,20712514
524435437,17483381
524435437,368240745
524435437,133676100
524435437,135629930
524435437,369025370
524435437,17899109
524435437,84689694
524435437,44115106
524435437,33552797
524435437,20609518
524435437,44196397
524435437,1636590253
524435437,8161232
524435437,1364930179
524435437,75069067
524435437,1093090866
524435437,757303975
524435437,1330457336
524435437,25102734
524435437,399135482
524435437,70235774
524435437,16838962
524435437,19713622
524435437,15224867
524435437,21417835
524435437,1583457979
524435437,20106852
524435437,1407892861
524435437,874374392
524435437,82054005
524435437,2686026344
524435437,2464429124
524435437,24784028
524435437,19722435
524435437,390073703
524435437,277495114
524435437,23263743
524435437,1344951
524435437,14631559
524435437,21699539
524435437,1550915660
524435437,1040804179
524435437,19296172
524435437,115485051
524435437,1961394018
524435437,102049004
524435437,17393120
524435437,27154035
524435437,14954548
524435437,31124001
524435437,14885549
524435437,7998482
524435437,23585685
524435437,153436645
524435437,157724454
524435437,300523884
524435437,54862314
524435437,89690502
524435437,2344205330
524435437,20626359
524435437,18332190
524435437,38676903
524435437,107472906
524435437,15828014
524435437,216066274
524435437,56377143
524435437,405123394
524435437,289989016
524435437,232855418
524435437,160226938
524435437,16854780
524435437,2769956058
524435437,19921389
524435437,19391470
524435437,130386799
524435437,290263087
524435437,271028583
524435437,19265059
524435437,546595476
524435437,40302362
524435437,526532836
524435437,1972387800
524435437,21707734
524435437,19264748
524435437,761727763
524435437,771383605
524435437,20884910
524435437,608167078
524435437,2590341067
524435437,56396659
524435437,681253
524435437,24593867
524435437,33484246
524435437,8223872
524435437,15110357
524435437,14758257
524435437,25053299
524435437,16632219
524435437,8665572
524435437,87532773
524435437,91478624
524435437,121291606
524435437,357750891
524435437,21648020
524435437,15392221
524435437,94081671
524435437,15492359
524435437,26276346
524435437,14511951
524435437,15108702
524435437,125625907
524435437,19910996
524435437,1652541
524435437,2485562912
524435437,123754656
524435437,2526916549
524435437,34423857
524435437,25098482
524435437,14159148
524435437,20596281
524435437,27860681
524435437,25535042
524435437,16228398
524435437,177736182
524435437,30313925
524435437,16225240
524435437,468583731
524435437,36728196
524435437,18135386
524435437,21138477
524435437,22384691
524435437,32002507
524435437,306237054
524435437,31869934
524435437,248151441
524435437,39275966
524435437,45251723
524435437,15754281
524435437,1339835893
524435437,194209753
524435437,50393960
524435437,500704345
524435437,11862072
524435437,1428337304
524435437,17624543
524435437,182721799
524435437,31237957
