54708326,19405367
54708326,3866658923
54708326,965704518
54708326,500711588
54708326,10012122
54708326,138814032
54708326,525264466
54708326,3308456165
54708326,3483917657
54708326,454887515
54708326,13848272
54708326,2388477227
54708326,2835594983
54708326,43901270
54708326,1950188826
54708326,220995331
54708326,2573216851
54708326,4235884517
54708326,4045979829
54708326,1058219036
54708326,65745339
54708326,68521364
54708326,1352700907
54708326,420359957
54708326,2992680126
54708326,35714762
54708326,3289710994
54708326,1629299712
54708326,67897584
54708326,1095426554
54708326,36329597
54708326,31594288
54708326,74426840
54708326,19472578
54708326,1536791610
54708326,27935844
54708326,3044738957
54708326,3376281958
54708326,60916506
54708326,19109917
54708326,21287076
54708326,19528381
54708326,21050953
54708326,24220708
54708326,20064101
54708326,19815027
54708326,22384691
54708326,17240183
54708326,19394887
54708326,33041180
54708326,21707734
54708326,51831438
54708326,771383605
54708326,63136550
54708326,965741665
54708326,169426475
54708326,190079099
54708326,1662057727
54708326,18949452
54708326,19650966
54708326,19243648
54708326,3138341447
54708326,1690412382
54708326,2645325126
54708326,726422732
54708326,36767536
54708326,42897068
54708326,1400533166
54708326,2847393995
54708326,403029145
54708326,394073804
54708326,95178042
54708326,2205681944
54708326,2903715045
54708326,25319819
54708326,47617770
54708326,8699742
54708326,7109022
54708326,14842285
54708326,16838962
54708326,2994469282
54708326,2864759307
54708326,2097571
54708326,28785486
54708326,14436030
54708326,45901833
54708326,742143
54708326,7587032
54708326,19534955
54708326,20794341
54708326,114848451
54708326,388313448
54708326,96951800
54708326,14727959
54708326,17351972
54708326,19490380
54708326,3094829091
54708326,259957972
54708326,337726224
54708326,1286007314
54708326,14882900
54708326,487664104
54708326,33643745
54708326,2872602315
54708326,2420489107
54708326,2926921846
54708326,2762100032
54708326,2784832496
54708326,1103312845
54708326,81812301
54708326,2389299616
54708326,2671564457
54708326,2613250950
54708326,2665502418
54708326,2707351389
54708326,425916387
54708326,8159472
54708326,627673190
54708326,69554298
54708326,2307219973
54708326,2266087922
54708326,44683789
54708326,2280836929
54708326,1061870996
54708326,157126109
54708326,2273728987
54708326,1525855128
54708326,115316607
54708326,142262635
54708326,17087162
54708326,21390437
54708326,142261464
54708326,151412125
54708326,38977171
54708326,19921394
54708326,138388408
54708326,21204154
54708326,86233091
54708326,20448566
54708326,61457123
54708326,66834664
54708326,73249951
54708326,256675420
54708326,1548317628
54708326,466444412
54708326,329789735
54708326,2485157162
54708326,872185597
54708326,1192744812
54708326,478671055
54708326,252753618
54708326,1178944580
54708326,155659213
54708326,1895388408
54708326,237241020
54708326,1651824314
54708326,1035148302
54708326,333534411
54708326,2306281370
54708326,1205123202
54708326,2550023839
54708326,18415491
54708326,2394781730
54708326,1436932428
54708326,239961783
54708326,1035959376
54708326,1891828604
54708326,2415634021
54708326,1399527078
54708326,54427036
54708326,153046768
54708326,1615685677
54708326,153403071
54708326,25524832
54708326,21309551
54708326,18678493
54708326,550001684
54708326,355919404
54708326,1058962604
54708326,449058568
54708326,42626527
54708326,335299650
54708326,283038024
54708326,369068190
54708326,520204272
54708326,21856254
54708326,454395581
54708326,43959578
54708326,33918708
54708326,634036884
54708326,112581920
54708326,579567103
54708326,493080041
54708326,859835936
54708326,239858104
54708326,149455704
54708326,499005559
54708326,186393553
54708326,223434860
54708326,230848969
54708326,120882767
54708326,449360373
54708326,521193261
54708326,77844145
54708326,195740633
54708326,813286
54708326,22751974
54708326,475354484
54708326,505089852
54708326,71843505
54708326,18944007
54708326,54393525
54708326,18764854
54708326,177736182
54708326,51241574
54708326,376819013
54708326,14903044
54708326,18727451
54708326,18600155
54708326,69712872
54708326,60917604
54708326,71560422
54708326,150677740
54708326,115724250
54708326,19686295
54708326,9300262
54708326,15095537
54708326,365088244
54708326,21389998
54708326,201777880
54708326,16532192
54708326,59486068
54708326,455831939
54708326,405123394
54708326,498086098
54708326,17131042
54708326,823905
54708326,32359921
54708326,42616710
54708326,28333098
54708326,123754656
54708326,28454994
54708326,395388847
54708326,363793324
54708326,193327457
54708326,70349639
54708326,17138369
54708326,16220644
54708326,17900130
54708326,84093251
54708326,86928771
54708326,21905142
54708326,17494015
54708326,17624543
54708326,14866753
54708326,15896379
54708326,256713580
54708326,15907720
54708326,256449166
54708326,108443297
54708326,40019154
54708326,90891909
54708326,63692861
54708326,22478960
54708326,34076997
54708326,17626165
54708326,9995692
54708326,66738733
54708326,86140730
54708326,42397748
54708326,62116734
54708326,621563
54708326,19722435
54708326,2043041
54708326,22904901
54708326,56149037
54708326,43366491
54708326,52782073
54708326,44411576
54708326,15701796
54708326,97019983
54708326,22286203
54708326,53056584
54708326,25561679
54708326,74531956
54708326,16225398
54708326,279165920
54708326,51016097
54708326,55591083
54708326,20058825
54708326,41148403
54708326,271028583
54708326,213796133
54708326,92795518
54708326,2884771
54708326,16672510
54708326,788524
54708326,4898091
54708326,807095
54708326,3108351
54708326,7996082
54708326,18803740
54708326,24241544
54708326,21138477
54708326,6017542
54708326,16589206
54708326,19391470
54708326,272770119
54708326,5402612
54708326,14293310
54708326,759251
54708326,5988062
54708326,7905122
54708326,2467791
54708326,18665800
54708326,40872043
54708326,43932826
54708326,257666657
54708326,46810443
54708326,33611395
54708326,15079048
54708326,27611466
54708326,16656778
54708326,31152869
54708326,19712523
54708326,34057141
54708326,18915134
54708326,33878426
54708326,16668550
54708326,25064171
54708326,103684486
54708326,126202925
54708326,96751254
54708326,15237481
54708326,44467697
54708326,152424599
54708326,180555416
54708326,8242942
54708326,233629413
54708326,125186047
54708326,20599255
54708326,131964045
54708326,128033040
54708326,266255110
54708326,279224810
54708326,280237690
54708326,22948591
54708326,18180382
54708326,22791595
54708326,30070288
54708326,26736265
54708326,20635100
54708326,185401860
54708326,84094846
54708326,35701409
54708326,26026030
54708326,15458694
54708326,20305035
54708326,16451028
54708326,22905057
54708326,16631693
54708326,22134758
54708326,22017142
54708326,41400946
54708326,21747774
54708326,36021234
54708326,22667080
54708326,16632219
54708326,24228647
54708326,19368263
54708326,20380673
54708326,23585685
54708326,15108702
54708326,3310571
54708326,19026567
54708326,14186057
54708326,19334929
54708326,14333754
54708326,27085973
54708326,136293558
54708326,90099557
54708326,15818391
54708326,91478624
54708326,113684275
54708326,18214481
54708326,40222490
54708326,93230391
54708326,37898435
54708326,21098134
54708326,22912016
54708326,48415065
54708326,6860232
54708326,84713811
54708326,25535042
54708326,20671468
54708326,68961917
54708326,23135902
54708326,121231924
54708326,30842233
54708326,14436439
54708326,14624606
54708326,20583613
54708326,18899958
54708326,17169390
54708326,19248800
54708326,19989787
54708326,21112266
54708326,24311786
54708326,3373791
54708326,19284122
54708326,23640660
54708326,16854780
54708326,17989888
54708326,12497362
54708326,20560841
54708326,19973332
54708326,20740074
54708326,17693232
54708326,14758257
54708326,19349699
54708326,33223619
54708326,33483290
54708326,33234234
54708326,37775596
54708326,31577057
54708326,19314019
54708326,18227444
54708326,19180060
54708326,34423857
54708326,61037301
54708326,19689047
54708326,115442828
54708326,68822155
54708326,18842676
54708326,17207024
54708326,43103303
54708326,87460291
54708326,7069902
54708326,20864295
54708326,56405421
54708326,125409127
54708326,218653131
54708326,19720089
54708326,19265059
54708326,16632149
54708326,26017256
54708326,22425307
54708326,15683146
54708326,20511502
54708326,20618678
54708326,19713622
54708326,115746176
54708326,21902580
54708326,17953384
54708326,49781518
54708326,18671165
54708326,19863224
54708326,20781929
54708326,16569045
54708326,25982907
54708326,16171953
54708326,34352191
54708326,1652541
54708326,21492030
54708326,15030767
54708326,19910996
54708326,19488569
54708326,17884125
54708326,20712514
54708326,19024453
54708326,21195865
54708326,30041546
54708326,20843014
54708326,35779304
54708326,115354383
54708326,216429577
54708326,22829551
54708326,19646102
54708326,8665572
54708326,15005991
54708326,19019970
54708326,19264748
54708326,78323166
54708326,22903765
54708326,428333
54708326,94081671
54708326,124139163
54708326,15748165
54708326,21856114
54708326,23263743
54708326,17595890
54708326,19663485
54708326,14746456
54708326,20062102
54708326,21066857
54708326,15392221
54708326,17311493
54708326,26276346
54708326,17163446
54708326,19352294
54708326,19472897
54708326,121176422
54708326,21783395
54708326,19889294
54708326,8665852
54708326,19921389
54708326,95258700
54708326,21390674
54708326,23313127
54708326,19449592
54708326,105953661
54708326,112764971
54708326,31237480
54708326,9245092
54708326,20144443
54708326,18135386
54708326,2561091
54708326,106208301
54708326,3550091
54708326,178524311
54708326,15391813
54708326,16951979
54708326,17084160
54708326,19065251
54708326,46197269
54708326,28678539
