55181957,4339043357
55181957,19915645
55181957,14140055
55181957,31415353
55181957,16465385
55181957,1129453447
55181957,125349299
55181957,3459428057
55181957,200089758
55181957,470099591
55181957,16308922
55181957,226890990
55181957,1968654061
55181957,2827590346
55181957,759251
55181957,823908762
55181957,3239192692
55181957,2978526405
55181957,23638544
55181957,48441185
55181957,1491066691
55181957,27935844
55181957,43983827
55181957,1148028992
55181957,3331257161
55181957,281582764
55181957,253969668
55181957,20380673
55181957,19197114
55181957,2878614300
55181957,370917647
55181957,2252122814
55181957,30313925
55181957,1330457336
55181957,1093090866
55181957,1339835893
55181957,1581289837
55181957,2902138622
55181957,7911612
55181957,14903044
55181957,15005991
55181957,17953384
55181957,19024453
55181957,19458590
55181957,19722435
55181957,20583613
55181957,20717297
55181957,24013458
55181957,25190574
55181957,25999072
55181957,26017256
55181957,34076997
55181957,37976647
55181957,68455966
55181957,71843505
55181957,190079099
55181957,232855418
55181957,1950188826
55181957,2387840556
55181957,2415634021
55181957,22384691
55181957,115442828
55181957,17990493
55181957,271028583
55181957,320860459
55181957,20809515
55181957,103065157
55181957,77528520
55181957,19347708
55181957,18904973
55181957,17063215
55181957,813286
55181957,43346844
55181957,22425307
55181957,21138477
55181957,15962096
55181957,3108351
55181957,788524
55181957,20740074
55181957,376819013
55181957,20015311
55181957,2469919447
55181957,34423857
55181957,19973332
55181957,14746456
55181957,19391470
55181957,40871073
55181957,16171953
55181957,21492030
55181957,20058825
55181957,6134882
55181957,25657017
55181957,20885390
55181957,2494020072
55181957,19682451
55181957,220995331
55181957,19600252
55181957,726422732
55181957,1415403024
55181957,71903005
55181957,17213053
55181957,1370851598
55181957,307891015
55181957,220983575
55181957,20646711
55181957,39056314
55181957,1097836022
55181957,18678493
55181957,22904901
55181957,37895682
55181957,71560422
55181957,60917604
55181957,69023503
55181957,60916506
55181957,84128595
55181957,3044738957
55181957,20794341
55181957,150677740
55181957,14856333
55181957,19247625
55181957,18847920
55181957,49195175
55181957,19083439
55181957,23011527
55181957,162089811
55181957,105898722
55181957,126118232
55181957,14183379
55181957,17623816
55181957,89273104
55181957,18920461
55181957,2180126766
55181957,2292454922
55181957,21313364
55181957,338985020
55181957,68440549
55181957,24744541
55181957,124690469
55181957,183642910
55181957,374268208
55181957,257666657
55181957,19334929
55181957,266712846
55181957,17624959
55181957,11862072
55181957,17745219
55181957,16838962
55181957,16664803
55181957,12553452
55181957,1169328516
55181957,256577881
55181957,21424725
55181957,19713622
55181957,20511502
55181957,25059963
55181957,50287595
55181957,257082921
55181957,14755492
55181957,54015652
55181957,70235774
55181957,771383605
55181957,2197487762
55181957,20560841
55181957,70349639
55181957,167399649
55181957,19875072
55181957,2994469282
55181957,948552829
55181957,1662057727
55181957,59486068
55181957,15846407
55181957,102700680
55181957,19472578
55181957,304909941
55181957,23605284
55181957,304876789
55181957,196994616
55181957,460163041
55181957,169426475
55181957,17675072
55181957,8223872
55181957,85286794
55181957,300868924
55181957,123920470
55181957,30547095
55181957,19790261
55181957,250288654
55181957,19904685
55181957,937499232
55181957,69231483
55181957,34500963
55181957,2195671183
55181957,11695472
55181957,51004460
55181957,18049879
55181957,280548499
55181957,14138785
55181957,612473
55181957,16343974
55181957,16973333
55181957,14758257
55181957,21783395
55181957,16632219
55181957,19529777
55181957,20766350
55181957,23694165
55181957,20781929
55181957,21905142
55181957,1615685677
55181957,17624543
55181957,18600155
55181957,484962664
55181957,237742980
55181957,2164968990
55181957,492288571
55181957,123754656
55181957,26281917
55181957,50300579
55181957,19650966
55181957,21648020
55181957,182721799
55181957,259348780
55181957,23366818
55181957,211580813
55181957,24586830
55181957,3373791
55181957,24241544
55181957,7109022
55181957,19264748
55181957,18135386
55181957,19921389
55181957,17884125
55181957,16451028
55181957,14842285
55181957,8665572
55181957,297947984
55181957,1701570967
55181957,1481717264
55181957,79034142
55181957,2293542517
55181957,22473054
55181957,843282733
55181957,155659213
55181957,19564523
55181957,49781518
55181957,20064101
55181957,232554372
55181957,45564482
55181957,115485051
55181957,8665852
55181957,337726224
55181957,50627903
55181957,251716551
55181957,199196447
55181957,198618575
55181957,20434358
55181957,36329597
55181957,206717989
55181957,24150634
55181957,157981564
55181957,336116660
55181957,16870853
55181957,9695312
55181957,14780915
55181957,19063323
55181957,15933910
55181957,1879831
55181957,16929349
55181957,19923638
55181957,16096416
55181957,15279429
55181957,25326324
55181957,32469566
55181957,14791162
55181957,965741665
55181957,109702885
55181957,350127476
55181957,114796408
55181957,1156866230
55181957,121482708
55181957,313806960
55181957,291294443
55181957,1536791610
55181957,20609518
55181957,214911910
55181957,24105509
55181957,58745539
55181957,395101612
55181957,1286007314
55181957,318791926
55181957,525627833
55181957,164348999
55181957,33643745
55181957,83398636
55181957,299547752
55181957,151771748
55181957,5838072
55181957,17213309
55181957,21861760
55181957,225190303
55181957,153474021
55181957,136361303
55181957,60054156
55181957,882548400
55181957,3021253157
55181957,160549332
55181957,21676605
55181957,185193177
55181957,98664255
55181957,28146644
55181957,56059242
55181957,21085668
55181957,1050814326
55181957,26775098
55181957,94118717
55181957,507309111
55181957,16669806
55181957,26276346
55181957,33963110
55181957,14351651
55181957,364869251
55181957,2213798437
55181957,241100784
55181957,253738973
55181957,40893487
55181957,76611584
55181957,633225884
55181957,203026347
55181957,294529897
55181957,90774609
55181957,468543556
55181957,2421122582
55181957,3086370094
55181957,60659498
55181957,49239873
55181957,24047612
55181957,60649803
55181957,47459700
55181957,16913418
55181957,18647765
55181957,78021221
55181957,44084633
55181957,72568426
55181957,348379865
55181957,326359913
55181957,85772748
55181957,465723566
55181957,73359920
55181957,221392767
55181957,498790808
55181957,574594956
55181957,20455625
55181957,21093744
55181957,1174067102
55181957,102446093
55181957,115764455
55181957,17810254
55181957,26259480
55181957,21701757
55181957,19916163
55181957,25093616
55181957,19712523
55181957,87460291
55181957,1690412382
55181957,23585685
55181957,26873200
55181957,277495114
55181957,204817833
55181957,75793795
55181957,15290936
55181957,14882900
55181957,2097571
55181957,124139163
55181957,16632149
55181957,395388847
55181957,25535042
55181957,61152793
55181957,418538834
55181957,278711217
55181957,951591103
55181957,13259932
55181957,11027342
55181957,87818409
55181957,141266003
55181957,148517828
55181957,21303235
55181957,69231187
55181957,47590776
55181957,223983874
55181957,17264354
55181957,14995420
55181957,19689047
55181957,17093617
55181957,19498959
55181957,19349699
55181957,18998892
55181957,19889294
55181957,28312880
55181957,22127274
55181957,14677919
55181957,21093785
55181957,25531164
55181957,20802277
55181957,14700316
55181957,17899109
55181957,115099953
55181957,25503709
55181957,53096584
55181957,51241574
55181957,16589206
55181957,18186509
55181957,20843014
55181957,16631693
55181957,3550091
55181957,1652541
55181957,14159148
55181957,5402612
55181957,807095
55181957,7996082
55181957,15391813
55181957,27860681
55181957,17163446
55181957,94081671
55181957,39511166
55181957,38146999
55181957,19277186
55181957,20596281
55181957,33933259
55181957,13201312
55181957,15762575
55181957,2561091
55181957,17311493
55181957,15392221
55181957,14333754
55181957,21066857
55181957,30041546
55181957,16153562
55181957,19177501
55181957,36026252
55181957,20479813
55181957,18665800
55181957,14658751
55181957,26205565
55181957,20532031
55181957,3459051
55181957,14361155
55181957,19079784
55181957,4339043357
55181957,19915645
55181957,14140055
55181957,31415353
55181957,16465385
55181957,1129453447
55181957,125349299
55181957,3459428057
55181957,200089758
55181957,470099591
55181957,16308922
55181957,226890990
55181957,1968654061
55181957,2827590346
55181957,759251
55181957,823908762
55181957,3239192692
55181957,2978526405
55181957,23638544
55181957,48441185
55181957,1491066691
55181957,27935844
55181957,43983827
55181957,1148028992
55181957,3331257161
55181957,281582764
55181957,253969668
55181957,20380673
55181957,19197114
55181957,2878614300
55181957,370917647
55181957,2252122814
55181957,30313925
55181957,1330457336
55181957,1093090866
55181957,1339835893
55181957,1581289837
55181957,2902138622
55181957,7911612
55181957,14903044
55181957,15005991
55181957,17953384
55181957,19024453
55181957,19458590
55181957,19722435
55181957,20583613
55181957,20717297
55181957,24013458
55181957,25190574
55181957,25999072
55181957,26017256
55181957,34076997
55181957,37976647
55181957,68455966
55181957,71843505
55181957,190079099
55181957,232855418
55181957,1950188826
55181957,2387840556
55181957,2415634021
55181957,22384691
55181957,115442828
55181957,17990493
55181957,271028583
55181957,320860459
55181957,20809515
55181957,103065157
55181957,77528520
55181957,19347708
55181957,18904973
55181957,17063215
55181957,813286
55181957,43346844
55181957,22425307
55181957,21138477
55181957,15962096
55181957,3108351
55181957,788524
55181957,20740074
55181957,376819013
55181957,20015311
55181957,2469919447
55181957,34423857
55181957,19973332
55181957,14746456
55181957,19391470
55181957,40871073
55181957,16171953
55181957,21492030
55181957,20058825
55181957,6134882
55181957,25657017
55181957,20885390
55181957,2494020072
55181957,19682451
55181957,220995331
55181957,19600252
55181957,726422732
55181957,1415403024
55181957,71903005
55181957,17213053
55181957,1370851598
55181957,307891015
55181957,220983575
55181957,20646711
55181957,39056314
55181957,1097836022
55181957,18678493
55181957,22904901
55181957,37895682
55181957,71560422
55181957,60917604
55181957,69023503
55181957,60916506
55181957,84128595
55181957,3044738957
55181957,20794341
55181957,150677740
55181957,14856333
55181957,19247625
55181957,18847920
55181957,49195175
55181957,19083439
55181957,23011527
55181957,162089811
55181957,105898722
55181957,126118232
55181957,14183379
55181957,17623816
55181957,89273104
55181957,18920461
55181957,2180126766
55181957,2292454922
55181957,21313364
55181957,338985020
55181957,68440549
55181957,24744541
55181957,124690469
55181957,183642910
55181957,374268208
55181957,257666657
55181957,19334929
55181957,266712846
55181957,17624959
55181957,11862072
55181957,17745219
55181957,16838962
55181957,16664803
55181957,12553452
55181957,1169328516
55181957,256577881
55181957,21424725
55181957,19713622
55181957,20511502
55181957,25059963
55181957,50287595
55181957,257082921
55181957,14755492
55181957,54015652
55181957,70235774
55181957,771383605
55181957,2197487762
55181957,20560841
55181957,70349639
55181957,167399649
55181957,19875072
55181957,2994469282
55181957,948552829
55181957,1662057727
55181957,59486068
55181957,15846407
55181957,102700680
55181957,19472578
55181957,304909941
55181957,23605284
55181957,304876789
55181957,196994616
55181957,460163041
55181957,169426475
55181957,17675072
55181957,8223872
55181957,85286794
55181957,300868924
55181957,123920470
55181957,30547095
55181957,19790261
55181957,250288654
55181957,19904685
55181957,937499232
55181957,69231483
55181957,34500963
55181957,2195671183
55181957,11695472
55181957,51004460
55181957,18049879
55181957,280548499
55181957,14138785
55181957,612473
55181957,16343974
55181957,16973333
55181957,14758257
55181957,21783395
55181957,16632219
55181957,19529777
55181957,20766350
55181957,23694165
55181957,20781929
55181957,21905142
55181957,1615685677
55181957,17624543
55181957,18600155
55181957,484962664
55181957,237742980
55181957,2164968990
55181957,492288571
55181957,123754656
55181957,26281917
55181957,50300579
55181957,19650966
55181957,21648020
55181957,182721799
55181957,259348780
55181957,23366818
55181957,211580813
55181957,24586830
55181957,3373791
55181957,24241544
55181957,7109022
55181957,19264748
55181957,18135386
55181957,19921389
55181957,17884125
55181957,16451028
55181957,14842285
55181957,8665572
55181957,297947984
55181957,1701570967
55181957,1481717264
55181957,2293542517
55181957,79034142
55181957,22473054
55181957,843282733
55181957,155659213
55181957,19564523
55181957,49781518
55181957,20064101
55181957,232554372
55181957,45564482
55181957,115485051
55181957,8665852
55181957,337726224
55181957,50627903
55181957,251716551
55181957,199196447
55181957,198618575
55181957,20434358
55181957,36329597
55181957,206717989
55181957,24150634
55181957,157981564
55181957,336116660
55181957,16870853
55181957,9695312
55181957,14780915
55181957,19063323
55181957,15933910
55181957,1879831
55181957,16929349
55181957,19923638
55181957,16096416
55181957,15279429
55181957,25326324
55181957,32469566
55181957,14791162
55181957,965741665
55181957,109702885
55181957,350127476
55181957,114796408
55181957,1156866230
55181957,121482708
55181957,313806960
55181957,291294443
55181957,1536791610
55181957,20609518
55181957,214911910
55181957,24105509
55181957,58745539
55181957,395101612
55181957,1286007314
55181957,318791926
55181957,525627833
55181957,164348999
55181957,33643745
55181957,83398636
55181957,299547752
55181957,151771748
55181957,5838072
55181957,17213309
55181957,21861760
55181957,225190303
55181957,153474021
55181957,136361303
55181957,60054156
55181957,882548400
55181957,3021253157
55181957,160549332
55181957,21676605
55181957,98664255
55181957,185193177
55181957,28146644
55181957,56059242
55181957,1050814326
55181957,94118717
55181957,26775098
55181957,21085668
55181957,26276346
55181957,16669806
55181957,507309111
55181957,14351651
55181957,33963110
55181957,364869251
55181957,2213798437
55181957,241100784
55181957,253738973
55181957,40893487
55181957,76611584
55181957,633225884
55181957,203026347
55181957,294529897
55181957,90774609
55181957,468543556
55181957,2421122582
55181957,3086370094
55181957,60659498
55181957,49239873
55181957,24047612
55181957,60649803
55181957,47459700
55181957,16913418
55181957,18647765
55181957,78021221
55181957,44084633
55181957,72568426
55181957,348379865
55181957,326359913
55181957,85772748
55181957,465723566
55181957,73359920
55181957,221392767
55181957,498790808
55181957,574594956
55181957,20455625
55181957,21093744
55181957,1174067102
55181957,102446093
55181957,115764455
55181957,17810254
55181957,26259480
55181957,21701757
55181957,19916163
55181957,25093616
55181957,19712523
55181957,87460291
55181957,1690412382
55181957,23585685
55181957,26873200
55181957,277495114
55181957,204817833
55181957,75793795
55181957,15290936
55181957,14882900
55181957,2097571
55181957,124139163
55181957,16632149
55181957,395388847
55181957,25535042
55181957,61152793
55181957,418538834
55181957,278711217
55181957,951591103
55181957,13259932
55181957,11027342
55181957,87818409
55181957,141266003
55181957,148517828
55181957,21303235
55181957,69231187
55181957,47590776
55181957,223983874
55181957,17264354
55181957,14995420
55181957,19689047
55181957,17093617
55181957,19498959
55181957,19349699
55181957,18998892
55181957,19889294
55181957,28312880
55181957,22127274
55181957,14677919
55181957,21093785
55181957,25531164
55181957,20802277
55181957,14700316
55181957,17899109
55181957,115099953
55181957,25503709
55181957,53096584
55181957,51241574
55181957,16589206
55181957,18186509
55181957,20843014
55181957,16631693
55181957,3550091
55181957,1652541
55181957,14159148
55181957,5402612
55181957,807095
55181957,7996082
55181957,15391813
55181957,27860681
55181957,17163446
55181957,94081671
55181957,39511166
55181957,38146999
55181957,19277186
55181957,20596281
55181957,33933259
55181957,13201312
55181957,15762575
55181957,2561091
55181957,17311493
55181957,15392221
55181957,14333754
55181957,21066857
55181957,30041546
55181957,16153562
55181957,19177501
55181957,36026252
55181957,20479813
55181957,18665800
55181957,14658751
55181957,26205565
55181957,20532031
55181957,3459051
55181957,14361155
55181957,19079784
