556800462,1582525308
556800462,295550115
556800462,3307621678
556800462,514224011
556800462,3030322752
556800462,2469606308
556800462,513054351
556800462,31078267
556800462,2292550536
556800462,40907405
556800462,14872511
556800462,18948093
556800462,75270099
556800462,19907974
556800462,4407659680
556800462,4209092644
556800462,61842046
556800462,1522105136
556800462,4159361
556800462,305036165
556800462,4524412653
556800462,17895025
556800462,211203240
556800462,359587264
556800462,632123740
556800462,859456939
556800462,1964685090
556800462,26757305
556800462,2346545028
556800462,2761891817
556800462,507425094
556800462,130160241
556800462,1734692346
556800462,2712091824
556800462,48697433
556800462,285054185
556800462,349581778
556800462,181629711
556800462,3383981938
556800462,233489955
556800462,66163531
556800462,321939235
556800462,322618609
556800462,499846759
556800462,13107852
556800462,567360618
556800462,789270343
556800462,343447873
556800462,1448128436
556800462,897863197
556800462,2230433110
556800462,68740712
556800462,3336873328
556800462,163029352
556800462,2330590743
556800462,2346436721
556800462,2974506717
556800462,300109488
556800462,3055001794
556800462,3380065859
556800462,3064379747
556800462,104543969
556800462,38144749
556800462,3653278697
556800462,416332389
556800462,5875022
556800462,16514160
556800462,397499505
556800462,422070051
556800462,948552829
556800462,2496330217
556800462,47739564
556800462,3970866023
556800462,603531709
556800462,399125922
556800462,79025322
556800462,3129968261
556800462,323149893
556800462,263845120
556800462,2330727788
556800462,228380252
556800462,518582799
556800462,3041514281
556800462,14335399
556800462,134946215
556800462,19348870
556800462,47310900
556800462,459740186
556800462,15861468
556800462,1636110385
556800462,3297567859
556800462,3028252336
556800462,168300248
556800462,2663914747
556800462,875257699
556800462,2435905878
556800462,574133164
556800462,18189450
556800462,469151958
556800462,2623633899
556800462,1326373002
556800462,158401966
556800462,3297631403
556800462,75067369
556800462,3246481402
556800462,148283049
556800462,2785989037
556800462,3301416484
556800462,301472434
556800462,24699707
556800462,32947390
556800462,52014965
556800462,3378799204
556800462,1910890256
556800462,2904938637
556800462,356885109
556800462,2846840261
556800462,570786264
556800462,3374371431
556800462,2609273612
556800462,94335911
556800462,79212424
556800462,1433286055
556800462,3016840503
556800462,857785580
556800462,171567873
556800462,26201346
556800462,19233129
556800462,19232649
556800462,17462475
556800462,343918643
556800462,23822829
556800462,60642052
556800462,8761432
556800462,1571068567
556800462,3302830935
556800462,24985189
556800462,229274429
556800462,101766148
556800462,6233802
556800462,230214604
556800462,903940260
556800462,7022452
556800462,2813406080
556800462,3178447047
556800462,92124334
556800462,2387799386
556800462,377309543
556800462,2865563799
556800462,6257282
556800462,2722310510
556800462,26792275
556800462,1650790741
556800462,115156210
556800462,2237376834
556800462,1355270803
556800462,24597241
556800462,54172750
556800462,192306041
556800462,1978962259
556800462,550937397
556800462,1171625653
556800462,3378768663
556800462,2751125037
556800462,246219987
556800462,119204428
556800462,27729102
556800462,1919296848
556800462,3102698692
556800462,10351462
556800462,88157134
556800462,6696032
556800462,373572480
556800462,3194622424
556800462,68119671
556800462,3288941717
556800462,35460844
556800462,114745904
556800462,3040774109
556800462,278538932
556800462,2989412643
556800462,2842247776
556800462,3245631819
556800462,482133423
556800462,59143862
556800462,253249300
556800462,31408413
556800462,634653876
556800462,2987955574
556800462,221141000
556800462,537390875
556800462,14486811
556800462,226520553
556800462,864301266
556800462,728420258
556800462,526547831
556800462,3294086038
556800462,462775249
556800462,1361302316
556800462,809092
556800462,15834012
556800462,16493868
556800462,80030606
556800462,2925327886
556800462,2491546933
556800462,714094442
556800462,208517176
556800462,310445162
556800462,3946541
556800462,2799130887
556800462,266852516
556800462,29422232
556800462,46176168
556800462,29858729
556800462,6361512
556800462,1452333954
556800462,71104291
556800462,3218461949
556800462,2164364874
556800462,132454915
556800462,2237231593
556800462,123868861
556800462,251034857
556800462,2283835609
556800462,986881279
556800462,17093617
556800462,3300250125
556800462,2984753899
556800462,1412583840
556800462,80122680
556800462,2759453478
556800462,2894451016
556800462,323265196
556800462,338909735
556800462,2221140024
556800462,130144684
556800462,399854903
556800462,72653825
556800462,348971805
556800462,1109153444
556800462,542000342
556800462,17064195
556800462,63147485
556800462,2385855194
556800462,2985832967
556800462,279579063
556800462,588259039
556800462,26458162
556800462,266019106
556800462,26110155
556800462,1152149270
556800462,16451837
556800462,223450875
556800462,17781955
556800462,20506897
556800462,1234227716
556800462,2969760609
556800462,18717137
556800462,62806562
556800462,1322626291
556800462,90139268
556800462,272019676
556800462,1606071684
556800462,82208553
556800462,382716044
556800462,63158667
556800462,1381732842
556800462,1536506010
556800462,63445095
556800462,70141709
556800462,2172596028
556800462,2264926972
556800462,421347689
556800462,454334409
556800462,189376144
556800462,70760148
556800462,55326163
556800462,343915801
556800462,791891106
556800462,82918202
556800462,2835038441
556800462,1586266080
556800462,2485038029
556800462,3064425653
556800462,409222227
556800462,249602628
556800462,2570486282
556800462,3072965235
556800462,260380276
556800462,239767060
556800462,558018185
556800462,3095492283
556800462,2825932033
556800462,3093167763
556800462,28139135
556800462,5893702
556800462,66823494
556800462,82912952
556800462,2885707365
556800462,84294750
556800462,2469782417
556800462,2932305623
556800462,46623193
556800462,70913986
556800462,2980191191
556800462,17576181
556800462,1197967508
556800462,1622783882
556800462,17467745
556800462,16705726
556800462,16600393
556800462,3053712795
556800462,17870495
556800462,1883024846
556800462,212019800
556800462,202281440
556800462,543675498
556800462,196994616
556800462,2831789318
556800462,1111517431
556800462,12874542
556800462,610994783
556800462,240569603
556800462,714417878
556800462,1292292907
556800462,1647997124
556800462,2818872226
556800462,2317405081
556800462,456834874
556800462,1519224199
556800462,2239533698
556800462,2914032941
556800462,1446296545
556800462,1299371
556800462,43171801
556800462,2346704239
556800462,2831602127
556800462,123235076
556800462,517303484
556800462,560509154
556800462,184482733
556800462,86301869
556800462,29796093
556800462,8252192
556800462,884451912
556800462,183622298
556800462,2509971319
556800462,726372601
556800462,1603758744
556800462,191386707
556800462,500001342
556800462,18539631
556800462,85606078
556800462,15135648
556800462,50316987
556800462,1322786857
556800462,761661913
556800462,2669026484
556800462,117780634
556800462,1514283722
556800462,17909165
556800462,14966017
556800462,24908524
556800462,156998330
556800462,1218988039
556800462,1023698377
556800462,14058843
556800462,541136693
556800462,11307222
556800462,198119285
556800462,95626773
556800462,334611957
556800462,552299133
556800462,334602996
556800462,124690469
556800462,14385336
556800462,2189914007
556800462,433197677
556800462,183213553
556800462,1482423444
556800462,1446063620
556800462,1185354854
556800462,540738003
556800462,194048338
556800462,415758245
556800462,1050727783
556800462,26521316
556800462,47620601
556800462,2917243588
556800462,21714938
556800462,2612551
556800462,2867454101
556800462,17309168
556800462,271004511
556800462,3031283620
556800462,19541556
556800462,17448796
556800462,979139815
556800462,305781375
556800462,1369895317
556800462,460966881
556800462,2243712318
556800462,317650146
556800462,2328937074
556800462,300760747
556800462,15441074
556800462,156301887
556800462,409026291
556800462,19374728
556800462,342641955
556800462,429751576
556800462,20481058
556800462,320735234
556800462,1516837249
556800462,110541296
556800462,44615672
556800462,2321035915
556800462,352053266
556800462,217616314
556800462,18267548
556800462,266808933
556800462,1566383408
556800462,153726697
556800462,3003273563
556800462,2868020457
556800462,955466101
556800462,2742241352
556800462,304909941
556800462,158342368
556800462,442048468
556800462,24937317
556800462,56524916
556800462,1356539971
556800462,2829351611
556800462,19335976
556800462,15928832
556800462,2445486307
556800462,2869289675
556800462,908764915
556800462,20421862
556800462,2981338912
556800462,84053338
556800462,160945383
556800462,140438576
556800462,431727381
556800462,258303348
556800462,325043884
556800462,296534794
556800462,268793977
556800462,259674489
556800462,417404717
556800462,2578192502
556800462,1297562167
556800462,473183754
556800462,2987739473
556800462,2981881689
556800462,14885549
556800462,816653
556800462,28172926
556800462,1701435792
556800462,2529634825
556800462,372208149
556800462,221330045
556800462,2977013854
556800462,118430092
556800462,711803
556800462,2832246523
556800462,69072519
556800462,19923293
556800462,38150247
556800462,20596523
556800462,467282887
556800462,81895351
556800462,75012105
556800462,188736341
556800462,278405948
556800462,2780869477
556800462,2751956443
556800462,17850785
556800462,185898176
556800462,256210681
556800462,1212310728
556800462,2938007295
556800462,26593773
556800462,1333765166
556800462,2613513409
556800462,16213437
556800462,14460250
556800462,533022693
556800462,2574556312
556800462,1295506400
556800462,1400691313
556800462,2672307869
556800462,281766494
556800462,997834628
556800462,870305642
556800462,35761106
556800462,22938914
556800462,84351228
556800462,819999
556800462,1116530071
556800462,22362552
556800462,17463923
556800462,83563113
556800462,258790331
556800462,243203704
556800462,1041930259
556800462,2421073909
556800462,2860156185
556800462,2193779414
556800462,460163041
556800462,2362797030
556800462,2803587655
556800462,270839361
556800462,2257889272
556800462,1569999828
556800462,1635070688
556800462,2872430709
556800462,43199178
556800462,2571668622
556800462,1527294949
556800462,440943555
556800462,1329827274
556800462,2735459970
556800462,2735429684
556800462,9655032
556800462,420507548
556800462,2698060778
556800462,527943676
556800462,39048397
556800462,18216581
556800462,86034428
556800462,512167767
556800462,2839382823
556800462,412271601
556800462,2785413058
556800462,6708952
556800462,70380540
556800462,835298083
556800462,224231760
556800462,390707143
556800462,342604974
556800462,487823178
556800462,42593221
556800462,371261069
556800462,22018165
556800462,1356927114
556800462,44644329
556800462,151389519
556800462,22077248
556800462,273969112
556800462,2350334101
556800462,2438273430
556800462,1068449370
556800462,2772231622
556800462,2242499244
556800462,1964915406
556800462,420523728
556800462,127620350
556800462,2313347233
556800462,381409189
556800462,188252746
556800462,23969602
556800462,20461497
556800462,2314595279
556800462,2180031792
556800462,257749801
556800462,1073094979
556800462,66637391
556800462,449112109
556800462,1267413776
556800462,2431254637
556800462,596205061
556800462,1201858628
556800462,1240057111
556800462,88685210
556800462,1115348904
556800462,150702756
556800462,187484349
556800462,1872007974
556800462,205315827
556800462,199729835
556800462,808779108
556800462,146034763
556800462,153810519
556800462,375567854
556800462,31111576
556800462,2527521456
556800462,114484544
556800462,150261941
556800462,1109452214
556800462,1513718124
556800462,174784250
556800462,720024200
556800462,2676182392
556800462,2233126933
556800462,2604196525
556800462,497409774
556800462,1519891153
556800462,2235928729
556800462,2232007568
556800462,149299258
556800462,2600314285
556800462,2596701475
556800462,18000215
556800462,2605154354
556800462,2590162321
556800462,14613514
556800462,74951679
556800462,21386777
556800462,2152574316
556800462,92540246
556800462,2640486263
556800462,20579898
556800462,410985843
556800462,587212706
556800462,20231313
556800462,38523383
556800462,2548693614
556800462,74674548
556800462,472797609
556800462,196545529
556800462,280179461
556800462,2288138575
556800462,1412275207
556800462,1978155560
556800462,2443616521
556800462,2400163988
556800462,2245865611
556800462,82905612
556800462,2446008612
556800462,261405985
556800462,253788855
556800462,589157784
556800462,2444530554
556800462,1917965538
556800462,2421853447
556800462,56326516
556800462,2332143937
556800462,2322374534
556800462,2407811406
556800462,45370474
556800462,2176331139
556800462,2386502472
556800462,606568109
556800462,2331718804
556800462,23125257
556800462,91560739
556800462,2229520249
556800462,14853904
556800462,73141930
556800462,157447605
556800462,297100174
556800462,2308497461
556800462,109286281
556800462,64019370
556800462,2310641377
556800462,458784084
556800462,14619744
556800462,1918111740
556800462,92030800
556800462,888804240
556800462,2217423505
556800462,1656008539
556800462,47373060
556800462,231794564
556800462,1560587828
556800462,1517294112
556800462,240404606
556800462,2199795114
556800462,18904709
556800462,448753228
556800462,137984513
556800462,728604452
556800462,132887265
556800462,1922719994
556800462,28528873
556800462,136285682
556800462,14213013
556800462,9718552
556800462,17811562
556800462,1369629931
556800462,465693092
556800462,357408454
556800462,37285420
556800462,334321591
556800462,440815818
556800462,1538750090
556800462,628775217
556800462,395873726
556800462,1489894614
556800462,51411998
556800462,454781640
556800462,485146854
556800462,140133595
556800462,522421280
556800462,493183271
556800462,291361869
556800462,180064802
556800462,195659022
556800462,1364930179
556800462,607590673
556800462,67039054
556800462,296845953
556800462,259736937
556800462,48292839
556800462,18762875
556800462,754675933
556800462,19141326
556800462,578819847
556800462,529450866
556800462,19642380
556800462,42488538
556800462,173966399
556800462,117728351
556800462,443933998
556800462,1000272128
556800462,240851781
556800462,425933041
556800462,500704345
556800462,47316490
556800462,941776225
556800462,163567416
556800462,8161232
556800462,630311520
556800462,18265605
556800462,208447642
556800462,711914875
556800462,366151720
556800462,19287037
556800462,14672623
556800462,613408230
556800462,114690367
556800462,20429858
556800462,37631819
556800462,122632220
556800462,91771474
556800462,339073452
556800462,122104353
556800462,420332560
556800462,313934632
556800462,7228682
556800462,258499717
556800462,124176415
556800462,321926179
556800462,27879608
556800462,148889176
556800462,89543500
556800462,19962363
556800462,149060372
556800462,16808099
556800462,20430345
556800462,35185169
556800462,376226019
556800462,20509689
556800462,186086968
556800462,451586190
