57632707,2228772252
57632707,50300579
57632707,300868924
57632707,4745120908
57632707,29422232
57632707,370536393
57632707,1536791610
57632707,537186173
57632707,2726675603
57632707,458638776
57632707,538031518
57632707,4159808655
57632707,986878273
57632707,3694185922
57632707,161452925
57632707,435225922
57632707,3345536829
57632707,1897723897
57632707,4062351797
57632707,2808215529
57632707,22905057
57632707,90889951
57632707,3235211993
57632707,142839300
57632707,46335511
57632707,2787199064
57632707,34036028
57632707,256573865
57632707,4009730434
57632707,3583076536
57632707,2565473791
57632707,27195114
57632707,66561957
57632707,57097104
57632707,24807616
57632707,826104008
57632707,771383605
57632707,436292177
57632707,948552829
57632707,196994616
57632707,89986710
57632707,1662057727
57632707,304909941
57632707,43565005
57632707,1097836022
57632707,204832963
57632707,89304457
57632707,321445166
57632707,1535609209
57632707,237634998
57632707,471022109
57632707,23561980
57632707,16548023
57632707,3990903400
57632707,166739404
57632707,140091998
57632707,2172124532
57632707,8728392
57632707,545227508
57632707,20591744
57632707,3544551023
57632707,3079307777
57632707,33255201
57632707,151967211
57632707,2800229451
57632707,159788175
57632707,97507994
57632707,21007030
57632707,3306484243
57632707,3308456165
57632707,68165758
57632707,90420314
57632707,14662354
57632707,1023139638
57632707,43869610
57632707,15962096
57632707,16951979
57632707,253167239
57632707,120176950
57632707,17675072
57632707,90891909
57632707,108568373
57632707,198618575
57632707,169426475
57632707,111416652
57632707,26538229
57632707,206717989
57632707,36329597
57632707,83466368
57632707,157981564
57632707,713993413
57632707,17006157
57632707,3117335656
57632707,15005991
57632707,111647235
57632707,785022710
57632707,187476457
57632707,155659213
57632707,2294783353
57632707,198462475
57632707,943422660
57632707,51658431
57632707,2285292157
57632707,86915215
57632707,51403485
57632707,149597562
57632707,528418992
57632707,59486068
57632707,59736898
57632707,23484039
57632707,28162128
57632707,35002876
57632707,3277953066
57632707,30364057
57632707,14089195
57632707,405123394
57632707,14436030
57632707,7587032
57632707,25053299
57632707,7996082
57632707,52551600
57632707,500042487
57632707,14173315
57632707,26775098
57632707,336116660
57632707,15683146
57632707,1877831
57632707,21182676
57632707,20562637
57632707,277495114
57632707,467902985
57632707,360857182
57632707,129799216
57632707,246202004
57632707,14529811
57632707,1190458070
57632707,24696669
57632707,14995420
57632707,17993489
57632707,953896208
57632707,336277257
57632707,40872043
57632707,19051022
57632707,11014272
57632707,69620713
57632707,8662472
57632707,104237736
57632707,15754281
57632707,17795238
57632707,18948541
57632707,551177934
57632707,575492930
57632707,262359713
57632707,55573873
57632707,66834664
57632707,7109022
57632707,80655102
57632707,141052723
57632707,28140646
57632707,20015311
57632707,15110357
57632707,621523
57632707,214791922
57632707,19472578
57632707,251716551
57632707,4898091
57632707,16632149
57632707,20448566
57632707,1546970156
57632707,50602093
57632707,616590808
57632707,121167080
57632707,14677919
57632707,1615685677
57632707,19391470
57632707,124690469
57632707,2292454922
57632707,454843106
57632707,257666657
57632707,514791548
57632707,20712514
57632707,2724276488
57632707,65647594
57632707,21309551
57632707,14746456
57632707,25098482
57632707,27860681
57632707,25390350
57632707,3022065627
57632707,26465424
57632707,23446053
57632707,511402689
57632707,351221537
57632707,19725644
57632707,19682451
57632707,11348282
57632707,8295072
57632707,1451773004
57632707,253536357
57632707,15473958
57632707,208442526
57632707,22910295
57632707,331311644
57632707,2302139671
57632707,94081671
57632707,23585685
57632707,15392221
57632707,17884125
57632707,21066857
57632707,8665852
57632707,97488105
57632707,19490380
57632707,19033555
57632707,49781518
57632707,18730195
57632707,16854780
57632707,19247625
57632707,19186180
57632707,19405367
57632707,23263743
57632707,1152288320
57632707,153356455
57632707,798240884
57632707,17787372
57632707,2752620281
57632707,21394023
57632707,112269765
57632707,549606220
57632707,2864399789
57632707,241100784
57632707,54018554
57632707,47627304
57632707,1286063538
57632707,8857482
57632707,120909208
57632707,110509537
57632707,108382988
57632707,119875281
57632707,69656547
57632707,301931359
57632707,16441619
57632707,301981059
57632707,66740930
57632707,19903099
57632707,17311493
57632707,31237480
57632707,205323928
57632707,191871087
57632707,25319819
57632707,20667335
57632707,839799774
57632707,558797310
57632707,423384542
57632707,138372303
57632707,140070953
57632707,16808626
57632707,452155423
57632707,343627165
57632707,627673190
57632707,91584941
57632707,14872237
57632707,21390437
57632707,16171953
57632707,18135386
57632707,19686295
57632707,20781929
57632707,24241544
57632707,19921389
57632707,365380310
57632707,22384691
57632707,2854815620
57632707,1690412382
57632707,1339835893
57632707,1093090866
57632707,515838635
57632707,20856282
57632707,30313925
57632707,46003622
57632707,85289376
57632707,612473
57632707,21303235
57632707,17137628
57632707,16343974
57632707,20596281
57632707,27830610
57632707,328980753
57632707,11994692
57632707,14361155
57632707,18075140
57632707,18133498
57632707,100338337
57632707,759251
57632707,132437983
57632707,9027872
57632707,115485051
57632707,87818409
57632707,14700316
57632707,33933259
57632707,1652541
57632707,69231187
57632707,34713362
57632707,14159148
57632707,742143
57632707,32359921
57632707,26276346
57632707,2097571
57632707,16334857
57632707,19910996
57632707,27457788
57632707,288333760
57632707,1337785291
57632707,344634424
57632707,259925559
57632707,17163446
57632707,5402612
57632707,18949452
57632707,428333
57632707,16451028
57632707,2467791
57632707,5988062
57632707,14123683
57632707,91478624
57632707,395388847
57632707,2561091
57632707,15485441
57632707,807095
57632707,15391813
57632707,3108351
57632707,50876178
57632707,3096532265
57632707,3093611626
57632707,2317947781
57632707,948620430
57632707,813286
57632707,50177470
57632707,16727535
57632707,14224719
57632707,5120691
57632707,16631331
57632707,14293310
57632707,53630632
