578440502,2277024784
578440502,4850489481
578440502,3295461658
578440502,3042330515
578440502,4090653327
578440502,4846251981
578440502,4845672713
578440502,4794438391
578440502,24154466
578440502,3339461409
578440502,1374688724
578440502,4782485454
578440502,251042302
578440502,414282153
578440502,4405007115
578440502,2651420936
578440502,473196845
578440502,2581117731
578440502,2321064234
578440502,2546721914
578440502,2525053975
578440502,3467630055
578440502,285139922
578440502,3048164493
578440502,300969753
578440502,465624993
578440502,131087003
578440502,2312470114
578440502,2193878394
578440502,338560854
578440502,3070088073
578440502,3100216689
578440502,246739853
578440502,2438838457
578440502,3320398287
578440502,1306080733
578440502,1887114920
578440502,2541710138
578440502,4614818440
578440502,76599048
578440502,2431372365
578440502,4526540908
578440502,1550977536
578440502,368889489
578440502,948552829
578440502,2573860115
578440502,3216686421
578440502,1006746013
578440502,200046449
578440502,1094894149
578440502,269701138
578440502,2326640717
578440502,489756053
578440502,3392263971
578440502,1734771205
578440502,1264416925
578440502,3418041807
578440502,4512422537
578440502,3044794732
578440502,2929663551
578440502,19244471
578440502,3380065859
578440502,19336268
578440502,87925425
578440502,430781458
578440502,164209554
578440502,2301274694
578440502,2246206818
578440502,375222622
578440502,2495032879
578440502,4020190055
578440502,394266186
578440502,372812630
578440502,1358849804
578440502,3102501970
578440502,10344722
578440502,2737981120
578440502,4121570841
578440502,126388567
578440502,3022016261
578440502,15915234
578440502,4613042909
578440502,3136838213
578440502,3062330903
578440502,3224849332
578440502,440960994
578440502,134823257
578440502,3938802496
578440502,18140378
578440502,16735057
578440502,4764653903
578440502,1528904989
578440502,60916232
578440502,3018817348
578440502,4099143557
578440502,239845067
578440502,4506856893
578440502,2574956052
578440502,1968518454
578440502,232125706
578440502,3619254495
578440502,185430439
578440502,1286372256
578440502,345831392
578440502,4458406953
578440502,269498822
578440502,302077050
578440502,553396588
578440502,1090587198
578440502,982963758
578440502,2282009136
578440502,1956972289
578440502,361750794
578440502,3986331921
578440502,525979621
578440502,2324522136
578440502,973993807
578440502,1425137286
578440502,337905545
578440502,454382077
578440502,2374201080
578440502,2892392637
578440502,296982734
578440502,995138712
578440502,2245571271
578440502,321288288
578440502,2424306754
578440502,155832840
578440502,2304607063
578440502,559360571
578440502,2156112016
578440502,632005129
578440502,148920640
578440502,921912121
578440502,974964745
578440502,473026984
578440502,2774705728
578440502,515548055
578440502,1015622088
578440502,850683842
578440502,4353270743
578440502,826163372
578440502,874355197
578440502,826094485
578440502,544392153
578440502,2891157087
578440502,2353140733
578440502,1186779505
578440502,3045269111
578440502,3930911153
578440502,240757471
578440502,2400358651
578440502,631560936
578440502,604930980
578440502,301324256
578440502,1145270978
578440502,3238788280
578440502,301594420
578440502,2511075531
578440502,329361015
578440502,2594638160
578440502,510083196
578440502,3308388959
578440502,778279243
578440502,719108596
578440502,1026458005
578440502,1855014902
578440502,478989131
578440502,1253931494
578440502,3365409707
578440502,1132177824
578440502,2870902733
578440502,4514575516
578440502,2381080426
578440502,2575174194
578440502,518393812
578440502,4707229876
578440502,2912650066
578440502,2570765599
578440502,949973814
578440502,423546597
578440502,2215576828
578440502,988475659
578440502,984807462
578440502,308964266
578440502,727929734
578440502,16254595
578440502,101023732
578440502,1498726548
578440502,584590812
578440502,287427150
578440502,2820825394
578440502,4608798556
578440502,299926293
578440502,733026325
578440502,3025040501
578440502,435238473
578440502,807469021
578440502,1392153524
578440502,631134180
578440502,527282506
578440502,127830345
578440502,3172459528
578440502,141943563
578440502,3676983868
578440502,128321976
578440502,3034270163
578440502,2337728514
578440502,1397871014
578440502,1022534419
578440502,952591362
578440502,4410777327
578440502,4452905607
578440502,43299161
578440502,4210076669
578440502,581697643
578440502,2843979940
578440502,4227064403
578440502,4019664825
578440502,2830130933
578440502,1556282646
578440502,4241375715
578440502,2880149487
578440502,2731976305
578440502,3091538916
578440502,4384426960
578440502,3419985641
578440502,479881590
578440502,266215326
578440502,2550158226
578440502,2598435745
578440502,3423908547
578440502,615055356
578440502,3137724622
578440502,2868845871
578440502,2394169817
578440502,2369446464
578440502,303368340
578440502,2413237085
578440502,1852688832
578440502,302118163
578440502,954254976
578440502,419008875
578440502,244925622
578440502,2543462690
578440502,2978998174
578440502,100167488
578440502,4060210221
578440502,2269267717
578440502,301308940
578440502,378631747
578440502,261764261
578440502,488273869
578440502,353903008
578440502,2288642105
578440502,2218065063
578440502,1465499256
578440502,2442967649
578440502,3165100630
578440502,2525943596
578440502,2508684464
578440502,2206798507
578440502,149621959
578440502,1441600484
578440502,2753671738
578440502,2683312537
578440502,1974555985
578440502,981588014
578440502,3003100851
578440502,2727246394
578440502,118512496
578440502,299816367
578440502,4334836697
578440502,229239112
578440502,184915077
578440502,2942628173
578440502,49458808
578440502,146485459
578440502,2660096237
578440502,3389065109
578440502,3239323739
578440502,4344282933
578440502,3081444273
578440502,4296688157
578440502,953293784
578440502,542813986
578440502,800583968
578440502,4382847982
578440502,2843547335
578440502,222430725
578440502,2810128243
578440502,233657724
578440502,872036311
578440502,3382313866
578440502,861821906
578440502,210541306
578440502,2335528680
578440502,2829005034
578440502,177753779
578440502,2926980389
578440502,272028254
578440502,1544389398
578440502,1475334474
578440502,937297135
578440502,628692910
578440502,32368809
578440502,816127142
578440502,353882447
578440502,2966036325
578440502,251315357
578440502,986731147
578440502,2578523646
578440502,343312604
578440502,2880231533
578440502,3294996051
578440502,300534736
578440502,2281614140
578440502,4349924056
578440502,950404586
578440502,3067990683
578440502,246228727
578440502,27755022
578440502,224642303
578440502,284164268
578440502,1731773772
578440502,104512382
578440502,2583813331
578440502,1142730326
578440502,3023927075
578440502,1433428914
578440502,2951795783
578440502,3096338013
578440502,4040351787
578440502,1588282784
578440502,762874322
578440502,271804975
578440502,2591318428
578440502,4327920437
578440502,2303780288
578440502,521720824
578440502,491211383
578440502,3354039137
578440502,4288859005
578440502,138075535
578440502,2188842216
578440502,2782687526
578440502,268362575
578440502,3825232695
578440502,4185687501
578440502,806444492
578440502,2569446539
578440502,1491317455
578440502,3238410539
578440502,179273902
578440502,987591234
578440502,294731939
578440502,518372859
578440502,2567943789
578440502,1015610418
578440502,278458079
578440502,1493355812
578440502,222650133
578440502,2511840120
578440502,2939838742
578440502,2530934655
578440502,1420039172
578440502,3921256167
578440502,236136120
578440502,399346372
578440502,859876790
578440502,4300095977
578440502,28966230
578440502,3034961619
578440502,2596511816
578440502,3224847741
578440502,2563090188
578440502,371705369
578440502,846273660
578440502,2265434698
578440502,325763827
578440502,320963012
578440502,3131660806
578440502,2531053765
578440502,3131180201
578440502,305125192
578440502,3126781851
578440502,3366825352
578440502,4232883743
578440502,2580893107
578440502,197723775
578440502,54151481
578440502,1257193602
578440502,1509987548
578440502,245035847
578440502,3304118368
578440502,3160217319
578440502,617500441
578440502,274403516
578440502,196980376
578440502,90926779
578440502,393532553
578440502,97535213
578440502,283699125
578440502,355464109
578440502,3390512517
578440502,344568571
578440502,1350560887
578440502,526242817
578440502,2886774136
578440502,302870297
578440502,359282992
578440502,244692818
578440502,3300331667
578440502,3367346333
578440502,265362103
578440502,2798710149
578440502,272272141
578440502,2994134927
578440502,237303778
578440502,69060709
578440502,2984746649
578440502,411695020
578440502,32112352
578440502,338899906
578440502,2770107689
578440502,1410021434
578440502,2762666846
578440502,287369797
578440502,425119821
578440502,2936983691
578440502,1923200881
578440502,3033498105
578440502,120620613
578440502,470573792
578440502,200834123
578440502,1010705413
578440502,124570832
578440502,422542102
578440502,3395397809
578440502,3740571436
578440502,2894044305
578440502,269927659
578440502,2800655184
578440502,2910840034
578440502,3794125762
578440502,2497809289
578440502,3290400228
578440502,301707548
578440502,1077299420
578440502,309084573
578440502,2310569859
578440502,2379788050
578440502,2569699060
578440502,2577702241
578440502,2322957950
578440502,519624931
578440502,2526946112
578440502,2523253046
578440502,2381228046
578440502,2344045376
578440502,2608434896
578440502,583599511
578440502,2911746131
578440502,2342655565
578440502,3246090203
578440502,2403280765
578440502,2546520576
578440502,3891163949
578440502,3080540745
578440502,408708960
578440502,16080129
578440502,521448489
578440502,2704715798
578440502,301403189
578440502,220047267
578440502,3376130447
578440502,303305129
578440502,2570928339
578440502,2967511491
578440502,110158930
578440502,1231046215
578440502,2549586726
578440502,311867885
578440502,2312597704
578440502,3346916993
578440502,99092937
578440502,247319477
578440502,368234207
578440502,848177324
578440502,1577384395
578440502,3202049986
578440502,2905655770
578440502,945646111
578440502,2924557485
578440502,2577544974
578440502,251259370
578440502,900705024
578440502,3041503553
578440502,613555214
578440502,2316123014
578440502,2559249436
578440502,3763609996
578440502,61190585
578440502,2827156496
578440502,2751575061
578440502,2909754369
578440502,3873197128
578440502,3066082276
578440502,4180048498
578440502,225138968
578440502,2240148071
578440502,2919810208
578440502,2568816071
578440502,2993928397
578440502,3208457830
578440502,3462334635
578440502,203953657
578440502,1728307028
578440502,321274195
578440502,1254923221
578440502,14102996
578440502,3001390047
578440502,2440537055
578440502,821729436
578440502,2990309723
578440502,17820913
578440502,368462951
578440502,4185433991
578440502,419360289
578440502,1644948504
578440502,4224929435
578440502,532949500
578440502,2870827345
578440502,2402792543
578440502,2337195952
578440502,3989831241
578440502,1230450529
578440502,2627685014
578440502,2417356686
578440502,3402677249
578440502,3046836143
578440502,2370405912
578440502,2622231324
578440502,2599550268
578440502,3084704992
578440502,3011070622
578440502,3019473897
578440502,2545568893
578440502,225896556
578440502,2558607084
578440502,3220585798
578440502,2998578136
578440502,2934096622
578440502,99377833
578440502,3012998937
578440502,1498366381
578440502,525857973
578440502,300156956
578440502,604480241
578440502,2685928004
578440502,2523387168
578440502,12681812
578440502,1272321187
578440502,2905819852
578440502,311433978
578440502,412234601
578440502,3165363897
578440502,2906164565
578440502,3030084621
578440502,2591010685
578440502,3009317760
578440502,279732549
578440502,267058747
578440502,2301878362
578440502,479969642
578440502,2851745321
578440502,173665005
578440502,200624883
578440502,2231846390
578440502,2494030220
578440502,3180482847
578440502,3917150543
578440502,2372325001
578440502,559398769
578440502,2309643890
578440502,520772402
578440502,302651221
578440502,3030349612
578440502,1109609557
578440502,18424639
578440502,76593802
578440502,2318714140
578440502,2906208899
578440502,950509873
578440502,539893260
578440502,90216919
578440502,4121546901
578440502,2918323479
578440502,3689198619
578440502,11419202
578440502,2339277062
578440502,108310222
578440502,145781550
578440502,2256402420
578440502,379850316
578440502,2929359874
578440502,303851412
578440502,1175106522
578440502,2552627106
578440502,2556730549
578440502,2534187912
578440502,2430837884
578440502,2874317201
578440502,3409420474
578440502,3938024428
578440502,3599151436
578440502,4150515514
578440502,3348214240
578440502,3053834411
578440502,1660081057
578440502,3694412009
578440502,220044514
578440502,3314008341
578440502,2447712722
578440502,2934042384
578440502,4119160593
578440502,259909382
578440502,271327993
578440502,4113643054
578440502,3096370137
578440502,1033518967
578440502,1895208888
578440502,147147713
578440502,545607315
578440502,611609422
578440502,855544117
578440502,2365323174
578440502,126598680
578440502,2255509813
578440502,2181979497
578440502,242869131
578440502,129362589
578440502,211969422
578440502,234334894
578440502,384235074
578440502,245575816
578440502,946392138
578440502,2846856004
578440502,1821516024
578440502,4079335180
578440502,2297995574
578440502,997354465
578440502,2983276522
578440502,2896069719
578440502,3060229245
578440502,2525587614
578440502,1281187602
578440502,592759956
578440502,2714505298
578440502,3574138216
578440502,3580962569
578440502,3187617490
578440502,534120948
578440502,408643599
578440502,3034643686
578440502,2994016175
578440502,3088657059
578440502,1728587370
578440502,2326817515
578440502,493040429
578440502,570829263
578440502,14436317
578440502,997423056
578440502,301458256
578440502,882924248
578440502,2577722188
578440502,3932685178
578440502,2817899587
578440502,378255901
578440502,2345276020
578440502,2993146065
578440502,4008460161
578440502,2923056633
578440502,2221045442
578440502,378239063
578440502,3392809457
578440502,2544450474
578440502,242667182
578440502,11713422
578440502,245131692
578440502,3244741275
578440502,2240749921
578440502,540885885
578440502,2559307399
578440502,3980070851
578440502,3448588953
578440502,2902258067
578440502,227625483
578440502,300849149
578440502,3646380915
578440502,250859381
578440502,3973657293
578440502,3706797149
578440502,2535835441
578440502,2613468146
578440502,715579207
578440502,414982347
578440502,238178979
578440502,359032459
578440502,541697427
578440502,263780425
578440502,2317115528
578440502,67967634
578440502,871622130
578440502,342289474
578440502,2902944537
578440502,306179106
578440502,636251083
578440502,73350229
578440502,13346352
578440502,3308323469
578440502,2847211155
578440502,2572334711
578440502,217544570
578440502,2830529728
578440502,3404796689
578440502,3546346222
578440502,3143866877
578440502,341657886
578440502,3226034915
578440502,280590899
578440502,2561669216
578440502,53998940
578440502,3644686702
578440502,289223500
578440502,1495342422
578440502,2895281303
578440502,2896293659
578440502,156363988
578440502,2812915891
578440502,3899484208
578440502,3465916995
578440502,3027112640
578440502,3878850083
578440502,3329185927
578440502,2830775908
578440502,313341862
578440502,302453497
578440502,2739654352
578440502,52210899
578440502,414227526
578440502,392055911
578440502,2995836394
578440502,2235261422
578440502,2547917395
578440502,1202156250
578440502,1265014490
578440502,2300409494
578440502,1156805382
578440502,1473188586
578440502,464007596
578440502,3544297643
578440502,524161694
578440502,3510324795
578440502,257541444
578440502,2787243754
578440502,3180583720
578440502,2615056009
578440502,2891031959
578440502,472062695
578440502,302163776
578440502,171303112
578440502,297240444
578440502,2869481405
578440502,1726162628
578440502,142261530
578440502,3536457803
578440502,360004921
578440502,470387583
578440502,256580230
578440502,408416985
578440502,2764168451
578440502,2665437894
578440502,2878658775
578440502,2695343459
578440502,2779534095
578440502,1195544749
578440502,1143723720
578440502,734745522
578440502,2428781069
578440502,7133442
578440502,370527816
578440502,301099061
578440502,1283547823
578440502,3492943516
578440502,1423660566
578440502,296961713
578440502,3427821551
578440502,2573293459
578440502,2491729555
578440502,379384055
578440502,2915771278
578440502,525416576
578440502,1243481300
578440502,244681623
578440502,301336359
578440502,279649054
578440502,287623365
578440502,1477942100
578440502,3338231770
578440502,1213301196
578440502,125126986
578440502,300547206
578440502,2508251310
578440502,3480810148
578440502,3297655289
578440502,3132627213
578440502,2675385550
578440502,2934374986
578440502,1050718603
578440502,224685047
578440502,463605537
578440502,3235551970
578440502,2271111759
578440502,244078422
578440502,2786072813
578440502,3485719529
578440502,421976113
578440502,1740518036
578440502,2580028578
578440502,3326947187
578440502,2854533004
578440502,107856822
578440502,247142282
578440502,202991429
578440502,510535152
578440502,1894591321
578440502,291605993
578440502,2236413235
578440502,2303354860
578440502,247007005
578440502,1459764907
578440502,733500980
578440502,626527528
578440502,1311398348
578440502,237628650
578440502,91242815
578440502,1074885775
578440502,3239106094
578440502,463300400
578440502,596030389
578440502,223173048
578440502,3377852140
578440502,3447757643
578440502,2149729975
578440502,2458103130
578440502,250571545
578440502,574485338
578440502,375833027
578440502,232323223
578440502,1460766373
578440502,2303221610
578440502,3065695773
578440502,302163761
578440502,350830825
578440502,155319407
578440502,622053533
578440502,2812162998
578440502,265422327
578440502,386055512
578440502,187564239
578440502,248463983
578440502,3382847115
578440502,3363833992
578440502,2210669456
578440502,3029495306
578440502,85412926
578440502,3049748847
578440502,1964873424
578440502,282339186
578440502,38512085
578440502,1610983430
578440502,707255827
578440502,1494100669
578440502,2531812172
578440502,145325361
578440502,1316555395
578440502,3091376321
578440502,368521981
578440502,3429620963
578440502,39345574
578440502,3429414533
578440502,39483072
578440502,3307929149
578440502,117777690
578440502,167423366
578440502,62130777
578440502,2394395670
578440502,450757446
578440502,44019254
578440502,24576027
578440502,14706299
578440502,2601960416
578440502,30954925
578440502,45384584
578440502,101166742
578440502,230773876
578440502,266641960
578440502,396443012
578440502,9524342
578440502,109488608
578440502,38381308
578440502,803291118
578440502,362565198
578440502,778056842
578440502,3400403999
578440502,3415013014
578440502,2872375143
578440502,1541554483
578440502,26548184
578440502,401495432
578440502,1881363770
578440502,2291751346
578440502,1961470758
578440502,895070606
578440502,152592090
578440502,145969179
578440502,2935989981
578440502,1580734478
578440502,16655296
578440502,435070177
578440502,392199690
578440502,154391771
578440502,2407402921
578440502,87483785
578440502,1101871032
578440502,501773821
578440502,2444633309
578440502,296734166
578440502,3224938979
578440502,292946629
578440502,496084401
578440502,1889390498
578440502,301491523
578440502,271067527
578440502,360612491
578440502,1269484171
578440502,235234497
578440502,65369125
578440502,821320926
578440502,382132159
578440502,1192940892
578440502,2525452777
578440502,300241000
578440502,920575392
578440502,389639307
578440502,3302327032
578440502,206254639
578440502,242769852
578440502,261627671
578440502,2830052310
578440502,566489482
578440502,582990086
578440502,3096575289
578440502,427581112
578440502,2447276946
578440502,2904257224
578440502,3044822603
578440502,281211164
578440502,2850524922
578440502,847277706
578440502,440971490
578440502,395903053
578440502,595407072
578440502,303760268
578440502,3064384931
578440502,3094351569
578440502,1072402032
578440502,3369188182
578440502,243666675
578440502,2686076408
578440502,257051497
578440502,2941988873
578440502,420976376
578440502,2302971011
578440502,2749221646
578440502,825882380
578440502,936299664
578440502,416735793
578440502,3052782151
578440502,2908049674
578440502,2539291350
578440502,2806350889
578440502,3092021038
578440502,159508835
578440502,3336436870
578440502,2911421655
578440502,465930274
578440502,285192271
578440502,3327181637
578440502,2519973319
578440502,1501614679
578440502,569205137
578440502,553882434
578440502,158110011
578440502,128210257
578440502,1219003136
578440502,562908044
578440502,135785246
578440502,3072546935
578440502,303414125
578440502,716382267
578440502,1138007119
578440502,858432834
578440502,2407580741
578440502,2874055562
578440502,1560763638
578440502,2751296128
578440502,218205200
578440502,147940254
578440502,2700955232
578440502,3050709457
578440502,2769135663
578440502,588654285
578440502,185233966
578440502,175181330
578440502,3040736194
578440502,105579238
578440502,109537758
578440502,305115120
578440502,2987522447
578440502,302879989
578440502,3005765446
578440502,20909329
578440502,571008975
578440502,1576102346
578440502,2608886613
578440502,14757022
578440502,2596486566
578440502,38713866
578440502,2396843519
578440502,1280847060
578440502,125129994
578440502,49665510
578440502,254670804
578440502,268470229
578440502,193627515
578440502,258292587
578440502,2174264202
578440502,2379175462
578440502,239790502
578440502,2847026997
578440502,27431056
578440502,20929745
578440502,305453753
578440502,2339337223
578440502,2266548295
578440502,2419290031
578440502,2814666913
578440502,382580290
578440502,2746489371
578440502,398839191
578440502,1155111768
578440502,217324161
578440502,2615787500
578440502,164200302
578440502,346495003
578440502,2397043430
578440502,1921157762
578440502,2178586670
578440502,11904592
578440502,102095809
578440502,25555639
578440502,784574954
578440502,1387184791
578440502,273542435
578440502,108670198
578440502,626218097
578440502,2288138575
578440502,158342368
578440502,94849023
578440502,1244904307
578440502,246250032
578440502,111933542
578440502,490768155
578440502,209007365
578440502,550231367
578440502,8077952
578440502,55037100
578440502,13426312
578440502,6809022
578440502,820161289
578440502,300719903
578440502,133371674
578440502,507672047
578440502,15648827
578440502,17191272
578440502,448488819
