594842615,492652749
594842615,1382582869
594842615,3555338667
594842615,1118076962
594842615,2975928545
594842615,187968715
594842615,280689114
594842615,3976766235
594842615,3320028232
594842615,44946572
594842615,485667658
594842615,298048905
594842615,22904901
594842615,18814998
594842615,500711588
594842615,19186180
594842615,15683146
594842615,2205681944
594842615,18730195
594842615,49781518
594842615,121176422
594842615,771383605
594842615,813286
594842615,759251
594842615,500704345
594842615,21287076
594842615,3422617395
594842615,884742217
594842615,70186440
594842615,5402612
594842615,14159148
594842615,3108351
594842615,1330457336
594842615,1536791610
594842615,19490380
594842615,2778805565
594842615,15005991
594842615,505089852
594842615,27860681
594842615,807095
594842615,4898091
594842615,24744541
594842615,5988062
594842615,66834664
594842615,40872043
594842615,33933259
594842615,14700316
594842615,18213483
594842615,14361155
594842615,20646711
594842615,21856114
594842615,73249951
594842615,948552829
594842615,2994469282
594842615,22007357
594842615,14333754
594842615,21905142
594842615,3376281958
594842615,2197487762
594842615,70349639
594842615,1968654061
594842615,25535042
594842615,8665852
594842615,19889294
594842615,8665572
594842615,20712514
594842615,19713622
594842615,1662057727
594842615,19472578
594842615,17884125
594842615,16632149
594842615,23585685
594842615,20380673
594842615,34423857
594842615,17311493
594842615,19264748
594842615,20809515
594842615,19921389
594842615,21783395
594842615,14758257
594842615,16451028
594842615,15392221
594842615,2561091
594842615,395388847
594842615,15391813
594842615,124139163
594842615,627673190
594842615,16951979
594842615,350163849
594842615,454395581
594842615,1150722620
594842615,329789735
594842615,3308304243
594842615,2921773089
594842615,2893939156
594842615,2601621078
594842615,316595719
594842615,63961281
594842615,2391845238
594842615,3177816717
594842615,1548317628
594842615,3010384528
594842615,19394887
594842615,113387704
594842615,426834798
594842615,27372234
594842615,51772806
594842615,118447967
594842615,40468025
594842615,167683952
594842615,42850472
594842615,398027650
594842615,95693963
594842615,67152090
594842615,2510992087
594842615,946611506
594842615,947674092
594842615,24741517
594842615,834212389
594842615,569858803
594842615,14167351
594842615,17163446
594842615,17595890
594842615,898533499
594842615,100385401
594842615,34352191
594842615,60865434
594842615,14502789
594842615,127680499
594842615,2811941773
594842615,1015909015
594842615,460022038
594842615,2149877039
594842615,2157064588
594842615,3158679107
594842615,139092348
594842615,454843106
594842615,393723853
594842615,151412125
594842615,3199745237
594842615,1964571728
594842615,280701704
594842615,1640169925
594842615,333534411
594842615,225341947
594842615,1178944580
594842615,256675420
594842615,2251087058
594842615,2336696970
594842615,2276074124
594842615,3092553933
594842615,84921907
594842615,90836187
594842615,224223563
594842615,142204481
594842615,344801362
594842615,136451851
594842615,1039815788
594842615,3066070240
594842615,121167080
594842615,577466504
594842615,485801262
594842615,1117993734
594842615,119705612
594842615,53225463
594842615,22903765
594842615,175083215
594842615,539228988
594842615,764932046
594842615,19663485
594842615,21390437
594842615,126978294
594842615,505605766
594842615,28966604
594842615,111116063
594842615,727305176
594842615,570385439
594842615,2993479523
594842615,79601914
594842615,2782684215
594842615,412237956
594842615,1155233203
594842615,240872962
594842615,153067700
594842615,596940844
594842615,290762891
594842615,2590609844
594842615,2226322987
594842615,2222265121
594842615,243442402
594842615,105573124
594842615,585604973
594842615,509252132
594842615,1423822770
594842615,490228689
594842615,528749640
594842615,221455549
594842615,314764825
594842615,836956172
594842615,29079654
594842615,239866660
594842615,1036722114
594842615,541755235
594842615,324975251
594842615,556315513
594842615,736562989
594842615,711081752
594842615,982407781
594842615,559462478
594842615,624894941
594842615,827929369
594842615,561245229
594842615,370278934
594842615,59264441
594842615,447019540
594842615,242849738
594842615,85701569
594842615,485871746
594842615,301494291
594842615,964960326
594842615,426907429
594842615,540369411
594842615,881039382
594842615,589378211
594842615,743740837
594842615,965005681
594842615,937549692
594842615,18221807
594842615,968824404
594842615,574835958
594842615,909459884
594842615,571755810
594842615,719899938
594842615,836151751
594842615,314242188
594842615,392958177
594842615,84279963
594842615,946255963
594842615,948438355
594842615,738657266
594842615,745444130
594842615,915357998
594842615,585674746
594842615,847938144
594842615,367507239
594842615,923051220
594842615,286412640
594842615,861860258
594842615,928205365
594842615,158878631
594842615,267315797
594842615,352302071
594842615,244596223
594842615,375711160
594842615,635542758
594842615,301030821
594842615,915488430
594842615,707060911
594842615,421036135
594842615,464765350
594842615,880094965
594842615,864917575
594842615,218195390
594842615,910693291
594842615,612699094
594842615,564107838
594842615,573731515
594842615,558839211
594842615,449829136
594842615,477090950
594842615,804455023
594842615,308580199
594842615,767833920
594842615,356559489
594842615,181637383
594842615,781490545
594842615,611857552
594842615,397383534
594842615,301749391
594842615,227794423
594842615,531243296
594842615,565015122
594842615,832033400
594842615,142923949
594842615,281564127
594842615,239077642
594842615,701384756
594842615,313887519
594842615,278886897
594842615,500656496
594842615,382260497
594842615,446855843
594842615,454305072
594842615,455858234
594842615,394666758
594842615,476777130
594842615,579399260
594842615,241590580
594842615,230727304
594842615,274622386
594842615,595670792
594842615,252262404
594842615,612441308
594842615,548318211
594842615,609980151
594842615,565136391
594842615,50731557
594842615,126907192
594842615,541850047
594842615,636474318
594842615,733355449
594842615,557943828
594842615,474056917
594842615,622265157
594842615,730915062
594842615,527501915
594842615,520458189
594842615,338029404
594842615,367732732
594842615,141711135
594842615,621827967
594842615,383887041
594842615,726061574
594842615,616766314
594842615,527356294
594842615,169877357
594842615,628846014
594842615,229825080
594842615,434065847
594842615,52493024
594842615,824786341
594842615,795031334
594842615,739186790
594842615,614647962
594842615,185185721
594842615,547031661
594842615,835342004
594842615,791942192
594842615,540895276
594842615,522281904
594842615,16700531
594842615,801462944
594842615,484052453
594842615,90436335
594842615,582922573
594842615,309228353
594842615,608562540
594842615,337870528
594842615,556868255
594842615,240908542
594842615,428871588
594842615,367717054
594842615,289279184
594842615,516696960
594842615,783248869
594842615,733597795
594842615,821381066
594842615,726267445
594842615,824975808
594842615,715430382
594842615,855067861
594842615,357799771
594842615,445097585
594842615,720295904
594842615,736797289
594842615,220024986
594842615,712013214
594842615,757202744
594842615,437998633
594842615,539318474
594842615,279339485
594842615,528884533
594842615,590402448
594842615,538455995
594842615,556001854
594842615,543535963
594842615,763627362
594842615,755827550
594842615,615544455
594842615,775779414
594842615,709012092
594842615,756981092
594842615,624954463
594842615,553824972
594842615,127503740
594842615,603802338
594842615,517338577
594842615,775878139
594842615,747926006
594842615,791620920
594842615,622049514
594842615,819963168
594842615,140493028
594842615,163993643
594842615,617580098
594842615,411777855
594842615,86611634
594842615,819609278
594842615,613829820
594842615,330228090
594842615,595670183
594842615,800775445
594842615,190366930
594842615,503786103
594842615,609581848
594842615,419273988
594842615,617229287
594842615,617312685
594842615,423691247
594842615,218076310
594842615,153603266
594842615,60136294
594842615,717914089
594842615,632440788
594842615,843261186
594842615,520640739
594842615,308861070
594842615,597488736
594842615,503496127
594842615,497019990
594842615,370159262
594842615,553810622
594842615,503025771
594842615,189550912
594842615,587054176
594842615,405720702
594842615,194808581
594842615,619075024
594842615,543538160
594842615,624300909
594842615,591916646
594842615,629907443
594842615,545832059
594842615,553684592
594842615,731664344
594842615,184837007
594842615,788506794
594842615,757785613
594842615,318050956
594842615,851729023
594842615,402922876
594842615,700770836
594842615,588618061
594842615,391601911
594842615,344141703
594842615,825953581
594842615,738821940
594842615,261469771
594842615,471714533
594842615,229407040
594842615,112543094
594842615,863311926
594842615,634986113
594842615,262519794
594842615,439571506
594842615,571858473
594842615,532254343
594842615,579011174
594842615,539556906
594842615,248900725
594842615,598219133
594842615,315220612
594842615,375189254
594842615,475169795
594842615,610643551
594842615,564689431
594842615,599573916
594842615,557130428
594842615,328444322
594842615,621547022
594842615,381562691
594842615,550336199
594842615,612563503
594842615,602302626
594842615,625526890
594842615,188480767
594842615,488694139
594842615,528431059
594842615,287017944
594842615,570413012
594842615,796800126
594842615,282157458
594842615,562419640
594842615,38318589
594842615,449067116
594842615,419574336
594842615,39101581
594842615,367489464
594842615,194657852
594842615,388020607
594842615,106170902
594842615,725291839
594842615,827297719
594842615,295049410
594842615,326306293
594842615,244241163
594842615,341792712
594842615,747756744
594842615,701003130
594842615,371933056
594842615,563673930
594842615,276022417
594842615,305365626
594842615,150403163
594842615,331895754
594842615,361016591
594842615,608265600
594842615,610492597
594842615,568356055
594842615,541736806
594842615,492527101
594842615,527707054
594842615,155659213
594842615,100220864
594842615,37431353
594842615,625083243
594842615,119509520
594842615,462156189
594842615,625008699
594842615,562866091
594842615,259315956
594842615,547904595
594842615,589283428
594842615,525823070
594842615,368407953
594842615,562951312
594842615,168088239
594842615,235685712
594842615,596984595
594842615,579042501
594842615,476050390
594842615,399332571
594842615,20821291
594842615,422868223
594842615,520724911
594842615,515451017
594842615,389779566
594842615,340006653
594842615,128186512
594842615,184910040
594842615,313991645
594842615,609795979
594842615,47841566
594842615,192293317
594842615,130600953
594842615,223101214
594842615,208216461
594842615,123709729
594842615,277124838
594842615,374720594
594842615,437758665
594842615,70508997
594842615,333550739
594842615,95313651
594842615,234063588
594842615,252764941
594842615,555485394
594842615,52869295
594842615,231983737
594842615,559969518
594842615,288381629
594842615,540338643
594842615,171120057
594842615,472250323
594842615,557143622
594842615,216789876
594842615,565718333
594842615,112860427
594842615,513235213
594842615,506226400
594842615,544514159
594842615,541839890
594842615,489811218
594842615,536192281
594842615,103309094
594842615,229311997
594842615,558018003
594842615,416572064
594842615,420501042
594842615,609557357
594842615,69340908
594842615,609356934
594842615,541782542
594842615,499854592
594842615,607587106
594842615,208610451
594842615,43901995
594842615,538252531
594842615,327349689
594842615,606341822
594842615,509180367
594842615,480593997
594842615,60916576
594842615,157570598
594842615,171160969
594842615,373565010
594842615,381545425
594842615,595831474
594842615,146845438
594842615,582803687
594842615,547938486
594842615,589398026
594842615,216398829
594842615,519552292
594842615,161095701
594842615,183387449
594842615,546494946
594842615,527836014
594842615,598673636
594842615,14518090
594842615,489564216
594842615,376396657
594842615,389650309
594842615,565737225
594842615,551882438
594842615,450952382
594842615,564871008
594842615,561459930
594842615,553734645
594842615,433697776
594842615,337990750
594842615,543316639
594842615,369552081
594842615,408076246
594842615,516785133
594842615,497855053
594842615,554643191
594842615,350063124
594842615,579395667
594842615,564702811
594842615,503659471
594842615,521626714
594842615,451095622
594842615,580983708
594842615,582743838
594842615,186965510
594842615,568583796
594842615,162473656
594842615,85070498
594842615,556014128
594842615,414323521
594842615,475150074
594842615,550022605
594842615,95047648
594842615,440782386
594842615,227100479
594842615,194186195
594842615,523380783
594842615,241280390
594842615,158487331
594842615,59156773
594842615,50515656
594842615,17029979
594842615,79293791
594842615,19564523
594842615,35787166
594842615,14230524
594842615,262794965
594842615,185739738
594842615,3004231
594842615,23976386
594842615,26565946
594842615,17220934
