595888203,2994469282
595888203,3044738957
595888203,3376281958
595888203,21100803
595888203,1373806026
595888203,1375126604
595888203,16407679
595888203,84202522
595888203,20455929
595888203,22950592
595888203,87460291
595888203,1024278084
595888203,34145873
595888203,34892463
595888203,187670429
595888203,32273826
595888203,15343682
595888203,38678666
595888203,509656977
595888203,14111650
595888203,18885997
595888203,2666100224
595888203,986878273
595888203,3107493797
595888203,3148108377
595888203,20794341
595888203,257434149
595888203,125122481
595888203,14333754
595888203,304909941
595888203,856010760
595888203,319109320
595888203,16252002
595888203,1452519043
595888203,70186440
595888203,169426475
595888203,17675072
595888203,454395581
595888203,30313925
595888203,196994616
595888203,2322099784
595888203,1640169925
595888203,43869790
595888203,23421880
595888203,70349639
595888203,2306281370
595888203,7996082
595888203,156651229
595888203,14436030
595888203,1877831
595888203,16153562
595888203,27830610
595888203,4898091
595888203,20596281
595888203,102700680
595888203,69231187
595888203,14700316
595888203,20646711
595888203,33933259
595888203,14499829
595888203,627673190
595888203,14159148
595888203,59736898
595888203,5120691
595888203,25390350
595888203,27860681
595888203,25098482
595888203,572470115
595888203,111416652
595888203,2202210446
595888203,59486068
595888203,83466368
595888203,19713622
595888203,17006157
595888203,771383605
595888203,948552829
595888203,1662057727
595888203,14677919
595888203,36329597
595888203,24150634
595888203,157981564
595888203,206717989
595888203,198618575
595888203,410070653
595888203,29422232
595888203,2197487762
595888203,14746456
595888203,251716551
595888203,242346557
595888203,16973333
595888203,14173315
595888203,631478663
595888203,19472578
595888203,16343974
595888203,26585095
595888203,14511951
595888203,15754281
595888203,17884125
595888203,21390674
595888203,23585685
595888203,16664681
595888203,18949452
595888203,87818409
595888203,91478624
595888203,5988062
595888203,2467791
595888203,14293310
595888203,3108351
595888203,5402612
595888203,759251
595888203,428333
595888203,2097571
595888203,742143
595888203,51241574
595888203,1652541
595888203,104298598
595888203,334602996
595888203,124690469
595888203,2292454922
595888203,2585396407
595888203,18936161
595888203,569138069
595888203,370589204
595888203,220998706
595888203,150989432
595888203,581975240
595888203,27034001
595888203,72811133
595888203,485801262
595888203,1615685677
595888203,1690412382
595888203,558797310
595888203,411469404
595888203,140750163
595888203,493127463
595888203,23694165
595888203,287834630
595888203,618420295
595888203,233335916
595888203,265982289
595888203,395388847
595888203,252753618
595888203,230845588
595888203,285332860
595888203,964949070
595888203,31697485
595888203,155927976
595888203,268383434
595888203,265902729
595888203,2541999628
595888203,216299334
595888203,143947826
595888203,3069645028
595888203,3233626836
595888203,2319121626
595888203,1259457968
595888203,108916337
595888203,109337010
595888203,22903765
595888203,40019154
595888203,90891909
595888203,17595890
595888203,94081671
595888203,19663485
595888203,61457123
595888203,16951979
595888203,835290290
595888203,471287735
595888203,21204154
595888203,38977171
595888203,17306424
595888203,17087110
595888203,21103366
595888203,17214382
595888203,17624543
595888203,17540625
595888203,19271557
595888203,23746926
595888203,267208152
595888203,14847636
595888203,480266014
595888203,426738834
595888203,17623816
595888203,21155472
595888203,23640660
595888203,21258827
595888203,218653131
595888203,222225064
595888203,17169390
595888203,19130138
595888203,1016303431
595888203,3310571
595888203,20448566
595888203,22904901
595888203,18948541
595888203,14270254
595888203,21112266
595888203,108370504
595888203,158944401
595888203,181912760
595888203,870610812
595888203,106818870
595888203,20015311
595888203,123754656
595888203,32395774
595888203,20856282
595888203,807095
595888203,115485051
595888203,19033555
595888203,19394887
595888203,19186180
595888203,109013694
595888203,122758959
595888203,126490012
595888203,20809515
595888203,25535042
595888203,15392221
595888203,58511700
595888203,8665572
595888203,19889294
595888203,85908999
595888203,21783395
595888203,18135386
595888203,19686295
595888203,24241544
595888203,122203400
595888203,16171953
595888203,18905975
595888203,49781518
595888203,361418523
595888203,286306127
595888203,6017542
595888203,188006067
595888203,185827887
595888203,16631331
595888203,29214466
595888203,7109022
595888203,158487331
595888203,258758307
595888203,58531272
595888203,19405367
595888203,90836187
595888203,34352191
595888203,14872237
595888203,289046042
595888203,15005991
595888203,556047520
595888203,224223563
595888203,171840420
595888203,110850885
595888203,116164028
595888203,344634424
595888203,61306203
595888203,142204481
595888203,183387449
595888203,34949757
595888203,143779276
595888203,454843106
595888203,188821437
595888203,145314008
595888203,932429090
595888203,60865434
595888203,19921389
595888203,17163446
595888203,16451028
595888203,8665852
595888203,2561091
595888203,15391813
595888203,140433518
595888203,23263743
595888203,155659213
595888203,18863815
595888203,17311493
595888203,19564523
595888203,18679659
595888203,14758257
595888203,15683146
595888203,301921037
595888203,110513795
595888203,107349488
595888203,360932619
595888203,193415474
595888203,110542631
595888203,200283629
595888203,257666657
595888203,44030337
595888203,19081001
595888203,813286
595888203,2994469282
595888203,3044738957
595888203,3376281958
595888203,21100803
595888203,1373806026
595888203,1375126604
595888203,16407679
595888203,84202522
595888203,20455929
595888203,22950592
595888203,87460291
595888203,1024278084
595888203,34145873
595888203,34892463
595888203,187670429
595888203,32273826
595888203,15343682
595888203,38678666
595888203,509656977
595888203,14111650
595888203,18885997
595888203,2666100224
595888203,986878273
595888203,3107493797
595888203,3148108377
595888203,20794341
595888203,257434149
595888203,125122481
595888203,14333754
595888203,304909941
595888203,856010760
595888203,319109320
595888203,16252002
595888203,1452519043
595888203,70186440
595888203,169426475
595888203,17675072
595888203,454395581
595888203,30313925
595888203,196994616
595888203,2322099784
595888203,1640169925
595888203,43869790
595888203,23421880
595888203,70349639
595888203,2306281370
595888203,7996082
595888203,156651229
595888203,14436030
595888203,1877831
595888203,16153562
595888203,27830610
595888203,4898091
595888203,20596281
595888203,102700680
595888203,69231187
595888203,14700316
595888203,20646711
595888203,33933259
595888203,14499829
595888203,627673190
595888203,14159148
595888203,59736898
595888203,5120691
595888203,25390350
595888203,27860681
595888203,25098482
595888203,572470115
595888203,111416652
595888203,2202210446
595888203,59486068
595888203,83466368
595888203,19713622
595888203,17006157
595888203,771383605
595888203,948552829
595888203,1662057727
595888203,14677919
595888203,36329597
595888203,24150634
595888203,157981564
595888203,206717989
595888203,198618575
595888203,410070653
595888203,29422232
595888203,2197487762
595888203,14746456
595888203,251716551
595888203,242346557
595888203,16973333
595888203,14173315
595888203,631478663
595888203,19472578
595888203,16343974
595888203,26585095
595888203,14511951
595888203,15754281
595888203,17884125
595888203,21390674
595888203,23585685
595888203,16664681
595888203,18949452
595888203,87818409
595888203,91478624
595888203,5988062
595888203,2467791
595888203,14293310
595888203,3108351
595888203,5402612
595888203,759251
595888203,428333
595888203,2097571
595888203,742143
595888203,51241574
595888203,1652541
595888203,104298598
595888203,334602996
595888203,124690469
595888203,2292454922
595888203,2585396407
595888203,18936161
595888203,569138069
595888203,370589204
595888203,220998706
595888203,150989432
595888203,581975240
595888203,27034001
595888203,72811133
595888203,485801262
595888203,1615685677
595888203,1690412382
595888203,558797310
595888203,411469404
595888203,140750163
595888203,493127463
595888203,23694165
595888203,287834630
595888203,618420295
595888203,233335916
595888203,265982289
595888203,395388847
595888203,252753618
595888203,230845588
595888203,285332860
595888203,964949070
595888203,31697485
595888203,155927976
595888203,268383434
595888203,265902729
595888203,2541999628
595888203,216299334
595888203,143947826
595888203,3069645028
595888203,3233626836
595888203,2319121626
595888203,1259457968
595888203,108916337
595888203,109337010
595888203,22903765
595888203,40019154
595888203,90891909
595888203,17595890
595888203,94081671
595888203,19663485
595888203,61457123
595888203,16951979
595888203,835290290
595888203,471287735
595888203,21204154
595888203,38977171
595888203,17306424
595888203,17087110
595888203,21103366
595888203,17214382
595888203,17624543
595888203,17540625
595888203,19271557
595888203,23746926
595888203,267208152
595888203,14847636
595888203,480266014
595888203,426738834
595888203,17623816
595888203,21155472
595888203,23640660
595888203,21258827
595888203,218653131
595888203,222225064
595888203,17169390
595888203,19130138
595888203,1016303431
595888203,3310571
595888203,20448566
595888203,22904901
595888203,18948541
595888203,14270254
595888203,21112266
595888203,108370504
595888203,158944401
595888203,181912760
595888203,870610812
595888203,106818870
595888203,20015311
595888203,123754656
595888203,32395774
595888203,20856282
595888203,807095
595888203,115485051
595888203,19033555
595888203,19394887
595888203,19186180
595888203,109013694
595888203,122758959
595888203,126490012
595888203,20809515
595888203,25535042
595888203,15392221
595888203,58511700
595888203,8665572
595888203,19889294
595888203,85908999
595888203,21783395
595888203,18135386
595888203,19686295
595888203,24241544
595888203,122203400
595888203,16171953
595888203,18905975
595888203,49781518
595888203,361418523
595888203,286306127
595888203,6017542
595888203,188006067
595888203,185827887
595888203,16631331
595888203,29214466
595888203,7109022
595888203,158487331
595888203,258758307
595888203,58531272
595888203,19405367
595888203,90836187
595888203,34352191
595888203,14872237
595888203,289046042
595888203,15005991
595888203,556047520
595888203,224223563
595888203,171840420
595888203,110850885
595888203,116164028
595888203,344634424
595888203,61306203
595888203,142204481
595888203,183387449
595888203,34949757
595888203,143779276
595888203,454843106
595888203,188821437
595888203,145314008
595888203,932429090
595888203,60865434
595888203,19921389
595888203,17163446
595888203,16451028
595888203,8665852
595888203,2561091
595888203,15391813
595888203,140433518
595888203,23263743
595888203,155659213
595888203,18863815
595888203,17311493
595888203,19564523
595888203,18679659
595888203,14758257
595888203,15683146
595888203,301921037
595888203,110513795
595888203,107349488
595888203,360932619
595888203,193415474
595888203,110542631
595888203,200283629
595888203,257666657
595888203,44030337
595888203,19081001
595888203,813286
