59814793,164208193
59814793,2853369215
59814793,2195998471
59814793,14993191
59814793,366615527
59814793,1075482954
59814793,1275152262
59814793,1184184704
59814793,761398686
59814793,1122415976
59814793,60026862
59814793,2532304525
59814793,1588663718
59814793,3620412556
59814793,225943831
59814793,409892360
59814793,177823374
59814793,101348410
59814793,14056708
59814793,2445814283
59814793,97255485
59814793,3044738957
59814793,23505298
59814793,32572068
59814793,124690469
59814793,17595890
59814793,175001271
59814793,61457123
59814793,472428172
59814793,155659213
59814793,138388408
59814793,22321740
59814793,986878273
59814793,782588150
59814793,234090243
59814793,23011527
59814793,389671935
59814793,1577323537
59814793,19472578
59814793,19921389
59814793,145668086
59814793,328980753
59814793,19051022
59814793,34352191
59814793,23585685
59814793,998006845
59814793,18671165
59814793,613775148
59814793,269716042
59814793,22914702
59814793,98738284
59814793,22900663
59814793,20671468
59814793,55936283
59814793,43196080
59814793,29954749
59814793,140091998
59814793,454843106
59814793,431006041
59814793,213411429
59814793,15410226
59814793,17163446
59814793,17676713
59814793,127782017
59814793,20809515
59814793,20448566
59814793,34288699
59814793,19875072
59814793,16838962
59814793,138220302
59814793,4601181
59814793,74453123
59814793,788524
59814793,206847322
59814793,19271557
59814793,19179355
59814793,23445711
59814793,38154763
59814793,19713622
59814793,20627896
59814793,19730826
59814793,266712846
59814793,45653532
59814793,790680
59814793,78150883
59814793,27935844
59814793,123754656
59814793,10228272
59814793,59559336
59814793,59602337
59814793,43959578
59814793,17827029
59814793,169680131
59814793,87460291
59814793,82579152
59814793,14872237
59814793,44627459
59814793,115485051
59814793,19878288
59814793,71610295
59814793,14606079
59814793,18544889
59814793,16589206
59814793,20536157
59814793,17953384
59814793,155142381
59814793,20740074
59814793,35779304
59814793,34076997
59814793,26017256
59814793,24241544
59814793,14746456
59814793,75511224
59814793,62760187
59814793,53018149
59814793,15935242
59814793,93851052
59814793,12026062
59814793,85302575
59814793,92064857
59814793,61193412
59814793,17637572
59814793,19292033
59814793,30078112
59814793,114784440
59814793,112847603
59814793,112693138
59814793,69418551
59814793,14582890
59814793,55178739
59814793,21424725
59814793,19896045
59814793,26186890
59814793,25517099
59814793,49195175
59814793,23075223
59814793,2677731
59814793,18920461
59814793,17477169
59814793,14447090
59814793,17624959
59814793,14183379
59814793,17626165
59814793,18809594
59814793,19083439
59814793,20980429
59814793,109285332
59814793,91346549
59814793,48516549
59814793,8628562
59814793,18717426
59814793,66517768
59814793,8665852
59814793,14758257
59814793,59126531
59814793,20717237
59814793,21409325
59814793,79988055
59814793,15896379
59814793,734753
59814793,32873023
59814793,19584222
59814793,26276346
59814793,71922638
59814793,15234407
59814793,14293310
59814793,36412963
59814793,5988062
59814793,24741685
59814793,50393960
59814793,21112266
59814793,19689047
59814793,19709089
59814793,17681513
59814793,104606991
59814793,103670217
59814793,84987868
59814793,99818365
59814793,25839630
59814793,77629471
59814793,16202270
59814793,36511654
59814793,33376720
59814793,10464872
59814793,58488713
59814793,67291976
59814793,27520512
59814793,19662223
59814793,68822155
59814793,2043041
59814793,23584173
59814793,102097897
59814793,80320411
59814793,20311818
59814793,21510894
59814793,39145982
59814793,48424015
59814793,29179592
59814793,65048966
59814793,19980148
59814793,12497362
59814793,70235774
59814793,20564626
59814793,20712514
59814793,100630788
59814793,20856213
59814793,42473494
59814793,21707734
59814793,18944007
59814793,19314019
59814793,19024850
59814793,19591090
59814793,31137047
59814793,21896299
59814793,54557643
59814793,20099349
59814793,90795279
59814793,17993489
59814793,19564523
59814793,15856861
59814793,62135992
59814793,14208199
59814793,19391470
59814793,21324165
59814793,21648020
59814793,45642688
59814793,25305476
59814793,22027165
59814793,19910996
59814793,18679659
59814793,85908999
59814793,19247625
59814793,17715048
59814793,94468710
59814793,18186509
59814793,15973392
59814793,47585662
59814793,7047
59814793,84549715
59814793,35449426
59814793,82410651
59814793,83316138
59814793,21492030
59814793,33983882
59814793,3373791
59814793,23244248
59814793,20884910
59814793,50177470
59814793,813286
59814793,14562960
59814793,12610492
59814793,20856282
59814793,20781929
59814793,51831438
59814793,19265059
59814793,22904901
59814793,28879048
59814793,15683146
59814793,43901270
59814793,21856254
59814793,34423857
59814793,19264748
59814793,19405367
59814793,30041546
59814793,21138477
59814793,19488569
59814793,43869610
59814793,23263743
59814793,29214466
59814793,43865255
59814793,19394887
59814793,16854780
59814793,19033555
59814793,49781518
59814793,51468445
59814793,16171953
59814793,17624543
59814793,19901805
59814793,21389998
59814793,31237480
59814793,17311493
59814793,19186180
