62514900,2984674484
62514900,3087209606
62514900,767757314
62514900,969127789
62514900,885539280
62514900,393723853
62514900,2927291565
62514900,474512965
62514900,118447967
62514900,19875072
62514900,771383605
62514900,14333754
62514900,948552829
62514900,19472578
62514900,3402846189
62514900,20712514
62514900,16171953
62514900,3376281958
62514900,1662057727
62514900,3483917657
62514900,132130882
62514900,70349639
62514900,1615685677
62514900,728935476
62514900,19713622
62514900,2800229451
62514900,898533499
62514900,352969903
62514900,2252683543
62514900,2372379259
62514900,528607445
62514900,439521570
62514900,459228867
62514900,324429042
62514900,2206679028
62514900,485801262
62514900,1511399641
62514900,2811941773
62514900,2193924190
62514900,53906871
62514900,2711035300
62514900,1536262417
62514900,2722259308
62514900,3066070240
62514900,416217870
62514900,511842753
62514900,3199745237
62514900,2289520965
62514900,3253967187
62514900,2156302191
62514900,823496528
62514900,1343425260
62514900,1150722620
62514900,625841918
62514900,1039815788
62514900,3010384528
62514900,577466504
62514900,142001958
62514900,505605766
62514900,18988200
62514900,189850197
62514900,205011496
62514900,940270308
62514900,351921957
62514900,313913938
62514900,403580183
62514900,180401794
62514900,142204481
62514900,112764971
62514900,185827887
62514900,136007061
62514900,90836187
62514900,224223563
62514900,213745334
62514900,2363962736
62514900,550122068
62514900,19583545
62514900,14573900
62514900,15005991
62514900,34423857
62514900,110509537
62514900,15492359
62514900,16896485
62514900,19407053
62514900,20562637
62514900,16184358
62514900,67358777
62514900,28140646
62514900,621523
62514900,34713362
62514900,4898091
62514900,15110357
62514900,18949452
62514900,32359921
62514900,328980753
62514900,15846407
62514900,91478624
62514900,5988062
62514900,3108351
62514900,2467791
62514900,405123394
62514900,14293310
62514900,2097571
62514900,759251
62514900,51241574
62514900,742143
62514900,5402612
62514900,1652541
62514900,15391813
62514900,18679659
62514900,382837081
62514900,14746456
62514900,356430036
62514900,20781929
62514900,69344401
62514900,539599565
62514900,19331985
62514900,545436446
62514900,18671165
62514900,19686295
62514900,2178230389
62514900,973277052
62514900,307807956
62514900,586950556
62514900,575565118
62514900,309340221
62514900,1704998570
62514900,2533070650
62514900,932429090
62514900,1334928384
62514900,15485441
62514900,85908999
62514900,165699676
62514900,461922813
62514900,368220699
62514900,361150095
62514900,21138477
62514900,27473819
62514900,807095
62514900,330446733
62514900,342599843
62514900,2359476565
62514900,1670174994
62514900,1283561876
62514900,1269425228
62514900,366592246
62514900,773069256
62514900,22910295
62514900,38164846
62514900,835230594
62514900,33893706
62514900,23585685
62514900,228688180
62514900,298038413
62514900,17884125
62514900,338995273
62514900,161604690
62514900,319086477
62514900,491355440
62514900,424354829
62514900,54857969
62514900,454873450
62514900,380570951
62514900,165160853
62514900,2474609008
62514900,278008658
62514900,90891909
62514900,17595890
62514900,34296796
62514900,425021928
62514900,5894372
62514900,14932455
62514900,21390437
62514900,85626417
62514900,199632928
62514900,34239016
62514900,251690031
62514900,412498166
62514900,413939791
62514900,445092879
62514900,2741889686
62514900,52782073
62514900,2706403958
62514900,2733129683
62514900,19405174
62514900,21287076
62514900,558797310
62514900,813286
62514900,115485051
62514900,21905142
62514900,20843014
62514900,21204154
62514900,17624543
62514900,19264748
62514900,19921389
62514900,454843106
62514900,16808626
62514900,452155423
62514900,58531272
62514900,20428265
62514900,2557521
62514900,423384542
62514900,95955871
62514900,40076725
62514900,23421880
62514900,2444728176
62514900,65135642
62514900,54999357
62514900,22904901
62514900,332638587
62514900,110783489
62514900,69656547
62514900,18863815
62514900,77674716
62514900,1548317628
62514900,25535042
62514900,238475531
62514900,14872237
62514900,24561680
62514900,395388847
62514900,2704759771
62514900,18709833
62514900,371596038
62514900,16632149
62514900,16631331
62514900,140943126
62514900,16632219
62514900,111116063
62514900,1019799660
62514900,270193608
62514900,126978294
62514900,10228272
62514900,14758257
62514900,42741753
62514900,1216390237
62514900,1391918941
62514900,858963060
62514900,1315500685
62514900,231848079
62514900,439598792
62514900,1125667374
62514900,35766522
62514900,289850404
62514900,2295393943
62514900,1690412382
62514900,301672010
62514900,19404587
62514900,101894425
62514900,67995848
62514900,297047872
62514900,19081001
62514900,15155074
62514900,45266183
62514900,51707796
62514900,14089195
62514900,14780915
62514900,119875281
62514900,115512512
62514900,6207162
62514900,14583400
62514900,49636886
62514900,108382988
62514900,5827292
62514900,18396706
62514900,19081351
62514900,290762891
62514900,302570527
62514900,2411221668
62514900,16451028
62514900,26276346
62514900,94081671
62514900,15392221
62514900,17163446
62514900,8665572
62514900,8665852
62514900,2561091
62514900,19889294
62514900,22637074
62514900,19814175
62514900,16854780
62514900,15683146
62514900,20856282
62514900,23263743
62514900,47617770
62514900,180505807
62514900,199354750
62514900,471287735
62514900,166767883
62514900,216264820
62514900,252753618
62514900,282064204
62514900,1640169925
62514900,171840420
62514900,488731085
62514900,183387449
62514900,304596944
62514900,740336334
62514900,28966604
62514900,294809172
62514900,1895388408
62514900,533085085
62514900,2157064588
62514900,210933449
62514900,620034505
62514900,955229336
62514900,1073336054
62514900,218653131
62514900,393028587
62514900,745002644
62514900,263099844
62514900,34613288
62514900,138372303
62514900,789605024
62514900,140070953
62514900,8159472
62514900,627673190
62514900,22903765
62514900,66257545
62514900,343627165
62514900,287834630
62514900,233335916
62514900,618420295
62514900,155927976
62514900,230845588
62514900,285332860
62514900,265982289
62514900,19394887
62514900,372603711
62514900,218148412
62514900,155659213
62514900,1708055766
62514900,41878061
62514900,1286063538
62514900,26465424
62514900,23446053
62514900,180738823
62514900,433564013
62514900,294043151
62514900,137723681
62514900,350163849
62514900,981361302
62514900,727305176
62514900,329789735
62514900,350332508
62514900,502062899
62514900,577988221
62514900,183074728
62514900,1522994466
62514900,349735081
62514900,834212389
62514900,225341947
62514900,569858803
62514900,24620533
62514900,278183430
62514900,1155233203
62514900,601774069
62514900,267208152
62514900,20809515
62514900,38977171
62514900,1117993734
62514900,1227930450
62514900,256675420
62514900,615274676
62514900,145178905
62514900,119705612
62514900,20448566
62514900,25982907
62514900,344801362
62514900,151412125
62514900,74191732
62514900,53225463
62514900,19033555
62514900,21478581
62514900,49781518
62514900,596940844
62514900,153067700
62514900,366875749
62514900,175083215
62514900,422868223
62514900,412237956
62514900,240872962
62514900,26561149
