69006220,4819433583
69006220,2205681944
69006220,375721095
69006220,961305445
69006220,21713520
69006220,20533092
69006220,3308456165
69006220,20058846
69006220,70429646
69006220,2388477227
69006220,3728671401
69006220,4049569277
69006220,19472578
69006220,824153233
69006220,25704704
69006220,1259671560
69006220,3545633535
69006220,22874178
69006220,481087767
69006220,3138341447
69006220,1597224450
69006220,2485275084
69006220,14385324
69006220,259760125
69006220,17189930
69006220,22007357
69006220,1283396102
69006220,3044738957
69006220,1968654061
69006220,2570627052
69006220,2858866479
69006220,2230383367
69006220,1514068152
69006220,1536791610
69006220,2455484222
69006220,15137836
69006220,21854543
69006220,399224799
69006220,2470621728
69006220,2969760609
69006220,11180212
69006220,601031921
69006220,58913244
69006220,2280470022
69006220,2835594983
69006220,19189134
69006220,2975433135
69006220,1070929081
69006220,15248437
69006220,1917177505
69006220,50348344
69006220,42137252
69006220,23529973
69006220,585716046
69006220,2573216851
69006220,2994469282
69006220,124690469
69006220,401136271
69006220,1171924778
69006220,2903715045
69006220,2905232597
69006220,263780425
69006220,19490380
69006220,14995420
69006220,338985020
69006220,44886859
69006220,12397052
69006220,46922935
69006220,60922227
69006220,17542672
69006220,747682134
69006220,754485
69006220,5943072
69006220,22411342
69006220,28381563
69006220,280845215
69006220,88718227
69006220,395388847
69006220,25190574
69006220,1950188826
69006220,131935861
69006220,22411875
69006220,33804533
69006220,231043298
69006220,280100723
69006220,608167078
69006220,190079099
69006220,5695632
69006220,35293659
69006220,14166909
69006220,1662057727
69006220,1382404544
69006220,68740712
69006220,158342368
69006220,482389606
69006220,1369316678
69006220,505089852
69006220,1023096199
69006220,17086687
69006220,107472906
69006220,17477169
69006220,2328735464
69006220,1273844659
69006220,8724342
69006220,9866582
69006220,1630896181
69006220,19903099
69006220,134196350
69006220,20794341
69006220,19867777
69006220,39056314
69006220,17790274
69006220,61037301
69006220,19287851
69006220,19587963
69006220,20768551
69006220,19458590
69006220,21128938
69006220,147990290
69006220,71352504
69006220,234833717
69006220,70349639
69006220,489066301
69006220,15122331
69006220,311606579
69006220,2471684071
69006220,270319488
69006220,301517975
69006220,14390548
69006220,25150711
69006220,2398625900
69006220,24586830
69006220,19416833
69006220,3108351
69006220,290437167
69006220,19600252
69006220,380648579
69006220,14246657
69006220,33960482
69006220,69217092
69006220,40113236
69006220,14892330
69006220,16681542
69006220,556307001
69006220,499170272
69006220,1123195627
69006220,113681243
69006220,113683910
69006220,365088244
69006220,630553805
69006220,413304704
69006220,21286876
69006220,26281917
69006220,1381754160
69006220,266773903
69006220,20717297
69006220,443297806
69006220,1615685677
69006220,257082921
69006220,22695704
69006220,19292033
69006220,1690412382
69006220,1246422362
69006220,95177560
69006220,14993191
69006220,2164968990
69006220,114848451
69006220,23132159
69006220,87460291
69006220,177736182
69006220,1400126792
69006220,20667204
69006220,52782073
69006220,1499080250
69006220,18948060
69006220,42626527
69006220,31584670
69006220,19356276
69006220,19291928
69006220,20164477
69006220,17169390
69006220,304329674
69006220,17101388
69006220,84128595
69006220,369068190
69006220,986878273
69006220,24773177
69006220,227837742
69006220,277495114
69006220,454395581
69006220,18600155
69006220,454843106
69006220,965741665
69006220,216299334
69006220,156954993
69006220,276674188
69006220,1117046706
69006220,18707504
69006220,771383605
69006220,20058825
69006220,396487796
69006220,405123394
69006220,17623816
69006220,492288571
69006220,494518813
69006220,571202103
69006220,12506392
69006220,19003183
69006220,123754656
69006220,20752411
69006220,19109917
69006220,46720696
69006220,32144814
69006220,21817509
69006220,15615035
69006220,315333494
69006220,56505125
69006220,87554292
69006220,19929729
69006220,17213053
69006220,23011527
69006220,23816051
69006220,17494015
69006220,15614511
69006220,254807872
69006220,18188983
69006220,205974045
69006220,15252509
69006220,20676778
69006220,11862072
69006220,131144091
69006220,271028583
69006220,8757362
69006220,62541160
69006220,232855418
69006220,21739343
69006220,17637572
69006220,24399244
69006220,251257353
69006220,38185007
69006220,32965485
69006220,15095086
69006220,17980026
69006220,56352258
69006220,121176422
69006220,211547050
69006220,30416846
69006220,216429577
69006220,30706527
69006220,125100410
69006220,23055689
69006220,182721799
69006220,22176845
69006220,8976052
69006220,232182694
69006220,16664803
69006220,17063215
69006220,259348780
69006220,17463293
69006220,16549997
69006220,18899958
69006220,3829151
69006220,64508047
69006220,61536390
69006220,19247114
69006220,214125777
69006220,50287595
69006220,150677740
69006220,19592047
69006220,38679388
69006220,31311757
69006220,2227121
69006220,21083318
69006220,211692663
69006220,18741912
69006220,50387624
69006220,140091998
69006220,22361996
69006220,23477694
69006220,23946350
69006220,26916939
69006220,19492011
69006220,23247159
69006220,24351462
69006220,19971002
69006220,87416722
69006220,3310571
69006220,17159484
69006220,20885390
69006220,25059963
69006220,16781406
69006220,14562960
69006220,104293211
69006220,245494056
69006220,26796931
69006220,14150093
69006220,26998889
69006220,71751535
69006220,256449166
69006220,19568167
69006220,13820922
69006220,14515799
69006220,7587032
69006220,19315495
69006220,17087856
69006220,20658906
69006220,71246055
69006220,54015652
69006220,15108702
69006220,21098134
69006220,15880642
69006220,51241574
69006220,69181624
69006220,16632149
69006220,19911186
69006220,15316967
69006220,20536157
69006220,7144422
69006220,18424289
69006220,96109537
69006220,19661363
69006220,30261067
69006220,11518842
69006220,4970411
69006220,807095
69006220,15224867
69006220,94081671
69006220,20560841
69006220,17173144
69006220,95731075
69006220,18847920
69006220,19130138
69006220,755040
69006220,12529992
69006220,16459040
69006220,15410226
69006220,23366818
69006220,12553452
69006220,2509551
69006220,218653131
69006220,20818437
69006220,225490238
69006220,9459622
69006220,14903044
69006220,20701487
69006220,97637425
69006220,22537325
69006220,19075873
69006220,23780232
69006220,19545396
69006220,23640660
69006220,19314186
69006220,19883755
69006220,19349699
69006220,34386616
69006220,21309551
69006220,18388241
69006220,14385984
69006220,22384691
69006220,21302527
69006220,19244479
69006220,19019310
69006220,22057150
69006220,27283763
69006220,18937095
69006220,19776904
69006220,115485051
69006220,20380673
69006220,54217101
69006220,24747953
69006220,19391470
69006220,25503709
69006220,17884125
69006220,24042063
69006220,20511502
69006220,23694165
69006220,30908214
69006220,25999072
69006220,617483
69006220,21247133
69006220,23585685
69006220,16631693
69006220,43901270
69006220,34076997
69006220,14819457
69006220,71922638
69006220,21138477
69006220,12245542
69006220,17087162
69006220,19247625
69006220,121167080
69006220,19722435
69006220,18671165
69006220,1455261
69006220,14519038
69006220,20096328
69006220,115432582
69006220,84126402
69006220,60917604
69006220,22820759
69006220,18979456
69006220,19163946
69006220,21530275
69006220,69023503
69006220,26981118
69006220,18382771
69006220,14333754
69006220,19334929
69006220,19713622
69006220,124139163
69006220,30362529
69006220,19944166
69006220,18653612
69006220,92326135
69006220,19594871
69006220,25333526
69006220,22362992
69006220,85908999
69006220,60916506
69006220,78336322
69006220,14975487
69006220,19973332
69006220,31237480
69006220,34352191
69006220,21856254
69006220,21357208
69006220,84558700
69006220,20064101
69006220,15368897
69006220,12221012
69006220,84987868
69006220,15279422
69006220,19983964
69006220,70235774
69006220,19650966
69006220,14399076
69006220,16740819
69006220,21904261
69006220,42975474
69006220,14946308
69006220,35404273
69006220,18430029
69006220,62135992
69006220,14208199
69006220,24566469
69006220,21417835
69006220,15185848
69006220,10159762
69006220,2043041
69006220,42189303
69006220,71560422
69006220,63136550
69006220,12610492
69006220,14746456
69006220,7109022
69006220,17413907
69006220,16569045
69006220,45991078
69006220,19748200
69006220,56983070
69006220,70366780
69006220,17711659
69006220,43869610
69006220,19394887
69006220,12026062
69006220,20592371
69006220,8628562
69006220,20351362
69006220,50300579
69006220,17953384
69006220,19674853
69006220,22904901
69006220,20980429
69006220,19083439
69006220,14511863
69006220,69590193
69006220,43748307
69006220,18656830
69006220,17411980
69006220,71187596
69006220,21155472
69006220,12497362
69006220,71843505
69006220,18758902
69006220,20595047
69006220,19024850
69006220,21424725
69006220,24241544
69006220,21324165
69006220,19666681
69006220,19686295
69006220,8699742
69006220,726443
69006220,25985066
69006220,51831438
69006220,21456666
69006220,24516161
69006220,20251659
69006220,5383382
69006220,56149037
69006220,6865052
69006220,42450595
69006220,54330324
69006220,14766090
69006220,19387156
69006220,19732375
69006220,27935844
69006220,48444884
69006220,19271557
69006220,28879048
69006220,69344401
69006220,19258441
69006220,69712872
69006220,19163195
69006220,20250010
69006220,22941152
69006220,18803740
69006220,37895682
69006220,19528381
69006220,19712523
69006220,18783599
69006220,21902580
69006220,19564523
69006220,29005342
69006220,18075140
69006220,21492030
69006220,15683146
69006220,20586517
69006220,20712514
69006220,21306892
69006220,14562164
69006220,45568257
69006220,15030767
69006220,21534259
69006220,20583613
69006220,19033555
69006220,43913865
69006220,16171953
69006220,30041546
69006220,18186509
69006220,21707734
69006220,34680236
69006220,35779304
69006220,21905142
69006220,43435899
69006220,19405367
69006220,49781518
69006220,14489682
69006220,21510894
69006220,15935242
69006220,19024453
69006220,11819792
69006220,19689047
69006220,22167237
69006220,34423857
69006220,3373791
69006220,20781929
69006220,26017256
69006220,20618678
69006220,25657017
69006220,26276346
69006220,25535042
69006220,14803701
69006220,17624543
69006220,41578092
69006220,21112266
69006220,21195865
69006220,18717426
69006220,20644988
69006220,17610324
69006220,17693232
69006220,8728392
69006220,15005991
69006220,20809515
69006220,6017542
69006220,20766350
69006220,22667080
69006220,33207466
69006220,10464872
69006220,20843014
69006220,19186180
69006220,25819230
69006220,14270254
69006220,19910996
69006220,19265059
69006220,19264748
69006220,19720089
69006220,19248800
69006220,16451028
69006220,17311493
69006220,14758257
69006220,18678493
69006220,2561091
69006220,19019970
69006220,15392221
69006220,5402612
69006220,17163446
69006220,428333
69006220,1652541
69006220,19921389
69006220,22996693
69006220,19889294
69006220,22249286
69006220,19458935
69006220,19647014
69006220,16632219
69006220,24999889
69006220,20884910
69006220,21783395
69006220,18764854
69006220,23263743
69006220,19488569
69006220,8665572
69006220,18135386
69006220,15391813
69006220,17084160
69006220,8665852
69006220,21066857
69006220,20062102
