71247426,651433
71247426,831204811
71247426,552710238
71247426,1722174847
71247426,12828322
71247426,19415798
71247426,17693232
71247426,18600155
71247426,16171953
71247426,21050755
71247426,2197487762
71247426,3308456165
71247426,14746456
71247426,948552829
71247426,1662057727
71247426,19980148
71247426,19921389
71247426,23106525
71247426,26281917
71247426,1142859176
71247426,50300579
71247426,21309551
71247426,21287076
71247426,44411598
71247426,124690469
71247426,21204154
71247426,66834664
71247426,24241544
71247426,123754656
71247426,1023139638
71247426,14856333
71247426,19713622
71247426,70235774
71247426,43289545
71247426,1190458070
71247426,22531295
71247426,251716551
71247426,1615685677
71247426,19271557
71247426,358974434
71247426,1305559470
71247426,986878273
71247426,578261672
71247426,75274963
71247426,791690156
71247426,1532807479
71247426,122507583
71247426,1493331547
71247426,1301768017
71247426,69723570
71247426,891754220
71247426,758179166
71247426,19490380
71247426,19051022
71247426,901681710
71247426,63941935
71247426,37597184
71247426,589672047
71247426,15856486
71247426,617597150
71247426,432819483
71247426,1363896606
71247426,1380276074
71247426,880897908
71247426,415166344
71247426,20667204
71247426,19472578
71247426,20448566
71247426,1374839372
71247426,247458229
71247426,18075140
71247426,923445811
71247426,1004076115
71247426,495113757
71247426,143349011
71247426,1011183517
71247426,455191556
71247426,790228555
71247426,992705694
71247426,39056314
71247426,1305327511
71247426,603175358
71247426,993881568
71247426,345620601
71247426,950468017
71247426,1265273936
71247426,452333395
71247426,248329982
71247426,267221289
71247426,344832646
71247426,296382081
71247426,490510887
71247426,634751832
71247426,513640054
71247426,598581826
71247426,968343294
71247426,127024705
71247426,512587396
71247426,377442841
71247426,925690218
71247426,964626390
71247426,1077796782
71247426,629322892
71247426,1172315018
71247426,346674597
71247426,816768
71247426,14469554
71247426,14903044
71247426,491501351
71247426,595114640
71247426,625010689
71247426,365164733
71247426,78689748
71247426,18227783
71247426,456905132
71247426,388948596
71247426,1105919431
71247426,520446534
71247426,798846859
71247426,820310887
71247426,262286741
71247426,807773370
71247426,545489097
71247426,925543344
71247426,803453262
71247426,383128504
71247426,571057710
71247426,465542406
71247426,184855574
71247426,858351974
71247426,18944007
71247426,21577628
71247426,613710277
71247426,346782782
71247426,477674931
71247426,108628873
71247426,595689565
71247426,542106714
71247426,23132159
71247426,549575476
71247426,751582596
71247426,118199942
71247426,431793313
71247426,997797667
71247426,166569810
71247426,409866914
71247426,911158230
71247426,337225383
71247426,99844318
71247426,513235213
71247426,73486121
71247426,634717689
71247426,433885254
71247426,634545409
71247426,740198989
71247426,541593514
71247426,99300941
71247426,269319059
71247426,468887903
71247426,298027175
71247426,315175577
71247426,880751640
71247426,955899750
71247426,360230512
71247426,21138477
71247426,528998715
71247426,189895104
71247426,868677804
71247426,397929214
71247426,757852549
71247426,748231202
71247426,792451591
71247426,484202296
71247426,792076231
71247426,488498416
71247426,340975359
71247426,757201232
71247426,845351730
71247426,135230832
71247426,443647626
71247426,392296559
71247426,17623816
71247426,126118232
71247426,363127152
71247426,97712779
71247426,17624543
71247426,624236518
71247426,58587365
71247426,778120838
71247426,794778974
71247426,73254861
71247426,815192299
71247426,57125763
71247426,625811298
71247426,632889783
71247426,75511224
71247426,531766680
71247426,772497650
71247426,439920738
71247426,603983934
71247426,80629084
71247426,186033697
71247426,753507734
71247426,536273615
71247426,364416738
71247426,622812561
71247426,441366769
71247426,469725202
71247426,737018744
71247426,583004084
71247426,72718159
71247426,310178072
71247426,357624888
71247426,278580271
71247426,624240660
71247426,622947250
71247426,515251852
71247426,542861959
71247426,547940428
71247426,450699599
71247426,616069032
71247426,365003800
71247426,131101655
71247426,355087702
71247426,181637383
71247426,15615035
71247426,65628827
71247426,19247625
