741094519,751528058
741094519,18839937
741094519,58569513
741094519,545319505
741094519,3657860002
741094519,28062164
741094519,1405499299
741094519,527899802
741094519,151967211
741094519,2377668072
741094519,148073806
741094519,4644839074
741094519,555331972
741094519,3903291150
741094519,111931751
741094519,87148957
741094519,69656547
741094519,1286063538
741094519,4597092982
741094519,4625687418
741094519,140118545
741094519,1457493602
741094519,163903965
741094519,4055102363
741094519,125122481
741094519,86391789
741094519,3494413155
741094519,3311118359
741094519,11994692
741094519,4483809951
741094519,3306694289
741094519,2155580845
741094519,20978436
741094519,106560623
741094519,2558829688
741094519,4171888025
741094519,51714305
741094519,2885523711
741094519,2385910914
741094519,3022755472
741094519,335299650
741094519,2326202773
741094519,2902138622
741094519,1046426270
741094519,3526004241
741094519,1662057727
741094519,14333754
741094519,2197487762
741094519,1615685677
741094519,522554672
741094519,3504738195
741094519,503653808
741094519,1668796417
741094519,800027947
741094519,539415182
741094519,1830789800
741094519,2364123080
741094519,2548684326
741094519,2918030836
741094519,3349594185
741094519,173590648
741094519,593370001
741094519,17697300
741094519,24886570
741094519,18863815
741094519,596903657
741094519,2978340712
741094519,2271273633
741094519,2192030256
741094519,1142206728
741094519,1594307148
741094519,157103510
741094519,241677393
741094519,411810908
741094519,537221865
741094519,204832963
741094519,2891356389
741094519,2858924355
741094519,2695765550
741094519,2924449512
741094519,737015256
741094519,2598868362
741094519,19341413
741094519,2731627790
741094519,1410684613
741094519,585107684
741094519,925687278
741094519,1639308594
741094519,972855889
741094519,23446053
741094519,1655349152
741094519,710655314
741094519,457029920
741094519,1275112351
741094519,81921180
741094519,763539307
741094519,45266183
741094519,5827292
741094519,116710152
741094519,119875281
741094519,16441619
741094519,341509862
741094519,1283761920
741094519,54723086
741094519,2484502473
741094519,49636886
741094519,175081539
741094519,247546239
741094519,26250599
741094519,19063323
741094519,304078917
741094519,167931352
741094519,189895104
741094519,909186090
741094519,626927311
741094519,23263743
741094519,307393119
741094519,624234724
741094519,635314013
741094519,341258707
741094519,186404598
741094519,2561091
741094519,497778243
741094519,271310204
741094519,19394887
741094519,21390674
