762367698,3395514262
762367698,2919023754
762367698,2984495783
762367698,14159148
762367698,27830610
762367698,14361155
762367698,33933259
762367698,14499829
762367698,27945356
762367698,20646711
762367698,557707279
762367698,249700990
762367698,115097756
762367698,1963312058
762367698,4011003262
762367698,863527548
762367698,3138341447
762367698,2815580296
762367698,239860130
762367698,2651558413
762367698,3309770109
762367698,37748354
762367698,101085539
762367698,1313814055
762367698,2202869202
762367698,454395581
762367698,2285292157
762367698,19243648
762367698,2861353025
762367698,2795506144
762367698,2825993232
762367698,460163041
762367698,1337268097
762367698,2164968990
762367698,230849793
762367698,167328296
762367698,350958562
762367698,206205469
762367698,36205090
762367698,1311173616
762367698,2421073909
762367698,965741665
762367698,2861232334
762367698,994858092
762367698,2180126766
762367698,28565356
762367698,1391776140
762367698,21821458
762367698,2785158383
762367698,20058825
762367698,971471826
762367698,400053935
762367698,20560841
762367698,807095
762367698,20399735
762367698,83611277
762367698,2645325126
762367698,104782747
762367698,34423857
762367698,14460250
762367698,18762875
762367698,1108577335
762367698,2348739600
762367698,33154963
762367698,71643224
762367698,2427117212
762367698,105840904
762367698,3310571
762367698,19287037
762367698,169426475
762367698,830762161
762367698,83864876
762367698,57116930
762367698,121878964
762367698,166516036
762367698,16569045
762367698,71232198
762367698,117412541
762367698,607194817
762367698,47908820
762367698,38402979
762367698,89681473
762367698,1396212210
762367698,14700316
762367698,69231187
762367698,399426344
762367698,21101201
762367698,70910117
762367698,331017713
762367698,236347294
762367698,8728392
762367698,17396836
762367698,15392221
762367698,26276346
762367698,18055408
762367698,20599255
762367698,90845223
762367698,1678002848
762367698,15492359
762367698,19019970
762367698,23053809
762367698,42626527
762367698,80803819
762367698,19889294
762367698,108631068
762367698,82068157
762367698,19686295
762367698,7905122
762367698,17989888
762367698,121176422
762367698,17693232
762367698,24241544
762367698,378222899
762367698,20781929
762367698,19921389
762367698,25535042
762367698,2561091
762367698,23585685
762367698,16632149
762367698,1330457336
762367698,16632219
762367698,111416652
762367698,16451028
762367698,17163446
762367698,214125777
762367698,14808226
762367698,24150634
762367698,21517010
762367698,243203704
762367698,1498841328
762367698,1400804851
762367698,507688852
762367698,14746456
762367698,17173144
762367698,19003991
762367698,56392389
762367698,93687642
762367698,21223877
762367698,27054706
762367698,19590009
762367698,19712523
762367698,948552829
762367698,65322179
762367698,291792721
762367698,1259888714
762367698,1587404557
762367698,1221643736
762367698,161243998
762367698,1097836022
762367698,1114731362
762367698,30360274
762367698,42871387
762367698,63136550
762367698,712573434
762367698,47585054
762367698,377976301
762367698,358134245
762367698,53347647
762367698,21182676
762367698,460966881
762367698,529247064
762367698,53879771
762367698,123109597
762367698,218812123
762367698,32359921
762367698,481964948
762367698,708880207
762367698,1203857112
762367698,262872637
762367698,49571224
762367698,279978299
762367698,18135386
762367698,246002192
762367698,270575053
762367698,301336546
762367698,273875883
762367698,115102341
762367698,55797987
762367698,239818784
762367698,29770185
762367698,255240646
762367698,34713362
762367698,205693091
762367698,254446382
762367698,145956794
762367698,873777758
762367698,39793149
762367698,771383605
762367698,372182708
762367698,21332200
762367698,7996082
762367698,155520880
762367698,348554765
762367698,233978509
762367698,47999622
762367698,38498866
762367698,87818409
762367698,37883630
762367698,88275967
762367698,116729780
762367698,20840441
762367698,205315827
762367698,83167966
762367698,83466368
762367698,50344099
762367698,239767060
762367698,24744541
762367698,25390350
762367698,178295677
762367698,5988062
762367698,17487476
762367698,141137711
762367698,257415817
762367698,141158796
762367698,34376087
762367698,109241118
762367698,22481098
762367698,188736341
762367698,376819013
762367698,300868924
762367698,59394443
762367698,198618575
762367698,28114871
762367698,87460291
762367698,91623867
762367698,217616314
762367698,304876789
762367698,187460404
762367698,201201906
762367698,17675072
762367698,199196447
762367698,177179008
762367698,150677740
762367698,281290006
762367698,22904901
762367698,40872043
