771383605,68577507
771383605,4540348515
771383605,2927205058
771383605,4216760609
771383605,2994469282
771383605,278236303
771383605,151859708
771383605,1850950010
771383605,566282431
771383605,483930658
771383605,116502194
771383605,133663801
771383605,44743638
771383605,42834497
771383605,74097978
771383605,2638514444
771383605,20963426
771383605,432402655
771383605,904525903
771383605,45228286
771383605,2566535282
771383605,1630896181
771383605,3758934681
771383605,2916305152
771383605,498086098
771383605,398042440
771383605,20982910
771383605,33652569
771383605,21444977
771383605,20808463
771383605,192993369
771383605,1088593087
771383605,2162942852
771383605,2315649930
771383605,462229611
771383605,386630251
771383605,26034107
771383605,18947956
771383605,467625483
771383605,3422617395
771383605,561262389
771383605,240781805
771383605,20532031
771383605,107158972
771383605,188368109
771383605,15738333
771383605,2322621531
771383605,3302676351
771383605,269725567
771383605,362867655
771383605,1484818213
771383605,1408023727
771383605,146023495
771383605,1388347130
771383605,3376281958
771383605,3216372560
771383605,109663725
771383605,2417644800
771383605,1845235014
771383605,1919379564
771383605,379897496
771383605,365595273
771383605,1909144490
771383605,519823787
771383605,1963312058
771383605,449033066
771383605,1702089595
771383605,14361155
771383605,1008392934
771383605,353773606
771383605,15699468
771383605,2304502004
771383605,1567041686
771383605,24462311
771383605,116799581
771383605,206717989
771383605,23125257
771383605,34006192
771383605,56891751
771383605,394060363
771383605,25387183
771383605,453030125
771383605,1994321
771383605,3395514262
771383605,24506246
771383605,29442313
771383605,36670025
771383605,24150634
771383605,217422465
771383605,1536791610
771383605,3381815621
771383605,135116718
771383605,1675462130
771383605,21495291
771383605,66445462
771383605,84641456
771383605,2613775830
771383605,98916038
771383605,962085350
771383605,18873086
771383605,1513377937
771383605,2870395216
771383605,3074707636
771383605,322933929
771383605,2903715045
771383605,1754641
771383605,38395124
771383605,1662057727
771383605,338985020
771383605,42371615
771383605,2470710932
771383605,103152299
771383605,7864222
771383605,2977900810
771383605,334777310
771383605,17820947
771383605,242704372
771383605,2292454922
771383605,1960825746
771383605,927290354
771383605,3138341447
771383605,143554500
771383605,1346431014
771383605,102918775
771383605,2546541288
771383605,299878326
771383605,413413847
771383605,405448242
771383605,1968654061
771383605,1117283898
771383605,41322616
771383605,789417542
771383605,2207302106
771383605,175029793
771383605,19883315
771383605,601811574
771383605,24027261
771383605,1209658122
771383605,2458400641
771383605,2373681362
771383605,540003970
771383605,291850386
771383605,3241703711
771383605,1658352697
771383605,576094228
771383605,2525135522
771383605,87709612
771383605,389451270
771383605,1406407410
771383605,36918513
771383605,232091816
771383605,1040088108
771383605,2230258634
771383605,97379585
771383605,518933904
771383605,3258425855
771383605,1063589060
771383605,3044738957
771383605,41203507
771383605,2969760609
771383605,19976004
771383605,3217270461
771383605,550010708
771383605,164905103
771383605,236914581
771383605,2190755568
771383605,286726803
771383605,2182412918
771383605,3089942530
771383605,1586266080
771383605,1368850908
771383605,2354657938
771383605,151896622
771383605,915888678
771383605,895234316
771383605,246196874
771383605,409532041
771383605,362557435
771383605,131935861
771383605,2925782170
771383605,118680576
771383605,39219494
771383605,2645325126
771383605,403291015
771383605,18814998
771383605,2217620251
771383605,101830370
771383605,19697415
771383605,1260213817
771383605,91180720
771383605,16129920
771383605,78298637
771383605,41387380
771383605,2279751087
771383605,2164968990
771383605,44139807
771383605,187965811
771383605,965741665
771383605,331893639
771383605,28350927
771383605,400053935
771383605,131574396
771383605,15944663
771383605,1511661055
771383605,253001161
771383605,906348974
771383605,1013400612
771383605,68740712
771383605,25333609
771383605,492332909
771383605,869894239
771383605,16020435
771383605,19650966
771383605,1347250338
771383605,18754412
771383605,2317405230
771383605,1463193979
771383605,869463852
771383605,1179521676
771383605,2180126766
771383605,2653758829
771383605,1951594375
771383605,2825993232
771383605,2796601847
771383605,2421073909
771383605,394780896
771383605,26371786
771383605,1690412382
771383605,771943484
771383605,256915450
771383605,35225144
771383605,164304654
771383605,1657858298
771383605,2317100748
771383605,108882861
771383605,250104400
771383605,1240886010
771383605,51063046
771383605,11392672
771383605,2478758987
771383605,44449830
771383605,181158314
771383605,14460250
771383605,58711646
771383605,18647723
771383605,109523018
771383605,1313814055
771383605,166933685
771383605,2550479695
771383605,20164477
771383605,1889832038
771383605,216238289
771383605,385012842
771383605,1669742658
771383605,18248948
771383605,2526916549
771383605,608167078
771383605,29769998
771383605,19458818
771383605,2229626174
771383605,97268285
771383605,61037301
771383605,1480749782
771383605,244428162
771383605,169426475
771383605,19415798
771383605,25150711
771383605,2197487762
771383605,949341888
771383605,217758017
771383605,297100174
771383605,15007149
771383605,25067168
771383605,972651
771383605,1115348904
771383605,1252764865
771383605,2287333962
771383605,579747564
771383605,19816529
771383605,1379066754
771383605,2288308578
771383605,36988709
771383605,957320341
771383605,2291021101
771383605,2291047418
771383605,990802033
771383605,14434011
771383605,1097836022
771383605,189868631
771383605,1731731006
771383605,1227104120
771383605,29434532
771383605,20061328
771383605,908817920
771383605,1151631841
771383605,484962664
771383605,825369480
771383605,34098602
771383605,1338625207
771383605,110237893
771383605,174174847
771383605,88441571
771383605,339485716
771383605,54827986
771383605,19972531
771383605,271080643
771383605,843161984
771383605,45909386
771383605,18052508
771383605,316994994
771383605,1307120064
771383605,2180371
771383605,47633485
771383605,65926008
771383605,576063229
771383605,1668991502
771383605,424583710
771383605,421024992
771383605,567289542
771383605,1245115134
771383605,24705126
771383605,24136198
771383605,14460241
771383605,299223658
771383605,86024252
771383605,67883839
771383605,503646566
771383605,114848451
771383605,16076032
771383605,2836421
771383605,1604250985
771383605,373909564
771383605,1113993006
771383605,946745624
771383605,380226093
771383605,465403556
771383605,524236790
771383605,531328950
771383605,21739343
771383605,1510718353
771383605,1334595600
771383605,36349838
771383605,16012783
771383605,1339835893
771383605,51127807
771383605,500704345
771383605,69231187
771383605,16664681
771383605,111416652
771383605,42626527
771383605,59736898
771383605,15012486
771383605,38630618
771383605,23341062
771383605,17469492
771383605,18424289
771383605,1499080250
771383605,291792721
771383605,92645010
771383605,71031904
771383605,8445422
771383605,322817239
771383605,1465367582
771383605,19781646
771383605,49938056
771383605,778057
771383605,339180880
771383605,14817822
771383605,1615463502
771383605,36029441
771383605,48144950
771383605,47813521
771383605,94701778
771383605,1689316512
771383605,425114052
771383605,14465640
771383605,1279104542
771383605,1674277502
771383605,460252310
771383605,22528668
771383605,26281917
771383605,236347294
771383605,288411509
771383605,62378166
771383605,70914570
771383605,114967719
771383605,152272088
771383605,154559206
771383605,158679118
771383605,174700333
771383605,185258222
771383605,224630490
771383605,255834181
771383605,270960270
771383605,314496527
771383605,475630454
771383605,707350597
771383605,976538473
771383605,988518714
771383605,1502429862
771383605,1058408514
771383605,1227578250
771383605,1203857112
771383605,1227160704
771383605,1615685677
771383605,277495114
771383605,25735272
771383605,1404590618
771383605,407002473
771383605,144830278
771383605,255888435
771383605,226105137
771383605,257886675
771383605,346625314
771383605,27284203
771383605,11488362
771383605,962012749
771383605,15279429
771383605,42953038
771383605,69761144
771383605,18526305
771383605,18055408
771383605,426709046
771383605,16334857
771383605,15164565
771383605,156651229
771383605,759251
771383605,9245812
771383605,807095
771383605,11014272
771383605,5392522
771383605,742143
771383605,11178902
771383605,20610385
771383605,15224867
771383605,19231330
771383605,47399805
771383605,184889577
771383605,1485429175
771383605,56361385
771383605,32323724
771383605,37771946
771383605,485027222
771383605,190620798
771383605,1289964152
771383605,2834511
771383605,47259873
771383605,20058825
771383605,1513718124
771383605,84344194
771383605,65375759
771383605,15764644
771383605,142230413
771383605,113583713
771383605,1008783588
771383605,634496564
771383605,59486068
771383605,15973392
771383605,205689342
771383605,18681875
771383605,17404871
771383605,612473
771383605,19545414
771383605,376920145
771383605,43317553
771383605,25098482
771383605,20840441
771383605,25535042
771383605,125071209
771383605,258790331
771383605,17672825
771383605,180540061
771383605,62442994
771383605,150351417
771383605,86279597
771383605,1400804851
771383605,17965523
771383605,50393960
771383605,817643168
771383605,1036575026
771383605,124506375
771383605,1409845904
771383605,14700316
771383605,1382404544
771383605,17173144
771383605,21905142
771383605,11819792
771383605,183622298
771383605,14389177
771383605,392741474
771383605,409486555
771383605,16303106
771383605,290263087
771383605,52000483
771383605,23640660
771383605,22874178
771383605,327577091
771383605,89431845
771383605,1028947710
771383605,322625490
771383605,1330457336
771383605,28565356
771383605,104248562
771383605,17839398
771383605,395388847
771383605,15446531
771383605,587860632
771383605,507688852
771383605,213326209
771383605,424864575
771383605,29422232
771383605,14704278
771383605,241709263
771383605,12529992
771383605,250038860
771383605,23361712
771383605,105103721
771383605,19600252
771383605,94628304
771383605,271028583
771383605,102773210
771383605,1299229693
771383605,450128202
771383605,927783252
771383605,1060578475
771383605,335367804
771383605,153550209
771383605,96221302
771383605,917228694
771383605,298079688
771383605,47495234
771383605,285685208
771383605,41192995
771383605,970207298
771383605,139661393
771383605,238864972
771383605,59394443
771383605,36048614
771383605,30313925
771383605,2884771
771383605,201201906
771383605,39836631
771383605,150970628
771383605,45851277
771383605,143367954
771383605,232181626
771383605,1305698738
771383605,21100803
771383605,21417835
771383605,296253874
771383605,9300262
771383605,34713362
771383605,29214466
771383605,1292292907
771383605,36329597
771383605,60783724
771383605,247206957
771383605,57268394
771383605,637299487
771383605,16400258
771383605,17922403
771383605,128874159
771383605,60917604
771383605,69023503
771383605,22007357
771383605,334172166
771383605,8976052
771383605,14559090
771383605,50287595
771383605,73760208
771383605,44411598
771383605,24744541
771383605,53347647
771383605,17159484
771383605,19392223
771383605,41814169
771383605,94529866
771383605,300868924
771383605,31217223
771383605,561995743
771383605,61731614
771383605,65466158
771383605,101002059
771383605,21707734
771383605,14993191
771383605,7109022
771383605,8699742
771383605,14321959
771383605,16833653
771383605,14856333
771383605,1117046706
771383605,19003991
771383605,21114659
771383605,17133897
771383605,260654380
771383605,25999072
771383605,11862072
771383605,138717046
771383605,39349216
771383605,15410226
771383605,17487476
771383605,83466368
771383605,57307683
771383605,71770867
771383605,39793149
771383605,40872043
771383605,221471703
771383605,815824752
771383605,13393052
771383605,606349480
771383605,397981715
771383605,34985699
771383605,607946179
771383605,894435367
771383605,252625352
771383605,948552829
771383605,823905
771383605,188063559
771383605,30360274
771383605,469280888
771383605,479587052
771383605,268357486
771383605,546717616
771383605,60916506
771383605,128308837
771383605,18650093
771383605,17514954
771383605,117029568
771383605,815107976
771383605,24209585
771383605,819843415
771383605,21182676
771383605,8665852
771383605,22780877
771383605,34705879
771383605,214125777
771383605,892996471
771383605,1183325918
771383605,16153562
771383605,26380701
771383605,1035733987
771383605,249572808
771383605,18677570
771383605,40044515
771383605,460065842
771383605,341398199
771383605,829093568
771383605,379409362
771383605,900231078
771383605,582076945
771383605,1169609095
771383605,1114731362
771383605,107138104
771383605,56356860
771383605,151106990
771383605,46671396
771383605,1071777608
771383605,68440549
771383605,43914724
771383605,148529707
771383605,360857182
771383605,87645208
771383605,21563842
771383605,122448174
771383605,18016160
771383605,21001033
771383605,81817246
771383605,329616758
771383605,284544501
771383605,323954578
771383605,505748969
771383605,22361996
771383605,55355654
771383605,239862568
771383605,757303975
771383605,50354243
771383605,24444965
771383605,522108784
771383605,856010760
771383605,273109835
771383605,17086475
771383605,16668834
771383605,1142859176
771383605,19435245
771383605,108352527
771383605,220009727
771383605,167399649
771383605,148281934
771383605,20380673
771383605,14395119
771383605,198538431
771383605,69231483
771383605,121183700
771383605,254446382
771383605,22812734
771383605,216299334
771383605,140838527
771383605,38410436
771383605,188006067
771383605,21332200
771383605,144238332
771383605,32493647
771383605,90379972
771383605,234510237
771383605,18071520
771383605,17715048
771383605,91099960
771383605,124139163
771383605,254619863
771383605,161180757
771383605,9624742
771383605,616472602
771383605,155062488
771383605,905717060
771383605,856587308
771383605,151395664
771383605,857798702
771383605,80024060
771383605,14207824
771383605,377008435
771383605,230849793
771383605,281290006
771383605,249180181
771383605,19033555
771383605,19314186
771383605,268208070
771383605,27335898
771383605,138760970
771383605,19184818
771383605,606776750
771383605,300875329
771383605,244655353
771383605,50300579
771383605,399426344
771383605,36626651
771383605,61375366
771383605,19674502
771383605,18000022
771383605,14808226
771383605,241252324
771383605,53149244
771383605,14085040
771383605,18798877
771383605,8978952
771383605,84128595
771383605,75896448
771383605,93618872
771383605,18634051
771383605,47387039
771383605,65437320
771383605,19083439
771383605,32129142
771383605,51112072
771383605,6361512
771383605,27073265
771383605,76987535
771383605,564673621
771383605,180056254
771383605,253004443
771383605,38829617
771383605,17980026
771383605,16632149
771383605,23694165
771383605,115102341
771383605,82068157
771383605,15683146
771383605,410070653
771383605,18186509
771383605,460005853
771383605,17063215
771383605,159950527
771383605,17101388
771383605,1877831
771383605,413181725
771383605,305533416
771383605,23956528
771383605,880192789
771383605,421794008
771383605,36293076
771383605,74423205
771383605,889461709
771383605,8628562
771383605,232855418
771383605,53879771
771383605,19111618
771383605,48390963
771383605,3310571
771383605,62793130
771383605,289867842
771383605,218812123
771383605,279642533
771383605,298360697
771383605,17220934
771383605,22627258
771383605,266084123
771383605,29180679
771383605,126681958
771383605,30331417
771383605,16708655
771383605,19136302
771383605,66460911
771383605,967900364
771383605,18803740
771383605,619847297
771383605,19875072
771383605,16838962
771383605,784790730
771383605,28114871
771383605,54015652
771383605,24399244
771383605,19024850
771383605,92969084
771383605,19763877
771383605,361501426
771383605,18267544
771383605,304287573
771383605,485975606
771383605,14511951
771383605,98220617
771383605,33235771
771383605,595337603
771383605,83567424
771383605,20475285
771383605,613364362
771383605,108934003
771383605,237850491
771383605,121171958
771383605,326122160
771383605,87818409
771383605,22759754
771383605,19224439
771383605,112678769
771383605,20560841
771383605,141137711
771383605,204816763
771383605,986878273
771383605,152311372
771383605,412303032
771383605,41243579
771383605,51831438
771383605,16664803
771383605,103275252
771383605,41795707
771383605,26792275
771383605,157981564
771383605,25984418
771383605,47157535
771383605,18138592
771383605,203043223
771383605,439463212
771383605,522109981
771383605,124690469
771383605,376833194
771383605,45577446
771383605,80532808
771383605,350958562
771383605,793603441
771383605,461919971
771383605,17884125
771383605,14333754
771383605,17152053
771383605,300744871
771383605,69181624
771383605,104926424
771383605,421965011
771383605,21101201
771383605,18761347
771383605,719705252
771383605,66705846
771383605,156603612
771383605,23827692
771383605,817133173
771383605,6134882
771383605,217616314
771383605,472079320
771383605,17637572
771383605,33154963
771383605,38823427
771383605,109278136
771383605,188736341
771383605,381021987
771383605,575160556
771383605,462747348
771383605,177179008
771383605,27054706
771383605,510499013
771383605,494830380
771383605,116729780
771383605,108631068
771383605,208590571
771383605,258269139
771383605,358134245
771383605,167328296
771383605,242798113
771383605,54493347
771383605,21223877
771383605,22481098
771383605,154174463
771383605,123109597
771383605,460966881
771383605,198618575
771383605,199196447
771383605,239767060
771383605,132577455
771383605,48994998
771383605,19590009
771383605,45542386
771383605,22933218
771383605,23185115
771383605,21005575
771383605,87460291
771383605,21287509
771383605,18600155
771383605,405123394
771383605,15030767
771383605,454843106
771383605,14275129
771383605,8884772
771383605,15615035
771383605,17624959
771383605,18730195
771383605,19205809
771383605,15951863
771383605,21648020
771383605,70235774
771383605,266712846
771383605,21856254
771383605,40871073
771383605,18721034
771383605,101718105
771383605,121176422
771383605,17169390
771383605,317650146
771383605,80669530
771383605,196498971
771383605,63799947
771383605,17990493
771383605,61536390
771383605,20712514
771383605,18949452
771383605,63136550
771383605,14270254
771383605,18286001
771383605,196994616
771383605,579815204
771383605,19910996
771383605,19264748
771383605,12497362
771383605,20511502
771383605,71560422
771383605,26017256
771383605,22167237
771383605,16631693
771383605,14946308
771383605,22820759
771383605,49195175
771383605,3108351
771383605,19247625
771383605,14903044
771383605,2043041
771383605,158414847
771383605,177736182
771383605,20562637
771383605,407347022
771383605,65322179
771383605,14677919
771383605,15391813
771383605,23780232
771383605,18948060
771383605,19391470
771383605,35779304
771383605,18764854
771383605,20740074
771383605,22941152
771383605,150677740
771383605,16632219
771383605,21817509
771383605,20627896
771383605,17413907
771383605,14159148
771383605,16589206
771383605,1652541
771383605,21066857
771383605,70349639
771383605,465664141
771383605,244521234
771383605,11587032
771383605,20667204
771383605,365088244
771383605,34076997
771383605,2467791
771383605,19287037
771383605,259348780
771383605,499811217
771383605,177187590
771383605,280937313
771383605,218834154
771383605,19075873
771383605,21642787
771383605,14208199
771383605,19889294
771383605,19689047
771383605,19883755
771383605,19863224
771383605,17623816
771383605,18803751
771383605,182721799
771383605,404071799
771383605,59157393
771383605,25531164
771383605,38689870
771383605,19349699
771383605,42586014
771383605,31237480
771383605,19019970
771383605,21424725
771383605,18741912
771383605,259323371
771383605,19713622
771383605,20809515
771383605,126118232
771383605,21357208
771383605,21195865
771383605,25059963
771383605,22384691
771383605,21783395
771383605,34423857
771383605,22904901
771383605,20583613
771383605,8665572
771383605,17624543
771383605,23263743
771383605,3373791
771383605,19405367
771383605,21510894
771383605,4898091
771383605,17693232
771383605,16171953
771383605,17311493
771383605,18758902
771383605,19292033
771383605,18717426
771383605,19265059
771383605,19024453
771383605,17163446
771383605,14758257
771383605,21492030
771383605,7996082
771383605,6017542
771383605,51241574
771383605,14293310
771383605,21112266
771383605,19686295
771383605,523471831
771383605,19564284
771383605,105898722
771383605,19472578
771383605,17137628
771383605,5402612
771383605,22425307
771383605,428333
771383605,5988062
771383605,788524
771383605,15005991
771383605,3943871
771383605,18135386
771383605,16569045
771383605,20064101
771383605,26276346
771383605,16854780
771383605,15392221
771383605,25657017
771383605,123754656
771383605,19541556
771383605,19394188
771383605,30035057
771383605,176015078
771383605,94081671
771383605,492288571
771383605,24241544
771383605,21138477
771383605,30041546
771383605,23585685
771383605,122994639
771383605,376775023
771383605,36731269
771383605,19304969
771383605,590152667
771383605,376819013
771383605,14746456
771383605,20884910
771383605,18678493
771383605,20781929
771383605,84558700
771383605,2561091
771383605,17006157
771383605,12609292
771383605,43317911
771383605,164385217
771383605,80803819
771383605,12588712
771383605,59490293
771383605,304909941
771383605,289420613
771383605,316901024
771383605,59557446
771383605,21982720
771383605,21111483
771383605,17675072
771383605,300772477
771383605,18549724
771383605,92772674
771383605,40885302
771383605,29707536
771383605,180415006
771383605,213575483
771383605,43901270
771383605,19247114
771383605,19186180
771383605,20233557
771383605,50899467
771383605,21394147
771383605,19921389
771383605,19488569
771383605,16451028
771383605,17004618
771383605,531225089
771383605,813286
771383605,3483917657
771383605,68577507
771383605,4540348515
771383605,2927205058
771383605,4216760609
771383605,2994469282
771383605,278236303
771383605,151859708
771383605,1850950010
771383605,566282431
771383605,483930658
771383605,116502194
771383605,133663801
771383605,44743638
771383605,42834497
771383605,74097978
771383605,2638514444
771383605,20963426
771383605,432402655
771383605,904525903
771383605,45228286
771383605,2566535282
771383605,1630896181
771383605,3758934681
771383605,2916305152
771383605,498086098
771383605,398042440
771383605,20982910
771383605,33652569
771383605,21444977
771383605,20808463
771383605,192993369
771383605,1088593087
771383605,2162942852
771383605,2315649930
771383605,462229611
771383605,386630251
771383605,26034107
771383605,18947956
771383605,467625483
771383605,3422617395
771383605,561262389
771383605,240781805
771383605,20532031
771383605,107158972
771383605,188368109
771383605,15738333
771383605,2322621531
771383605,3302676351
771383605,269725567
771383605,362867655
771383605,1484818213
771383605,1408023727
771383605,146023495
771383605,1388347130
771383605,3376281958
771383605,3216372560
771383605,109663725
771383605,2417644800
771383605,1845235014
771383605,1919379564
771383605,379897496
771383605,365595273
771383605,1909144490
771383605,519823787
771383605,1963312058
771383605,449033066
771383605,1702089595
771383605,14361155
771383605,1008392934
771383605,353773606
771383605,15699468
771383605,2304502004
771383605,1567041686
771383605,24462311
771383605,116799581
771383605,206717989
771383605,23125257
771383605,34006192
771383605,56891751
771383605,394060363
771383605,25387183
771383605,453030125
771383605,1994321
771383605,3395514262
771383605,24506246
771383605,29442313
771383605,36670025
771383605,24150634
771383605,217422465
771383605,1536791610
771383605,3381815621
771383605,135116718
771383605,1675462130
771383605,21495291
771383605,66445462
771383605,84641456
771383605,2613775830
771383605,98916038
771383605,962085350
771383605,18873086
771383605,1513377937
771383605,2870395216
771383605,3074707636
771383605,322933929
771383605,2903715045
771383605,1754641
771383605,38395124
771383605,1662057727
771383605,338985020
771383605,42371615
771383605,2470710932
771383605,103152299
771383605,7864222
771383605,2977900810
771383605,334777310
771383605,17820947
771383605,242704372
771383605,2292454922
771383605,1960825746
771383605,927290354
771383605,3138341447
771383605,143554500
771383605,1346431014
771383605,102918775
771383605,2546541288
771383605,299878326
771383605,413413847
771383605,405448242
771383605,1968654061
771383605,1117283898
771383605,41322616
771383605,789417542
771383605,2207302106
771383605,175029793
771383605,19883315
771383605,601811574
771383605,24027261
771383605,1209658122
771383605,2458400641
771383605,2373681362
771383605,540003970
771383605,291850386
771383605,3241703711
771383605,1658352697
771383605,576094228
771383605,2525135522
771383605,87709612
771383605,389451270
771383605,1406407410
771383605,36918513
771383605,232091816
771383605,1040088108
771383605,2230258634
771383605,97379585
771383605,518933904
771383605,3258425855
771383605,1063589060
771383605,3044738957
771383605,41203507
771383605,2969760609
771383605,19976004
771383605,3217270461
771383605,550010708
771383605,164905103
771383605,236914581
771383605,2190755568
771383605,286726803
771383605,2182412918
771383605,3089942530
771383605,1586266080
771383605,1368850908
771383605,2354657938
771383605,151896622
771383605,915888678
771383605,895234316
771383605,246196874
771383605,409532041
771383605,362557435
771383605,131935861
771383605,2925782170
771383605,118680576
771383605,39219494
771383605,2645325126
771383605,403291015
771383605,18814998
771383605,2217620251
771383605,101830370
771383605,19697415
771383605,1260213817
771383605,91180720
771383605,16129920
771383605,78298637
771383605,41387380
771383605,2279751087
771383605,2164968990
771383605,44139807
771383605,187965811
771383605,965741665
771383605,331893639
771383605,28350927
771383605,400053935
771383605,131574396
771383605,15944663
771383605,1511661055
771383605,253001161
771383605,906348974
771383605,1013400612
771383605,68740712
771383605,25333609
771383605,492332909
771383605,869894239
771383605,16020435
771383605,19650966
771383605,1347250338
771383605,18754412
771383605,2317405230
771383605,1463193979
771383605,869463852
771383605,1179521676
771383605,2180126766
771383605,2653758829
771383605,1951594375
771383605,2825993232
771383605,2796601847
771383605,2421073909
771383605,394780896
771383605,26371786
771383605,1690412382
771383605,771943484
771383605,256915450
771383605,35225144
771383605,164304654
771383605,1657858298
771383605,2317100748
771383605,108882861
771383605,250104400
771383605,1240886010
771383605,51063046
771383605,11392672
771383605,2478758987
771383605,44449830
771383605,181158314
771383605,14460250
771383605,58711646
771383605,18647723
771383605,109523018
771383605,1313814055
771383605,166933685
771383605,2550479695
771383605,20164477
771383605,1889832038
771383605,216238289
771383605,385012842
771383605,1669742658
771383605,18248948
771383605,2526916549
771383605,608167078
771383605,29769998
771383605,19458818
771383605,2229626174
771383605,97268285
771383605,61037301
771383605,1480749782
771383605,244428162
771383605,169426475
771383605,19415798
771383605,25150711
771383605,2197487762
771383605,949341888
771383605,217758017
771383605,297100174
771383605,15007149
771383605,25067168
771383605,972651
771383605,1115348904
771383605,1252764865
771383605,2287333962
771383605,579747564
771383605,19816529
771383605,1379066754
771383605,2288308578
771383605,36988709
771383605,957320341
771383605,2291021101
771383605,2291047418
771383605,990802033
771383605,14434011
771383605,1097836022
771383605,189868631
771383605,1731731006
771383605,1227104120
771383605,29434532
771383605,20061328
771383605,908817920
771383605,1151631841
771383605,484962664
771383605,825369480
771383605,34098602
771383605,1338625207
771383605,110237893
771383605,174174847
771383605,88441571
771383605,339485716
771383605,54827986
771383605,19972531
771383605,271080643
771383605,843161984
771383605,45909386
771383605,18052508
771383605,316994994
771383605,1307120064
771383605,2180371
771383605,47633485
771383605,65926008
771383605,576063229
771383605,1668991502
771383605,424583710
771383605,421024992
771383605,567289542
771383605,1245115134
771383605,24705126
771383605,24136198
771383605,14460241
771383605,299223658
771383605,86024252
771383605,67883839
771383605,503646566
771383605,114848451
771383605,16076032
771383605,2836421
771383605,1604250985
771383605,373909564
771383605,1113993006
771383605,946745624
771383605,380226093
771383605,465403556
771383605,524236790
771383605,531328950
771383605,21739343
771383605,1510718353
771383605,1334595600
771383605,36349838
771383605,16012783
771383605,1339835893
771383605,51127807
771383605,500704345
771383605,69231187
771383605,16664681
771383605,111416652
771383605,42626527
771383605,59736898
771383605,15012486
771383605,38630618
771383605,23341062
771383605,17469492
771383605,18424289
771383605,1499080250
771383605,291792721
771383605,92645010
771383605,71031904
771383605,8445422
771383605,322817239
771383605,1465367582
771383605,19781646
771383605,49938056
771383605,778057
771383605,339180880
771383605,14817822
771383605,1615463502
771383605,36029441
771383605,48144950
771383605,47813521
771383605,94701778
771383605,1689316512
771383605,425114052
771383605,14465640
771383605,1279104542
771383605,1674277502
771383605,460252310
771383605,22528668
771383605,26281917
771383605,236347294
771383605,288411509
771383605,62378166
771383605,70914570
771383605,114967719
771383605,152272088
771383605,154559206
771383605,158679118
771383605,174700333
771383605,185258222
771383605,224630490
771383605,255834181
771383605,270960270
771383605,314496527
771383605,475630454
771383605,707350597
771383605,976538473
771383605,988518714
771383605,1502429862
771383605,1058408514
771383605,1227578250
771383605,1203857112
771383605,1227160704
771383605,1615685677
771383605,277495114
771383605,25735272
771383605,1404590618
771383605,407002473
771383605,144830278
771383605,255888435
771383605,226105137
771383605,257886675
771383605,346625314
771383605,27284203
771383605,11488362
771383605,962012749
771383605,15279429
771383605,42953038
771383605,69761144
771383605,18526305
771383605,18055408
771383605,426709046
771383605,16334857
771383605,15164565
771383605,156651229
771383605,759251
771383605,9245812
771383605,807095
771383605,11014272
771383605,5392522
771383605,742143
771383605,11178902
771383605,20610385
771383605,15224867
771383605,19231330
771383605,47399805
771383605,184889577
771383605,1485429175
771383605,56361385
771383605,32323724
771383605,37771946
771383605,485027222
771383605,190620798
771383605,1289964152
771383605,2834511
771383605,47259873
771383605,20058825
771383605,1513718124
771383605,84344194
771383605,65375759
771383605,15764644
771383605,142230413
771383605,113583713
771383605,1008783588
771383605,634496564
771383605,59486068
771383605,15973392
771383605,205689342
771383605,18681875
771383605,17404871
771383605,612473
771383605,19545414
771383605,376920145
771383605,43317553
771383605,25098482
771383605,20840441
771383605,25535042
771383605,125071209
771383605,258790331
771383605,17672825
771383605,180540061
771383605,62442994
771383605,150351417
771383605,86279597
771383605,1400804851
771383605,17965523
771383605,50393960
771383605,817643168
771383605,1036575026
771383605,124506375
771383605,1409845904
771383605,14700316
771383605,1382404544
771383605,17173144
771383605,21905142
771383605,11819792
771383605,183622298
771383605,14389177
771383605,392741474
771383605,409486555
771383605,16303106
771383605,290263087
771383605,52000483
771383605,23640660
771383605,22874178
771383605,327577091
771383605,89431845
771383605,1028947710
771383605,322625490
771383605,1330457336
771383605,28565356
771383605,104248562
771383605,17839398
771383605,395388847
771383605,15446531
771383605,587860632
771383605,507688852
771383605,213326209
771383605,424864575
771383605,29422232
771383605,14704278
771383605,241709263
771383605,12529992
771383605,250038860
771383605,23361712
771383605,105103721
771383605,19600252
771383605,94628304
771383605,271028583
771383605,102773210
771383605,1299229693
771383605,450128202
771383605,927783252
771383605,1060578475
771383605,335367804
771383605,153550209
771383605,96221302
771383605,917228694
771383605,298079688
771383605,47495234
771383605,285685208
771383605,41192995
771383605,970207298
771383605,139661393
771383605,238864972
771383605,59394443
771383605,36048614
771383605,30313925
771383605,2884771
771383605,201201906
771383605,39836631
771383605,150970628
771383605,45851277
771383605,143367954
771383605,232181626
771383605,1305698738
771383605,21100803
771383605,21417835
771383605,296253874
771383605,9300262
771383605,34713362
771383605,29214466
771383605,1292292907
771383605,36329597
771383605,60783724
771383605,247206957
771383605,57268394
771383605,637299487
771383605,16400258
771383605,17922403
771383605,128874159
771383605,60917604
771383605,69023503
771383605,22007357
771383605,334172166
771383605,8976052
771383605,14559090
771383605,50287595
771383605,73760208
771383605,44411598
771383605,24744541
771383605,53347647
771383605,17159484
771383605,19392223
771383605,41814169
771383605,94529866
771383605,300868924
771383605,31217223
771383605,561995743
771383605,61731614
771383605,65466158
771383605,101002059
771383605,21707734
771383605,14993191
771383605,7109022
771383605,8699742
771383605,14321959
771383605,16833653
771383605,14856333
771383605,1117046706
771383605,19003991
771383605,21114659
771383605,17133897
771383605,260654380
771383605,25999072
771383605,11862072
771383605,138717046
771383605,39349216
771383605,15410226
771383605,17487476
771383605,83466368
771383605,57307683
771383605,71770867
771383605,39793149
771383605,40872043
771383605,221471703
771383605,815824752
771383605,13393052
771383605,606349480
771383605,397981715
771383605,34985699
771383605,607946179
771383605,894435367
771383605,252625352
771383605,948552829
771383605,823905
771383605,188063559
771383605,30360274
771383605,469280888
771383605,479587052
771383605,268357486
771383605,546717616
771383605,60916506
771383605,128308837
771383605,18650093
771383605,17514954
771383605,117029568
771383605,815107976
771383605,24209585
771383605,819843415
771383605,21182676
771383605,8665852
771383605,22780877
771383605,34705879
771383605,214125777
771383605,892996471
771383605,1183325918
771383605,16153562
771383605,26380701
771383605,1035733987
771383605,249572808
771383605,18677570
771383605,40044515
771383605,460065842
771383605,341398199
771383605,829093568
771383605,379409362
771383605,900231078
771383605,582076945
771383605,1169609095
771383605,1114731362
771383605,107138104
771383605,56356860
771383605,151106990
771383605,46671396
771383605,1071777608
771383605,68440549
771383605,43914724
771383605,148529707
771383605,360857182
771383605,87645208
771383605,21563842
771383605,122448174
771383605,18016160
771383605,21001033
771383605,81817246
771383605,329616758
771383605,284544501
771383605,323954578
771383605,505748969
771383605,22361996
771383605,55355654
771383605,239862568
771383605,757303975
771383605,50354243
771383605,24444965
771383605,522108784
771383605,856010760
771383605,273109835
771383605,17086475
771383605,16668834
771383605,1142859176
771383605,19435245
771383605,108352527
771383605,220009727
771383605,167399649
771383605,148281934
771383605,20380673
771383605,14395119
771383605,198538431
771383605,69231483
771383605,121183700
771383605,254446382
771383605,22812734
771383605,216299334
771383605,140838527
771383605,38410436
771383605,188006067
771383605,21332200
771383605,144238332
771383605,32493647
771383605,90379972
771383605,234510237
771383605,18071520
771383605,17715048
771383605,91099960
771383605,124139163
771383605,254619863
771383605,161180757
771383605,9624742
771383605,616472602
771383605,155062488
771383605,905717060
771383605,856587308
771383605,151395664
771383605,857798702
771383605,80024060
771383605,14207824
771383605,377008435
771383605,230849793
771383605,281290006
771383605,249180181
771383605,19033555
771383605,19314186
771383605,268208070
771383605,27335898
771383605,138760970
771383605,19184818
771383605,606776750
771383605,300875329
771383605,244655353
771383605,50300579
771383605,399426344
771383605,36626651
771383605,61375366
771383605,19674502
771383605,18000022
771383605,14808226
771383605,241252324
771383605,53149244
771383605,14085040
771383605,18798877
771383605,8978952
771383605,84128595
771383605,75896448
771383605,93618872
771383605,18634051
771383605,47387039
771383605,65437320
771383605,19083439
771383605,32129142
771383605,51112072
771383605,6361512
771383605,27073265
771383605,76987535
771383605,564673621
771383605,180056254
771383605,253004443
771383605,38829617
771383605,17980026
771383605,16632149
771383605,23694165
771383605,115102341
771383605,82068157
771383605,15683146
771383605,410070653
771383605,18186509
771383605,460005853
771383605,17063215
771383605,159950527
771383605,17101388
771383605,1877831
771383605,413181725
771383605,305533416
771383605,23956528
771383605,880192789
771383605,421794008
771383605,36293076
771383605,74423205
771383605,889461709
771383605,8628562
771383605,232855418
771383605,53879771
771383605,19111618
771383605,48390963
771383605,3310571
771383605,62793130
771383605,289867842
771383605,218812123
771383605,279642533
771383605,298360697
771383605,17220934
771383605,22627258
771383605,266084123
771383605,29180679
771383605,126681958
771383605,30331417
771383605,16708655
771383605,19136302
771383605,66460911
771383605,967900364
771383605,18803740
771383605,619847297
771383605,19875072
771383605,16838962
771383605,784790730
771383605,28114871
771383605,54015652
771383605,24399244
771383605,19024850
771383605,92969084
771383605,19763877
771383605,361501426
771383605,18267544
771383605,304287573
771383605,485975606
771383605,14511951
771383605,98220617
771383605,33235771
771383605,595337603
771383605,83567424
771383605,20475285
771383605,613364362
771383605,108934003
771383605,237850491
771383605,121171958
771383605,326122160
771383605,87818409
771383605,22759754
771383605,19224439
771383605,112678769
771383605,20560841
771383605,141137711
771383605,204816763
771383605,986878273
771383605,152311372
771383605,412303032
771383605,41243579
771383605,51831438
771383605,16664803
771383605,103275252
771383605,41795707
771383605,26792275
771383605,157981564
771383605,25984418
771383605,47157535
771383605,18138592
771383605,203043223
771383605,439463212
771383605,522109981
771383605,124690469
771383605,376833194
771383605,45577446
771383605,80532808
771383605,350958562
771383605,793603441
771383605,461919971
771383605,17884125
771383605,14333754
771383605,17152053
771383605,300744871
771383605,69181624
771383605,104926424
771383605,421965011
771383605,21101201
771383605,18761347
771383605,719705252
771383605,66705846
771383605,156603612
771383605,23827692
771383605,817133173
771383605,6134882
771383605,217616314
771383605,472079320
771383605,17637572
771383605,33154963
771383605,38823427
771383605,109278136
771383605,188736341
771383605,381021987
771383605,575160556
771383605,462747348
771383605,177179008
771383605,27054706
771383605,510499013
771383605,494830380
771383605,116729780
771383605,108631068
771383605,208590571
771383605,258269139
771383605,358134245
771383605,167328296
771383605,242798113
771383605,54493347
771383605,21223877
771383605,22481098
771383605,154174463
771383605,123109597
771383605,460966881
771383605,198618575
771383605,199196447
771383605,239767060
771383605,132577455
771383605,48994998
771383605,19590009
771383605,45542386
771383605,22933218
771383605,23185115
771383605,21005575
771383605,87460291
771383605,21287509
771383605,18600155
771383605,405123394
771383605,15030767
771383605,454843106
771383605,14275129
771383605,8884772
771383605,15615035
771383605,17624959
771383605,18730195
771383605,19205809
771383605,15951863
771383605,21648020
771383605,70235774
771383605,266712846
771383605,21856254
771383605,40871073
771383605,18721034
771383605,101718105
771383605,121176422
771383605,17169390
771383605,317650146
771383605,80669530
771383605,196498971
771383605,63799947
771383605,17990493
771383605,61536390
771383605,20712514
771383605,18949452
771383605,63136550
771383605,14270254
771383605,18286001
771383605,196994616
771383605,579815204
771383605,19910996
771383605,19264748
771383605,12497362
771383605,20511502
771383605,71560422
771383605,26017256
771383605,22167237
771383605,16631693
771383605,14946308
771383605,22820759
771383605,49195175
771383605,3108351
771383605,19247625
771383605,14903044
771383605,2043041
771383605,158414847
771383605,177736182
771383605,20562637
771383605,407347022
771383605,65322179
771383605,14677919
771383605,15391813
771383605,23780232
771383605,18948060
771383605,19391470
771383605,35779304
771383605,18764854
771383605,20740074
771383605,22941152
771383605,150677740
771383605,16632219
771383605,21817509
771383605,20627896
771383605,17413907
771383605,14159148
771383605,16589206
771383605,1652541
771383605,21066857
771383605,70349639
771383605,465664141
771383605,244521234
771383605,11587032
771383605,20667204
771383605,365088244
771383605,34076997
771383605,2467791
771383605,19287037
771383605,259348780
771383605,499811217
771383605,177187590
771383605,280937313
771383605,218834154
771383605,19075873
771383605,21642787
771383605,14208199
771383605,19889294
771383605,19689047
771383605,19883755
771383605,19863224
771383605,17623816
771383605,18803751
771383605,182721799
771383605,404071799
771383605,59157393
771383605,25531164
771383605,38689870
771383605,19349699
771383605,42586014
771383605,31237480
771383605,19019970
771383605,21424725
771383605,18741912
771383605,259323371
771383605,19713622
771383605,20809515
771383605,126118232
771383605,21357208
771383605,21195865
771383605,25059963
771383605,22384691
771383605,21783395
771383605,34423857
771383605,22904901
771383605,20583613
771383605,8665572
771383605,17624543
771383605,23263743
771383605,3373791
771383605,19405367
771383605,21510894
771383605,4898091
771383605,17693232
771383605,16171953
771383605,17311493
771383605,18758902
771383605,19292033
771383605,18717426
771383605,19265059
771383605,19024453
771383605,17163446
771383605,14758257
771383605,21492030
771383605,7996082
771383605,6017542
771383605,51241574
771383605,14293310
771383605,21112266
771383605,19686295
771383605,523471831
771383605,19564284
771383605,105898722
771383605,19472578
771383605,17137628
771383605,5402612
771383605,22425307
771383605,428333
771383605,5988062
771383605,788524
771383605,15005991
771383605,3943871
771383605,18135386
771383605,16569045
771383605,20064101
771383605,26276346
771383605,16854780
771383605,15392221
771383605,25657017
771383605,123754656
771383605,19541556
771383605,19394188
771383605,30035057
771383605,176015078
771383605,94081671
771383605,492288571
771383605,24241544
771383605,21138477
771383605,30041546
771383605,23585685
771383605,122994639
771383605,376775023
771383605,36731269
771383605,19304969
771383605,590152667
771383605,376819013
771383605,14746456
771383605,20884910
771383605,18678493
771383605,20781929
771383605,84558700
771383605,2561091
771383605,17006157
771383605,12609292
771383605,43317911
771383605,164385217
771383605,80803819
771383605,12588712
771383605,59490293
771383605,304909941
771383605,289420613
771383605,316901024
771383605,59557446
771383605,21982720
771383605,21111483
771383605,17675072
771383605,300772477
771383605,18549724
771383605,92772674
771383605,40885302
771383605,29707536
771383605,180415006
771383605,213575483
771383605,43901270
771383605,19247114
771383605,19186180
771383605,20233557
771383605,50899467
771383605,21394147
771383605,19921389
771383605,19488569
771383605,16451028
771383605,17004618
771383605,531225089
771383605,813286
