79772558,266712846
79772558,2283789643
79772558,23011527
79772558,545929872
79772558,267963256
79772558,68482842
79772558,2835594983
79772558,2355403300
79772558,14333754
79772558,19472578
79772558,771383605
79772558,948552829
79772558,1662057727
79772558,3422617395
79772558,86084782
79772558,2613893125
79772558,1733172818
79772558,3028614833
79772558,2796921047
79772558,233600977
79772558,2988541933
79772558,2701030926
79772558,1931433806
79772558,2358549493
79772558,52782073
79772558,17036898
79772558,12804312
79772558,17718497
79772558,9636632
79772558,14395119
79772558,25147755
79772558,518405970
79772558,9639502
79772558,13784592
79772558,16929559
79772558,14183379
79772558,16668550
79772558,148073806
79772558,455878480
79772558,20618197
79772558,22384691
79772558,1690412382
79772558,22724224
79772558,64669538
79772558,21153793
79772558,23052663
79772558,2802725560
79772558,9313022
79772558,19725644
79772558,14801948
79772558,2348390964
79772558,14341277
79772558,2307328454
79772558,34732474
79772558,13409752
79772558,60326971
79772558,20988205
79772558,156721917
79772558,43869790
79772558,60142716
79772558,15965886
79772558,14907774
79772558,583108053
79772558,40872043
79772558,14583362
79772558,33611395
79772558,19197114
79772558,88716843
79772558,965524111
79772558,50707383
79772558,20516485
79772558,531750633
79772558,538879349
79772558,88718227
79772558,446322226
79772558,113613920
79772558,89168924
79772558,19063323
79772558,2422531314
79772558,2205681944
79772558,574323974
79772558,15178186
79772558,25109624
79772558,2203534539
79772558,14677919
79772558,87818409
79772558,1433063042
79772558,46623158
79772558,2364574010
79772558,241100784
79772558,1465064060
79772558,17711659
79772558,11873582
79772558,1615685677
79772558,277495114
79772558,508229256
79772558,40751948
79772558,19713622
79772558,556433759
79772558,21138477
79772558,31093700
79772558,84495831
79772558,121081881
79772558,57667006
79772558,896045678
79772558,2237621989
79772558,1423829588
79772558,1109380699
79772558,500778425
79772558,155659213
79772558,17993489
79772558,114229766
79772558,60034637
79772558,889184150
79772558,901649502
79772558,328980753
79772558,91002050
79772558,454843106
79772558,450934342
79772558,593672548
79772558,32537453
79772558,41878061
79772558,26984562
79772558,1157048485
79772558,967006800
79772558,168698639
79772558,827835565
79772558,395388847
79772558,1308894734
79772558,14238576
79772558,1180534638
79772558,1349957323
79772558,23586051
79772558,1114365428
79772558,1364363816
79772558,1462388418
79772558,1450968061
79772558,1443826452
79772558,1633618338
79772558,1681574581
79772558,1667478816
79772558,1632618199
79772558,1697520170
79772558,57603428
79772558,1734917977
79772558,1736257904
79772558,1707634716
79772558,199379907
79772558,1539143762
79772558,1950313808
79772558,587827729
79772558,1933899631
79772558,827553602
79772558,182188064
79772558,970670886
79772558,464027751
79772558,389454519
79772558,2154817450
79772558,82087626
79772558,69570972
79772558,2171995188
79772558,338814751
79772558,8880232
79772558,134804590
79772558,95708623
79772558,966154423
79772558,44084633
79772558,314743937
79772558,75084900
79772558,1216801964
79772558,1227999212
79772558,1182893586
79772558,437807543
79772558,420815015
79772558,242863662
79772558,542814267
79772558,201348154
79772558,61814386
79772558,618242883
79772558,62658279
79772558,846603601
79772558,55561290
79772558,842642730
79772558,189196168
79772558,352401349
79772558,428545873
79772558,448272647
79772558,405296394
79772558,509057820
79772558,28054561
79772558,813996973
79772558,217336915
79772558,802006129
79772558,17456167
79772558,360717355
79772558,21306892
79772558,318563103
79772558,261340035
79772558,19564662
79772558,78454521
79772558,103869189
79772558,301142370
79772558,439967163
79772558,449233641
79772558,19428061
79772558,50878491
79772558,477779152
79772558,34835536
79772558,125153751
79772558,7647312
79772558,35225144
79772558,45863721
79772558,50988028
79772558,29583760
79772558,19447029
79772558,112788924
79772558,110012942
79772558,166312807
79772558,165718936
79772558,47683921
79772558,166939130
79772558,454873215
79772558,25560355
79772558,68248698
79772558,91832713
79772558,221393281
79772558,241860962
79772558,81350576
79772558,64183944
79772558,49237710
79772558,52836696
79772558,30464778
79772558,64568359
79772558,221004838
79772558,87310836
79772558,102511143
79772558,106772315
79772558,51419702
79772558,113307585
79772558,113806097
79772558,184237026
79772558,151974531
79772558,220414747
79772558,337816429
79772558,373289923
79772558,52739924
79772558,274988497
79772558,93674156
79772558,425452560
79772558,299658420
79772558,466583162
79772558,24053920
79772558,23129337
79772558,398799467
79772558,357529648
79772558,434412049
79772558,28350220
79772558,218653131
79772558,72861222
79772558,232972631
79772558,396745800
79772558,417673800
79772558,367182225
79772558,427089945
79772558,445039993
79772558,366106598
79772558,449036790
79772558,453225638
79772558,454333121
79772558,53778833
79772558,460435675
79772558,461201398
79772558,464275323
79772558,427949441
79772558,466931788
79772558,468227558
79772558,332830385
79772558,471436385
79772558,33578424
79772558,341442317
79772558,49719581
79772558,105779167
79772558,136674202
79772558,310398139
79772558,14527120
79772558,22602637
79772558,86055601
79772558,72101578
79772558,101241115
79772558,15818881
79772558,8874752
79772558,121167080
79772558,420026717
79772558,15678139
79772558,132356313
79772558,166540145
79772558,326281676
79772558,443832213
79772558,444043973
79772558,54012944
79772558,87454353
79772558,383353850
79772558,256713580
79772558,20505532
79772558,234535058
79772558,2367911
79772558,16995115
79772558,19766386
79772558,22966158
79772558,19281986
79772558,19704615
79772558,20854618
79772558,22827600
79772558,21302475
79772558,19545396
79772558,16466027
79772558,25496304
79772558,24724049
79772558,17691971
79772558,19284812
79772558,74580436
79772558,305140448
79772558,315501068
79772558,219723179
79772558,16312576
79772558,15962096
79772558,306220685
79772558,33932398
79772558,50267870
79772558,15095086
79772558,15410226
79772558,19564523
79772558,24757346
79772558,40076725
79772558,184910040
79772558,79293791
79772558,48494971
79772558,63172203
79772558,362795041
79772558,8161232
79772558,85603854
79772558,17446621
79772558,16513281
79772558,26283795
79772558,21183252
79772558,19858768
79772558,22641588
79772558,29840295
79772558,21862494
79772558,19274945
79772558,19117213
79772558,14043002
79772558,373471064
79772558,19404587
79772558,14885549
79772558,50393960
79772558,1344951
79772558,20402945
79772558,14353392
79772558,20234637
79772558,17988263
79772558,5943942
79772558,32746529
79772558,15900458
79772558,59255208
79772558,74712538
79772558,349579178
79772558,394352229
79772558,42115880
79772558,218132338
79772558,22035932
79772558,20766350
79772558,20740074
79772558,394028914
79772558,19663485
79772558,18764854
79772558,10228272
79772558,783214
79772558,18518096
79772558,22493307
79772558,20458588
79772558,52702323
79772558,18923343
79772558,5827292
79772558,14464766
79772558,39317670
79772558,15318032
79772558,70009355
79772558,8899422
79772558,18937505
79772558,21543254
79772558,38982743
79772558,18900580
79772558,20214495
79772558,51468445
79772558,60770493
79772558,14096397
79772558,5135521
79772558,14780915
79772558,52810109
79772558,18863867
79772558,9695312
79772558,19654136
79772558,87148957
79772558,18633903
79772558,8223872
79772558,20428265
79772558,72293929
79772558,12804422
79772558,21993032
79772558,44887750
79772558,46128580
79772558,34879407
79772558,40212374
79772558,72270185
79772558,33824691
79772558,65951309
79772558,22495264
79772558,30645493
79772558,40036127
79772558,66371301
79772558,60959527
79772558,1367531
79772558,72900263
79772558,84122625
79772558,42529808
79772558,54366849
79772558,67191018
79772558,88988271
79772558,50664827
79772558,77341854
79772558,33525162
79772558,10955592
79772558,20763370
79772558,113317734
79772558,54655580
79772558,98674703
79772558,74996481
79772558,52015829
79772558,67364206
79772558,21391597
79772558,55213834
79772558,54847315
79772558,30011244
79772558,51824871
79772558,98969795
79772558,124464210
79772558,10508072
79772558,67240903
79772558,84921245
79772558,78323166
79772558,22905057
79772558,78857627
79772558,50273744
79772558,26347170
79772558,34942094
79772558,72558177
79772558,3646911
79772558,35773039
79772558,23815359
79772558,31125209
79772558,19245318
79772558,19026567
79772558,49763896
79772558,17577792
79772558,145800618
79772558,129844311
79772558,78365465
79772558,143067034
79772558,106477970
79772558,19647228
79772558,114960334
79772558,39776107
79772558,74997194
79772558,83933712
79772558,86431245
79772558,19918555
79772558,77252940
79772558,58213905
79772558,20528275
79772558,20109638
79772558,18023887
79772558,66528171
79772558,89644499
79772558,19392297
79772558,136043372
79772558,163456922
79772558,54217101
79772558,166280349
79772558,42200443
79772558,22637074
79772558,19429176
79772558,14363353
79772558,19011596
79772558,102961727
79772558,69813139
79772558,54999357
79772558,110546420
79772558,131016069
79772558,115512512
79772558,86093740
79772558,21276574
79772558,108806669
79772558,124758442
79772558,23079122
79772558,110573670
79772558,21193261
79772558,107544554
79772558,110509537
79772558,1391451
79772558,108382988
79772558,105571819
79772558,27532670
79772558,49636886
79772558,64472302
79772558,50476895
79772558,37736234
79772558,86196231
79772558,60647182
79772558,20425155
79772558,21422753
79772558,18057465
79772558,14992973
79772558,18449418
79772558,50160932
79772558,52634006
79772558,42001119
79772558,21194972
79772558,25677545
79772558,19952246
79772558,24896782
79772558,16956152
79772558,19722029
79772558,18960992
79772558,25238482
79772558,20469820
79772558,23450071
79772558,20399974
79772558,18271625
79772558,17808932
79772558,18261133
79772558,23859156
79772558,19980906
79772558,20172395
79772558,14312841
79772558,21882128
79772558,83864876
79772558,18055408
79772558,185661973
79772558,24575310
79772558,168544807
79772558,26498969
79772558,92309927
79772558,14975487
79772558,57159555
79772558,15108702
79772558,22299406
79772558,107472906
79772558,28892022
79772558,37070769
79772558,192625530
79772558,25996878
79772558,103813600
79772558,41701263
79772558,46098963
79772558,82735913
79772558,114341736
79772558,14089203
79772558,178768982
79772558,212865764
79772558,109569965
79772558,105299487
79772558,28677854
79772558,35421350
79772558,93171197
79772558,88493777
79772558,103906890
79772558,79483487
79772558,65609714
79772558,76683020
79772558,103008351
79772558,226640736
79772558,127881632
79772558,25879140
79772558,91478624
79772558,40302362
79772558,81088427
79772558,15251613
79772558,15057943
79772558,145648706
79772558,176101395
79772558,24772669
79772558,19238548
79772558,124139163
79772558,12266442
79772558,133340688
79772558,206105134
79772558,16744558
79772558,58463213
79772558,125249726
79772558,7614292
79772558,16517711
79772558,14199378
79772558,17057271
79772558,20802277
79772558,21771224
79772558,169686021
79772558,14173084
79772558,50374439
79772558,52903270
79772558,77047314
79772558,20197768
79772558,16441489
79772558,33489234
79772558,16870853
79772558,113173944
79772558,189376144
79772558,107863993
79772558,20683840
79772558,143754070
79772558,20004885
79772558,94810687
79772558,78314261
79772558,27604942
79772558,143958468
79772558,2306401
79772558,73407846
79772558,28165335
79772558,65120103
79772558,47860531
79772558,61898653
79772558,14287094
79772558,95819003
79772558,82714804
79772558,78316369
79772558,688583
79772558,231511562
79772558,14502233
79772558,85562303
79772558,158414847
79772558,113897988
79772558,158777509
79772558,69656547
79772558,14100619
79772558,18038269
79772558,70805948
79772558,81862582
79772558,28448508
79772558,229127212
79772558,268540986
79772558,113802887
79772558,23779324
79772558,21219666
79772558,58231209
79772558,18807671
79772558,16136044
79772558,15748390
79772558,19966033
79772558,179160342
79772558,196753824
79772558,90052197
79772558,106837213
79772558,19864285
79772558,14791162
79772558,19066345
79772558,16576356
79772558,52552583
79772558,237339178
79772558,286916284
79772558,51519449
79772558,258529391
79772558,23880785
79772558,109515460
79772558,50257759
79772558,14749606
79772558,38177845
79772558,22699770
79772558,26486870
79772558,18615027
79772558,19110632
79772558,39064091
79772558,42586014
79772558,217013522
79772558,165390829
79772558,25551882
79772558,22491905
79772558,35305807
79772558,34908339
79772558,50006616
79772558,49751207
79772558,61369577
79772558,87205951
79772558,101246811
79772558,96010331
79772558,111141710
79772558,117905498
79772558,29177024
79772558,19627599
79772558,29206652
79772558,24228647
79772558,28009560
79772558,134956545
79772558,90066291
79772558,20622594
79772558,287447747
79772558,300183029
79772558,83658758
79772558,15164565
79772558,784304
79772558,71230293
79772558,308637337
79772558,51040617
79772558,30313925
79772558,19291050
79772558,22715243
79772558,305279466
79772558,271028583
79772558,16343974
79772558,23929588
79772558,25323767
79772558,104497865
79772558,142713268
79772558,294105330
79772558,5667002
79772558,17415011
79772558,25099840
79772558,19232652
79772558,612473
79772558,16501162
79772558,30721425
79772558,201397890
79772558,95198355
79772558,229570185
79772558,21887420
79772558,60321463
79772558,232331037
79772558,349389064
79772558,70855738
79772558,20635100
79772558,21391306
79772558,21357208
79772558,20258583
79772558,44610687
79772558,88666244
79772558,93909067
79772558,26465424
79772558,27143026
79772558,239137423
79772558,18761347
79772558,23445711
79772558,104222461
79772558,19554706
79772558,15429316
79772558,129947794
79772558,20823773
79772558,16911125
79772558,23731430
79772558,39991878
79772558,135812289
79772558,107390811
79772558,6207762
79772558,32137829
79772558,23446053
79772558,19602324
79772558,255388236
79772558,86335294
79772558,103666927
79772558,17141257
79772558,32791015
79772558,63858347
79772558,8664042
79772558,6050932
79772558,46255034
79772558,117477029
79772558,192684631
79772558,18138734
79772558,255104059
79772558,19801012
79772558,149103331
79772558,30478672
79772558,7343782
79772558,222210727
79772558,253928483
79772558,144614940
79772558,19292033
79772558,77120610
79772558,155513807
79772558,102215999
79772558,21982663
79772558,18904973
79772558,20319462
79772558,277545015
79772558,291792721
79772558,20511502
79772558,15492359
79772558,16365636
79772558,22751979
79772558,46207622
79772558,16459040
79772558,19337148
79772558,18974406
79772558,16496377
79772558,10933662
79772558,110827653
79772558,107469166
79772558,18118659
79772558,271017344
79772558,244158740
79772558,18134856
79772558,16282326
79772558,23363716
79772558,161650271
79772558,48299376
79772558,107086137
79772558,44437947
79772558,16118151
79772558,230103096
79772558,44388049
79772558,24563315
79772558,25508972
79772558,19811019
79772558,42005099
79772558,119764007
79772558,152689963
79772558,52402807
79772558,19577647
79772558,85873237
79772558,82916941
79772558,46617413
79772558,17154919
79772558,93842035
79772558,17625778
79772558,101664368
79772558,76466793
79772558,52427665
79772558,65629866
79772558,16463853
79772558,128990079
79772558,19734853
79772558,17681513
79772558,18228898
79772558,17169320
79772558,20659839
79772558,18639239
79772558,24203726
79772558,22835079
79772558,20693033
79772558,138600717
79772558,24796545
79772558,19592047
79772558,76428356
79772558,217477814
79772558,20015311
79772558,11857072
79772558,19656482
79772558,19075873
79772558,19618421
79772558,70490696
79772558,19509154
79772558,19320889
79772558,14167351
79772558,16685316
79772558,14803701
79772558,52404116
79772558,21877780
79772558,280150770
79772558,394144497
79772558,157981564
79772558,15155074
79772558,374753399
79772558,372335915
79772558,67032567
79772558,20426531
79772558,183990992
79772558,192409766
79772558,366746311
79772558,23646776
79772558,30011832
79772558,22667080
79772558,23607280
79772558,20860888
79772558,147375899
79772558,370010111
79772558,20404273
79772558,25479894
79772558,14684733
79772558,178295677
79772558,246302330
79772558,137992735
79772558,22814076
79772558,243764979
79772558,235104477
79772558,305914565
79772558,385226383
79772558,97702505
79772558,136584404
79772558,270916595
79772558,16804762
79772558,33482422
79772558,18730195
79772558,23780232
79772558,23747279
79772558,91605181
79772558,113227223
79772558,92073541
79772558,20673522
79772558,73248594
79772558,87460291
79772558,156201765
79772558,18771477
79772558,25154899
79772558,22663414
79772558,18278629
79772558,26284208
79772558,61212859
79772558,22541704
79772558,48753547
79772558,16899018
79772558,21264379
79772558,385001656
79772558,14779058
79772558,28986334
79772558,374510218
79772558,123754656
79772558,316604439
79772558,32612020
79772558,364180600
79772558,363935410
79772558,349021323
79772558,366159010
79772558,366691689
79772558,45674869
79772558,378216504
79772558,311531892
79772558,381070530
79772558,315333494
79772558,193835850
79772558,55754116
79772558,321548279
79772558,63838791
79772558,105181332
79772558,17595890
79772558,105498354
79772558,375858270
79772558,377358922
79772558,375069850
79772558,125527877
79772558,384587448
79772558,389526701
79772558,211580813
79772558,26733797
79772558,14582890
79772558,22996693
79772558,41159653
79772558,15340816
79772558,74827760
79772558,279043821
79772558,20448566
79772558,97488105
79772558,43869610
79772558,70540468
79772558,381232503
79772558,56103501
79772558,17084160
79772558,184360604
79772558,19249451
79772558,20373786
79772558,5120691
79772558,19256563
79772558,21681158
79772558,21288521
79772558,12678182
79772558,22073616
79772558,24019308
79772558,23006794
79772558,60717215
79772558,47082016
79772558,14847636
79772558,19065251
79772558,10810102
79772558,20923305
79772558,18396706
79772558,23780652
79772558,21943447
79772558,20809515
79772558,18803740
79772558,20532031
79772558,21209695
79772558,23056209
79772558,21902580
79772558,35779304
79772558,34352191
79772558,17693232
79772558,13
79772558,16303106
79772558,14089195
79772558,27457788
79772558,51831438
79772558,21905142
79772558,14509057
79772558,16973333
79772558,6208072
79772558,48424015
79772558,71922638
79772558,20479813
79772558,17602896
79772558,19083439
79772558,19247625
79772558,80700514
79772558,23504870
79772558,71876190
79772558,14511951
79772558,78274768
79772558,91623867
79772558,28785486
79772558,11013952
79772558,6107422
79772558,20032100
79772558,43548881
79772558,94081671
79772558,14159148
79772558,2467791
79772558,51241574
79772558,17074440
79772558,22411875
79772558,7905122
79772558,15012486
79772558,742143
79772558,3108351
79772558,18665800
79772558,15005991
79772558,112847603
79772558,19867777
79772558,115442104
79772558,19863224
79772558,136879221
79772558,213722368
79772558,13683952
79772558,14330959
79772558,40977402
79772558,141905633
79772558,141955914
79772558,140603576
79772558,111375985
79772558,118458703
79772558,121177267
79772558,292223004
79772558,90926014
79772558,366334426
79772558,252763592
79772558,19409405
79772558,225972046
79772558,172358728
79772558,158541439
79772558,62698040
79772558,68887290
79772558,19942687
79772558,24550171
79772558,18455691
79772558,33500965
79772558,46121867
79772558,28196433
79772558,24174554
79772558,26858844
79772558,42665837
79772558,22016990
79772558,735183
79772558,15035330
79772558,32861529
79772558,31756783
79772558,23421880
79772558,26380564
79772558,8236062
79772558,27692875
79772558,40111409
79772558,18749121
79772558,35289673
79772558,25503709
79772558,21586148
79772558,18812572
79772558,22131151
79772558,20732972
79772558,50314332
79772558,41883353
79772558,43949132
79772558,51700629
79772558,55944914
79772558,59737871
79772558,16381279
79772558,14150093
79772558,14147244
79772558,15976829
79772558,8873932
79772558,64751070
79772558,61152793
79772558,97019983
79772558,20380673
79772558,40229858
79772558,124514478
79772558,92743878
79772558,145049047
79772558,38165132
79772558,38220077
79772558,78609653
79772558,186739448
79772558,262262432
79772558,311365269
79772558,96109537
79772558,77439002
79772558,360363102
79772558,54901338
79772558,14842285
79772558,58319041
79772558,60731389
79772558,20843014
79772558,127581954
79772558,131993576
79772558,38747703
79772558,158080542
79772558,18942298
79772558,79877903
79772558,25305476
79772558,65913052
79772558,111969321
79772558,21707734
79772558,19686295
79772558,23640660
79772558,11819792
79772558,23694165
79772558,2043041
79772558,7109022
79772558,17063215
79772558,12497362
79772558,197437559
79772558,21510894
79772558,69712872
79772558,288837374
79772558,18696709
79772558,22874178
79772558,39972641
79772558,759251
79772558,19024453
79772558,363175749
79772558,370635623
79772558,268071970
79772558,274172817
79772558,271233361
79772558,227122403
79772558,55665285
79772558,21932476
79772558,8976
79772558,14390523
79772558,24296476
79772558,19904728
79772558,19661294
79772558,15279958
79772558,19018401
79772558,24580023
79772558,19331985
79772558,21044187
79772558,26221210
79772558,21747774
79772558,52101310
79772558,20940543
79772558,35451934
79772558,115485051
79772558,111452658
79772558,93230391
79772558,22782297
79772558,89986710
79772558,241598962
79772558,259348780
79772558,20712514
79772558,18165411
79772558,113364679
79772558,123682421
79772558,19264748
79772558,42889204
79772558,35094637
79772558,16171953
79772558,50751556
79772558,15224867
79772558,43913865
79772558,18075140
79772558,20856282
79772558,50602093
79772558,235177466
79772558,43865255
79772558,98483875
79772558,18676177
79772558,20862728
79772558,20840441
79772558,72525354
79772558,268381462
79772558,227845818
79772558,287660464
79772558,19123360
79772558,19257296
79772558,55650235
79772558,10159762
79772558,91463270
79772558,24241544
79772558,274454264
79772558,17980026
79772558,202070116
79772558,25209268
79772558,43786091
79772558,292016855
79772558,177736182
79772558,21675853
79772558,23780393
79772558,67084831
79772558,92791751
79772558,215820353
79772558,362023708
79772558,187959913
79772558,55197161
79772558,94360800
79772558,78086094
79772558,26017256
79772558,25535042
79772558,141566639
79772558,254807872
79772558,248738445
79772558,196632489
79772558,8655852
79772558,8699742
79772558,24042063
79772558,342597068
79772558,14518090
79772558,354820230
79772558,8666142
79772558,141665811
79772558,285335817
79772558,354007865
79772558,359923192
79772558,163868854
79772558,123186561
79772558,293006502
79772558,175949757
79772558,20187832
79772558,5402612
79772558,328976336
79772558,357844214
79772558,321529199
79772558,20430082
79772558,18863815
79772558,25325995
79772558,54379033
79772558,20239848
79772558,73362583
79772558,53421155
79772558,103855477
79772558,168788229
79772558,103337220
79772558,63113472
79772558,335299650
79772558,21195865
79772558,8728392
79772558,99979930
79772558,18678493
79772558,49781518
79772558,19391470
79772558,14746456
79772558,25657017
79772558,20583613
79772558,21112266
79772558,113310208
79772558,72012398
79772558,21295860
79772558,17607629
79772558,18247680
79772558,24654152
79772558,93929785
79772558,67886149
79772558,55686903
79772558,73768830
79772558,8919832
79772558,72158523
79772558,8886732
79772558,59499088
79772558,41559356
79772558,28635376
79772558,94910838
79772558,102654478
79772558,113798904
79772558,93670262
79772558,53909947
79772558,57296617
79772558,65658325
79772558,143933150
79772558,160548604
79772558,96532823
79772558,186913663
79772558,50116810
79772558,89611475
79772558,17509134
79772558,214765001
79772558,23135902
79772558,49527450
79772558,49801651
79772558,106170889
79772558,266576109
79772558,90888313
79772558,90889951
79772558,56352258
79772558,62132868
79772558,34627125
79772558,292406730
79772558,222252523
79772558,330955584
79772558,277114790
79772558,342740039
79772558,347259078
79772558,346895404
79772558,15353471
79772558,76317752
79772558,107562560
79772558,57009837
79772558,85304883
79772558,148142713
79772558,19209076
79772558,79776487
79772558,52460501
79772558,28533522
79772558,98746422
79772558,158753057
79772558,15030767
79772558,16631801
79772558,121560411
79772558,249616588
79772558,20853757
79772558,25056369
79772558,22912225
79772558,28993823
79772558,18049879
79772558,14362622
79772558,306729728
79772558,32965485
79772558,75893317
79772558,93663844
79772558,22637309
79772558,89199974
79772558,20701487
79772558,32377402
79772558,87401614
79772558,42625523
79772558,87230777
79772558,113102040
79772558,106081283
79772558,142783296
79772558,120515187
79772558,142859756
79772558,19658302
79772558,143579477
79772558,153480106
79772558,106881351
79772558,88244911
79772558,137859895
79772558,128207775
79772558,208674434
79772558,50302012
79772558,20858770
79772558,119702684
79772558,10373612
79772558,223866144
79772558,22924012
79772558,138075292
79772558,242291269
79772558,252396767
79772558,268236835
79772558,265938029
79772558,275469979
79772558,66635611
79772558,214472632
79772558,286821499
79772558,28218576
79772558,43940820
79772558,42893978
79772558,8242942
79772558,34055498
79772558,36321317
79772558,20164648
79772558,35269787
79772558,23232821
79772558,15169311
79772558,48716961
79772558,51859222
79772558,47340168
79772558,20762478
79772558,15935242
79772558,28248036
79772558,32500204
79772558,37917193
79772558,41661986
79772558,40925981
79772558,63714386
79772558,61158289
79772558,60893374
79772558,44743638
79772558,14058018
79772558,17514314
79772558,58790189
79772558,41385260
79772558,52801861
79772558,22611511
79772558,53415444
79772558,56970909
79772558,26775098
79772558,271610696
79772558,2884771
79772558,6017542
79772558,14098636
79772558,16569045
79772558,21648020
79772558,34076997
79772558,16688788
79772558,22176845
79772558,807095
79772558,788524
79772558,14293310
79772558,61736880
79772558,18944007
79772558,20781852
79772558,17006157
79772558,17624959
79772558,5988062
79772558,23585685
79772558,1652541
79772558,1440641
79772558,14903044
79772558,121176422
79772558,18783599
79772558,19405367
79772558,19314019
79772558,19488569
79772558,19265059
79772558,15485441
79772558,19706280
79772558,19732375
79772558,18186509
79772558,10464872
79772558,14208199
79772558,30880299
79772558,20137281
79772558,17385200
79772558,17715048
79772558,19883755
79772558,38153941
79772558,18936370
79772558,41833288
79772558,43227415
79772558,40214186
79772558,48113196
79772558,11994692
79772558,25286611
79772558,34423857
79772558,19814175
79772558,19910996
79772558,7996082
79772558,17494015
79772558,15949253
79772558,19534955
79772558,3310571
79772558,17087162
79772558,33596479
79772558,55578503
79772558,21492030
79772558,14519038
79772558,55197775
79772558,56367430
79772558,56400556
79772558,57660193
79772558,18338831
79772558,23855821
79772558,21502432
79772558,50681389
79772558,21389998
79772558,16202270
79772558,34690211
79772558,55548103
79772558,22904901
79772558,21249327
79772558,70366780
79772558,22172455
79772558,19755235
79772558,45991078
79772558,5424852
79772558,30246986
79772558,85302575
79772558,17806553
79772558,85032427
79772558,20884910
79772558,56106836
79772558,104185053
79772558,21222872
79772558,14476084
79772558,51597794
79772558,113423875
79772558,91781969
79772558,60509872
79772558,129847389
79772558,92783344
79772558,27488945
79772558,17483878
79772558,149992712
79772558,138256304
79772558,118770112
79772558,158782691
79772558,207209436
79772558,113338315
79772558,20618678
79772558,36375458
79772558,19933508
79772558,148669222
79772558,48410093
79772558,53429770
79772558,30705494
79772558,100840734
79772558,167428260
79772558,52374632
79772558,15066760
79772558,47928616
79772558,50348582
79772558,20863636
79772558,222337437
79772558,84987868
79772558,225087895
79772558,17169390
79772558,89196265
79772558,236297594
79772558,240815713
79772558,17159484
79772558,54984661
79772558,30639975
79772558,6604072
79772558,30547095
79772558,56551677
79772558,693293
79772558,213351721
79772558,38066701
79772558,45106833
79772558,2883841
79772558,84713811
79772558,12362632
79772558,279285057
79772558,108321633
79772558,283200254
79772558,19839634
79772558,267755729
79772558,282494214
79772558,292959580
79772558,188266169
79772558,12369372
79772558,61330854
79772558,303797610
79772558,246137029
79772558,261349718
79772558,23816051
79772558,106327144
79772558,216653830
79772558,258542343
79772558,73134348
79772558,327361140
79772558,86599348
79772558,321525284
79772558,22017142
79772558,342752655
79772558,339166407
79772558,22048574
79772558,117388746
79772558,15907720
79772558,96987823
79772558,181235428
79772558,55708543
79772558,338960360
79772558,128546638
79772558,154708008
79772558,21690461
79772558,24604702
79772558,39834133
79772558,43435375
79772558,73359290
79772558,50831895
79772558,73078901
79772558,92326135
79772558,27935844
79772558,115245123
79772558,65927990
79772558,78085483
79772558,19903099
79772558,84189532
79772558,88018001
79772558,277489234
79772558,108053670
79772558,15683146
79772558,30041546
79772558,69966626
79772558,111005448
79772558,17220934
79772558,27656714
79772558,18135386
79772558,428333
79772558,813286
79772558,20586517
79772558,55523891
79772558,35721442
79772558,23263743
79772558,16854780
79772558,19394887
79772558,20781929
79772558,21333920
79772558,74752479
79772558,130509812
79772558,17311493
79772558,19019970
79772558,120053347
79772558,185350414
79772558,209605999
79772558,200226770
79772558,55980985
79772558,220835286
79772558,67631765
79772558,242012682
79772558,103403542
79772558,60754550
79772558,190586109
79772558,20729575
79772558,83553831
79772558,76454569
79772558,146250980
79772558,334336599
79772558,20907799
79772558,15132669
79772558,61208102
79772558,28431953
79772558,43978996
79772558,27762425
79772558,55527414
79772558,19314870
79772558,82727551
79772558,68679960
79772558,86517596
79772558,19398521
79772558,20972922
79772558,36980809
79772558,51558058
79772558,26397969
79772558,27095806
79772558,61268170
79772558,77035352
79772558,51003465
79772558,51691604
79772558,15835287
79772558,55531232
79772558,57190332
79772558,53485118
79772558,65102297
79772558,15524779
79772558,45177985
79772558,43786107
79772558,83243443
79772558,23086065
79772558,91331752
79772558,41400946
79772558,71553490
79772558,94633052
79772558,29858501
79772558,50640639
79772558,31237480
79772558,26276346
79772558,34019458
79772558,20734459
79772558,29081282
79772558,54616795
79772558,86319423
79772558,22388974
79772558,19586970
79772558,87942437
79772558,21326762
79772558,43885066
79772558,42390035
79772558,47595424
79772558,65065250
79772558,64115214
79772558,21357167
79772558,41883640
79772558,54231400
79772558,18447543
79772558,69780463
79772558,17232174
79772558,31749782
79772558,42473423
79772558,39731366
79772558,45334162
79772558,56341722
79772558,27519573
79772558,55552626
79772558,19033555
79772558,21293106
79772558,51603873
79772558,51704485
79772558,54500283
79772558,57215281
79772558,51841094
79772558,64773550
79772558,20762140
79772558,61623120
79772558,59230151
79772558,60314913
79772558,21079081
79772558,60561846
79772558,18241122
79772558,37692633
79772558,24201712
79772558,22475022
79772558,20673887
79772558,30277924
79772558,29129104
79772558,14633762
79772558,31802168
79772558,12924132
79772558,3373791
79772558,33932633
79772558,14270254
79772558,34523001
79772558,36956648
79772558,37958399
79772558,25664675
79772558,21182676
79772558,35724542
79772558,43435899
79772558,39162041
79772558,47082833
79772558,29177690
79772558,29686359
79772558,48185714
79772558,50783672
79772558,37302454
79772558,53190115
79772558,50755890
79772558,24660424
79772558,30867968
79772558,7436322
79772558,53037820
79772558,56899519
79772558,57329418
79772558,58578100
79772558,49698150
79772558,14199362
79772558,54932990
79772558,55036039
79772558,67058138
79772558,66722390
79772558,66740930
79772558,73530234
79772558,72509687
79772558,74690809
79772558,74787890
79772558,76837107
79772558,44218625
79772558,79573352
79772558,78755771
79772558,53956120
79772558,28785955
79772558,22557554
79772558,24063070
79772558,21195592
79772558,29214466
79772558,47745378
79772558,20062102
79772558,57138904
79772558,20236399
79772558,22704819
79772558,24404682
79772558,18798877
79772558,23146412
79772558,19700544
79772558,25741460
79772558,25328323
79772558,25315769
79772558,25987252
79772558,21154800
79772558,22937618
79772558,20401802
79772558,36130337
79772558,35046214
79772558,30899967
79772558,22849891
79772558,39745777
79772558,60438455
79772558,51727832
79772558,66710075
79772558,13205612
79772558,57425895
79772558,19714027
79772558,19597688
79772558,52053647
79772558,56390676
79772558,53529239
79772558,71650592
79772558,79867737
79772558,77728336
79772558,19186180
79772558,24590293
79772558,34316249
79772558,28130715
79772558,45439936
79772558,63301898
79772558,43198999
79772558,48337166
79772558,27705022
79772558,60699659
79772558,19712523
79772558,17953384
79772558,39797251
79772558,46262521
79772558,18444005
79772558,21066857
79772558,22948591
79772558,14700497
79772558,55660356
79772558,40110996
79772558,20980077
79772558,47744952
79772558,22028928
79772558,36030523
79772558,16632149
79772558,18679659
79772558,19889294
79772558,15391813
79772558,68027792
79772558,69732451
79772558,56503163
79772558,72019122
79772558,55579132
79772558,76319056
79772558,22659940
79772558,62245179
79772558,58657849
79772558,34601547
79772558,40907853
79772558,25542059
79772558,25989903
79772558,27852850
79772558,9459622
79772558,21618263
79772558,25909055
79772558,47392220
79772558,52273825
79772558,59799557
79772558,28540202
79772558,64071424
79772558,69329010
79772558,70826179
79772558,16632219
79772558,54229913
79772558,20160500
79772558,62595775
79772558,72679366
79772558,19162727
79772558,21442238
79772558,58768534
79772558,64229382
79772558,77441491
79772558,20817333
79772558,50627208
79772558,63996905
79772558,22532738
79772558,22290880
79772558,19921389
79772558,34304637
79772558,33970326
79772558,42853627
79772558,20723791
79772558,43901270
79772558,45966732
79772558,66705846
79772558,16631331
79772558,20759416
79772558,2561091
79772558,20774855
79772558,8665572
79772558,16451028
79772558,8665852
79772558,14758257
79772558,15392221
79772558,17884125
79772558,3550091
79772558,17163446
79772558,16631693
79772558,20999284
79772558,20763364
79772558,21126886
79772558,21747742
79772558,22135489
79772558,20763424
79772558,21783395
79772558,20172352
79772558,19944189
79772558,22658117
79772558,27549862
79772558,21082658
79772558,25086986
79772558,22797988
79772558,48143841
79772558,19668118
79772558,19393234
79772558,54285668
79772558,56348087
79772558,24668715
79772558,24000577
79772558,23167150
79772558,39762698
79772558,24675315
79772558,15071066
79772558,53306414
79772558,14445792
79772558,55200317
79772558,19908925
79772558,21342208
79772558,33941881
79772558,39759883
79772558,20820750
79772558,56429422
79772558,20758953
79772558,18088611
79772558,18318845
79772558,17951411
79772558,19646817
79772558,30848348
79772558,42440165
79772558,19899591
79772558,27623184
79772558,30328300
