80115276,1952696881
80115276,456047141
80115276,1092737756
80115276,513708554
80115276,37331559
80115276,970669165
80115276,2292454922
80115276,206654502
80115276,40872043
80115276,41878061
80115276,456799130
80115276,1213751708
80115276,1166109290
80115276,2514634590
80115276,1217929292
80115276,535233017
80115276,2382594079
80115276,3300341885
80115276,100088539
80115276,196108728
80115276,943773836
80115276,33026822
80115276,149489716
80115276,22695694
80115276,3401477662
80115276,3347897512
80115276,3038311782
80115276,1154687040
80115276,859430004
80115276,2882360386
80115276,96734714
80115276,1487268643
80115276,2798109463
80115276,2862163583
80115276,88898508
80115276,3308456165
80115276,89273104
80115276,290263087
80115276,492288571
80115276,39056314
80115276,3010384528
80115276,3171554254
80115276,1968654061
80115276,3044738957
80115276,251716551
80115276,21417835
80115276,50393960
80115276,1330457336
80115276,1339835893
80115276,124690469
80115276,180505807
80115276,915888678
80115276,19649877
80115276,334602996
80115276,2998450037
80115276,520449734
80115276,217749896
80115276,1206108030
80115276,1100351
80115276,2527654150
80115276,25982907
80115276,70186440
80115276,38164846
80115276,500713106
80115276,759251
80115276,1879424725
80115276,19240952
80115276,216466178
80115276,210051187
80115276,633866782
80115276,989503800
80115276,20098334
80115276,2547857312
80115276,1469290322
80115276,330219645
80115276,1252331485
80115276,540772763
80115276,887450870
80115276,92185827
80115276,21309551
80115276,15798656
80115276,19315495
80115276,132887265
80115276,1615685677
80115276,142031636
80115276,1178944580
80115276,1651824314
80115276,2550023839
80115276,19600252
80115276,1662057727
80115276,35720795
80115276,28536206
80115276,2375422668
80115276,186439704
80115276,21883740
80115276,20676778
80115276,28853278
80115276,60865434
80115276,162089811
80115276,14116807
80115276,29479000
80115276,138388408
80115276,2197487762
80115276,211580813
80115276,97488105
80115276,21905142
80115276,218653131
80115276,1870802167
80115276,104205059
80115276,212623277
80115276,19564523
80115276,460702712
80115276,318053188
80115276,66505112
80115276,245492647
80115276,213411429
80115276,49781518
80115276,940270308
80115276,373360898
80115276,500711588
80115276,550283734
80115276,581641820
80115276,204417294
80115276,965741665
80115276,525264466
80115276,50300579
80115276,23976386
80115276,22948591
80115276,19265059
80115276,150677740
80115276,21707734
80115276,94081671
80115276,7047
80115276,19674652
80115276,16632149
80115276,119794626
80115276,16632219
80115276,16631331
80115276,17884125
80115276,25535042
80115276,454843106
80115276,6017542
80115276,48523399
80115276,29469252
80115276,509404803
80115276,20953128
80115276,7736662
80115276,19968928
80115276,27489253
80115276,34613288
80115276,343627165
80115276,710064516
80115276,386480537
80115276,368220699
80115276,144884794
80115276,34949757
80115276,533085085
80115276,171840420
80115276,333534411
80115276,570369552
80115276,151123001
80115276,1262229906
80115276,183387449
80115276,1432977446
80115276,550202880
80115276,536889795
80115276,79293791
80115276,155659213
80115276,96951800
80115276,22668061
80115276,18920461
80115276,14209036
80115276,18842676
80115276,132130882
80115276,123754656
80115276,20923305
80115276,22903765
80115276,14233933
80115276,52401068
80115276,177153395
80115276,39867990
80115276,357025549
80115276,27073252
80115276,825013604
80115276,1228660308
80115276,326842563
80115276,330948070
80115276,55832959
80115276,537100075
80115276,94817834
80115276,399274682
80115276,108616557
80115276,91179223
80115276,295395385
80115276,268236835
80115276,1035953334
80115276,517413081
80115276,400632016
80115276,490914293
80115276,312532061
80115276,619045666
80115276,19290986
80115276,121296367
80115276,106543078
80115276,319594947
80115276,318452278
80115276,595327307
80115276,89914900
80115276,106055205
80115276,739103731
80115276,111072852
80115276,309686774
80115276,16303709
80115276,34699677
80115276,248345812
80115276,619760905
80115276,1316622164
80115276,1132161032
80115276,286309714
80115276,343026707
80115276,252115283
80115276,34881132
80115276,341957370
80115276,15891449
80115276,22903812
80115276,422868223
80115276,34076997
80115276,108899350
80115276,466444412
80115276,121402638
80115276,76131354
80115276,109312021
80115276,44335177
80115276,151412125
80115276,33893706
80115276,36273193
80115276,596940844
80115276,21390437
80115276,199354750
80115276,58531272
80115276,18854642
80115276,141164446
80115276,455831939
80115276,395388847
80115276,20058825
80115276,986878273
80115276,1097836022
80115276,53445928
80115276,20532031
80115276,23946350
80115276,771383605
80115276,19720089
80115276,69023503
80115276,23585685
80115276,60917604
80115276,19587963
80115276,37895682
80115276,186386857
80115276,80037636
80115276,558572709
80115276,33752895
80115276,177736182
80115276,70349639
80115276,20560841
80115276,14872237
80115276,22910295
80115276,21389998
80115276,112764971
80115276,158487331
80115276,17487884
80115276,18758902
80115276,241065289
80115276,9090042
80115276,2533651
80115276,195107133
80115276,60543210
80115276,241290969
80115276,23694165
80115276,323363304
80115276,12529992
80115276,308993784
80115276,313951022
80115276,32572068
80115276,49836093
80115276,19472578
80115276,18904973
80115276,20311818
80115276,266712846
80115276,271028583
80115276,20586517
80115276,16688788
80115276,163853523
80115276,56149037
80115276,63136550
80115276,16648052
80115276,21195865
80115276,17169390
80115276,19247625
80115276,261557829
80115276,23011527
80115276,14866753
80115276,182721799
80115276,2043041
80115276,7109022
80115276,22880507
80115276,17087162
80115276,17063215
80115276,21287509
80115276,18979674
80115276,12026062
80115276,17953384
80115276,14766090
80115276,17980026
80115276,124139163
80115276,19075873
80115276,14330959
80115276,22249286
80115276,18847920
80115276,19244479
80115276,21856254
80115276,26780535
80115276,16631693
80115276,19111618
80115276,19911186
80115276,18186509
80115276,18398911
80115276,19594871
80115276,20583613
80115276,20511502
80115276,85606078
80115276,20186266
80115276,39221142
80115276,33612317
80115276,19246359
80115276,25756137
80115276,99818365
80115276,19252633
80115276,197927483
80115276,296971496
80115276,28173996
80115276,14124402
80115276,16647534
80115276,51145112
80115276,14322080
80115276,18049879
80115276,21812410
80115276,21495291
80115276,9459622
80115276,27256320
80115276,22820759
80115276,25657017
80115276,34423857
80115276,78323166
80115276,20973069
80115276,62541160
80115276,128637475
80115276,24042063
80115276,57365059
80115276,20098472
80115276,16138134
80115276,20671468
80115276,56350681
80115276,68722955
80115276,6891372
80115276,74447952
80115276,17793367
80115276,21456666
80115276,19414675
80115276,19706280
80115276,171223542
80115276,16569045
80115276,21357208
80115276,14975487
80115276,19186180
80115276,18075140
80115276,16854780
80115276,18135386
80115276,28312880
80115276,23263743
80115276,19334929
80115276,19921389
80115276,14333754
80115276,14208199
80115276,19033555
80115276,17624959
80115276,23078208
80115276,19509154
80115276,19024453
80115276,15005991
80115276,12497362
80115276,19292033
80115276,15030767
80115276,18764854
80115276,14270254
80115276,21424725
80115276,19883755
80115276,22384691
80115276,35779304
80115276,21066857
80115276,19024850
80115276,17693232
80115276,19889294
80115276,18678493
80115276,19689047
80115276,20781929
80115276,16171953
80115276,14758257
80115276,20884910
80115276,19534955
80115276,21783395
80115276,16951979
80115276,19663485
80115276,19973332
80115276,21112266
80115276,14746456
80115276,19528381
80115276,24241544
80115276,17308753
80115276,10221592
80115276,14903044
80115276,18679659
80115276,60985950
80115276,64563165
80115276,43340817
80115276,3373791
80115276,19394887
80115276,17624543
80115276,21138477
80115276,57022588
80115276,92718622
80115276,74193712
80115276,87498477
80115276,8728392
80115276,162448894
80115276,8699742
80115276,14518090
80115276,16631801
80115276,11862072
80115276,27272199
80115276,30885237
80115276,19405367
80115276,8976052
80115276,19156186
80115276,18975938
80115276,20809515
80115276,22941152
80115276,18698668
80115276,19722435
80115276,19163195
80115276,18979456
80115276,23780232
80115276,25059963
80115276,19488569
80115276,15391813
80115276,17163446
80115276,21648020
80115276,22904901
80115276,21492030
80115276,19686295
80115276,29582933
80115276,13409752
80115276,17637572
80115276,21258827
80115276,14946308
80115276,20625823
80115276,17413907
80115276,34352191
80115276,8788992
80115276,17477169
80115276,20712514
80115276,22362992
80115276,20250010
80115276,21817509
80115276,26017256
80115276,84558700
80115276,26276346
80115276,21510894
80115276,19034835
80115276,98233087
80115276,19391470
80115276,20843014
80115276,15392221
80115276,19019970
80115276,18975726
80115276,17311493
80115276,2561091
80115276,8665852
80115276,69712872
80115276,31237480
80115276,8665572
80115276,16451028
80115276,3550091
80115276,24311786
80115276,17084160
80115276,27935844
80115276,19289026
80115276,19458935
80115276,19264748
80115276,85206785
80115276,95258700
80115276,60722215
80115276,67144009
80115276,83685031
80115276,20062102
80115276,71560422
