829200444,948552829
829200444,2924559342
829200444,19184818
829200444,2292454922
829200444,21407241
829200444,19415798
829200444,22321740
829200444,17827029
829200444,742143
829200444,3091376321
829200444,58065771
829200444,54078222
829200444,77826352
829200444,807095
829200444,127551187
829200444,18075140
829200444,1879940954
829200444,20929745
829200444,11904592
829200444,95253000
829200444,304329674
829200444,3040424454
829200444,458878625
829200444,19674338
829200444,208610451
829200444,14511951
829200444,54880025
829200444,31139434
829200444,17624959
829200444,162089811
829200444,17973792
829200444,19875072
829200444,22695694
829200444,45083460
829200444,150677740
829200444,23640660
829200444,135269423
829200444,17745219
829200444,22176845
829200444,35779304
829200444,18973489
829200444,277196843
829200444,51566870
829200444,2401640120
829200444,26276346
829200444,19334929
829200444,111123176
829200444,22007357
829200444,1142859176
829200444,19083439
829200444,63118359
829200444,25858078
829200444,15828014
829200444,105155795
829200444,419916301
829200444,3376281958
829200444,102095809
829200444,2197487762
829200444,200641256
829200444,51020014
829200444,1002068862
829200444,70349639
829200444,44449830
829200444,110522807
829200444,1202130601
829200444,2480570436
829200444,354310799
829200444,19974494
829200444,22204459
829200444,2435310141
829200444,22904901
829200444,14558766
829200444,43869790
829200444,499303858
829200444,93905238
829200444,454395581
829200444,498086098
829200444,604480003
829200444,95258700
829200444,257666657
829200444,986878273
829200444,20809515
829200444,16664803
829200444,16631331
829200444,16451028
829200444,23585685
829200444,16631693
829200444,19889294
829200444,15392221
829200444,19391470
829200444,20113223
829200444,158342368
829200444,18678493
829200444,1330457336
829200444,20627896
829200444,757303975
829200444,21783395
829200444,50393960
829200444,19247625
829200444,19186180
829200444,7996082
829200444,52471614
829200444,1652541
829200444,2043041
829200444,42894971
829200444,267355099
829200444,14270254
829200444,8802752
829200444,2288138575
829200444,1339835893
829200444,35989968
829200444,24248969
829200444,813286
829200444,131574396
829200444,14746456
829200444,605805760
829200444,34423857
829200444,498057777
829200444,94672253
829200444,19472578
829200444,198464511
829200444,49964411
829200444,299897336
829200444,85331721
829200444,14333754
829200444,397050983
829200444,32812336
829200444,321021119
829200444,302367778
829200444,21668133
829200444,269838205
829200444,18957407
829200444,292560291
829200444,887163714
829200444,49831095
829200444,14116807
829200444,33566025
829200444,15494380
829200444,26047164
829200444,26618657
829200444,34171224
829200444,22662139
829200444,217164599
829200444,171276528
829200444,102349728
829200444,70002023
829200444,365824009
829200444,14213711
829200444,34461692
