836227969,23995748
836227969,81107994
836227969,427993605
836227969,97908282
836227969,756819762
836227969,3044716233
836227969,228820456
836227969,344027612
836227969,762072931
836227969,23455730
836227969,2453011404
836227969,43666542
836227969,366665185
836227969,20115463
836227969,3092058627
836227969,45597238
836227969,2283988891
836227969,19529871
836227969,48088941
836227969,2510759911
836227969,14293310
836227969,194784408
836227969,454395581
836227969,4008851729
836227969,156233898
836227969,393948633
836227969,612473
836227969,788524
836227969,156651229
836227969,14662354
836227969,87818409
836227969,16589206
836227969,175001271
836227969,1062558625
836227969,1657444321
836227969,25481707
836227969,14842285
836227969,22321740
836227969,25311045
836227969,26486870
836227969,17624959
836227969,236463669
836227969,4002397593
836227969,3898988943
836227969,25067168
836227969,572470115
836227969,948552829
836227969,45228286
836227969,96109537
836227969,19490380
836227969,17637074
836227969,416370934
836227969,606776750
836227969,2916305152
836227969,1674277502
836227969,76640424
836227969,1889832038
836227969,77826352
836227969,331893639
836227969,22384691
836227969,14903044
836227969,94672253
836227969,23263743
836227969,3040424454
836227969,923552342
836227969,14333754
836227969,19472578
836227969,384800335
836227969,21783395
836227969,64643056
836227969,823905
836227969,22492482
836227969,2335565629
836227969,2352169796
836227969,259348780
836227969,2398218362
836227969,1319600503
836227969,237241020
836227969,50529645
836227969,373310683
836227969,3557311774
836227969,16887175
836227969,23585685
836227969,821878118
836227969,86103957
836227969,342864030
836227969,3063416638
836227969,2292454922
836227969,2977900810
836227969,1039815788
836227969,116043270
836227969,288785053
836227969,19529777
836227969,16902662
836227969,89512610
836227969,449229959
836227969,14995420
836227969,21417835
836227969,410978361
836227969,36289386
836227969,499107662
836227969,94081671
836227969,44019909
836227969,130444097
836227969,3097620646
836227969,93847902
836227969,204832963
836227969,2907870629
836227969,783214
836227969,3108351
836227969,25842391
836227969,2842016385
836227969,3044738957
836227969,226503934
836227969,117110737
836227969,2660231086
836227969,68716186
836227969,8884772
836227969,469732848
836227969,28626477
836227969,97255485
836227969,1000027957
836227969,2097571
836227969,742143
836227969,1488268758
836227969,19712523
836227969,21492030
836227969,92551881
836227969,78768180
836227969,2197487762
836227969,3095951597
836227969,1252917283
836227969,1662057727
836227969,74428159
836227969,1690412382
836227969,219288679
836227969,117944911
836227969,119211167
836227969,16513281
836227969,19133738
836227969,3040612629
836227969,559675462
836227969,382632147
836227969,14946308
836227969,85557632
836227969,19980148
836227969,817133173
836227969,19713622
836227969,34423857
836227969,11862072
836227969,2835594983
836227969,2192235747
836227969,1571428436
836227969,24593728
836227969,17463098
836227969,68460366
836227969,273513557
836227969,554331348
836227969,1703045995
836227969,2445662178
836227969,950833303
836227969,2938731219
836227969,2378814295
836227969,1407892861
836227969,21155472
836227969,2710138760
836227969,2629275846
836227969,206398629
836227969,2873949918
836227969,20860888
836227969,14746456
836227969,1260699878
836227969,73695791
836227969,17980026
836227969,21447758
836227969,1554554503
836227969,177581802
836227969,22695694
836227969,771943484
836227969,543043594
836227969,2697807948
836227969,17002395
836227969,83864876
836227969,807095
836227969,141884616
836227969,12554802
836227969,904766143
836227969,258986193
836227969,2651763109
836227969,19247625
836227969,122178701
836227969,22900663
836227969,65450350
836227969,424134200
836227969,635000449
836227969,25535042
836227969,1615685677
836227969,27437467
836227969,26281917
836227969,30300230
836227969,754108867
836227969,244762010
836227969,19875072
836227969,177330533
836227969,388511756
836227969,535486452
836227969,2254048200
836227969,67420766
836227969,154023356
836227969,461393205
836227969,122354696
836227969,2407322029
836227969,20609141
836227969,15677513
836227969,334169788
836227969,1369316678
836227969,61457123
836227969,290762891
836227969,288295333
836227969,1942049240
836227969,26547609
836227969,374749693
836227969,8920462
836227969,82381798
836227969,41407365
836227969,16171953
836227969,182721799
836227969,19405367
836227969,22425307
836227969,21648020
836227969,69034554
836227969,70429646
836227969,17624543
836227969,1582853809
836227969,1169606076
836227969,19612753
836227969,843902677
836227969,1268036324
836227969,170454913
836227969,132012673
836227969,354581708
836227969,2425231
836227969,377008435
836227969,438311796
836227969,19722435
836227969,238574140
836227969,20973069
836227969,783204546
836227969,1362132925
836227969,1023139638
836227969,1063270550
836227969,311606579
836227969,24279390
836227969,794110602
836227969,96798117
836227969,47622979
836227969,51962070
836227969,264991283
836227969,293089801
836227969,339128512
836227969,24688868
836227969,218653131
836227969,1064372960
836227969,1648572798
836227969,715359810
836227969,336080185
836227969,277495114
836227969,21309551
836227969,1646259475
836227969,268406421
836227969,499954166
836227969,15615035
836227969,26276346
836227969,161288528
836227969,1318290254
836227969,1066021488
836227969,1018272098
836227969,51828583
836227969,948984331
836227969,172463257
836227969,267368048
836227969,264799462
836227969,17496551
836227969,1255030290
836227969,136668373
836227969,540351565
836227969,631478559
836227969,19106722
836227969,73874037
836227969,8665852
836227969,79875086
836227969,724660584
836227969,491438824
836227969,53687300
836227969,761801714
836227969,482896494
836227969,51885275
836227969,14270254
836227969,426834798
836227969,1184157890
836227969,14856333
836227969,14373072
836227969,187024797
836227969,392345280
836227969,23837271
836227969,369002891
836227969,44644692
836227969,480931345
836227969,21050755
836227969,944743393
836227969,73643768
836227969,101529046
836227969,1123925072
836227969,928190473
836227969,243404422
836227969,813428520
836227969,280171611
836227969,140091998
836227969,8757362
836227969,394190656
836227969,250545665
836227969,20717438
836227969,347971084
836227969,96263453
836227969,448356091
836227969,70964437
836227969,184028833
836227969,1037922830
836227969,601106396
836227969,974923872
836227969,920088362
836227969,50300579
836227969,750253801
836227969,99206112
836227969,3373791
836227969,447545759
836227969,743471725
836227969,2561091
836227969,254204390
836227969,360615759
836227969,436852459
836227969,54187940
836227969,178757961
836227969,493097688
836227969,364796960
836227969,407130710
836227969,19889294
836227969,204973116
836227969,743117948
836227969,215418310
836227969,381571182
836227969,288186253
836227969,23011527
836227969,604860984
836227969,70830015
836227969,778745226
836227969,595667307
836227969,180363363
836227969,385368458
836227969,47172764
836227969,75511224
836227969,573539708
836227969,23995748
836227969,81107994
836227969,427993605
836227969,97908282
836227969,756819762
836227969,3044716233
836227969,228820456
836227969,344027612
836227969,762072931
836227969,23455730
836227969,2453011404
836227969,43666542
836227969,366665185
836227969,20115463
836227969,3092058627
836227969,45597238
836227969,2283988891
836227969,19529871
836227969,48088941
836227969,2510759911
836227969,14293310
836227969,194784408
836227969,454395581
836227969,4008851729
836227969,156233898
836227969,393948633
836227969,612473
836227969,788524
836227969,156651229
836227969,14662354
836227969,87818409
836227969,16589206
836227969,175001271
836227969,1062558625
836227969,1657444321
836227969,25481707
836227969,14842285
836227969,22321740
836227969,25311045
836227969,26486870
836227969,17624959
836227969,236463669
836227969,4002397593
836227969,3898988943
836227969,25067168
836227969,572470115
836227969,948552829
836227969,45228286
836227969,96109537
836227969,19490380
836227969,17637074
836227969,416370934
836227969,606776750
836227969,2916305152
836227969,1674277502
836227969,76640424
836227969,1889832038
836227969,77826352
836227969,331893639
836227969,22384691
836227969,14903044
836227969,94672253
836227969,23263743
836227969,3040424454
836227969,923552342
836227969,14333754
836227969,19472578
836227969,384800335
836227969,21783395
836227969,64643056
836227969,823905
836227969,22492482
836227969,2335565629
836227969,2352169796
836227969,259348780
836227969,2398218362
836227969,1319600503
836227969,237241020
836227969,50529645
836227969,373310683
836227969,3557311774
836227969,16887175
836227969,23585685
836227969,821878118
836227969,86103957
836227969,342864030
836227969,3063416638
836227969,2292454922
836227969,2977900810
836227969,1039815788
836227969,116043270
836227969,288785053
836227969,19529777
836227969,16902662
836227969,89512610
836227969,449229959
836227969,14995420
836227969,21417835
836227969,410978361
836227969,36289386
836227969,499107662
836227969,94081671
836227969,44019909
836227969,130444097
836227969,3097620646
836227969,93847902
836227969,204832963
836227969,2907870629
836227969,783214
836227969,3108351
836227969,25842391
836227969,2842016385
836227969,3044738957
836227969,226503934
836227969,117110737
836227969,2660231086
836227969,68716186
836227969,8884772
836227969,469732848
836227969,28626477
836227969,97255485
836227969,1000027957
836227969,2097571
836227969,742143
836227969,1488268758
836227969,19712523
836227969,21492030
836227969,92551881
836227969,78768180
836227969,2197487762
836227969,3095951597
836227969,1252917283
836227969,1662057727
836227969,74428159
836227969,1690412382
836227969,219288679
836227969,117944911
836227969,119211167
836227969,16513281
836227969,19133738
836227969,3040612629
836227969,559675462
836227969,382632147
836227969,14946308
836227969,85557632
836227969,19980148
836227969,817133173
836227969,19713622
836227969,34423857
836227969,11862072
836227969,2835594983
836227969,2192235747
836227969,1571428436
836227969,24593728
836227969,17463098
836227969,68460366
836227969,273513557
836227969,554331348
836227969,1703045995
836227969,2445662178
836227969,950833303
836227969,2938731219
836227969,2378814295
836227969,1407892861
836227969,21155472
836227969,2710138760
836227969,2629275846
836227969,206398629
836227969,2873949918
836227969,20860888
836227969,14746456
836227969,1260699878
836227969,73695791
836227969,17980026
836227969,21447758
836227969,1554554503
836227969,177581802
836227969,22695694
836227969,771943484
836227969,543043594
836227969,2697807948
836227969,17002395
836227969,83864876
836227969,807095
836227969,141884616
836227969,12554802
836227969,904766143
836227969,258986193
836227969,2651763109
836227969,19247625
836227969,122178701
836227969,22900663
836227969,65450350
836227969,424134200
836227969,635000449
836227969,25535042
836227969,1615685677
836227969,27437467
836227969,26281917
836227969,30300230
836227969,754108867
836227969,244762010
836227969,19875072
836227969,177330533
836227969,388511756
836227969,535486452
836227969,2254048200
836227969,67420766
836227969,154023356
836227969,461393205
836227969,122354696
836227969,2407322029
836227969,20609141
836227969,15677513
836227969,334169788
836227969,1369316678
836227969,61457123
836227969,290762891
836227969,288295333
836227969,1942049240
836227969,26547609
836227969,374749693
836227969,8920462
836227969,82381798
836227969,41407365
836227969,16171953
836227969,182721799
836227969,19405367
836227969,22425307
836227969,21648020
836227969,69034554
836227969,70429646
836227969,17624543
836227969,1582853809
836227969,1169606076
836227969,19612753
836227969,843902677
836227969,1268036324
836227969,170454913
836227969,132012673
836227969,354581708
836227969,2425231
836227969,377008435
836227969,438311796
836227969,19722435
836227969,238574140
836227969,20973069
836227969,783204546
836227969,1362132925
836227969,1023139638
836227969,1063270550
836227969,311606579
836227969,24279390
836227969,794110602
836227969,96798117
836227969,47622979
836227969,51962070
836227969,264991283
836227969,293089801
836227969,339128512
836227969,24688868
836227969,218653131
836227969,1064372960
836227969,1648572798
836227969,715359810
836227969,336080185
836227969,277495114
836227969,21309551
836227969,1646259475
836227969,268406421
836227969,499954166
836227969,15615035
836227969,26276346
836227969,161288528
836227969,1318290254
836227969,1066021488
836227969,1018272098
836227969,51828583
836227969,948984331
836227969,172463257
836227969,267368048
836227969,264799462
836227969,17496551
836227969,1255030290
836227969,136668373
836227969,540351565
836227969,631478559
836227969,19106722
836227969,73874037
836227969,8665852
836227969,79875086
836227969,724660584
836227969,491438824
836227969,53687300
836227969,761801714
836227969,482896494
836227969,51885275
836227969,14270254
836227969,426834798
836227969,1184157890
836227969,14856333
836227969,14373072
836227969,187024797
836227969,392345280
836227969,23837271
836227969,369002891
836227969,44644692
836227969,480931345
836227969,21050755
836227969,944743393
836227969,73643768
836227969,101529046
836227969,1123925072
836227969,928190473
836227969,243404422
836227969,813428520
836227969,280171611
836227969,140091998
836227969,8757362
836227969,394190656
836227969,250545665
836227969,20717438
836227969,347971084
836227969,96263453
836227969,448356091
836227969,70964437
836227969,184028833
836227969,1037922830
836227969,601106396
836227969,974923872
836227969,920088362
836227969,50300579
836227969,750253801
836227969,99206112
836227969,3373791
836227969,447545759
836227969,743471725
836227969,2561091
836227969,254204390
836227969,360615759
836227969,436852459
836227969,54187940
836227969,178757961
836227969,493097688
836227969,364796960
836227969,407130710
836227969,19889294
836227969,204973116
836227969,743117948
836227969,215418310
836227969,381571182
836227969,288186253
836227969,23011527
836227969,604860984
836227969,70830015
836227969,778745226
836227969,595667307
836227969,180363363
836227969,385368458
836227969,47172764
836227969,75511224
836227969,573539708
