84186668,17339358
84186668,2563141286
84186668,108310222
84186668,3029772199
84186668,171222953
84186668,923751175
84186668,4708700688
84186668,249616905
84186668,4458406953
84186668,498203562
84186668,67955021
84186668,977027892
84186668,510663823
84186668,3084704992
84186668,171758508
84186668,379850316
84186668,113656486
84186668,375580355
84186668,222178221
84186668,4208094441
84186668,348360554
84186668,158313996
84186668,225854166
84186668,244082169
84186668,223507069
84186668,3368277628
84186668,304990157
84186668,152992157
84186668,1938276284
84186668,282058309
84186668,307558964
84186668,247253755
84186668,95312797
84186668,1015610418
84186668,3096575289
84186668,1161178502
84186668,4115187573
84186668,229996143
84186668,87925425
84186668,302569909
84186668,524482722
84186668,792226416
84186668,14889282
84186668,1112316392
84186668,1954302944
84186668,3422479673
84186668,164713706
84186668,380648579
84186668,759251
84186668,275938934
84186668,4119160593
84186668,506249313
84186668,426513095
84186668,191102437
84186668,212377097
84186668,3039268715
84186668,3836501716
84186668,142586707
84186668,12885182
84186668,3111394186
84186668,40904795
84186668,2802373970
84186668,1541554483
84186668,948552829
84186668,122375549
84186668,240726091
84186668,740882738
84186668,1688789778
84186668,143538142
84186668,1270776432
84186668,267924506
84186668,106831009
84186668,2196246424
84186668,3180482847
84186668,2993789903
84186668,241496045
84186668,488281409
84186668,136029982
84186668,460065842
84186668,2276436446
84186668,193112318
84186668,3340973451
84186668,2282392058
84186668,484090152
84186668,254936770
84186668,3414850677
84186668,2411462213
84186668,64193688
84186668,345699854
84186668,200880501
84186668,578181452
84186668,3377028881
84186668,2776392849
84186668,358382482
84186668,14525982
84186668,3302327032
84186668,276948570
84186668,803291118
84186668,313579054
84186668,414086564
84186668,300144495
84186668,2340495680
84186668,188671764
84186668,393476699
84186668,522640110
84186668,3331140759
84186668,259317079
84186668,229043036
84186668,40511349
84186668,2908207647
84186668,552561770
84186668,264169660
84186668,2547990942
84186668,310905050
84186668,3327181637
84186668,816178
84186668,3318948118
84186668,555567684
84186668,3313457320
84186668,2437112695
84186668,247319477
84186668,130195952
84186668,270285380
84186668,89010853
84186668,304030048
84186668,94208950
84186668,1509909097
84186668,2826574482
84186668,1536791610
84186668,3164608121
84186668,140034129
84186668,3019961223
84186668,366223820
84186668,273377392
84186668,427401489
84186668,259203746
84186668,216637862
84186668,2270723412
84186668,499183470
84186668,16099900
84186668,222543160
84186668,3042094893
84186668,223574651
84186668,2310640232
84186668,3050763708
84186668,2177593573
84186668,430639487
84186668,54535299
84186668,1586910313
84186668,125407623
84186668,447141908
84186668,424977446
84186668,248179184
84186668,194051455
84186668,293699918
84186668,43877830
84186668,301429402
84186668,3091376321
84186668,3088681187
84186668,3017184543
84186668,2921764061
84186668,365153575
84186668,1242105182
84186668,289033035
84186668,219254205
84186668,250244031
84186668,348809399
84186668,595728565
84186668,596717255
84186668,397828236
84186668,202163156
84186668,2367526154
84186668,3043963415
84186668,302061842
84186668,57693050
84186668,201432451
84186668,2800866513
84186668,334124958
84186668,1031322858
84186668,306268810
84186668,402593346
84186668,499649876
84186668,110284113
84186668,340545861
84186668,245402555
84186668,381729956
84186668,1884163777
84186668,805527372
84186668,2910853983
84186668,2480387448
84186668,271672952
84186668,392641490
84186668,470939940
84186668,199334125
84186668,49464241
84186668,307916617
84186668,569215571
84186668,337016752
84186668,46065971
84186668,407582063
84186668,1344893305
84186668,125565775
84186668,429294209
84186668,301353550
84186668,393042841
84186668,183664902
84186668,101895548
84186668,409549183
84186668,134633337
84186668,2510100902
84186668,1958927894
84186668,53359489
84186668,339539472
84186668,172669283
84186668,2830130933
84186668,459644797
84186668,79443646
84186668,169743471
84186668,38708802
84186668,1478198448
84186668,407913953
84186668,68833161
84186668,246545036
84186668,455875065
84186668,276536888
84186668,2775549077
84186668,37883400
84186668,175114634
84186668,119538078
84186668,2445670052
84186668,498324833
84186668,2495032879
84186668,335260607
84186668,49006538
84186668,1593250758
84186668,137995592
84186668,2419290031
84186668,1269484171
84186668,392199690
84186668,17185251
84186668,289572320
84186668,225138968
84186668,442385889
84186668,1552682011
84186668,372812630
84186668,382301489
84186668,139184481
84186668,200476117
84186668,254177137
84186668,115682639
84186668,284708299
84186668,580277671
84186668,17406587
84186668,148783856
84186668,266641960
84186668,2397043430
84186668,50982086
84186668,296273558
84186668,209644306
84186668,2407835504
84186668,103354661
84186668,316706708
84186668,2325491827
84186668,1151557338
84186668,146777317
84186668,904269906
84186668,552143194
84186668,473440060
84186668,801170965
84186668,394266186
84186668,718462963
84186668,253194378
84186668,2565561788
84186668,2707139214
84186668,2537713124
84186668,360612491
84186668,115611795
84186668,351873631
84186668,54235549
84186668,119548863
84186668,2537896518
84186668,13170872
84186668,376169179
84186668,204060294
84186668,396804579
84186668,296912924
84186668,242796283
84186668,2350580215
84186668,301716524
84186668,68740712
84186668,773725616
84186668,1379302880
84186668,2558484630
84186668,1144933434
84186668,965363461
84186668,39713726
84186668,2566161613
84186668,2385561290
84186668,2561916336
84186668,413181062
84186668,2549586726
84186668,15115726
84186668,2577509667
84186668,1099405832
84186668,168195769
84186668,25555639
84186668,477918031
84186668,2497155462
84186668,622053533
84186668,1482166616
84186668,17474018
84186668,105075507
84186668,1114568586
84186668,6598492
84186668,244625846
84186668,971728339
84186668,279217986
84186668,900404149
84186668,444004597
84186668,255925933
84186668,478923542
84186668,317701115
84186668,23461278
84186668,207131837
84186668,320907217
84186668,436843405
84186668,220292159
84186668,206616757
84186668,364528766
84186668,2312145266
84186668,707931426
84186668,280477631
84186668,237726028
84186668,138691828
84186668,1356484224
84186668,227630708
84186668,281420220
84186668,260392753
84186668,248264581
84186668,247718638
84186668,428923166
84186668,313478703
84186668,258713107
84186668,109616781
84186668,1894591321
84186668,789095520
84186668,239422242
84186668,784574954
84186668,988573350
84186668,240638939
84186668,2315119148
84186668,707244590
84186668,589161090
84186668,1494100669
84186668,177353273
84186668,267779893
84186668,526755022
84186668,263666125
84186668,196330008
84186668,285759077
84186668,106761386
84186668,1443604814
84186668,2303383770
84186668,889012478
84186668,1363564202
84186668,2353384208
84186668,342266177
84186668,1015763690
84186668,309022429
84186668,2149556352
84186668,54417706
84186668,353820534
84186668,220389772
84186668,18944456
84186668,1305372373
84186668,2177765766
84186668,392659797
84186668,315119037
84186668,968542092
84186668,72296404
84186668,162446765
84186668,2201623465
84186668,215707523
84186668,2288138575
84186668,1387925532
84186668,1008340362
84186668,57377653
84186668,370712872
84186668,133226316
84186668,260788584
84186668,379084818
84186668,245074453
84186668,324503693
84186668,906400872
84186668,2181196383
84186668,256620919
84186668,2291367451
84186668,19920337
84186668,571014864
84186668,209001839
84186668,889290870
84186668,868301383
84186668,20186302
84186668,208992939
84186668,14204738
84186668,538487432
84186668,398669470
84186668,1386426673
84186668,335267403
84186668,190968196
84186668,510535152
84186668,14824411
84186668,1531634724
84186668,403324434
84186668,435781100
84186668,1601944592
84186668,420882631
84186668,2275043292
84186668,58452939
84186668,184993308
84186668,1348731361
84186668,109256475
84186668,405662216
84186668,1427984960
84186668,80966686
84186668,81343281
84186668,16579721
84186668,209783680
84186668,38966126
84186668,293754052
84186668,301306806
84186668,128332174
84186668,91796121
84186668,1918315194
84186668,277602626
84186668,1179525037
84186668,243370260
84186668,163486832
84186668,309053188
84186668,365071422
84186668,224257635
84186668,76593802
84186668,582959965
84186668,1229308177
84186668,211699719
84186668,438222321
84186668,2173536728
84186668,301424273
84186668,243380988
84186668,242687659
84186668,79982342
84186668,487443153
84186668,465109483
84186668,1026322759
84186668,63482996
84186668,2150280067
84186668,420475251
84186668,190477138
84186668,414696957
84186668,1947115836
84186668,702386020
84186668,459672034
84186668,1433428914
84186668,448377201
84186668,222643714
84186668,198516419
84186668,79567482
84186668,532035952
84186668,308373453
84186668,17451702
84186668,532027594
84186668,269889808
84186668,65045121
84186668,261163123
84186668,568593193
84186668,113673277
84186668,321618284
84186668,632241511
84186668,338560854
84186668,421158794
84186668,1001023680
84186668,285723719
84186668,83852883
84186668,275674102
84186668,158201610
84186668,539315855
84186668,230424236
84186668,1292117322
84186668,300911929
84186668,249078816
84186668,50364803
84186668,109641722
84186668,189927299
84186668,105164086
84186668,224970347
84186668,168547856
84186668,157265223
84186668,570674414
84186668,37062760
84186668,1707338683
84186668,25122127
84186668,291743773
84186668,338934296
84186668,104836748
84186668,378273223
84186668,141943563
84186668,110442665
84186668,299920075
84186668,312919152
84186668,378131968
84186668,14246806
84186668,273925677
84186668,535153760
84186668,44415942
84186668,10714012
84186668,128351442
84186668,121127726
84186668,172284534
84186668,18627726
84186668,1211640481
84186668,1341278569
84186668,1495989984
84186668,50134116
84186668,301488218
84186668,1560003852
84186668,61510234
84186668,283685997
84186668,22751924
84186668,198265230
84186668,485741069
84186668,271067527
84186668,17138110
84186668,20929745
84186668,561181660
84186668,242490306
84186668,58160784
84186668,20142946
84186668,174243023
84186668,246248746
84186668,11419202
84186668,1115352032
84186668,306414975
84186668,176276685
84186668,175336986
84186668,240813604
84186668,269477327
84186668,1002017780
84186668,20909329
84186668,233309971
84186668,206846660
84186668,429298709
84186668,137420998
84186668,234931002
84186668,252101925
84186668,253017888
84186668,420186657
84186668,58501352
84186668,136354866
84186668,347995523
84186668,567389065
84186668,17162711
84186668,145276390
84186668,504631659
84186668,789126512
84186668,336743995
84186668,427295859
84186668,274450702
84186668,96103473
84186668,603495252
84186668,1212633373
84186668,88858399
84186668,138024491
84186668,382001158
84186668,183276783
84186668,746724278
84186668,543451504
84186668,1299277982
84186668,89954550
84186668,343315710
84186668,1308828907
84186668,855980569
84186668,256203874
84186668,19509500
84186668,472904260
84186668,391089488
84186668,362565198
84186668,978765787
84186668,102095809
84186668,227645754
84186668,112134350
84186668,1286968934
84186668,231083223
84186668,253006795
84186668,256172497
84186668,564829713
84186668,331020996
84186668,362433939
84186668,1008776335
84186668,48579013
84186668,376623675
84186668,203590680
84186668,350411337
84186668,13346352
84186668,482389606
84186668,293012562
84186668,263780425
84186668,307881997
84186668,249150911
84186668,48648969
84186668,19667512
84186668,320444430
84186668,780717692
84186668,369446236
84186668,252858431
84186668,424621609
84186668,385297877
84186668,270843631
84186668,347816410
84186668,119743754
84186668,29151579
84186668,270607088
84186668,158342368
84186668,884334829
84186668,187659158
84186668,219331174
84186668,1003554102
84186668,8407612
84186668,579787976
84186668,416058760
84186668,43882274
84186668,1117741261
84186668,305465581
84186668,301946920
84186668,371923461
84186668,9379912
84186668,746829750
84186668,96094023
84186668,301087666
84186668,278458079
84186668,307540221
84186668,1129034000
84186668,21044771
84186668,244480058
84186668,207180372
84186668,115095483
84186668,124439149
84186668,251804683
84186668,247679867
84186668,125647054
84186668,298201259
84186668,239469819
84186668,189906799
84186668,226900736
84186668,896038494
84186668,245965977
84186668,135579914
84186668,1065312330
84186668,122729604
84186668,740841738
84186668,8089762
84186668,146049458
84186668,855182293
84186668,161782623
84186668,207570489
84186668,428486667
84186668,211114553
84186668,168502031
84186668,198829810
84186668,353807111
84186668,603884167
84186668,124570832
84186668,174769560
84186668,80530730
84186668,365398793
84186668,346179635
84186668,442235954
84186668,1477811
84186668,18509968
84186668,245551558
84186668,308572846
84186668,107153756
84186668,207227095
84186668,217556567
84186668,932704483
84186668,208219950
84186668,14771699
84186668,300754325
84186668,129207405
84186668,41776130
84186668,259274028
84186668,251096605
84186668,126280146
84186668,103982389
84186668,89148725
84186668,29464861
84186668,38149363
84186668,353694354
84186668,2330551
84186668,276397899
84186668,830626404
84186668,118682314
84186668,70757523
84186668,256914255
84186668,250069415
84186668,402843626
84186668,33884545
84186668,36103845
84186668,789758492
84186668,866666965
84186668,182330628
84186668,179304336
84186668,14947001
84186668,137041992
84186668,579217415
84186668,493086082
84186668,110266780
84186668,68673276
84186668,10629592
84186668,61767963
84186668,460386348
84186668,92415862
84186668,832928402
84186668,39483072
84186668,769919
84186668,618263708
84186668,607021904
84186668,796684728
84186668,222069872
84186668,574783449
84186668,336667202
84186668,606397676
84186668,771678673
84186668,417417008
84186668,207681408
84186668,81721843
84186668,402069325
84186668,783982
84186668,119181458
84186668,51025341
84186668,245964724
84186668,213831646
84186668,267067689
84186668,274013085
84186668,300750327
84186668,281650794
84186668,402898437
84186668,104468433
84186668,36378198
84186668,169417042
84186668,115002108
84186668,595548192
84186668,110403389
84186668,66021698
84186668,135599953
84186668,329294054
84186668,22346373
84186668,376780835
84186668,249749586
84186668,268410344
84186668,549645545
84186668,587358356
84186668,214227673
84186668,31210636
84186668,313886137
84186668,68039572
84186668,38063
84186668,119355599
84186668,229191198
84186668,20173313
84186668,236366735
84186668,127974009
84186668,571260063
84186668,528987532
84186668,250620677
84186668,41775007
84186668,505412617
84186668,549455191
84186668,358225467
84186668,561804163
84186668,206006405
84186668,89784280
84186668,272656294
84186668,512288788
84186668,250029104
84186668,106728396
84186668,250148035
84186668,187102833
84186668,248882803
84186668,109208715
84186668,525416576
84186668,325508296
84186668,58761547
84186668,253578067
84186668,27854312
84186668,461950880
84186668,280405370
84186668,66170824
84186668,246591801
84186668,535707261
84186668,49447769
84186668,409892360
84186668,248763460
84186668,475585621
84186668,290562205
84186668,260687577
84186668,252035767
84186668,362979322
84186668,95282803
84186668,40047903
84186668,31097748
84186668,270370521
84186668,18265605
84186668,236966282
84186668,62887164
84186668,143616789
84186668,250255286
84186668,229056495
84186668,249189703
84186668,197863865
84186668,302646282
84186668,426450380
84186668,210490354
84186668,67682384
84186668,481947575
84186668,97686872
84186668,248763779
84186668,148867925
84186668,166199937
84186668,16206972
84186668,22748103
84186668,149094350
84186668,296981799
84186668,27658009
84186668,36020111
84186668,166697016
84186668,65385285
84186668,38381308
84186668,43310939
84186668,381508762
84186668,385621023
84186668,189984422
84186668,307829561
84186668,243608028
84186668,332208976
84186668,405019752
84186668,15178410
84186668,405695386
84186668,132584621
84186668,259440765
84186668,142276437
84186668,160708074
84186668,305514503
84186668,104219645
84186668,281146904
84186668,277524291
84186668,438413504
84186668,436016566
84186668,303711122
84186668,354991491
84186668,363696047
84186668,146798608
84186668,5942452
84186668,208510388
84186668,279649054
84186668,97656149
84186668,288129939
84186668,108670198
84186668,394596515
84186668,301388743
84186668,11904592
84186668,254095456
84186668,78864249
84186668,134141680
84186668,318606216
84186668,347989580
84186668,42702612
84186668,16084460
84186668,262324375
84186668,8077952
84186668,18717943
84186668,287649946
84186668,407600052
84186668,394719904
84186668,41782018
84186668,251084835
84186668,252193398
84186668,255461727
84186668,205733364
84186668,112969430
84186668,88475257
84186668,37659045
84186668,104299273
84186668,104856368
84186668,216507103
84186668,14371600
84186668,173256424
84186668,342393719
84186668,231365572
84186668,377271982
84186668,343447873
84186668,168777331
84186668,66947686
84186668,280926005
84186668,338440431
84186668,144568733
84186668,235103993
84186668,90991130
84186668,20862425
84186668,139169622
84186668,352557751
84186668,2454351
84186668,17930623
84186668,317410514
84186668,278993405
84186668,230141062
84186668,78863928
84186668,121859642
84186668,85879233
84186668,94361315
84186668,262872637
84186668,199049406
84186668,269300427
84186668,94334247
84186668,69060709
84186668,323933257
84186668,269471430
84186668,213379779
84186668,95232591
84186668,191158330
84186668,209754467
84186668,113633730
84186668,21667065
84186668,104450723
84186668,236124090
84186668,90725961
84186668,241147024
84186668,116898464
84186668,14396748
84186668,72872490
84186668,268470229
84186668,226586727
84186668,138017176
84186668,16435631
84186668,324877012
84186668,225916866
84186668,249738912
84186668,112510541
84186668,16130350
84186668,293495242
84186668,336210410
84186668,269760969
84186668,96642355
84186668,220047267
84186668,34583504
84186668,14436317
84186668,270652116
84186668,226078827
84186668,210903328
84186668,111933542
84186668,34583081
84186668,66789097
84186668,36626651
84186668,5709912
84186668,23746926
84186668,127207895
84186668,27039770
84186668,286949912
84186668,24870470
84186668,156630555
84186668,267355099
84186668,34611467
84186668,34583721
84186668,145174256
84186668,60983606
84186668,266601231
84186668,147635485
84186668,223441876
84186668,34583152
84186668,215852314
84186668,190195847
84186668,99105094
84186668,142001958
84186668,214109893
84186668,183387449
84186668,42856346
84186668,19292516
84186668,65370249
84186668,197852287
84186668,255133435
84186668,100581725
84186668,245792560
84186668,267274202
84186668,65709377
84186668,219040377
84186668,17676713
84186668,100547517
84186668,58417540
84186668,26729931
84186668,252586921
84186668,105082141
84186668,86514375
84186668,228913634
84186668,200914093
84186668,110942823
84186668,16589206
84186668,65369125
84186668,224223563
84186668,7996082
84186668,14436030
84186668,35993422
84186668,263353954
84186668,194934827
84186668,151123001
84186668,14872237
84186668,112764971
84186668,224660508
84186668,202811030
84186668,224049321
84186668,13426312
84186668,85055131
84186668,14306573
84186668,6809022
84186668,70574659
84186668,44171148
