84370620,354604539
84370620,3019961223
84370620,123176315
84370620,85907768
84370620,2245877276
84370620,143841978
84370620,3301324384
84370620,3380065859
84370620,12493262
84370620,1279228440
84370620,3242137713
84370620,2254456303
84370620,154021500
84370620,19472578
84370620,948552829
84370620,1089767276
84370620,4744395743
84370620,2340110782
84370620,2537896518
84370620,158201610
84370620,372812630
84370620,225138968
84370620,253315870
84370620,1396032056
84370620,334328269
84370620,116540863
84370620,1092751928
84370620,140922830
84370620,140679829
84370620,855181338
84370620,782076
84370620,599612165
84370620,469779953
84370620,58693020
84370620,989578909
84370620,312211093
84370620,1636683372
84370620,193451781
84370620,1426393560
84370620,55121301
84370620,50247003
84370620,82104938
84370620,42685874
84370620,35103663
84370620,169235771
84370620,1101491665
84370620,77906910
84370620,53366895
84370620,443232604
84370620,119992583
84370620,140320615
84370620,551349423
84370620,235588457
84370620,153482159
84370620,138868069
84370620,130634494
84370620,870875502
84370620,93335826
84370620,1682189665
84370620,3429267454
84370620,96846955
84370620,82635235
84370620,806028248
84370620,64052417
84370620,232380502
84370620,66763964
84370620,143154158
84370620,384099116
84370620,53747581
84370620,596585185
84370620,3178436189
84370620,187542074
84370620,3585715213
84370620,276243972
84370620,550968001
84370620,313604941
84370620,140965007
84370620,1165220712
84370620,296017197
84370620,374115730
84370620,301464513
84370620,198579422
84370620,558755462
84370620,424819798
84370620,3238202011
84370620,204116066
84370620,137454937
84370620,297440365
84370620,1576232376
84370620,148151084
84370620,559877753
84370620,242851671
84370620,18022904
84370620,236574890
84370620,596593775
84370620,142296675
84370620,71210107
84370620,602265919
84370620,181738787
84370620,280412626
84370620,124690469
84370620,1597471500
84370620,280701704
84370620,3198514286
84370620,89308131
84370620,211978002
84370620,403197231
84370620,160869775
84370620,125741466
84370620,197919383
84370620,161734463
84370620,78938710
84370620,407470494
84370620,576988042
84370620,14824411
84370620,2353581001
84370620,27711339
84370620,1548317628
84370620,407775884
84370620,18868617
84370620,487806081
84370620,49695692
84370620,59623643
84370620,2384194718
84370620,71318604
84370620,493086082
84370620,368207136
84370620,248264581
84370620,600170473
84370620,2292454922
84370620,148819696
84370620,334602996
84370620,39490506
84370620,1285082581
84370620,154391771
84370620,74526887
84370620,124450567
84370620,1305503437
84370620,37338814
84370620,137903177
84370620,1488544838
84370620,155014599
84370620,282339186
84370620,247597938
84370620,187864310
84370620,1568396827
84370620,29479000
84370620,50134116
84370620,107202590
84370620,95025617
84370620,392199690
84370620,546918962
84370620,974748966
84370620,183731193
84370620,215707523
84370620,912364213
84370620,618420295
84370620,2419290031
84370620,82793987
84370620,20929745
84370620,11904592
84370620,784574954
84370620,108670198
84370620,482389606
84370620,370889025
84370620,2281167636
84370620,81733302
84370620,25555639
84370620,2288138575
84370620,158342368
84370620,822910567
84370620,203057426
84370620,553757953
84370620,46332345
84370620,111678026
84370620,196094616
84370620,828925758
84370620,64247981
84370620,440031569
84370620,1285731858
84370620,749430660
84370620,1071992070
84370620,457014939
84370620,36590832
84370620,99561835
84370620,466529676
84370620,454340051
84370620,203640409
84370620,101827943
84370620,112347894
84370620,146279822
84370620,98391894
84370620,321087703
84370620,1127126630
84370620,114324783
84370620,95229015
84370620,47437739
84370620,383752490
84370620,109647854
84370620,15248067
84370620,2352513265
84370620,305957356
84370620,210310674
84370620,436086142
84370620,438866085
84370620,156437099
84370620,950341134
84370620,1468395541
84370620,344801362
84370620,900527546
84370620,586950556
84370620,154604973
84370620,255649220
84370620,117453374
84370620,330446733
84370620,240961033
84370620,108029063
84370620,1905329568
84370620,376378883
84370620,1092489649
84370620,549380248
84370620,1888497932
84370620,190443872
84370620,537300529
84370620,2577349345
84370620,2302536439
84370620,247766310
84370620,2359639830
84370620,1464611226
84370620,2155215398
84370620,465811969
84370620,2491702663
84370620,2273387096
84370620,1964571728
84370620,143337026
84370620,65489923
84370620,77102228
84370620,467634392
84370620,149657037
84370620,290795982
84370620,266675787
84370620,2347684087
84370620,1855467800
84370620,191571827
84370620,18091004
84370620,158772352
84370620,1979416208
84370620,1482951702
84370620,444838837
84370620,394156956
84370620,148118279
84370620,1117317140
84370620,296967093
84370620,274574679
84370620,2414921678
84370620,102866014
84370620,115834052
84370620,134678939
84370620,331651170
84370620,126194821
84370620,115678255
84370620,626522078
84370620,143059568
84370620,1071098448
84370620,382267114
84370620,180505807
84370620,138176142
84370620,562639969
84370620,227749365
84370620,325827558
84370620,333534411
84370620,1534302566
84370620,239370767
84370620,133069590
84370620,169279319
84370620,75931520
84370620,359069421
84370620,143150977
84370620,36928426
84370620,144134611
84370620,297047872
84370620,39907793
84370620,34464376
84370620,199040721
84370620,21787625
84370620,28987332
84370620,23023236
84370620,13058772
84370620,741469796
84370620,143317120
84370620,42894971
84370620,139159493
84370620,1640169925
84370620,1969248018
84370620,1731294253
84370620,1115577672
84370620,274044692
84370620,49681553
84370620,1592359772
84370620,280266758
84370620,1668602353
84370620,396843294
84370620,1062130226
84370620,141376740
84370620,1500350946
84370620,231205260
84370620,745762958
84370620,1433489833
84370620,72122355
84370620,76665708
84370620,149959442
84370620,131050004
84370620,191735242
84370620,80071465
84370620,478690595
84370620,348467478
84370620,71940068
84370620,150570030
84370620,47038754
84370620,58871589
84370620,124587104
84370620,53450373
84370620,67143977
84370620,132173845
84370620,136418610
84370620,204465004
84370620,740336334
84370620,342599843
84370620,290122781
84370620,12985142
84370620,194801893
84370620,533085085
84370620,63264525
84370620,138761505
84370620,510425220
84370620,201572956
84370620,1650533755
84370620,139518091
84370620,35022597
84370620,116567332
84370620,1223004193
84370620,157882693
84370620,78663051
84370620,485063714
84370620,170349294
84370620,282064204
84370620,304596944
84370620,333436750
84370620,138409166
84370620,250421773
84370620,78593550
84370620,138966580
84370620,1131026845
84370620,1477911632
84370620,269862824
84370620,1493977981
84370620,165632083
84370620,205011496
84370620,134706658
84370620,227060688
84370620,417800701
84370620,244730854
84370620,77267858
84370620,516748035
84370620,1411760503
84370620,96807548
84370620,104672014
84370620,1305415974
84370620,1346936306
84370620,1276381399
84370620,303843313
84370620,111369856
84370620,132242191
84370620,18817549
84370620,100659974
84370620,112572078
84370620,159368301
84370620,187543803
84370620,117469920
84370620,85698025
84370620,248847257
84370620,340009796
84370620,190891445
84370620,143911826
84370620,342382163
84370620,634656263
84370620,44101578
84370620,585143880
84370620,116866416
84370620,361279795
84370620,80820758
84370620,158059666
84370620,83024403
84370620,438733393
84370620,243479047
84370620,526484710
84370620,400089124
84370620,1301681984
84370620,227092411
84370620,192972216
84370620,1343415174
84370620,1457220668
84370620,61018481
84370620,65466242
84370620,126674884
84370620,261648562
84370620,61575561
84370620,431260361
84370620,426768531
84370620,506274758
84370620,72123312
84370620,519652849
84370620,92341132
84370620,125853573
84370620,293339063
84370620,85715406
84370620,572176240
84370620,91850580
84370620,75934809
84370620,265145680
84370620,98781946
84370620,112600379
84370620,114543805
84370620,524475596
84370620,335590021
84370620,64629283
84370620,481702668
84370620,596478152
84370620,255140610
84370620,1066908800
84370620,212123613
84370620,94726813
84370620,140634413
84370620,110865711
84370620,90572703
84370620,343866468
84370620,73517704
84370620,32309662
84370620,92441250
84370620,142953320
84370620,140566114
84370620,109120181
84370620,468477745
84370620,94187613
84370620,140454571
84370620,49849732
84370620,1252764865
84370620,227845581
84370620,1256319764
84370620,147274350
84370620,64839766
84370620,46314099
84370620,87266285
84370620,111419390
84370620,51279708
84370620,90974409
84370620,228527029
84370620,360671330
84370620,232728724
84370620,351921957
84370620,101814985
84370620,159635902
84370620,63272697
84370620,214164219
84370620,379197417
84370620,89192427
84370620,286769880
84370620,606545703
84370620,787427792
84370620,932973426
84370620,1069923181
84370620,136138665
84370620,82119937
84370620,14159148
84370620,14055214
84370620,452155423
84370620,132208820
84370620,138112339
84370620,139145785
84370620,100731315
84370620,386097836
84370620,214337223
84370620,790554979
84370620,801474386
84370620,342363193
84370620,528141551
84370620,112294115
84370620,179163461
84370620,365248752
84370620,612331433
84370620,153161529
84370620,72607689
84370620,547224001
84370620,207343219
84370620,216795860
84370620,15182226
84370620,108382988
84370620,255521851
84370620,138042284
84370620,23006794
84370620,555527251
84370620,155927976
84370620,49636886
84370620,20479813
84370620,480782173
84370620,285332860
84370620,1652541
84370620,225445834
84370620,126086956
84370620,40987316
84370620,103810368
84370620,36553896
84370620,36222583
84370620,50686710
84370620,46403451
84370620,312198854
84370620,394856331
84370620,18863815
84370620,85426644
84370620,78415543
84370620,190089500
84370620,155901477
84370620,155035632
84370620,151898031
84370620,126090923
84370620,46365884
84370620,244425128
84370620,66842481
84370620,91434784
84370620,82328404
84370620,16676160
84370620,305130899
84370620,142418821
84370620,294085868
84370620,165762468
84370620,305085584
84370620,76262666
84370620,172926245
84370620,17838113
84370620,39372679
84370620,64862859
84370620,64745021
84370620,142545870
84370620,144980708
84370620,74198943
84370620,73954053
84370620,67078807
84370620,237031576
84370620,14071538
84370620,124449907
84370620,5520952
84370620,33884545
84370620,135193111
84370620,148159601
84370620,39505084
84370620,139594044
84370620,69962890
84370620,4970411
84370620,118085767
84370620,114793431
84370620,87190526
84370620,87220181
84370620,192023197
84370620,116590031
84370620,171985977
84370620,22326926
84370620,134629415
84370620,150052601
84370620,7540212
84370620,144927419
84370620,65629788
84370620,106891797
84370620,19818489
84370620,8080552
84370620,118864905
84370620,131574396
84370620,189039244
84370620,75070710
84370620,51832360
84370620,51838299
84370620,64049292
84370620,131618749
84370620,111461486
84370620,34949757
84370620,72732893
84370620,37294647
84370620,138814032
84370620,148098956
84370620,34798360
84370620,183387449
84370620,44145131
84370620,138372303
84370620,41221076
84370620,104974333
84370620,10228272
84370620,71633671
84370620,142295586
84370620,140070953
84370620,116312919
84370620,170754724
84370620,22677822
84370620,155659213
84370620,60865434
84370620,151123001
84370620,14835425
84370620,140246960
84370620,130122646
84370620,139092348
84370620,138388408
84370620,17071337
84370620,151009725
84370620,154579472
84370620,77694285
84370620,80612078
84370620,128637475
84370620,55848232
84370620,113528144
84370620,111439639
84370620,14872237
84370620,61263055
84370620,46508678
84370620,96187825
84370620,33905807
84370620,99197846
84370620,41380789
84370620,40360551
84370620,813286
84370620,39203045
84370620,72123876
84370620,73935457
84370620,50354013
