85199169,123754656
85199169,19713622
85199169,1615685677
85199169,19472578
85199169,948552829
85199169,19980148
85199169,1097836022
85199169,2699519000
85199169,3619773135
85199169,17169453
85199169,7682502
85199169,217752780
85199169,45542386
85199169,13353862
85199169,8350912
85199169,68440549
85199169,24744541
85199169,16717501
85199169,52782073
85199169,14456373
85199169,18671165
85199169,157981564
85199169,2917327863
85199169,20380673
85199169,53147055
85199169,14399483
85199169,83863263
85199169,346742249
85199169,27935844
85199169,205339205
85199169,166927079
85199169,121167080
85199169,66834664
85199169,1023139638
85199169,1523773080
85199169,3224664537
85199169,18060324
85199169,454395581
85199169,16668550
85199169,21854625
85199169,17484499
85199169,2815580296
85199169,3319315456
85199169,67759618
85199169,1145821645
85199169,277495114
85199169,120837850
85199169,2230147480
85199169,3014548515
85199169,124690469
85199169,3007881836
85199169,134419472
85199169,1173996740
85199169,19024453
85199169,2467791
85199169,380648579
85199169,52803178
85199169,21329875
85199169,23854778
85199169,2516344592
85199169,111304087
85199169,19641818
85199169,19346501
85199169,23446053
85199169,1029365016
85199169,28683960
85199169,14604970
85199169,14362622
85199169,26465424
85199169,505089852
85199169,16334857
85199169,6107422
85199169,16343974
85199169,141301260
85199169,223411301
85199169,24696669
85199169,14842285
85199169,26565946
85199169,18049879
85199169,25891069
85199169,23484039
85199169,43869790
85199169,19504112
85199169,1334838757
85199169,113714309
85199169,1690412382
85199169,180505807
85199169,2523659401
85199169,2563402510
85199169,108382988
85199169,5827292
85199169,18396706
85199169,19650966
85199169,2455097209
85199169,28347243
85199169,618431979
85199169,20993054
85199169,217518231
85199169,16664681
85199169,1286063538
85199169,175001271
85199169,1877831
85199169,15108702
85199169,7587032
85199169,87818409
85199169,612473
85199169,2097571
85199169,5695632
85199169,1112421
85199169,1931593178
85199169,48687637
85199169,96694982
85199169,1608357912
85199169,19564523
85199169,86859709
85199169,8093332
85199169,11824182
85199169,49781518
85199169,19394887
85199169,49910019
85199169,2302186093
85199169,2307217620
85199169,18062318
85199169,826037515
85199169,50602093
85199169,50300579
85199169,21309551
85199169,85908999
85199169,395388847
85199169,308470015
85199169,328980753
85199169,17624543
85199169,759251
85199169,1433827747
85199169,1283619919
85199169,71589166
85199169,14780915
85199169,21303384
85199169,121759959
85199169,233919743
85199169,1191357942
85199169,19588024
85199169,1009994329
85199169,1355015610
85199169,440182886
85199169,1250322144
85199169,565888564
85199169,18362127
85199169,1480157934
85199169,2234833825
85199169,53350906
85199169,578447933
85199169,14942507
85199169,50640639
85199169,114798871
85199169,26258900
85199169,627249871
85199169,3646911
85199169,280050262
85199169,155659213
85199169,14679798
85199169,10373612
85199169,41878061
85199169,26775229
85199169,59486068
85199169,2884771
85199169,4898091
85199169,15110357
85199169,33611395
85199169,9459622
85199169,14847636
85199169,18949452
85199169,3108351
85199169,205323928
85199169,51241574
85199169,574047624
85199169,389413972
85199169,241100784
85199169,529352716
85199169,23191959
85199169,1137972612
85199169,25098916
85199169,1540767146
85199169,124139163
85199169,23780652
85199169,25535042
85199169,1382404544
85199169,19712523
85199169,8728392
85199169,16632149
85199169,1262392292
85199169,19335389
85199169,23585685
85199169,14293310
85199169,94081671
85199169,22637074
85199169,19686295
85199169,48005387
85199169,20112028
85199169,87460291
85199169,19814175
85199169,1652541
85199169,788524
85199169,54714026
85199169,6017542
85199169,26563082
85199169,41658181
85199169,16451028
85199169,43387423
85199169,73499931
85199169,37900016
85199169,27077831
85199169,16631331
85199169,5988062
85199169,14583362
85199169,260427683
85199169,19019702
85199169,19247625
85199169,182721799
85199169,84128595
85199169,17806553
85199169,19889294
85199169,8665852
85199169,193005720
85199169,7109022
85199169,20781929
85199169,19921389
85199169,371823481
85199169,16854780
85199169,943363038
85199169,21783395
85199169,8665572
85199169,15194047
85199169,212594756
85199169,8699742
85199169,8884772
85199169,15391813
85199169,24906032
85199169,16631801
85199169,315333494
85199169,24042063
85199169,10097492
85199169,21197419
85199169,129990972
85199169,19186180
85199169,18227538
85199169,226605864
85199169,18744786
85199169,10353342
85199169,455878480
85199169,251462660
85199169,25186291
85199169,29177024
85199169,82937544
85199169,19460159
85199169,30668264
85199169,21938465
85199169,83635912
85199169,90910479
85199169,7608852
85199169,17173144
85199169,20843014
85199169,15683146
85199169,18148136
85199169,19019970
85199169,29214466
85199169,12497362
85199169,17311493
85199169,49487311
85199169,2043041
85199169,24241544
85199169,19735404
85199169,15030767
85199169,28009560
85199169,807095
85199169,7996082
85199169,22017142
85199169,62793130
85199169,17884125
85199169,14270254
85199169,608508685
85199169,76918533
85199169,19587505
85199169,22491905
85199169,84713811
85199169,3373791
85199169,428333
85199169,11819792
85199169,14186057
85199169,16171953
85199169,26276346
85199169,17163446
85199169,19264748
85199169,84354338
85199169,99721316
85199169,40872043
85199169,14758257
85199169,32353618
85199169,5402612
85199169,3550091
85199169,16631693
85199169,2561091
85199169,18075140
85199169,21943447
85199169,15392221
85199169,23263743
85199169,61037301
85199169,16294411
85199169,24228647
85199169,20148996
85199169,20952326
85199169,56019138
85199169,22134758
85199169,56097854
85199169,34464095
85199169,23458652
85199169,14118519
85199169,19539490
85199169,19866755
85199169,80901549
85199169,57447621
85199169,9747822
85199169,18324469
85199169,14225680
