854617476,3713171902
854617476,420544126
854617476,2979008332
854617476,4160643653
854617476,2942811329
854617476,2163722615
854617476,3845532982
854617476,3930672195
854617476,3984327135
854617476,3905744732
854617476,3307261295
854617476,3996121181
854617476,3988717996
854617476,4003895417
854617476,588449122
854617476,4026135334
854617476,617635073
854617476,4046600007
854617476,4036504217
854617476,4085057716
854617476,4085812691
854617476,4096963756
854617476,3352570600
854617476,3873994775
854617476,2962100301
854617476,3875231733
854617476,2616389420
854617476,4143547641
854617476,4157708067
854617476,3655309157
854617476,4149631157
854617476,3709785436
854617476,1551345606
854617476,3184805764
854617476,19393233
854617476,20549270
854617476,48750532
854617476,61193412
854617476,596375780
854617476,2804841473
854617476,2788703665
854617476,22755323
854617476,19451823
854617476,21409325
854617476,14426349
854617476,1676372876
854617476,1971694076
854617476,2482723945
854617476,19458129
854617476,20717237
854617476,20044737
854617476,20676778
854617476,20161439
854617476,20234476
854617476,16688788
854617476,20115463
854617476,2657542185
854617476,22914351
854617476,14352331
854617476,301142370
854617476,2968529344
854617476,1142356398
854617476,87693625
854617476,2715069314
854617476,2207664270
854617476,1379103499
854617476,1619672418
854617476,1793666653
854617476,1913856810
854617476,900152455
854617476,2263374026
854617476,265628752
854617476,2290149139
854617476,597797307
854617476,1105589900
854617476,752850265
854617476,2656811970
854617476,789604609
854617476,2612758125
854617476,2201347490
854617476,1668869942
854617476,1670427114
854617476,783524216
854617476,2895129311
854617476,2960834411
854617476,3227119612
854617476,3384470871
854617476,2802314074
854617476,3350648721
854617476,19712523
854617476,2590264816
854617476,19673060
854617476,513778806
854617476,906857107
854617476,1259888714
854617476,17065256
854617476,2278210770
854617476,3186788013
854617476,3349571429
854617476,2834707119
854617476,3367592578
854617476,2650522602
854617476,2532855629
854617476,3070028296
854617476,2220443795
854617476,3328356527
854617476,2859996754
854617476,2775665752
854617476,61761548
854617476,3392228127
854617476,2851055339
854617476,15786941
854617476,777937848
854617476,1322044490
854617476,608950211
854617476,3038890510
854617476,343890284
854617476,273468342
854617476,3348051315
854617476,1472913793
854617476,3169063007
854617476,2276382716
854617476,2501473267
854617476,3207918017
854617476,3329222458
854617476,3026480552
854617476,335440358
854617476,2721709161
854617476,1945139226
854617476,3093627383
854617476,3000296183
854617476,3019785561
854617476,89380723
854617476,361295052
854617476,3347747045
854617476,2394149628
854617476,2877160967
854617476,17101388
854617476,3208021846
854617476,3149310665
854617476,7109022
854617476,2443723459
854617476,119844526
854617476,26998889
854617476,1097836022
854617476,40872043
854617476,3310760081
854617476,16631801
854617476,16631331
854617476,19331985
854617476,2573009714
854617476,487118986
854617476,3074688387
854617476,2872496798
854617476,3358734964
854617476,3154203489
854617476,2725614403
854617476,3360228106
854617476,3331149125
854617476,3245853791
854617476,2896056366
854617476,3039396520
854617476,3331305459
854617476,3291087523
854617476,3316793505
854617476,3008524340
854617476,3390900059
854617476,3184188884
854617476,3324504520
854617476,21309551
854617476,2829169005
854617476,3091549566
854617476,3366410417
854617476,2320751055
854617476,2597853230
854617476,2825813260
854617476,3025201061
854617476,200715383
854617476,3105712618
854617476,2780539084
854617476,3303529691
854617476,3327546999
854617476,825752252
854617476,3141674723
854617476,2887333738
854617476,2596496096
854617476,87843887
854617476,21707734
854617476,423303130
854617476,22537325
854617476,17693232
854617476,23640660
854617476,2430880316
854617476,2648799912
854617476,3116305924
854617476,2569255581
854617476,3074595544
854617476,2373307443
854617476,2484097002
854617476,2537108362
854617476,2721098873
854617476,73078512
854617476,2798006769
854617476,2585461112
854617476,2653383091
854617476,2836862492
854617476,23136136
854617476,18758902
854617476,2798008965
854617476,20583613
854617476,21324165
854617476,257082921
854617476,231392190
854617476,17063215
854617476,2810021145
854617476,3135444521
854617476,17159484
854617476,17214382
854617476,2882893707
854617476,3317280250
854617476,3044717638
854617476,17087856
854617476,17062937
854617476,71903005
854617476,167893705
854617476,2516725084
854617476,2697376894
854617476,2862875201
854617476,2827327156
854617476,3147095675
854617476,129024750
854617476,98735981
854617476,83510520
854617476,368402837
854617476,634053549
854617476,18173951
854617476,32938826
854617476,51287880
854617476,54856908
854617476,330681519
854617476,111967608
854617476,69023503
854617476,20062102
854617476,59794561
854617476,33639074
854617476,44228626
854617476,21856114
854617476,22932143
854617476,25177596
854617476,19156186
854617476,22041444
854617476,18678493
854617476,14167351
854617476,19019970
854617476,57955539
854617476,115411844
854617476,61029398
854617476,18764854
854617476,20712514
854617476,1428357061
854617476,450964127
854617476,25824730
854617476,2955677481
854617476,2865193740
854617476,2847147995
854617476,322240285
854617476,2800580336
854617476,15964580
854617476,18721034
854617476,935814049
854617476,19458590
854617476,1055373774
854617476,771383605
854617476,71560009
854617476,21905142
854617476,1701570967
854617476,1931513132
854617476,2357850185
854617476,2510354335
854617476,21713520
854617476,2524758890
854617476,1352129204
854617476,2706727715
854617476,27486706
854617476,3047542841
854617476,60917604
854617476,69590193
854617476,71377517
854617476,23086065
854617476,92783344
854617476,20638608
854617476,18948060
854617476,130509812
854617476,143438814
854617476,2340605228
854617476,66705846
854617476,146470658
854617476,49801651
854617476,130981262
854617476,225505601
854617476,89061498
854617476,20583608
854617476,381218503
854617476,30899967
854617476,509407045
854617476,973600441
854617476,1089751801
854617476,1148781518
854617476,77741780
854617476,1209751416
854617476,1439844625
854617476,73768830
854617476,1902245994
854617476,393438260
854617476,297620564
854617476,2518263540
854617476,2190479897
854617476,3187116233
854617476,200652364
854617476,316574460
854617476,218993839
854617476,868492819
854617476,946187533
854617476,600497345
854617476,2342292130
854617476,2860001037
854617476,1968458490
854617476,519732584
854617476,1967677358
854617476,49606268
854617476,158128894
854617476,559727922
854617476,627474217
854617476,37567936
854617476,17213053
854617476,17169390
854617476,326085332
854617476,2842594384
854617476,2827899505
854617476,238684431
854617476,1268162335
854617476,498086098
854617476,2573216851
854617476,1967656051
854617476,14946308
854617476,14185738
854617476,150677740
854617476,71560422
854617476,155698767
854617476,19285147
854617476,57022588
854617476,21326762
854617476,93709939
854617476,174750743
854617476,629472224
854617476,236639842
854617476,231729467
854617476,29861818
854617476,118312323
854617476,76181964
854617476,226257894
854617476,246252626
854617476,1099683710
854617476,360355800
854617476,526794143
854617476,275666980
854617476,71384462
854617476,1952034380
854617476,188469390
854617476,2276764519
854617476,3072238360
854617476,338505493
854617476,100099494
854617476,298671820
854617476,593234288
854617476,203361939
854617476,438524160
854617476,1025084336
854617476,344249998
854617476,862704745
854617476,501056925
854617476,874275086
854617476,869491190
854617476,104846546
854617476,777884084
854617476,887120522
854617476,931667677
854617476,262871242
854617476,982911404
854617476,997306555
854617476,1004240036
854617476,22357829
854617476,421254609
854617476,1236884748
854617476,1257145351
854617476,1271034884
854617476,1290969751
854617476,315877658
854617476,1359658789
854617476,1252917283
854617476,970117268
854617476,85607756
854617476,1523159552
854617476,1548792145
854617476,821400025
854617476,1463147155
854617476,822108606
854617476,540003970
854617476,19450918
854617476,1568436998
854617476,1311055213
854617476,1572846708
854617476,757273075
854617476,1591288820
854617476,1967114562
854617476,218807808
854617476,15979101
854617476,2249016313
854617476,68513748
854617476,2263563072
854617476,2280978926
854617476,19285492
854617476,2350453243
854617476,2394774103
854617476,2414054552
854617476,471330759
854617476,2416352791
854617476,381690531
854617476,368935776
854617476,578261672
854617476,1429816982
854617476,1398942554
854617476,110185154
854617476,52897269
854617476,183243801
854617476,753114872
854617476,43675318
854617476,762376957
854617476,159940637
854617476,343009775
854617476,778516898
854617476,783713618
854617476,172821385
854617476,51875217
854617476,551637854
854617476,842523228
854617476,859675562
854617476,701946307
854617476,171909248
854617476,107774092
854617476,276165605
854617476,321530772
854617476,31540687
854617476,153553740
854617476,425838480
854617476,1290221666
854617476,23418919
854617476,1102441836
854617476,129501103
854617476,265534198
854617476,297292776
854617476,1444828093
854617476,703202424
854617476,83447255
854617476,164761164
854617476,122760782
854617476,2408026404
854617476,1581144493
854617476,836337432
854617476,14995420
854617476,19709089
854617476,232855418
854617476,19863224
854617476,19244479
854617476,27132327
854617476,19024850
854617476,21812884
854617476,71246055
854617476,21510894
854617476,69712872
854617476,26017256
854617476,19689047
854617476,19315495
854617476,20758416
854617476,20427137
854617476,17189930
854617476,14746456
854617476,21195865
854617476,51831438
854617476,18953100
854617476,468513171
854617476,24516161
854617476,19247114
854617476,24747953
854617476,19600252
854617476,376819013
854617476,17675072
854617476,19541556
854617476,362925604
854617476,55670750
854617476,363083667
854617476,28089873
854617476,431733846
854617476,26875831
854617476,2386985526
854617476,250038860
854617476,266533085
854617476,169426475
854617476,2512558021
854617476,27233483
854617476,17637074
854617476,22945791
854617476,65369125
854617476,352686923
854617476,339064364
854617476,301697842
854617476,154023356
854617476,1482770257
854617476,1662057727
854617476,58776394
854617476,2923515226
854617476,2923666042
854617476,2462715402
854617476,2911779550
854617476,2190196227
854617476,2981653361
854617476,2570863029
854617476,3022773068
854617476,3125749283
854617476,3355468852
854617476,3092916563
854617476,3107151095
854617476,3099518685
854617476,3078576871
854617476,3246118648
854617476,1556671320
854617476,2907827986
854617476,3245183829
854617476,3007676907
854617476,3133621233
854617476,3147116513
854617476,3296373843
854617476,3258142739
854617476,3253354077
854617476,3241941617
854617476,3307403770
854617476,3341365989
854617476,3064416460
854617476,3262311652
854617476,2930419634
854617476,945431665
854617476,3178834991
854617476,1175556354
854617476,469340977
854617476,2455739107
854617476,3183619881
854617476,2491864226
854617476,3293294553
854617476,2504660840
854617476,3244103399
854617476,2715077422
854617476,2513141263
854617476,2573931331
854617476,3239195373
854617476,3151065639
854617476,2623926027
854617476,3129993237
854617476,20164477
854617476,54423036
854617476,25190574
854617476,1950188826
854617476,237742980
854617476,2645325126
854617476,2164968990
854617476,3216382761
854617476,3064610020
854617476,2450532132
854617476,346412811
854617476,155320192
854617476,1036557253
854617476,126118232
854617476,123754656
854617476,948552829
854617476,2197487762
854617476,19713622
854617476,19472578
854617476,14333754
854617476,70349639
854617476,19334929
854617476,19674652
854617476,20560841
854617476,301981059
854617476,16804762
854617476,19261460
854617476,19903099
854617476,31237480
854617476,17311493
854617476,893203418
854617476,2433985357
854617476,2412877152
854617476,2946338411
854617476,1707712147
854617476,3035192566
854617476,2620988668
854617476,3122572534
854617476,2935202783
854617476,491438824
854617476,2898352497
854617476,2771137882
854617476,269716042
854617476,2347760822
854617476,600102984
854617476,102350816
854617476,2462435938
854617476,58622747
854617476,2427713520
854617476,320258059
854617476,381358233
854617476,588200722
854617476,3019799413
854617476,389426944
854617476,360971530
854617476,2610577813
854617476,1472036052
854617476,2471559510
854617476,2401485102
854617476,257116328
854617476,3002988214
854617476,2902035201
854617476,963830706
854617476,134599834
854617476,337098260
854617476,2446016377
854617476,2446439299
854617476,2769026032
854617476,2530607977
854617476,2482518242
854617476,1552972110
854617476,2885883370
854617476,1870832106
854617476,2400819217
854617476,2539193198
854617476,3202385859
854617476,2779520512
854617476,3091288661
854617476,1119734737
854617476,559915637
854617476,2664307596
854617476,2364320472
854617476,2756059065
854617476,1920093181
854617476,2942504927
854617476,2986706380
854617476,1648938925
854617476,21783395
854617476,2928738034
854617476,2491740036
854617476,1950171307
854617476,8665572
854617476,454843106
854617476,64233973
854617476,68795677
854617476,68813436
854617476,19663485
854617476,70186440
854617476,2738627383
854617476,1166148194
854617476,2362150322
854617476,2420370773
854617476,2364678157
854617476,255965601
854617476,3147827621
854617476,2177273093
854617476,2539148112
854617476,2458489949
854617476,360363102
854617476,194005670
854617476,2485157162
854617476,2943618508
854617476,2795568689
854617476,17087162
854617476,478671055
854617476,1975539596
854617476,38977171
854617476,2813675956
854617476,2433511632
854617476,3022086719
854617476,2393129198
854617476,2575007144
854617476,1522246868
854617476,320006943
854617476,290778911
854617476,258101262
854617476,2831768134
854617476,548482109
854617476,590939809
854617476,3141282863
854617476,1358128009
854617476,421235960
854617476,2990141625
854617476,299828961
854617476,593790781
854617476,2511574080
854617476,2878918251
854617476,2361615884
854617476,518069104
854617476,1718683716
854617476,581641820
854617476,1331448632
854617476,978971540
854617476,2405332614
854617476,496152307
854617476,313420576
854617476,2550023839
854617476,323973736
854617476,195376932
854617476,3178058056
854617476,3144875711
854617476,3023580886
854617476,2971311035
854617476,2871344105
854617476,2502861386
854617476,281208803
854617476,2371559483
854617476,526776382
854617476,2325857953
854617476,2285414340
854617476,423827702
854617476,3125301465
854617476,2217945820
854617476,300994786
854617476,2270920848
854617476,3010310573
854617476,908519084
854617476,1280873077
854617476,2861581595
854617476,705377440
854617476,1075482954
854617476,360230512
854617476,23824904
854617476,1117013197
854617476,2932067733
854617476,2979507555
854617476,1952708353
854617476,2500789923
854617476,20859450
854617476,749124468
854617476,47707224
854617476,298723800
854617476,1473020244
854617476,2472571902
854617476,372176193
854617476,201666897
854617476,798045865
854617476,870645624
854617476,61588167
854617476,796714861
854617476,1601175438
854617476,1145716902
854617476,471236204
854617476,786613544
854617476,522316993
854617476,263009062
854617476,1032677018
854617476,2254974738
854617476,2700912385
854617476,1438726932
854617476,190308387
854617476,148094336
854617476,1917199608
854617476,2813854603
854617476,49897119
854617476,366839017
854617476,1947633744
854617476,2596892905
854617476,237241020
854617476,2767481168
854617476,2283566784
854617476,2405549474
854617476,188214803
854617476,1135347829
854617476,574357031
854617476,750125480
854617476,524822056
854617476,437767342
854617476,2468189528
854617476,2518950244
854617476,2335594086
854617476,2879618680
854617476,2906673303
854617476,2916519826
854617476,1974427051
854617476,11236522
854617476,2924928366
854617476,317221652
854617476,2757714243
854617476,2626669433
854617476,2747037531
854617476,2837749294
854617476,2881812790
854617476,2832098320
854617476,2877763125
854617476,2700997866
854617476,2371975762
854617476,2279440672
854617476,2238828167
854617476,2192699586
854617476,1436330084
854617476,2628441561
854617476,2548835384
854617476,115243679
854617476,2622857012
854617476,8193192
854617476,2521472257
854617476,375871892
854617476,2667250638
854617476,33041180
854617476,835290290
854617476,1493516221
854617476,2728171366
854617476,761398686
854617476,319784013
854617476,2591006823
854617476,1420546369
854617476,1104221461
854617476,2659259318
854617476,2892289366
854617476,2247145444
854617476,2390036263
854617476,180846682
854617476,560710521
854617476,2608797714
854617476,74057362
854617476,1335489272
854617476,2916200649
854617476,339261996
854617476,2803253495
854617476,2870750451
854617476,2871268479
854617476,60026862
854617476,377048467
854617476,36679967
854617476,1584181561
854617476,2772666469
854617476,1405988665
854617476,787983266
854617476,714543522
854617476,1122415976
854617476,538218366
854617476,2883270103
854617476,2934111077
854617476,2937306933
854617476,2937384028
854617476,1043272520
854617476,2937402995
854617476,383424235
854617476,1039687339
854617476,204797850
854617476,407277419
854617476,1055490565
854617476,282698281
854617476,59602337
854617476,53516043
854617476,275760608
854617476,19932107
854617476,29294158
854617476,366615527
854617476,1184184704
854617476,82596139
854617476,451891546
854617476,2521367590
854617476,2748185206
854617476,2762766367
854617476,2415511270
854617476,167020117
854617476,2768000139
854617476,944912150
854617476,2825343025
854617476,2434855098
854617476,239494754
854617476,260444131
854617476,318742846
854617476,2824945134
854617476,2823237259
854617476,2608392493
854617476,1621662937
854617476,2772834401
854617476,2782544873
854617476,2781802534
854617476,1550808079
854617476,524769808
854617476,987647328
854617476,2611850954
854617476,2785636005
854617476,722349764
854617476,1478109950
854617476,2230620420
854617476,327729229
854617476,1941788556
854617476,2834365821
854617476,2833094818
854617476,2865188094
854617476,2298640246
854617476,2879862803
854617476,2889875411
854617476,2906461487
854617476,2654669477
854617476,2924347634
854617476,330270613
854617476,1477420020
854617476,2710788976
854617476,325288268
854617476,2589968255
854617476,2737349764
854617476,243261565
854617476,2736234831
854617476,1880884981
854617476,574843694
854617476,2783897309
854617476,2707621820
854617476,1558648640
854617476,2746877837
854617476,2832984875
854617476,2610645450
854617476,2276582365
854617476,295451758
854617476,2795726213
854617476,2623338603
854617476,1329814279
854617476,831538039
854617476,2930090855
854617476,2930430586
854617476,2930403369
854617476,2930440959
854617476,2930721417
854617476,2930948205
854617476,2931047991
854617476,2931117946
854617476,2931132693
854617476,369695857
854617476,2341771664
854617476,2931800111
854617476,2931769599
854617476,2931929711
854617476,2932054564
854617476,2742017295
854617476,2273526882
854617476,2402145782
854617476,2932103740
854617476,2932262704
854617476,2932268974
854617476,2867059876
854617476,2932319974
854617476,2932313279
854617476,2932362233
854617476,552153176
854617476,2932494328
854617476,2932495793
854617476,2932209377
854617476,2932792786
854617476,1287528626
854617476,1389279468
854617476,2932847427
854617476,2932912079
854617476,2932982777
854617476,2933116174
854617476,2933435243
854617476,2933995421
854617476,2424400825
854617476,2921272815
854617476,2449747056
854617476,2933545421
854617476,2933513667
854617476,2933575175
854617476,2256627210
854617476,2903938474
854617476,2933832142
854617476,2933768205
854617476,2796417098
854617476,2934104560
854617476,2934193300
854617476,2934267693
854617476,1658921100
854617476,2934279789
854617476,2884476617
854617476,549422090
854617476,876548246
854617476,2669326408
854617476,521839106
854617476,2903043873
854617476,253719935
854617476,2901743080
854617476,114061207
854617476,2936485050
854617476,2862826664
854617476,2561048208
854617476,2732275397
854617476,2863997675
854617476,2593970502
854617476,2872649704
854617476,2405330102
854617476,2806678800
854617476,144230796
854617476,2785180092
854617476,1888551295
854617476,2804835069
854617476,2804740042
854617476,2651298292
854617476,1347595525
854617476,960830658
854617476,547991445
854617476,206923967
854617476,1595967432
854617476,1861274065
854617476,592852198
854617476,89228121
854617476,970539457
854617476,1270901304
854617476,1952981856
854617476,2176531176
854617476,2250546308
854617476,98162730
854617476,2332599584
854617476,358877942
854617476,2396614182
854617476,2352457513
854617476,2448564500
854617476,2462052762
854617476,319903737
854617476,2519464163
854617476,2525538079
854617476,2704116571
854617476,2819851516
854617476,2732355395
854617476,1278073368
854617476,2784554569
854617476,2819422955
854617476,2846933188
854617476,2349254166
854617476,448485624
854617476,1193980507
854617476,2566319700
854617476,857091090
854617476,2242779930
854617476,2592166212
854617476,2666065079
854617476,2480103567
854617476,75499600
854617476,2797997344
854617476,2846724021
854617476,2169000746
854617476,605805760
854617476,2459371
854617476,15670515
854617476,20536157
854617476,335703380
854617476,613381150
854617476,1017349015
854617476,1475328938
854617476,172141764
854617476,2657275110
854617476,802393794
854617476,2387063340
854617476,919515732
854617476,2465162150
854617476,2420564168
854617476,2857326927
854617476,2859765540
854617476,2916047855
854617476,2186625115
854617476,2288482741
854617476,2463740420
854617476,290713329
854617476,2182885346
854617476,2565721645
854617476,2210567725
854617476,1163537624
854617476,2538087876
854617476,2329044954
854617476,2933421743
854617476,2605439192
854617476,2729763877
854617476,544147239
854617476,2471807246
854617476,2742976132
854617476,2387998333
854617476,2247769004
854617476,2691202602
854617476,2718235473
854617476,2768845991
854617476,2434363916
854617476,2774614978
854617476,2686261130
854617476,1388344464
854617476,357168263
854617476,2783830481
854617476,2582996508
854617476,191466986
854617476,2812289602
854617476,407031922
854617476,2748318717
854617476,2838840861
854617476,315227540
854617476,2511380359
854617476,1581644246
854617476,356343523
854617476,908234286
854617476,137093189
854617476,397315147
854617476,2500402053
854617476,2769654490
854617476,1122975464
854617476,2789861638
854617476,2779201895
854617476,2579745235
854617476,2511231053
854617476,2570102941
854617476,2458680702
854617476,2446071750
854617476,2704981916
854617476,2609699926
854617476,2812398323
854617476,165931449
854617476,194432181
854617476,2709603769
854617476,537731519
854617476,472115286
854617476,1723773428
854617476,2719874968
854617476,2896177659
854617476,2926167513
854617476,577350796
854617476,2792285056
854617476,610629408
854617476,2908659627
854617476,366284848
854617476,2719461900
854617476,2474579155
854617476,634798754
854617476,2504028867
854617476,2424336043
854617476,2541887833
854617476,78092790
854617476,2581435369
854617476,589558883
854617476,2452112863
854617476,2716854749
854617476,2658375026
854617476,2457176835
854617476,43985353
854617476,2659746894
854617476,549476753
854617476,2660407128
854617476,2646727128
854617476,2681544761
854617476,2476133900
854617476,2647828461
854617476,2613678096
854617476,2665969260
854617476,2562265150
854617476,352656678
854617476,2673927462
854617476,2180620898
854617476,1163281340
854617476,2674147560
854617476,256333148
854617476,1317272083
854617476,1870194877
854617476,2416399758
854617476,2686068823
854617476,1624249640
854617476,2362961833
854617476,2703977580
854617476,2705318215
854617476,2152717135
854617476,2709851365
854617476,2657287140
854617476,2718201818
854617476,2678204616
854617476,2736243428
854617476,2731621779
854617476,2500183610
854617476,2453761531
854617476,2753699878
854617476,1611484308
854617476,2762469051
854617476,258747263
854617476,2811314856
854617476,2771463004
854617476,2818492045
854617476,2829883856
854617476,1868569957
854617476,2822744098
854617476,1702248330
854617476,1252843519
854617476,358516835
854617476,2198441889
854617476,2175163791
854617476,2611494648
854617476,2840403749
854617476,1096495892
854617476,1952087742
854617476,334291827
854617476,318570775
854617476,2269166282
854617476,2500827311
854617476,180903649
854617476,1665064884
854617476,453134560
854617476,2363241130
854617476,339852499
854617476,2598764070
854617476,2725372948
854617476,2923297888
854617476,2156365978
854617476,2825326329
854617476,2895024653
854617476,2903715730
854617476,2792909697
854617476,215715799
854617476,2923380203
854617476,2923380119
854617476,975079573
854617476,2917207912
854617476,2923163500
854617476,2882000255
854617476,183387449
854617476,22827600
854617476,138372303
854617476,140070953
854617476,8159472
854617476,343627165
854617476,789605024
854617476,627673190
854617476,56093343
854617476,19612753
854617476,153763519
854617476,64788246
854617476,24696669
854617476,19264748
854617476,283038024
854617476,2407981614
854617476,2603686012
854617476,451873150
854617476,2568086890
854617476,2619565541
854617476,970246159
854617476,1733166708
854617476,326772972
854617476,423729130
854617476,2641084738
854617476,2516051154
854617476,2575493160
854617476,2647914046
854617476,1317453974
854617476,2476385306
854617476,186893603
854617476,569203954
854617476,175395945
854617476,2568307851
854617476,457456349
854617476,1541661823
854617476,1025118756
854617476,2685128447
854617476,2685282773
854617476,2533835340
854617476,2696418449
854617476,37732451
854617476,328136816
854617476,2607904878
854617476,329870265
854617476,362070758
854617476,2652713431
854617476,2708564675
854617476,2715227961
854617476,352747158
854617476,303945800
854617476,2651466746
854617476,2604432975
854617476,252299653
854617476,2666461412
854617476,2649462524
854617476,2715582647
854617476,464237089
854617476,2607562351
854617476,2633791927
854617476,2566476797
854617476,2704908221
854617476,2205567701
854617476,2542477254
854617476,563311601
854617476,76175106
854617476,2246377124
854617476,2665497694
854617476,334682091
854617476,2731785298
854617476,441299957
854617476,339191217
854617476,2678130836
854617476,2715665316
854617476,2717347777
854617476,2715131383
854617476,2709738354
854617476,2409344526
854617476,2575255786
854617476,166030567
854617476,1923699818
854617476,2698621424
854617476,2617326880
854617476,2206525630
854617476,2738377437
854617476,2444804761
854617476,2717153377
854617476,274764772
854617476,2744706441
854617476,212982068
854617476,2746376677
854617476,152819728
854617476,1884624638
854617476,2766355564
854617476,2753110108
854617476,2571665305
854617476,2766023032
854617476,2777290322
854617476,2301473010
854617476,1480430858
854617476,2781498785
854617476,2773052349
854617476,2773471060
854617476,149658327
854617476,1618791108
854617476,2507164833
854617476,2648817566
854617476,1447756058
854617476,2933198116
854617476,565049920
854617476,277819435
854617476,2629569378
854617476,2545360983
854617476,2874248242
854617476,2874217923
854617476,2874266326
854617476,2874267292
854617476,2906691052
854617476,2304958668
854617476,2889201011
854617476,2865822521
854617476,583026134
854617476,2921590569
854617476,631839610
854617476,2577772740
854617476,1454913720
854617476,2919551884
854617476,2897873759
854617476,2343754684
854617476,1589043481
854617476,1140271748
854617476,593963177
854617476,1912526785
854617476,2474565902
854617476,1610788466
854617476,2301625622
854617476,2880160475
854617476,2370974941
854617476,2925871474
854617476,2860970263
854617476,2925104823
854617476,2893472290
854617476,723803347
854617476,2893497543
854617476,441080490
854617476,2558825936
854617476,1270352160
854617476,2904513706
854617476,275067613
854617476,2813826110
854617476,2401910562
854617476,1886866944
854617476,603954262
854617476,1101610700
854617476,2923297617
854617476,2236594800
854617476,2925852118
854617476,2821411227
854617476,2823105287
854617476,2912788773
854617476,2925664605
854617476,2915939889
854617476,2542197724
854617476,2385454513
854617476,2298351042
854617476,2187011406
854617476,2925754815
854617476,2493997424
854617476,2867833667
854617476,2925363706
854617476,2616183968
854617476,2891082183
854617476,2590562414
854617476,1344195421
854617476,876595016
854617476,2921431397
854617476,2922110698
854617476,2589369564
854617476,2722307038
854617476,2928388797
854617476,2929252061
854617476,1926170017
854617476,2784475426
854617476,2372090120
854617476,2884210804
854617476,2333929294
854617476,2879801752
854617476,2355323713
854617476,2541115883
854617476,2931941153
854617476,924277754
854617476,283967117
854617476,437721689
854617476,2780738398
854617476,2923907428
854617476,2847159848
854617476,359150738
854617476,255089375
854617476,191882709
854617476,337899267
854617476,335639106
854617476,582159028
854617476,145259408
854617476,89039034
854617476,272184473
854617476,44455853
854617476,86194896
854617476,106423322
854617476,2452282766
854617476,211457907
854617476,161078536
854617476,2893669119
854617476,2240969006
854617476,2807416857
854617476,903762810
854617476,1092855882
854617476,408551205
854617476,1726722288
854617476,928286918
854617476,246476669
854617476,480542490
854617476,430754664
854617476,516879466
854617476,17827029
854617476,2292792883
854617476,1060848618
854617476,586726475
854617476,2354574815
854617476,2355378956
854617476,1169887508
854617476,630369346
854617476,627814573
854617476,1912097396
854617476,42754129
854617476,82579152
854617476,28347024
854617476,2438326983
854617476,456095854
854617476,1591778732
854617476,303707600
854617476,154874411
854617476,43959578
854617476,401631120
854617476,2540093892
854617476,2462305807
854617476,341131064
854617476,2469948283
854617476,1552103708
854617476,793915590
854617476,2424048492
854617476,2352057090
854617476,2611254024
854617476,1631074986
854617476,2716064129
854617476,2680150656
854617476,2507666520
854617476,928516255
854617476,2486573367
854617476,2798688733
854617476,2800222278
854617476,1189768718
854617476,177987627
854617476,2780645328
854617476,2791009343
854617476,2784453809
854617476,787978573
854617476,2843013753
854617476,167225213
854617476,2853852472
854617476,352607650
854617476,2866553596
854617476,392283602
854617476,964914846
854617476,2879617689
854617476,2877863800
854617476,274152597
854617476,282768301
854617476,2922826946
854617476,2912977371
854617476,434407535
854617476,2357133908
854617476,1351421076
854617476,2296189200
854617476,2444355234
854617476,334301435
854617476,330435797
854617476,2742863967
854617476,377008435
854617476,2433563222
854617476,1647505825
854617476,266712846
854617476,1426374031
854617476,50300579
854617476,21648020
854617476,20809515
854617476,1377503700
854617476,446599817
854617476,20843014
854617476,94081671
854617476,40019154
854617476,12652472
854617476,955605308
854617476,493278212
854617476,1283748854
854617476,2894723045
854617476,22903765
854617476,2350218440
854617476,142730813
854617476,19596687
854617476,78270570
854617476,1959216200
854617476,2183357629
854617476,2238987397
854617476,1021982888
854617476,2247199542
854617476,2268704502
854617476,206248538
854617476,203630247
854617476,424585424
854617476,587406969
854617476,1037639658
854617476,982688352
854617476,260831945
854617476,622071585
854617476,2311842639
854617476,805773780
854617476,344383776
854617476,604860984
854617476,258988528
854617476,322279111
854617476,1434070604
854617476,50788410
854617476,508180908
854617476,2324039822
854617476,232199201
854617476,1687965061
854617476,1617532896
854617476,2419442138
854617476,459974036
854617476,226254483
854617476,1597209146
854617476,629627606
854617476,2440644694
854617476,1733403464
854617476,939981296
854617476,629456961
854617476,2419329859
854617476,1302586123
854617476,1509942024
854617476,2438670680
854617476,2276423700
854617476,1971620731
854617476,2291776976
854617476,2365820750
854617476,2431576852
854617476,2350715798
854617476,2288451464
854617476,2382766705
854617476,759670898
854617476,1301557364
854617476,2477098548
854617476,1475265031
854617476,2450623781
854617476,100986718
854617476,1707010375
854617476,1080964129
854617476,306872335
854617476,2522331026
854617476,1733235728
854617476,2374504148
854617476,2564253737
854617476,2532304525
854617476,2158992326
854617476,2566044734
854617476,2572062590
854617476,2571825925
854617476,2577249320
854617476,212203113
854617476,2593678952
854617476,73126856
854617476,2605831316
854617476,2605551128
854617476,2608306220
854617476,2585559966
854617476,771915242
854617476,389649446
854617476,1195215858
854617476,1118762142
854617476,980627516
854617476,2424334832
854617476,2411432623
854617476,585061592
854617476,2367379248
854617476,2491723262
854617476,245744292
854617476,2707413847
854617476,2399998724
854617476,757254362
854617476,2182587064
854617476,2520126967
854617476,611671791
854617476,1706685152
854617476,2673602002
854617476,2801741798
854617476,793307510
854617476,2416341943
854617476,715206444
854617476,2659181084
854617476,2739776762
854617476,2861060126
854617476,2863608360
854617476,2837410197
854617476,488711988
854617476,2823616289
854617476,1022903208
854617476,2431809007
854617476,2691442579
854617476,2500749325
854617476,860045604
854617476,2835670404
854617476,2682999832
854617476,2872719863
854617476,439499596
854617476,2856812831
854617476,2884839880
854617476,2884881009
854617476,2889393183
854617476,2766267244
854617476,2733748984
854617476,63282574
854617476,2844157191
854617476,887372622
854617476,2357833741
854617476,2453736931
854617476,2750734942
854617476,2422043228
854617476,2906949300
854617476,2766729486
854617476,2923731886
854617476,884654990
854617476,29479000
854617476,50751556
854617476,2915597751
854617476,2669901920
854617476,2184248606
854617476,2757393126
854617476,509092609
854617476,2438660439
854617476,136013235
854617476,2923489365
854617476,2923525787
854617476,2923510323
854617476,2923563731
854617476,2923614730
854617476,2923586691
854617476,2922680033
854617476,2923712500
854617476,2923667595
854617476,925270922
854617476,2923896825
854617476,451590720
854617476,2924121749
854617476,2924831944
854617476,1369753093
854617476,2924837361
854617476,429593961
854617476,2887125897
854617476,2532255118
854617476,2923561229
854617476,1578236168
854617476,57846067
854617476,2230601576
854617476,118495465
854617476,136340856
854617476,76164629
854617476,354470528
854617476,35856249
854617476,15392221
854617476,19889294
854617476,42268346
854617476,142261464
854617476,16632219
854617476,16632149
854617476,16451028
854617476,14758257
854617476,17163446
854617476,21390437
854617476,19256800
854617476,81700831
854617476,973277052
854617476,90836187
854617476,224223563
854617476,309340221
854617476,142204481
854617476,344801362
854617476,2533070650
854617476,368220699
854617476,165699676
854617476,361150095
854617476,34082314
854617476,330446733
854617476,2359476565
854617476,533085085
854617476,155659213
854617476,103550271
854617476,154661992
854617476,22127806
854617476,29292258
854617476,118787251
854617476,36372809
854617476,1905431214
854617476,289433847
854617476,85857667
854617476,54841457
854617476,269484555
854617476,98951800
854617476,28412286
854617476,34507480
854617476,269534425
854617476,467048692
854617476,251716551
854617476,21389998
854617476,900177955
854617476,319295640
854617476,195962503
854617476,1620545281
854617476,1438863218
854617476,1138172274
854617476,182918805
854617476,154280902
854617476,166739404
854617476,33990291
854617476,268439864
854617476,268414482
854617476,85603854
854617476,14630768
854617476,96017970
854617476,21447363
854617476,53578741
854617476,106771891
854617476,14630507
854617476,250150948
854617476,98467109
854617476,56273804
854617476,28180609
854617476,14630523
854617476,14630756
854617476,14630535
854617476,14270254
854617476,36381921
854617476,854728458
854617476,854772218
854617476,49751816
854617476,841895874
854617476,854583894
854617476,854722334
854617476,854743040
854617476,853937094
854617476,587192187
854617476,854784913
854617476,44627459
854617476,45843783
854617476,33625790
854617476,20237983
854617476,48459607
854617476,44340677
854617476,28273230
854617476,106420963
854617476,24920669
854617476,59591856
854617476,46104914
854617476,161745170
854617476,310917583
854617476,338442241
854617476,14872237
854617476,25970331
854617476,409486555
854617476,14502789
