86107661,235964108
86107661,3909882557
86107661,374199238
86107661,51787944
86107661,124568057
86107661,2857928806
86107661,76035919
86107661,14290960
86107661,17126255
86107661,580946938
86107661,16031090
86107661,16100480
86107661,16958615
86107661,3119330339
86107661,107031514
86107661,271327412
86107661,46053441
86107661,3528974054
86107661,2543986198
86107661,15751493
86107661,18048862
86107661,84004577
86107661,194562818
86107661,1571406168
86107661,100310288
86107661,1646179831
86107661,1234580503
86107661,147896957
86107661,53789862
86107661,76372965
86107661,3108703684
86107661,220145170
86107661,350250304
86107661,22674817
86107661,220139885
86107661,1201186872
86107661,2535455623
86107661,267283568
86107661,14174897
86107661,3170741679
86107661,1853887470
86107661,2184943214
86107661,4709612067
86107661,4091974600
86107661,3235873246
86107661,1109602070
86107661,259323371
86107661,1227160704
86107661,20479813
86107661,245520753
86107661,3361921271
86107661,879161563
86107661,51735659
86107661,2914840643
86107661,362353104
86107661,3525902657
86107661,2956654247
86107661,498548101
86107661,230679224
86107661,31812497
86107661,27966935
86107661,13862172
86107661,142415193
86107661,18466967
86107661,217234313
86107661,100798629
86107661,766250432
86107661,27397561
86107661,2782211491
86107661,2994676419
86107661,3066095291
86107661,3403810044
86107661,3319401585
86107661,3327245689
86107661,28675576
86107661,41615819
86107661,743298224
86107661,1343645053
86107661,111214559
86107661,1692417734
86107661,508858223
86107661,3079307829
86107661,3214872355
86107661,1319322996
86107661,4250337953
86107661,97268285
86107661,949341888
86107661,48702842
86107661,226541132
86107661,3223854870
86107661,1311173616
86107661,270415156
86107661,20520810
86107661,233596271
86107661,2697954097
86107661,1400804851
86107661,20429156
86107661,944524808
86107661,48994998
86107661,2978546749
86107661,250157926
86107661,570018183
86107661,2876941106
86107661,44418062
86107661,7125512
86107661,85555796
86107661,14243046
86107661,38489678
86107661,25950355
86107661,26832834
86107661,27013292
86107661,16949344
86107661,2485711525
86107661,14968475
86107661,17732248
86107661,172179385
86107661,65134016
86107661,27596259
86107661,96102210
86107661,88914175
86107661,184931891
86107661,388345704
86107661,12819112
86107661,136325501
86107661,408783000
86107661,491035427
86107661,53130228
86107661,1603181078
86107661,1399862443
86107661,1104171271
86107661,105757677
86107661,151395664
86107661,951347707
86107661,145969179
86107661,962085350
86107661,113011565
86107661,389533479
86107661,224815356
86107661,148819696
86107661,155335925
86107661,951333319
86107661,3063825971
86107661,4106141062
86107661,1960970190
86107661,67557335
86107661,2919901436
86107661,2906224887
86107661,3345431663
86107661,40955185
86107661,389548615
86107661,3148990173
86107661,3908251654
86107661,3587358087
86107661,1243054812
86107661,507688852
86107661,1243282393
86107661,951326846
86107661,1109053896
86107661,1227524245
86107661,1648629770
86107661,12909552
86107661,1227104120
86107661,1227578250
86107661,596192833
86107661,990802033
86107661,246196874
86107661,8886812
86107661,1197967508
86107661,2812472208
86107661,1218272659
86107661,1197234409
86107661,960212832
86107661,951348098
86107661,2751594014
86107661,1207640215
86107661,1203857112
86107661,32372834
86107661,1221108739
86107661,77525513
86107661,2848614079
86107661,240664803
86107661,1225071811
86107661,487833518
86107661,14936377
86107661,15862891
86107661,22139698
86107661,33602654
86107661,962012749
86107661,26853548
86107661,16580226
86107661,15009735
86107661,78133467
86107661,133067266
86107661,12415722
86107661,29472803
86107661,20060293
86107661,17781165
86107661,15165502
86107661,15165493
86107661,15500649
86107661,86977818
86107661,19789439
86107661,180200031
86107661,19802879
86107661,15473958
86107661,20507623
86107661,1713259195
86107661,599677908
86107661,4185027039
86107661,1106482400
86107661,372425326
86107661,14890970
86107661,45850621
86107661,119360445
86107661,38157355
86107661,2728689282
86107661,3431421353
86107661,2228715151
86107661,1886909492
86107661,309015244
86107661,277012264
86107661,134196350
86107661,3653562199
86107661,2894327186
86107661,611986351
86107661,2631015170
86107661,333573796
86107661,284102739
86107661,91796121
86107661,3751450582
86107661,2517988075
86107661,124506375
86107661,948552829
86107661,1093020439
86107661,279390084
86107661,2916305152
86107661,883283635
86107661,1662057727
86107661,2441831348
86107661,1582853809
86107661,1598644159
86107661,2918099233
86107661,3722302709
86107661,3617473035
86107661,2599611997
86107661,3082336246
86107661,3717623541
86107661,18604681
86107661,19006696
86107661,37164285
86107661,2443569913
86107661,16958346
86107661,38299404
86107661,28657802
86107661,462775249
86107661,2795511
86107661,878293015
86107661,109310784
86107661,75742264
86107661,2645588154
86107661,2509971319
86107661,301308940
86107661,414227526
86107661,822200137
86107661,2766246011
86107661,2273196703
86107661,850107536
86107661,329816616
86107661,81077164
86107661,1712364560
86107661,140395065
86107661,2558484630
86107661,534743322
86107661,335419621
86107661,328926928
86107661,233978509
86107661,95178042
86107661,1061570058
86107661,3087068219
86107661,56593116
86107661,183548902
86107661,123582098
86107661,44950782
86107661,56685979
86107661,20971256
86107661,159419028
86107661,280106745
86107661,233407792
86107661,90736001
86107661,289592724
86107661,242359351
86107661,36083059
86107661,74720323
86107661,344621545
86107661,20739038
86107661,65595647
86107661,2841776049
86107661,2273295432
86107661,65626455
86107661,2171590118
86107661,374095894
86107661,262676168
86107661,238288292
86107661,2612311915
86107661,1273392986
86107661,2752355256
86107661,12975572
86107661,2204738892
86107661,3095350320
86107661,3405127895
86107661,229218754
86107661,430306392
86107661,1891714052
86107661,2183242404
86107661,1548598573
86107661,854611826
86107661,1283547823
86107661,18521502
86107661,19667156
86107661,459185779
86107661,16615258
86107661,99052611
86107661,14824411
86107661,16579721
86107661,325123441
86107661,3111666304
86107661,215244619
86107661,3004293207
86107661,2879587673
86107661,2472630098
86107661,470489295
86107661,2821451866
86107661,2802005598
86107661,376211514
86107661,3347325291
86107661,101002059
86107661,83128135
86107661,3096221627
86107661,3389454124
86107661,369026709
86107661,846058202
86107661,308849480
86107661,20374262
86107661,245320407
86107661,292906479
86107661,246941871
86107661,194521369
86107661,14157134
86107661,17340546
86107661,16999980
86107661,1072038426
86107661,26010360
86107661,595509532
86107661,92373281
86107661,295563901
86107661,957423523
86107661,3249473274
86107661,2887790891
86107661,14861745
86107661,3377850551
86107661,49592004
86107661,84601364
86107661,1305831925
86107661,856526929
86107661,17965523
86107661,12609292
86107661,632854197
86107661,16683014
86107661,127625168
86107661,36349838
86107661,18814998
86107661,18203224
86107661,983159431
86107661,1020007537
86107661,140003488
86107661,22667478
86107661,14031552
86107661,582158641
86107661,63143452
86107661,254235974
86107661,1166606946
86107661,18476766
86107661,788311514
86107661,2189742522
86107661,20518867
86107661,47813521
86107661,216356915
86107661,1152155828
86107661,1670212177
86107661,3092553255
86107661,1404590618
86107661,2764346511
86107661,2385855194
86107661,1432127796
86107661,387034895
86107661,59440905
86107661,14718073
86107661,117777690
86107661,43882274
86107661,731033
86107661,22932293
86107661,288909699
86107661,74543190
86107661,2233154425
86107661,1102449241
86107661,1660468830
86107661,6467332
86107661,20978436
86107661,1392559128
86107661,20618678
86107661,375146901
86107661,188736341
86107661,19034373
86107661,83795099
86107661,17494918
86107661,57056537
86107661,24274948
86107661,14242807
86107661,114429252
86107661,2874951671
86107661,388900759
86107661,61521791
86107661,27648752
86107661,14106476
86107661,331544473
86107661,102700680
86107661,284647429
86107661,198923144
86107661,159154309
86107661,18549724
86107661,304909941
86107661,268357486
86107661,1008521334
86107661,237314419
86107661,34724985
86107661,77528520
86107661,17261818
86107661,209012915
86107661,319339023
86107661,17853438
86107661,1117099813
86107661,26792275
86107661,17006157
86107661,1963312058
86107661,2382694663
86107661,46671396
86107661,2431877147
86107661,2918365257
86107661,156671800
86107661,141943563
86107661,420882631
86107661,340364935
86107661,1347250338
86107661,3198223257
86107661,2823584339
86107661,34668855
86107661,2900284959
86107661,47331384
86107661,104298598
86107661,891377682
86107661,1708297777
86107661,1193339844
86107661,188627138
86107661,3127029065
86107661,18807671
86107661,84571957
86107661,400053935
86107661,214821759
86107661,192547775
86107661,23361712
86107661,59333213
86107661,2942036403
86107661,45197671
86107661,69936506
86107661,304287573
86107661,11904592
86107661,296912924
86107661,301388743
86107661,1423824241
86107661,2889953969
86107661,386160410
86107661,267355099
86107661,1684248258
86107661,3223734041
86107661,2802195142
86107661,1920286645
86107661,485863155
86107661,3326733263
86107661,68552375
86107661,1226039647
86107661,2720124552
86107661,3332415328
86107661,2565091397
86107661,430488422
86107661,19881931
86107661,229531168
86107661,35090665
86107661,2957126663
86107661,1169233927
86107661,4816
86107661,116966175
86107661,1615618795
86107661,2792688922
86107661,18435068
86107661,487118986
86107661,2535378150
86107661,68700901
86107661,47968683
86107661,4255361
86107661,20605481
86107661,424093888
86107661,19722343
86107661,19066345
86107661,5225991
86107661,15962096
86107661,15057943
86107661,14360757
86107661,1247478584
86107661,738288895
86107661,1694574930
86107661,2758681690
86107661,2384071
86107661,19314650
86107661,21744554
86107661,22001973
86107661,427475002
86107661,166739404
86107661,3221638870
86107661,2532942559
86107661,633663392
86107661,1533210170
86107661,1731731006
86107661,3416421
86107661,47590776
86107661,42586014
86107661,856148305
86107661,68440549
86107661,21093785
86107661,338985020
86107661,23424509
86107661,31444568
86107661,49446130
86107661,105140974
86107661,65322179
86107661,19386622
86107661,24145340
86107661,1994321
86107661,850713475
86107661,1451773004
86107661,36048614
86107661,2358039548
86107661,208442526
86107661,2481851892
86107661,2628305908
86107661,2770175008
86107661,1313814055
86107661,102420852
86107661,202510181
86107661,968634469
86107661,398791609
86107661,53017384
86107661,3459051
86107661,745429424
86107661,238300601
86107661,3089237457
86107661,3027370605
86107661,2831321209
86107661,97487983
86107661,457973298
86107661,2231926111
86107661,324336650
86107661,2967811570
86107661,461193740
86107661,147491390
86107661,177583133
86107661,18424289
86107661,529192106
86107661,2362238210
86107661,236891946
86107661,3306601618
86107661,3196225701
86107661,2994201421
86107661,47800280
86107661,3130502352
86107661,3000349441
86107661,52302587
86107661,22392906
86107661,2881819317
86107661,1344951
86107661,3005564346
86107661,19407053
86107661,816653
86107661,112243365
86107661,275686563
86107661,15207270
86107661,15008936
86107661,14372486
86107661,20292942
86107661,2371409042
86107661,138130906
86107661,180803622
86107661,36530978
86107661,2902658435
86107661,357750891
86107661,373471064
86107661,436266454
86107661,372575989
86107661,17467699
86107661,376825877
86107661,130649891
86107661,158079127
86107661,87532773
86107661,6253282
86107661,54226675
86107661,18730195
86107661,22637074
86107661,19867777
86107661,25319819
86107661,39033621
86107661,58712179
86107661,378648617
86107661,22087169
86107661,2563501573
86107661,853669656
86107661,96501375
86107661,1949322637
86107661,380777876
86107661,382776131
86107661,3015986504
86107661,15903168
86107661,111197966
86107661,13334762
86107661,528083110
86107661,15895661
86107661,50090898
86107661,98335997
86107661,17932641
86107661,2669636582
86107661,33838201
86107661,51263711
86107661,56505125
86107661,31311757
86107661,248001658
86107661,534414713
86107661,293568303
86107661,1147732482
86107661,208230969
86107661,1243478749
86107661,3225175792
86107661,3014462694
86107661,2372381119
86107661,27412084
86107661,361479182
86107661,23263743
86107661,219667972
86107661,3085835595
86107661,2445809510
86107661,50101725
86107661,1933671536
86107661,103860864
86107661,575269517
86107661,14647570
86107661,25049056
86107661,34213081
86107661,317990942
86107661,1435461
86107661,23503181
86107661,2201496073
86107661,85289376
86107661,421944319
86107661,320134516
86107661,21581503
86107661,17939037
86107661,15110431
86107661,10810102
86107661,1908167676
86107661,3224033895
86107661,1903712426
86107661,380648579
86107661,206205469
86107661,569921322
86107661,1513718124
86107661,6134882
86107661,807095
86107661,2467791
86107661,5402612
86107661,366037745
86107661,156651229
86107661,1877831
86107661,788524
86107661,529247064
86107661,21114659
86107661,1192644307
86107661,14704278
86107661,258269139
86107661,104782747
86107661,17990493
86107661,48359021
86107661,1960370958
86107661,218812123
86107661,481964948
86107661,2804154672
86107661,53879771
86107661,232242473
86107661,16319797
86107661,425982387
86107661,942663920
86107661,440996991
86107661,50743244
86107661,68449292
86107661,103865085
86107661,109241118
86107661,136231630
86107661,226355692
86107661,319849834
86107661,326352934
86107661,66687136
86107661,159588456
86107661,267914184
86107661,2230383367
86107661,466745802
86107661,253536357
86107661,51151652
86107661,190488342
86107661,18454180
86107661,2831367347
86107661,17384099
86107661,15234407
86107661,429010154
86107661,123908101
86107661,25067168
86107661,189253902
86107661,12029252
86107661,1652541
86107661,21933125
86107661,138725262
86107661,21436960
86107661,64672345
86107661,56367519
86107661,116716199
86107661,262073339
86107661,146793059
86107661,280976134
86107661,596377986
86107661,17842763
86107661,20226248
86107661,260654380
86107661,26476638
86107661,91109236
86107661,81119708
86107661,204752573
86107661,2589214998
86107661,1391776140
86107661,138467892
86107661,415555178
86107661,2438273430
86107661,2180126766
86107661,111560581
86107661,2805926353
86107661,48390963
86107661,533229833
86107661,318306599
86107661,22627258
86107661,2319112904
86107661,227818863
86107661,17442320
86107661,32429400
86107661,469280888
86107661,784558332
86107661,7197752
86107661,318332175
86107661,42183750
86107661,2650351980
86107661,2786900559
86107661,59949396
86107661,2846613939
86107661,189079897
86107661,18725815
86107661,1343714233
86107661,461919971
86107661,2220009464
86107661,205750967
86107661,21100803
86107661,19287037
86107661,93687642
86107661,42378378
86107661,53347647
86107661,29958529
86107661,18022037
86107661,183622298
86107661,2599249849
86107661,2413938919
86107661,57044449
86107661,372182708
86107661,2230168646
86107661,2671028978
86107661,1536791610
86107661,3229174492
86107661,3190498912
86107661,2926675507
86107661,88621782
86107661,201201906
86107661,1109452214
86107661,39516018
86107661,307813548
86107661,21223877
86107661,217422465
86107661,420461348
86107661,599339931
86107661,177179008
86107661,1586266080
86107661,470099591
86107661,873777758
86107661,50995683
86107661,56405441
86107661,22362552
86107661,296253874
86107661,22481098
86107661,591776330
86107661,112474129
86107661,392741474
86107661,56392389
86107661,115102341
86107661,48705707
86107661,24149387
86107661,69389879
86107661,56975985
86107661,207773069
86107661,243381107
86107661,70888891
86107661,93711247
86107661,187460404
86107661,372867318
86107661,100448061
86107661,148850220
86107661,102589060
86107661,25974040
86107661,70993934
86107661,18935114
86107661,150613534
86107661,40425262
86107661,243203704
86107661,49566762
86107661,50591603
86107661,567272864
86107661,333306729
86107661,409655680
86107661,111554274
86107661,82369216
86107661,3310571
86107661,257415817
86107661,373882135
86107661,14279577
86107661,1097836022
86107661,2837549104
86107661,466682284
86107661,1114731362
86107661,2226891373
86107661,537373439
86107661,256489534
86107661,29696613
86107661,209017184
86107661,378131364
86107661,52666996
86107661,361303331
86107661,82880386
86107661,39727960
86107661,224647733
86107661,259730084
86107661,606325697
86107661,28114871
86107661,222934469
86107661,2876691503
86107661,235893581
86107661,2679003245
86107661,229036698
86107661,323121538
86107661,20058825
86107661,113062227
86107661,41338294
86107661,602635605
86107661,304876789
86107661,122458732
86107661,2320583466
86107661,294028805
86107661,361944198
86107661,141158796
86107661,258790331
86107661,159950527
86107661,2450416195
86107661,79155037
86107661,186052111
86107661,294046348
86107661,295633020
86107661,138369105
86107661,2361119438
86107661,34751080
86107661,330860720
86107661,145935897
86107661,42466512
86107661,48476482
86107661,20685044
86107661,85286794
86107661,25390350
86107661,1135701223
86107661,125980355
86107661,16145473
86107661,97225627
86107661,204698478
86107661,272033586
86107661,47455788
86107661,97577359
86107661,527592740
86107661,136338779
86107661,523021053
86107661,369093749
86107661,105328660
86107661,408338751
86107661,83793339
86107661,47559603
86107661,197446914
86107661,585674250
86107661,28565356
86107661,36412963
86107661,44335525
86107661,783214
86107661,460966881
86107661,820190174
86107661,460163041
86107661,34248609
86107661,377976301
86107661,43317911
86107661,364761686
86107661,109720244
86107661,11900
86107661,1545333888
86107661,183213553
86107661,370760631
86107661,89434993
86107661,1011129121
86107661,141137711
86107661,2421073909
86107661,23746425
86107661,19232649
86107661,2803587655
86107661,869894239
86107661,78552698
86107661,221675675
86107661,304972712
86107661,205315827
86107661,317775482
86107661,92739411
86107661,243236419
86107661,77254498
86107661,2858511997
86107661,90636107
86107661,154082313
86107661,128500019
86107661,522246220
86107661,350766681
86107661,872483156
86107661,1508701
86107661,1920498750
86107661,38474832
86107661,277221351
86107661,41580964
86107661,16843780
86107661,22021097
86107661,23293123
86107661,14291684
86107661,2594161574
86107661,2339199864
86107661,248670810
86107661,15536454
86107661,300868924
86107661,14095052
86107661,16153562
86107661,162441059
86107661,15821039
86107661,83466368
86107661,62594204
86107661,175096065
86107661,16799023
86107661,5135
86107661,196994616
86107661,11695472
86107661,16688755
86107661,17850785
86107661,14755492
86107661,105231326
86107661,40872043
86107661,22053725
86107661,125995973
86107661,293538523
86107661,156001328
86107661,18606327
86107661,25098482
86107661,38704343
86107661,17969699
86107661,16186889
86107661,123109597
86107661,241100784
86107661,36924745
86107661,110866649
86107661,15762575
86107661,276900575
86107661,42651647
86107661,56420936
86107661,19707587
86107661,14559745
86107661,10302222
86107661,222642262
86107661,33173981
86107661,11348282
86107661,590152667
86107661,16348549
86107661,5120691
86107661,224557597
86107661,67080108
86107661,93835044
86107661,16544818
86107661,128246602
86107661,88776580
86107661,18839785
86107661,92263845
86107661,7400692
86107661,867351037
86107661,621573
86107661,19541922
86107661,44031134
86107661,19915362
86107661,57579512
86107661,39522692
86107661,14224719
86107661,36184220
86107661,17471979
86107661,19658826
86107661,28567809
86107661,19837528
86107661,23184591
86107661,46342393
86107661,35498252
86107661,46114448
86107661,106364904
86107661,47999622
86107661,467551928
86107661,193301414
86107661,62499092
86107661,1372130516
86107661,270293117
86107661,14808226
86107661,1379662802
86107661,48966322
86107661,2906698210
86107661,2617471956
86107661,24178101
86107661,44128516
86107661,2828611790
86107661,260928758
86107661,62780688
86107661,856587308
86107661,80803819
86107661,25065897
86107661,222591083
86107661,56723973
86107661,169021842
86107661,19177501
86107661,25387183
86107661,70638743
86107661,61731614
86107661,115099953
86107661,36670025
86107661,3107377845
86107661,135187648
86107661,293450750
86107661,153812887
86107661,266445231
86107661,70985635
86107661,65150447
86107661,26388412
86107661,67702044
86107661,26531880
86107661,515838635
86107661,1154568548
86107661,897457670
86107661,507456671
86107661,804187339
86107661,2219860285
86107661,453893556
86107661,146620155
86107661,164263382
86107661,19649135
86107661,104277809
86107661,19277186
86107661,15388317
86107661,3121496757
86107661,785044416
86107661,3151845088
86107661,14924965
86107661,215693617
86107661,143882311
86107661,304831465
86107661,14063333
86107661,379659001
86107661,2969760609
86107661,2776971140
86107661,50717086
86107661,48822802
86107661,16887507
86107661,382267114
86107661,16025112
86107661,61197041
86107661,16308922
86107661,374524225
86107661,19993545
86107661,226890990
86107661,53096584
86107661,194643654
86107661,1468007250
86107661,520778935
86107661,21303235
86107661,236501180
86107661,192942213
86107661,46003622
86107661,45997030
86107661,17463923
86107661,102005626
86107661,39511166
86107661,389486048
86107661,17137628
86107661,2336360432
86107661,38146999
86107661,14499829
86107661,20596281
86107661,27830610
86107661,148517828
86107661,32485683
86107661,197207602
86107661,555274004
86107661,13982132
86107661,624995677
86107661,64839766
86107661,17675072
86107661,38254620
86107661,34002725
86107661,108265622
86107661,20796069
86107661,169426475
86107661,87401080
86107661,259716338
86107661,46339623
86107661,198618575
86107661,24150634
86107661,206717989
86107661,36329597
86107661,45186020
86107661,104832420
86107661,253035662
86107661,7792742
86107661,46678624
86107661,173688998
86107661,157981564
86107661,1366811
86107661,255471924
86107661,117852154
86107661,14700316
86107661,14123751
86107661,87818409
86107661,20639175
86107661,23975060
86107661,18508482
86107661,116559804
86107661,443892014
86107661,6721522
86107661,2873058371
86107661,1175684941
86107661,1263500533
86107661,613107957
86107661,88011209
86107661,1101572426
86107661,2973949216
86107661,2755585888
86107661,3036901874
86107661,3056284535
86107661,21417687
86107661,144505193
86107661,211936634
86107661,164206839
86107661,53779840
86107661,427905721
86107661,47350606
86107661,19391273
86107661,2292454922
86107661,528883124
86107661,2382895801
86107661,83668495
86107661,1542533869
86107661,2991647704
86107661,2842030067
86107661,2906130702
86107661,94439285
86107661,33933259
86107661,18213483
86107661,20646711
86107661,14159148
86107661,14361155
86107661,69231187
86107661,42604302
86107661,339703419
86107661,20402762
86107661,131574396
86107661,736191656
86107661,16709304
86107661,876624356
86107661,972651
86107661,267076661
86107661,87968068
86107661,19543062
86107661,24924400
86107661,19564105
86107661,19527964
86107661,4071761
86107661,334602996
86107661,159072803
86107661,537473601
86107661,153810519
86107661,205622130
86107661,15721256
86107661,633794939
86107661,2310168530
86107661,932196612
86107661,64643056
86107661,34262462
86107661,124690469
86107661,994994552
86107661,2523260383
86107661,29018752
86107661,121877446
86107661,587759927
86107661,79489732
86107661,316327930
86107661,1891806212
86107661,2851146208
86107661,2808117547
86107661,19299909
86107661,93895217
86107661,257005466
86107661,180505807
86107661,468175718
86107661,540329698
86107661,29816798
86107661,23379459
86107661,132887265
86107661,1222119474
86107661,13992132
86107661,394908276
86107661,256563356
86107661,15362981
86107661,627424940
86107661,231917422
86107661,204586187
86107661,418042131
86107661,1354570123
86107661,21655866
86107661,27054706
86107661,2586162878
86107661,260022048
86107661,2797701
86107661,92524415
86107661,18898079
86107661,234058909
86107661,17740486
86107661,85913912
86107661,263774154
86107661,520690173
86107661,2192859511
86107661,531750633
86107661,365445243
86107661,82714804
86107661,17444291
86107661,719785003
86107661,987020833
86107661,570814312
86107661,2466648368
86107661,1033173428
86107661,480840152
86107661,138212728
86107661,208085120
86107661,194607361
86107661,14792516
86107661,55236002
86107661,14277135
86107661,9082002
86107661,16789581
86107661,326378767
86107661,140996091
86107661,15248437
86107661,9850782
86107661,483273973
86107661,347276428
86107661,398596555
86107661,2339733446
86107661,20431922
86107661,16632219
86107661,152862026
86107661,22723307
86107661,14679798
86107661,146796141
86107661,44874400
86107661,43593
86107661,41878061
86107661,14758257
86107661,50602093
86107661,16112517
86107661,13205612
86107661,7639702
86107661,291220589
86107661,17013577
86107661,17242168
86107661,86761616
86107661,14875983
86107661,20015311
86107661,19951439
86107661,14109167
86107661,177507079
86107661,1252764865
86107661,1183041
86107661,22477940
86107661,10798802
86107661,6297852
86107661,15439395
86107661,18393773
86107661,19971002
86107661,14767656
86107661,474876211
86107661,247943631
86107661,15463062
86107661,54680395
86107661,10699072
86107661,21084111
86107661,15629195
86107661,14420872
86107661,21695487
86107661,23353729
86107661,32889156
86107661,19920203
86107661,18695747
86107661,18871681
86107661,190564700
86107661,34255829
86107661,137712607
86107661,155240092
86107661,10047202
86107661,507180522
86107661,27860681
86107661,303687748
86107661,367089411
86107661,115476363
86107661,57661046
86107661,500159018
86107661,19818489
86107661,115148628
86107661,15143541
86107661,11041742
86107661,14620853
86107661,18874097
86107661,371783889
86107661,4970411
86107661,23751864
86107661,141981922
86107661,35726000
86107661,104927840
86107661,128637475
86107661,144927419
86107661,137760502
86107661,93034326
86107661,92595137
86107661,228924993
86107661,192346160
86107661,8080552
86107661,19472578
86107661,15492359
86107661,16589206
86107661,321071554
86107661,6705042
86107661,23187207
86107661,47637793
86107661,55218051
86107661,130557513
86107661,30646719
86107661,83567424
86107661,477164171
86107661,887332513
86107661,41561657
86107661,20536157
86107661,94566436
86107661,395836614
86107661,208058457
86107661,379481082
86107661,199196447
86107661,25503709
86107661,86775205
