869894239,17214675
869894239,14130366
869894239,15241557
869894239,17310646
869894239,607946179
869894239,90847585
869894239,2927205058
869894239,3253231276
869894239,56118316
869894239,132607436
869894239,3192451
869894239,49383225
869894239,14247715
869894239,101313692
869894239,2332546642
869894239,550217267
869894239,84111950
869894239,14163474
869894239,17752770
869894239,1425265488
869894239,723785546
869894239,24158261
869894239,45800689
869894239,2478460626
869894239,2583843280
869894239,1907248850
869894239,303889307
869894239,88916809
869894239,420475423
869894239,69526491
869894239,3152617751
869894239,29305891
869894239,478057515
869894239,217234313
869894239,31812497
869894239,473036869
869894239,12421082
869894239,834544453
869894239,21749206
869894239,19142461
869894239,66986123
869894239,14697144
869894239,19900992
869894239,963967621
869894239,38744714
869894239,2864008233
869894239,2791855536
869894239,54239293
869894239,17964134
869894239,275686563
869894239,426582569
869894239,91380029
869894239,284962891
869894239,570243017
869894239,21196759
869894239,23806811
869894239,222439067
869894239,990512911
869894239,2556954823
869894239,1405216766
869894239,12754162
869894239,393358909
869894239,3970866023
869894239,15904103
869894239,47317138
869894239,3709793117
869894239,19278408
869894239,74684634
869894239,86277392
869894239,22926365
869894239,8720562
869894239,114508061
869894239,5715752
869894239,20421862
869894239,101472891
869894239,34911230
869894239,18942977
869894239,17620455
869894239,14324983
869894239,937331396
869894239,1156633920
869894239,1147844713
869894239,402994801
869894239,2871402869
869894239,3240197969
869894239,2829894761
869894239,260685303
869894239,849134528
869894239,43300079
869894239,19402921
869894239,22363802
869894239,21179585
869894239,3036495352
869894239,481569290
869894239,208102997
869894239,35708579
869894239,1530479509
869894239,2238187843
869894239,335419621
869894239,1536263125
869894239,2292499856
869894239,57043880
869894239,1595305538
869894239,2445152377
869894239,347987438
869894239,3021262131
869894239,574090689
869894239,50731463
869894239,14670903
869894239,213044491
869894239,1907803009
869894239,105534413
869894239,949341888
869894239,2351874108
869894239,15861468
869894239,72674024
869894239,368789502
869894239,46615847
869894239,43121452
869894239,2782796858
869894239,66346350
869894239,504299333
869894239,403093403
869894239,121508653
869894239,2319112904
869894239,581715767
869894239,23458031
869894239,16004418
869894239,286726803
869894239,20820329
869894239,63147485
869894239,81789298
869894239,381618637
869894239,732371780
869894239,76367768
869894239,84873971
869894239,36522819
869894239,552569858
869894239,112514055
869894239,243160279
869894239,148716343
869894239,35542372
869894239,321575853
869894239,36322144
869894239,806850055
869894239,845114430
869894239,14385329
869894239,24609329
869894239,111354407
869894239,86763679
869894239,135904937
869894239,215999305
869894239,133758780
869894239,546566905
869894239,839291598
869894239,90435017
869894239,253604401
869894239,376235102
869894239,263662588
869894239,139431064
869894239,46109538
869894239,249150174
869894239,187844173
869894239,102275867
869894239,409127507
869894239,200112969
869894239,104753494
869894239,205689342
869894239,267076661
869894239,23085695
869894239,20777103
869894239,248830204
869894239,512564521
869894239,10944002
869894239,958636279
869894239,459386782
869894239,985495430
869894239,398965608
869894239,19588475
869894239,242896868
869894239,1065566696
869894239,1164180374
869894239,225104696
869894239,119696983
869894239,591776330
869894239,106831779
869894239,280976134
869894239,227342074
869894239,1303571503
869894239,1095378726
869894239,1267422030
869894239,1427397266
869894239,314593160
869894239,1307564988
869894239,943538154
869894239,1221157964
869894239,515526035
869894239,423319740
869894239,119711344
869894239,15560223
869894239,9778092
869894239,90625274
869894239,299601677
869894239,763846549
869894239,1112553272
869894239,976564722
869894239,1490346848
869894239,65463428
869894239,575413907
869894239,405950356
869894239,611733742
869894239,305029403
869894239,245517265
869894239,2834511
869894239,55035997
869894239,267834923
869894239,15015598
869894239,1725035185
869894239,165705245
869894239,1019536046
869894239,1266840860
869894239,22477168
869894239,1653681684
869894239,2670321
869894239,394747313
869894239,1530203924
869894239,74129471
869894239,1724703679
869894239,1316379127
869894239,509995396
869894239,283900734
869894239,886400917
869894239,148266966
869894239,1266763699
869894239,1910937517
869894239,1379662802
869894239,1285730078
869894239,1964404946
869894239,1615042428
869894239,2149199534
869894239,1006186878
869894239,1568474635
869894239,1734596533
869894239,808856347
869894239,16228337
869894239,237222584
869894239,198468267
869894239,1707490597
869894239,14897963
869894239,116729780
869894239,2205195531
869894239,2150693618
869894239,146101635
869894239,74286565
869894239,97610612
869894239,11511
869894239,70341037
869894239,29681473
869894239,33554141
869894239,334522745
869894239,46617062
869894239,71532091
869894239,1327356254
869894239,395224263
869894239,44608081
869894239,171930528
869894239,68724301
869894239,2255095338
869894239,800164087
869894239,602635605
869894239,360002232
869894239,370673346
869894239,143484502
869894239,204689823
869894239,117382161
869894239,353687440
869894239,2361119438
869894239,41089710
869894239,1085551
869894239,2213546759
869894239,2201708412
869894239,1133742031
869894239,602214876
869894239,2206886581
869894239,480539947
869894239,962012749
869894239,1133941110
869894239,97973688
869894239,360570348
869894239,2354721501
869894239,586395345
869894239,428867461
869894239,181888506
869894239,623607668
869894239,988796694
869894239,419727770
869894239,1381671350
869894239,119345542
869894239,1949027695
869894239,2820447172
869894239,295633020
869894239,7197752
869894239,850107536
869894239,3010319325
869894239,1095330266
869894239,281043412
869894239,145182442
869894239,39222117
869894239,1068210613
869894239,19341389
869894239,856578542
869894239,1911112620
869894239,531170907
869894239,2387348359
869894239,2525051161
869894239,473711256
869894239,9325912
869894239,1382042082
869894239,2543728208
869894239,2799646199
869894239,590152667
869894239,18519972
869894239,2871240525
869894239,14677919
869894239,417858371
869894239,1625296296
869894239,19338123
869894239,3110618074
869894239,3216292564
869894239,1197234409
869894239,569832889
869894239,14623710
869894239,2471148127
869894239,2811492056
869894239,3055995322
869894239,3332415328
869894239,1583092856
869894239,361944198
869894239,965806074
869894239,2893971
869894239,15808647
869894239,26728672
869894239,404526275
869894239,21390009
869894239,989
869894239,104615636
869894239,5959342
869894239,12908462
869894239,14204302
869894239,92030384
869894239,573316665
869894239,4327281
869894239,419464201
869894239,137295176
869894239,28315879
869894239,833330346
869894239,12357702
869894239,18629674
869894239,27102150
869894239,250340751
869894239,1558015789
869894239,192933708
869894239,19712106
869894239,48661148
869894239,1361714311
869894239,206182294
869894239,200473298
869894239,539407934
869894239,1288891117
869894239,105460525
869894239,966424544
869894239,1259366304
869894239,1712364560
869894239,96154222
869894239,897511861
869894239,1396212210
869894239,379305973
869894239,1360424029
869894239,80589255
869894239,1168973430
869894239,757147261
869894239,2152844814
869894239,378466384
869894239,500927226
869894239,1101540338
869894239,8971462
869894239,2253625044
869894239,551807164
869894239,130176486
869894239,146513211
869894239,2327251723
869894239,14763734
869894239,384251537
869894239,80935604
869894239,1234770876
869894239,2382193999
869894239,539946626
869894239,126664186
869894239,303391686
869894239,1283394577
869894239,962489004
869894239,304019831
869894239,1568213371
869894239,199586515
869894239,1947854468
869894239,1097717155
869894239,479503915
869894239,1314379430
869894239,493872996
869894239,2273413484
869894239,2483788873
869894239,2348215166
869894239,2246088396
869894239,269710352
869894239,576810118
869894239,97402119
869894239,1114537878
869894239,2517692982
869894239,1435549453
869894239,2234707891
869894239,412957360
869894239,2547694218
869894239,418590070
869894239,965694492
869894239,16409968
869894239,379268081
869894239,1265376464
869894239,534647227
869894239,602821686
869894239,16345273
869894239,140770637
869894239,2349044107
869894239,241991724
869894239,20682165
869894239,412447461
869894239,154407735
869894239,33478710
869894239,23325965
869894239,886769664
869894239,97447539
869894239,268464220
869894239,2460114715
869894239,29977461
869894239,32372834
869894239,262652556
869894239,1536116233
869894239,588417249
869894239,25562270
869894239,17514022
869894239,2205307848
869894239,1919283072
869894239,395176512
869894239,1001390960
869894239,1179422881
869894239,2905329448
869894239,802353967
869894239,2926877991
869894239,2382747114
869894239,550809307
869894239,276904771
869894239,3005329889
869894239,5878332
869894239,534255106
869894239,34713362
869894239,118613399
869894239,1446296545
869894239,566223999
869894239,104190221
869894239,308956802
869894239,86172466
869894239,481016577
869894239,16201264
869894239,35553661
869894239,1978806614
869894239,237210654
869894239,2760631328
869894239,2786201435
869894239,534206132
869894239,2813888702
869894239,429135945
869894239,141333525
869894239,1964685090
869894239,264741273
869894239,2853366561
869894239,163770896
869894239,613274398
869894239,35773039
869894239,2609653027
869894239,3001272125
869894239,619062364
869894239,2842566089
869894239,428885306
869894239,3152546382
869894239,50064444
869894239,34212459
869894239,15237868
869894239,1448128436
869894239,285650173
869894239,2766554107
869894239,28172926
869894239,488631293
869894239,577490455
869894239,286608996
869894239,14636374
869894239,448552985
869894239,493063481
869894239,2353453950
869894239,3355129101
869894239,1118629298
869894239,893318736
869894239,828718158
869894239,100336023
869894239,214812890
869894239,1911681115
869894239,389430562
869894239,949935882
869894239,1926235699
869894239,37883630
869894239,2485285236
869894239,1571238684
869894239,2515483428
869894239,8719482
869894239,19869149
869894239,1685688409
869894239,2797668431
869894239,1401726271
869894239,3021440673
869894239,8761432
869894239,15936843
869894239,273935884
869894239,2330336335
869894239,146741748
869894239,22756947
869894239,3017201895
869894239,3061724800
869894239,402804245
869894239,2393326598
869894239,2674432608
869894239,3014609025
869894239,1111162147
869894239,419316520
869894239,97429219
869894239,444802209
869894239,2182048940
869894239,35190835
869894239,2427099170
869894239,1699604941
869894239,318306599
869894239,16425445
869894239,15995577
869894239,1379984834
869894239,1134854108
869894239,1978317036
869894239,13934912
869894239,2724519558
869894239,3325581376
869894239,325616314
869894239,42700240
869894239,224079521
869894239,1153507362
869894239,106186793
869894239,64762291
869894239,3424141793
869894239,29950253
869894239,118472699
869894239,3301421847
869894239,546403386
869894239,370738023
869894239,1391776140
869894239,2194570908
869894239,196994616
869894239,71498154
869894239,559205933
869894239,501801749
869894239,2786900559
869894239,173929268
869894239,72098865
869894239,245535163
869894239,84351228
869894239,22563060
869894239,275139294
869894239,339251603
869894239,97465432
869894239,2260197309
869894239,2804154672
869894239,116063765
869894239,3164184675
869894239,2370718098
869894239,10876852
869894239,2915324884
869894239,2585895078
869894239,2226496788
869894239,2400045572
869894239,625548073
869894239,45132254
869894239,46203890
869894239,3221249576
869894239,583998466
869894239,466549492
869894239,602659598
869894239,19961073
869894239,1551117192
869894239,247377477
869894239,21879953
869894239,66648253
869894239,17083995
869894239,2999751946
869894239,84338409
869894239,13991172
869894239,19345394
869894239,62797456
869894239,24504702
869894239,420473588
869894239,2917394507
869894239,2556628038
869894239,15480333
869894239,18678589
869894239,140370950
869894239,1563920916
869894239,17895891
869894239,3179811765
869894239,10387152
869894239,145726990
869894239,15928832
869894239,17191626
869894239,20529629
869894239,19186257
869894239,9824472
869894239,168857946
869894239,19345645
869894239,14351010
869894239,28337697
869894239,2276201419
869894239,499423806
869894239,14711491
869894239,2693363755
869894239,2969899882
869894239,2318767292
869894239,703413018
869894239,77791651
869894239,1426345382
869894239,368919139
869894239,1082532169
869894239,2315094637
869894239,621523
869894239,29054405
869894239,612594648
869894239,186386877
869894239,231819789
869894239,361469789
869894239,559294048
869894239,3172179238
869894239,2902140807
869894239,14885549
869894239,73147282
869894239,1344951
869894239,42703075
869894239,1649995916
869894239,2229520249
869894239,403470677
869894239,17972106
869894239,63075353
869894239,55854069
869894239,265665791
869894239,20304565
869894239,464656229
869894239,392540797
869894239,19035981
869894239,928103642
869894239,2189846335
869894239,1919285113
869894239,767959490
869894239,2340366223
869894239,20857596
869894239,23099606
869894239,78868435
869894239,576998122
869894239,18764018
869894239,3141315119
869894239,3186485122
869894239,634653876
869894239,16484677
869894239,14322881
869894239,44584314
869894239,135096804
869894239,558773432
869894239,14742504
869894239,383691101
869894239,456486393
869894239,15040978
869894239,61602390
869894239,48163821
869894239,410070653
869894239,17878804
869894239,72845405
869894239,15352517
869894239,15901817
869894239,14176770
869894239,17875973
869894239,17708120
869894239,3197921
869894239,8724992
869894239,243203704
869894239,328926928
869894239,230440098
869894239,421722284
869894239,1731182544
869894239,757620158
869894239,2401316876
869894239,182363468
869894239,3331096299
869894239,20169485
869894239,131154155
869894239,298425364
869894239,568173206
869894239,246196874
869894239,252642762
869894239,2316883620
869894239,85041727
869894239,53198788
869894239,22918134
869894239,816653
869894239,7905122
869894239,621583
869894239,10977192
869894239,76133
869894239,39247971
869894239,14123689
869894239,388947237
869894239,5876652
869894239,9655032
869894239,29577436
869894239,197804547
869894239,292973723
869894239,1194511838
869894239,524452875
869894239,29031844
869894239,1951525092
869894239,1425316634
869894239,20418318
869894239,1513718124
869894239,480904987
869894239,13666
869894239,48903
869894239,474293
869894239,621713
869894239,777817
869894239,10908772
869894239,14786110
869894239,16883794
869894239,18504810
869894239,18909248
869894239,19335569
869894239,20441751
869894239,21208792
869894239,21223877
869894239,21383965
869894239,22120359
869894239,23051538
869894239,23572414
869894239,24145340
869894239,24153492
869894239,26316992
869894239,32825209
869894239,36205090
869894239,39500950
869894239,39516018
869894239,39727960
869894239,39959109
869894239,40010267
869894239,43920301
869894239,44886712
869894239,48390963
869894239,50591603
869894239,52731955
869894239,56392389
869894239,61017613
869894239,61847800
869894239,63445095
869894239,67879486
869894239,79299249
869894239,87565066
869894239,90139268
869894239,91597488
869894239,94853854
869894239,96537818
869894239,103860864
869894239,108639519
869894239,108667698
869894239,111554274
869894239,141137711
869894239,141158796
869894239,148290011
869894239,164199356
869894239,175018561
869894239,199606998
869894239,199729835
869894239,223868628
869894239,252553588
869894239,258790331
869894239,283951277
869894239,284067858
869894239,288712540
869894239,294028805
869894239,308382670
869894239,321362460
869894239,338345036
869894239,397117331
869894239,400053935
869894239,406531614
869894239,409655680
869894239,461919971
869894239,462775249
869894239,475678078
869894239,484872080
869894239,494357346
869894239,507211024
869894239,525258967
869894239,567272864
869894239,599339931
869894239,815209074
869894239,951348098
869894239,1127431758
869894239,1203945373
869894239,1362800323
869894239,1510163420
869894239,1533210170
869894239,1571068567
869894239,1731731006
869894239,2401740955
869894239,2463200455
869894239,2472445567
869894239,2527511184
869894239,2562252914
869894239,89785537
869894239,194166507
869894239,2596021254
869894239,422173089
869894239,16826367
869894239,17576181
869894239,19422447
869894239,19864682
869894239,22004795
869894239,23318055
869894239,24909190
869894239,25555639
869894239,28640933
869894239,28773799
869894239,30202381
869894239,33248043
869894239,33885460
869894239,34423857
869894239,34578176
869894239,34585384
869894239,36347303
869894239,37956819
869894239,38171370
869894239,42072558
869894239,44019567
869894239,48339953
869894239,52009223
869894239,53944421
869894239,55207471
869894239,72277900
869894239,81384790
869894239,86719842
869894239,89431845
869894239,90014101
869894239,93255334
869894239,99914275
869894239,106231214
869894239,108882900
869894239,113915931
869894239,114778403
869894239,142395887
869894239,142690511
869894239,146101077
869894239,162023981
869894239,171153229
869894239,190955270
869894239,193258521
869894239,195681218
869894239,211175054
869894239,230849793
869894239,304928772
869894239,339846503
869894239,351009963
869894239,356190403
869894239,356787601
869894239,379325675
869894239,381540723
869894239,381969506
869894239,391945446
869894239,393327544
869894239,413839619
869894239,435714725
869894239,454821447
869894239,472043689
869894239,509288627
869894239,510693528
869894239,529247064
869894239,533082734
869894239,599491010
869894239,601773356
869894239,813738259
869894239,829060856
869894239,886420428
869894239,948552829
869894239,992741821
869894239,1030730444
869894239,1108382916
869894239,1225229076
869894239,1300328653
869894239,1306932638
869894239,1379066754
869894239,1492759764
869894239,1585889305
869894239,2350848886
869894239,2368809120
869894239,2369520374
869894239,2373681362
869894239,2394252247
869894239,2443718293
869894239,2460011960
869894239,2482719410
869894239,2510731297
869894239,16345369
869894239,17448796
869894239,20399735
869894239,88928275
869894239,93709885
869894239,102458467
869894239,165480860
869894239,209020126
869894239,255941995
869894239,327554825
869894239,365363757
869894239,368804657
869894239,378480926
869894239,471352210
869894239,481538673
869894239,1336254342
869894239,1354570123
869894239,1541589410
869894239,2165903247
869894239,2195622679
869894239,2223841798
869894239,2326499672
869894239,2331718804
869894239,2341068978
869894239,2425184299
869894239,2606242467
869894239,2613958728
869894239,2645296975
869894239,306115656
869894239,48994998
869894239,2280353118
869894239,104782747
869894239,440400097
869894239,35082015
869894239,16364240
869894239,18866407
869894239,1049676991
869894239,249169195
869894239,26779010
869894239,43317911
869894239,2479330850
869894239,187528930
869894239,4816
869894239,76004287
869894239,20982910
869894239,15028398
869894239,18525497
869894239,106471365
869894239,14861745
869894239,17131762
869894239,117459114
869894239,17388789
869894239,2231402138
869894239,52024480
869894239,415758245
869894239,194048338
869894239,2599249849
869894239,2413938919
869894239,2220009464
869894239,1586266080
869894239,1545333888
869894239,1011129121
869894239,575269517
869894239,460163041
869894239,232242473
869894239,205750967
869894239,123109597
869894239,42183750
869894239,28565356
869894239,23746425
869894239,20058825
869894239,19232649
869894239,169426475
869894239,205315827
869894239,2803587655
869894239,2438273430
869894239,255542457
869894239,22481098
869894239,144830278
869894239,16705726
869894239,206717989
869894239,59132894
869894239,17039236
869894239,94529866
869894239,206208000
869894239,18022037
869894239,36332848
869894239,19287037
869894239,53347647
869894239,903716575
869894239,951326846
869894239,951333319
869894239,198618575
869894239,199196447
869894239,36329597
869894239,343447873
869894239,39181467
869894239,460966881
869894239,452474576
869894239,93687642
869894239,377976301
869894239,18512892
869894239,20610385
869894239,17675072
