873774812,16876546
873774812,613466557
873774812,555339436
873774812,925869919
873774812,4529040495
873774812,1323058926
873774812,2588824123
873774812,570829263
873774812,1114568586
873774812,312048657
873774812,370712872
873774812,2927414974
873774812,4837866753
873774812,460987861
873774812,397020953
873774812,291666290
873774812,171758508
873774812,1008958705
873774812,4405007115
873774812,3128786688
873774812,2729942747
873774812,4115187573
873774812,746829750
873774812,4783326937
873774812,3313886176
873774812,329361015
873774812,3099313823
873774812,2774606102
873774812,270373951
873774812,4458406953
873774812,1120409858
873774812,4077409954
873774812,3565982595
873774812,948552829
873774812,2791475831
873774812,2320411801
873774812,1065464365
873774812,526579281
873774812,335904364
873774812,3409143112
873774812,3003061012
873774812,2495032879
873774812,225176607
873774812,406444057
873774812,3439292716
873774812,2601960416
873774812,526242817
873774812,1364653796
873774812,2261779890
873774812,2491390638
873774812,506717275
873774812,356330235
873774812,4325802135
873774812,2316233962
873774812,3359037575
873774812,4659223402
873774812,4631393482
873774812,2206798507
873774812,3831848392
873774812,230538685
873774812,1728306902
873774812,84054978
873774812,4496113877
873774812,87925425
873774812,3458900603
873774812,363588738
873774812,2876664209
873774812,552599022
873774812,3027843664
873774812,811715340
873774812,270370521
873774812,2742494493
873774812,489215609
873774812,716813845
873774812,2347093926
873774812,181995614
873774812,3822490696
873774812,1072342832
873774812,2805707786
873774812,504368791
873774812,3033155620
873774812,57631092
873774812,379969920
873774812,65045121
873774812,1252622486
873774812,2889496107
873774812,2748884242
873774812,2918047905
873774812,36043335
873774812,527170698
873774812,389976818
873774812,415351114
873774812,3246090203
873774812,4237009589
873774812,2453520031
873774812,3045269111
873774812,4243563346
873774812,1281187602
873774812,2758056279
873774812,197863865
873774812,2673766090
873774812,3228447077
873774812,3400205871
873774812,1334126820
873774812,4177282822
873774812,3431756662
873774812,3990502545
873774812,186591584
873774812,1710529969
873774812,2399588496
873774812,3021953481
873774812,156322264
873774812,270397123
873774812,3179568034
873774812,305125192
873774812,3058934867
873774812,4204082656
873774812,3095262705
873774812,2194081166
873774812,3920305043
873774812,3507963502
873774812,295608887
873774812,455247562
873774812,1970633868
873774812,127974009
873774812,4236020554
873774812,4180048498
873774812,3331225354
873774812,87561153
873774812,141943563
873774812,221190401
873774812,2781565229
873774812,430205402
873774812,4166159249
873774812,212218940
873774812,2924926435
873774812,1264511462
873774812,3346916993
873774812,3299116330
873774812,4143313576
873774812,71845729
873774812,14651725
873774812,4119160593
873774812,451965535
873774812,3218169015
873774812,2994790785
873774812,90725961
873774812,2457285851
873774812,238095222
873774812,3940025361
873774812,3418864829
873774812,187855715
873774812,2799115667
873774812,2376057575
873774812,2295486429
873774812,3084704992
873774812,1662942060
873774812,312181000
873774812,3825301103
873774812,3930271109
873774812,3187617490
873774812,301716524
873774812,2376080087
873774812,2955568636
873774812,3697063265
873774812,3860627361
873774812,196660153
873774812,2898357916
873774812,255988123
873774812,745971144
873774812,1968518454
873774812,2867881583
873774812,241229232
873774812,332522383
873774812,3243704296
873774812,165180469
873774812,785338250
873774812,988541084
873774812,1775347952
873774812,2628295739
873774812,3017527228
873774812,3262900502
873774812,3599151436
873774812,3346937277
873774812,563677231
873774812,209504740
873774812,945646111
873774812,244078422
873774812,1975651417
873774812,2836993300
873774812,3172459528
873774812,882924248
873774812,3370823639
873774812,2558632858
873774812,14525982
873774812,2738435326
873774812,422861072
873774812,197723775
873774812,111849149
873774812,15121872
873774812,168426385
873774812,2752777641
873774812,2555425795
873774812,360004921
873774812,483829305
873774812,2878658775
873774812,74773665
873774812,2862151655
873774812,374761562
873774812,479881590
873774812,2903821264
873774812,2240266959
873774812,332451447
873774812,847387644
873774812,904309248
873774812,306690251
873774812,3118389964
873774812,301637879
873774812,3213747452
873774812,3086558601
873774812,218975345
873774812,776630958
873774812,2651488820
873774812,1931853733
873774812,25582180
873774812,2329045705
873774812,1101707120
873774812,2274091842
873774812,2976806931
873774812,3329365619
873774812,251214309
873774812,515932844
873774812,720384948
873774812,3337114227
873774812,3096575289
873774812,325763827
873774812,2434744562
873774812,274526804
873774812,880966430
873774812,3295461658
873774812,352196203
873774812,2599611997
873774812,3151105235
873774812,3245989422
873774812,1852786436
873774812,1142971117
873774812,816178
873774812,2753108494
873774812,710867774
873774812,2802324195
873774812,2214027704
873774812,3289033827
873774812,736357855
873774812,3166136781
873774812,235368054
873774812,2288123232
873774812,1946409534
873774812,521762393
873774812,3190657937
873774812,2984849609
873774812,3208184367
873774812,2748759015
873774812,3123815260
873774812,2885616191
873774812,1286119435
873774812,2888382844
873774812,133214754
873774812,405058299
873774812,2547917395
873774812,2598420899
873774812,302118163
873774812,279578358
873774812,1123113246
873774812,3111229459
873774812,2962991860
873774812,3033565690
873774812,2213892930
873774812,3121725954
873774812,461134719
873774812,300487338
873774812,2984533264
873774812,2870984800
873774812,3246676133
873774812,2294547592
873774812,2949175107
873774812,1231046215
873774812,1305038622
873774812,246821026
873774812,3006429442
873774812,3242193886
873774812,3236703502
873774812,3241824454
873774812,3204110501
873774812,448160817
873774812,563726420
873774812,3179592778
873774812,2284683027
873774812,2615039000
873774812,1225709852
873774812,113285079
873774812,2936443882
873774812,2304373528
873774812,587830869
873774812,3228522143
873774812,2884758622
873774812,2401206601
873774812,1591852088
873774812,2176557210
873774812,956300348
873774812,182825638
873774812,2934042384
873774812,568822334
873774812,18521502
873774812,1630555628
873774812,2297995574
873774812,1091475884
873774812,3198573141
873774812,305635629
873774812,2307018558
873774812,2518896959
873774812,2922924261
873774812,3187854473
873774812,510848956
873774812,1087313888
873774812,143144612
873774812,3153849208
873774812,3067657443
873774812,3148717137
873774812,257541444
873774812,2486973531
873774812,503623748
873774812,3173608300
873774812,3133433163
873774812,302382727
873774812,2953136675
873774812,286809454
873774812,315909383
873774812,2379209557
873774812,118169087
873774812,2240148071
873774812,1335312702
873774812,2778893558
873774812,166507237
873774812,1002474541
873774812,1344213872
873774812,417390400
873774812,2429414426
873774812,1650278168
873774812,2805078443
873774812,2511075531
873774812,3148054731
873774812,2360208952
873774812,164559805
873774812,141204959
873774812,132942705
873774812,154375912
873774812,3067624431
873774812,498189651
873774812,1219963189
873774812,411695020
873774812,2350777032
873774812,244156676
873774812,584065359
873774812,1203624932
873774812,3131696741
873774812,3060292456
873774812,1568726678
873774812,2685919298
873774812,3128953535
873774812,2983236915
873774812,3129932717
873774812,434258434
873774812,3003911891
873774812,3052348796
873774812,1426391750
873774812,3123714520
873774812,1031968106
873774812,2282051679
873774812,3025040501
873774812,3088472738
873774812,50623506
873774812,468118568
873774812,1101916616
873774812,2369446464
873774812,3096394685
873774812,3103477713
873774812,3035197221
873774812,3074195755
873774812,3080134253
873774812,3044268793
873774812,3096365355
873774812,2315119148
873774812,2990162782
873774812,2151395729
873774812,228488184
873774812,1412776400
873774812,519758219
873774812,2151525331
873774812,1252130378
873774812,240809399
873774812,3063586941
873774812,3091376321
873774812,2279346062
873774812,2970504551
873774812,408708960
873774812,125036366
873774812,3084953421
873774812,295725803
873774812,2165471440
873774812,815998340
873774812,535221230
873774812,2238635037
873774812,191146338
873774812,289890360
873774812,315675648
873774812,2413237085
873774812,954214146
873774812,1425003307
873774812,1327632199
873774812,3069727672
873774812,2610041328
873774812,8619502
873774812,3025516884
873774812,2423399854
873774812,1921244978
873774812,1864113360
873774812,3019961223
873774812,717840188
873774812,2983127193
873774812,2762128029
873774812,1326896443
873774812,430639487
873774812,560781314
873774812,590329050
873774812,582139338
873774812,2874089065
873774812,300958161
873774812,2755938099
873774812,2982481407
873774812,175218673
873774812,540384456
873774812,206967194
873774812,3060707841
873774812,2964665063
873774812,1031322858
873774812,1354447291
873774812,3039295829
873774812,1965015151
873774812,245709521
873774812,2911186499
873774812,2912650066
873774812,636862999
873774812,279472383
873774812,2981881756
873774812,2314457215
873774812,217916999
873774812,1219131588
873774812,2545166409
873774812,2609676113
873774812,2410825429
873774812,141885304
873774812,2555261360
873774812,2537896518
873774812,2987724190
873774812,2615056009
873774812,3001557320
873774812,704635604
873774812,2867768897
873774812,3034495852
873774812,2299558118
873774812,2897814227
873774812,730302590
873774812,2815193968
873774812,16080129
873774812,392199690
873774812,297887294
873774812,1385348016
873774812,780358165
873774812,2913936040
873774812,2271388218
873774812,261790332
873774812,1220759844
873774812,1219349114
873774812,2431352818
873774812,574346248
873774812,1646036892
873774812,636651647
873774812,3007376244
873774812,2862247283
873774812,2489875400
873774812,1541554483
873774812,2798064862
873774812,106274803
873774812,1696951386
873774812,508524723
873774812,2924557485
873774812,2781478780
873774812,3014662617
873774812,2282207313
873774812,2982382703
873774812,39483072
873774812,1305880874
873774812,3006607612
873774812,432706448
873774812,3004002778
873774812,264198853
873774812,2996480374
873774812,2995847993
873774812,2949095542
873774812,2892162724
873774812,124459235
873774812,2896625692
873774812,2343549222
873774812,1325742264
873774812,2318975199
873774812,115611795
873774812,559692379
873774812,2726304790
873774812,2988039597
873774812,896960118
873774812,2777932108
873774812,108919425
873774812,536339043
873774812,2771519366
873774812,23128820
873774812,2974534815
873774812,2900236990
873774812,2583615344
873774812,297366220
873774812,612321287
873774812,183798704
873774812,2979212692
873774812,2213049355
873774812,2777798543
873774812,2585276922
873774812,310556956
873774812,2595366655
873774812,44337911
873774812,2187281581
873774812,2469279200
873774812,2950779262
873774812,2276821540
873774812,2971226949
873774812,2423573787
873774812,1683015180
873774812,146103898
873774812,2923681582
873774812,2961740704
873774812,2952623608
873774812,2462423584
873774812,134253203
873774812,1186301017
873774812,1870052112
873774812,2592803186
873774812,2958380889
873774812,2943599841
873774812,438311411
873774812,459672034
873774812,282803033
873774812,525506593
873774812,2905232597
873774812,299306171
873774812,2948698065
873774812,2949300886
873774812,208845425
873774812,2948136329
873774812,408098432
873774812,523782737
873774812,1310074819
873774812,2943315935
873774812,2907445723
873774812,2878196322
873774812,2312325858
873774812,394266186
873774812,2929147264
873774812,2402109983
873774812,2904084916
873774812,395890016
873774812,949973814
873774812,100567766
873774812,2827528004
873774812,305159698
873774812,527790166
873774812,2830529728
873774812,2602162296
873774812,974986080
873774812,2911820427
873774812,2763865457
873774812,2864358423
873774812,430142420
873774812,159072956
873774812,2934074730
873774812,452103245
873774812,1591057644
873774812,2352903563
873774812,2882437055
873774812,197881757
873774812,2432064524
873774812,1384911607
873774812,2879444955
873774812,2919401404
873774812,2906211773
873774812,2617664976
873774812,2884454473
873774812,2888216163
873774812,262328729
873774812,301969131
873774812,2554201009
873774812,821185304
873774812,237670131
873774812,358448996
873774812,493040429
873774812,1224094087
873774812,1641794160
873774812,394557805
873774812,209780362
873774812,544086604
873774812,2909055345
873774812,2779170031
873774812,87749109
873774812,554643079
873774812,2712664019
873774812,2357849388
873774812,2230377726
873774812,549691829
873774812,534120948
873774812,2540591829
873774812,2849827231
873774812,2700844998
873774812,290204919
873774812,1417145342
873774812,283498364
873774812,384607073
873774812,2882936843
873774812,213831646
873774812,1462437240
873774812,351039330
873774812,110403389
873774812,519381748
873774812,2861155589
873774812,390254249
873774812,1267129236
873774812,243380988
873774812,1035499124
873774812,2863332293
873774812,457932395
873774812,2794174721
873774812,2794268969
873774812,2892015185
873774812,305550958
873774812,2546429165
873774812,2479589797
873774812,1326999164
873774812,216804332
873774812,1480884642
873774812,257520816
873774812,2865739259
873774812,2876944175
873774812,2879115333
873774812,2771472528
873774812,703416649
873774812,538647051
873774812,1010088817
873774812,63544364
873774812,1104633510
873774812,1913815525
873774812,2851745321
873774812,2877098333
873774812,222184299
873774812,745142263
873774812,404771642
873774812,2843015547
873774812,266601231
873774812,247679867
873774812,2800163789
873774812,222929803
873774812,154229481
873774812,2296012598
873774812,1948813998
873774812,479822306
873774812,153083600
873774812,528602908
873774812,2830130933
873774812,2594254131
873774812,2840276087
873774812,1673586954
873774812,1385563141
873774812,1030385964
873774812,493463423
873774812,2520267078
873774812,2257866548
873774812,2824759977
873774812,2391826105
873774812,365647636
873774812,527635987
873774812,303480247
873774812,2192887315
873774812,2862159507
873774812,624001816
873774812,361449534
873774812,503683500
873774812,276552259
873774812,228745640
873774812,280477631
873774812,1144933434
873774812,2817235912
873774812,76303683
873774812,284198277
873774812,2787243754
873774812,2836299059
873774812,2587319151
873774812,484230053
873774812,339112035
873774812,813401563
873774812,549498256
873774812,2819580675
873774812,1411499490
873774812,186073931
873774812,596457595
873774812,274470163
873774812,106568663
873774812,2442002768
873774812,127506532
873774812,2690559486
873774812,2178339775
873774812,2796977719
873774812,633216733
873774812,225564180
873774812,2734610483
873774812,1360626720
873774812,318636591
873774812,325799830
873774812,837968635
873774812,569481307
873774812,1426456681
873774812,2790857133
873774812,2297991991
873774812,846273660
873774812,2824541275
873774812,234599560
873774812,494730441
873774812,2585349380
873774812,307809697
873774812,327603604
873774812,1144343161
873774812,2777114003
873774812,268930679
873774812,1143390169
873774812,2689716284
873774812,9379912
873774812,144325733
873774812,2817530003
873774812,2722183142
873774812,470565812
873774812,2855644339
873774812,408542737
873774812,743808139
873774812,2485396573
873774812,2830530265
873774812,2731791215
873774812,2488583437
873774812,1884163777
873774812,113673277
873774812,133371674
873774812,243783466
873774812,309101887
873774812,134292845
873774812,2784745342
873774812,98156805
873774812,204002796
873774812,2768128990
873774812,2775645082
873774812,1319904716
873774812,2255178070
873774812,267268844
873774812,2698812100
873774812,301712536
873774812,22896730
873774812,2791508350
873774812,944454870
873774812,535348318
873774812,1141049394
873774812,471093972
873774812,125944369
873774812,2568822433
873774812,56335832
873774812,2827156496
873774812,360771246
873774812,508105707
873774812,2638742825
873774812,308670873
873774812,904210339
873774812,502929071
873774812,2787034167
873774812,329154420
873774812,2656006374
873774812,429141718
873774812,464791268
873774812,1525545834
873774812,2531750667
873774812,730617932
873774812,496926641
873774812,2744301391
873774812,2800694799
873774812,975904333
873774812,259276780
873774812,1101778424
873774812,2303547178
873774812,347882939
873774812,460461593
873774812,442373576
873774812,897067128
873774812,2445437273
873774812,452111498
873774812,592759956
873774812,2766585720
873774812,1337770566
873774812,216960357
873774812,2261834272
873774812,1330464822
873774812,991380758
873774812,2382596477
873774812,15497124
873774812,2568926465
873774812,1338803551
873774812,2697710617
873774812,2264608072
873774812,205392212
873774812,2246880679
873774812,2548143506
873774812,2400802215
873774812,2392615273
873774812,2452886748
873774812,2708503772
873774812,1381266278
873774812,1194098647
873774812,2349748190
873774812,2794683280
873774812,183353741
873774812,405480018
873774812,458496089
873774812,198809852
873774812,927047360
873774812,2459804526
873774812,733510573
873774812,1627611775
873774812,97862842
873774812,324859576
873774812,861063026
873774812,2296542810
873774812,424460902
873774812,97967364
873774812,2437872711
873774812,283708128
873774812,921801247
873774812,1585801388
873774812,304383088
873774812,537142560
873774812,73350229
873774812,2187206015
873774812,1106342906
873774812,121455902
873774812,1362901610
873774812,2759606774
873774812,1496580871
873774812,392780492
873774812,225070147
873774812,2667259812
873774812,2301228152
873774812,2795643864
873774812,1006027111
873774812,1470271230
873774812,2751908963
873774812,2595860091
873774812,499316501
873774812,583628139
873774812,2765529898
873774812,373048086
873774812,299743521
873774812,38640768
873774812,14974922
873774812,2697653251
873774812,235995835
873774812,1909112989
873774812,1556282646
873774812,192686024
873774812,2594638160
873774812,253200490
873774812,168217312
873774812,1311980306
873774812,2570765599
873774812,326682294
873774812,1840712155
873774812,779904024
873774812,1623289746
873774812,246676385
873774812,307832340
873774812,1080981283
873774812,281257098
873774812,353068232
873774812,2354848776
873774812,2749958148
873774812,267058747
873774812,2500546174
873774812,600993719
873774812,454274019
873774812,2420850852
873774812,1704895088
873774812,2354638634
873774812,2482761703
873774812,410192667
873774812,2561972870
873774812,561907856
873774812,271067527
873774812,2216575882
873774812,2588975849
873774812,2459105966
873774812,2486091306
873774812,2181979497
873774812,2684932366
873774812,19858930
873774812,110816621
873774812,278690323
873774812,149617410
873774812,352316828
873774812,2395291101
873774812,849638874
873774812,1920596341
873774812,356952275
873774812,535386349
873774812,630494549
873774812,386682715
873774812,299846534
873774812,2608434896
873774812,2267747113
873774812,2310991559
873774812,436180223
873774812,368357178
873774812,2541847868
873774812,194655705
873774812,2573711986
873774812,2193878394
873774812,449539677
873774812,1157751499
873774812,282255139
873774812,408690733
873774812,305496377
873774812,2393041754
873774812,493891753
873774812,1212651025
873774812,107752603
873774812,1167554012
873774812,2698620829
873774812,726346687
873774812,1478205614
873774812,255503629
873774812,497889775
873774812,105532798
873774812,612734181
873774812,317982084
873774812,2383568360
873774812,2277475509
873774812,2236413235
873774812,261344352
873774812,301308940
873774812,310271427
873774812,229554511
873774812,1033725120
873774812,2374431065
873774812,381410762
873774812,249257778
873774812,1947334334
873774812,2717629395
873774812,1916934344
873774812,2574113559
873774812,2221739661
873774812,487544856
873774812,74700961
873774812,1621302463
873774812,1409968190
873774812,228030662
873774812,2617907105
873774812,1405800780
873774812,2694258342
873774812,2506354043
873774812,237089579
873774812,476475430
873774812,2665229892
873774812,862193005
873774812,2571799352
873774812,399416020
873774812,2726813218
873774812,428125190
873774812,484252997
873774812,223715431
873774812,358093765
873774812,503640121
873774812,2673808361
873774812,821729436
873774812,135975619
873774812,310272177
873774812,566489482
873774812,67133588
873774812,536970178
873774812,127941344
873774812,1403497627
873774812,433770614
873774812,1894983858
873774812,156048290
873774812,1950488292
873774812,570836501
873774812,106003008
873774812,455247968
873774812,592114468
873774812,333366951
873774812,1868833436
873774812,2483710895
873774812,125104869
873774812,14814402
873774812,595962365
873774812,1295798251
873774812,1176930536
873774812,56658909
873774812,108670198
873774812,563852333
873774812,747827629
873774812,859920817
873774812,2362173923
873774812,132971372
873774812,2444607991
873774812,298772213
873774812,2292938051
873774812,200185521
873774812,2296577036
873774812,212228571
873774812,93654731
873774812,598331179
873774812,1716623048
873774812,2149113025
873774812,260696766
873774812,82530518
873774812,182075277
873774812,630650046
873774812,253819631
873774812,2408839969
873774812,633189184
873774812,569558037
873774812,98710947
873774812,950407962
873774812,980818891
873774812,721754641
873774812,2371742971
873774812,2593295101
873774812,1151510544
873774812,288525942
873774812,535373223
873774812,1462070329
873774812,561250964
873774812,177520372
873774812,531442416
873774812,386472773
873774812,2435371248
873774812,2243024571
873774812,1371978440
873774812,304975919
873774812,1311265110
873774812,1298040066
873774812,308610409
873774812,2653894571
873774812,621866502
873774812,508759451
873774812,1522133671
873774812,570887269
873774812,2676404445
873774812,209780139
873774812,2531635889
873774812,250737562
873774812,486845504
873774812,2156923402
873774812,2440497341
873774812,321433135
873774812,2380682979
873774812,151393780
873774812,427754706
873774812,545801311
873774812,610479060
873774812,62224784
873774812,2577556336
873774812,2515882286
873774812,491472083
873774812,715579207
873774812,1690305608
873774812,1651394570
873774812,1108555891
873774812,107762111
873774812,409369023
873774812,2494030220
873774812,962390004
873774812,1244672833
873774812,122655641
873774812,184478637
873774812,2490132144
873774812,2437112695
873774812,312919152
873774812,2651087631
873774812,332194797
873774812,2520122831
873774812,358470795
873774812,955466101
873774812,255803389
873774812,139211751
873774812,2345084804
873774812,2469273426
873774812,546195494
873774812,2612955171
873774812,1608126582
873774812,26449389
873774812,1487859936
873774812,861634554
873774812,142331814
873774812,2634480723
873774812,390810125
873774812,1223028703
873774812,325834473
873774812,2559420170
873774812,307579704
873774812,1424238350
873774812,130281179
873774812,910947913
873774812,2548787082
873774812,245022080
873774812,2573240005
873774812,445039087
873774812,516478373
873774812,1274579906
873774812,1095277772
873774812,161789053
873774812,2521010708
873774812,1599185022
873774812,406431171
873774812,187668873
873774812,2491129567
873774812,2309201390
873774812,2569854918
873774812,2532999462
873774812,277073102
873774812,399476148
873774812,759930295
873774812,1939099172
873774812,2586408070
873774812,945561439
873774812,2283857614
873774812,240500822
873774812,1339563205
873774812,281967233
873774812,264707807
873774812,565805975
873774812,964552088
873774812,390240389
873774812,331243803
873774812,546388299
873774812,476896770
873774812,609620553
873774812,302091546
873774812,301186993
873774812,354329482
873774812,1355485459
873774812,2429381222
873774812,635416016
873774812,1678641487
873774812,204939137
873774812,473879579
873774812,1112479320
873774812,158257688
873774812,187189278
873774812,2548165651
873774812,12647572
873774812,490339438
873774812,220811021
873774812,371900160
873774812,335835185
873774812,1039104246
873774812,2188981445
873774812,2542007125
873774812,2572822570
873774812,379355023
873774812,361020081
873774812,2598669046
873774812,464541570
873774812,2556609733
873774812,141940558
873774812,810591931
873774812,623768016
873774812,368889720
873774812,49643444
873774812,2402890306
873774812,539930314
873774812,2545446682
873774812,1362918354
873774812,2340410710
873774812,359434180
873774812,1879134902
873774812,2205209296
873774812,797383027
873774812,2581732473
873774812,257534763
873774812,348381120
873774812,87327779
873774812,1254697512
873774812,1491317455
873774812,1174625466
873774812,2494039483
873774812,401691236
873774812,865506068
873774812,945630402
873774812,2429106881
873774812,448052572
873774812,2582723020
873774812,861159456
873774812,2355296192
873774812,369410681
873774812,278465884
873774812,2440205329
873774812,14206854
873774812,722211685
873774812,580822044
873774812,221585295
873774812,2400587429
873774812,771489193
873774812,566913561
873774812,1433179410
873774812,784574954
873774812,1482581090
873774812,520899470
873774812,2251900600
873774812,1589069888
873774812,901695578
873774812,302588975
873774812,954421730
873774812,481954868
873774812,2207463743
873774812,1339488493
873774812,258989279
873774812,363725379
873774812,294741731
873774812,1073985457
873774812,183566680
873774812,306115949
873774812,2516322102
873774812,764321257
873774812,250620677
873774812,25555639
873774812,2291593489
873774812,1380836996
873774812,366546416
873774812,206846660
873774812,482389606
873774812,2203395385
873774812,2425317287
873774812,2423837648
873774812,775612026
873774812,2287941979
873774812,2479892540
873774812,2343019490
873774812,2512764019
873774812,498634459
873774812,2213075828
873774812,2325554529
873774812,233668661
873774812,229772420
873774812,2288138575
873774812,463983553
873774812,752724218
873774812,1382878662
873774812,521610888
873774812,733139468
873774812,977186300
873774812,411712367
873774812,297698315
873774812,2501883286
873774812,1334763032
873774812,102388575
873774812,297490439
873774812,2248495195
873774812,1849097852
873774812,466453270
873774812,18944563
873774812,1371499460
873774812,284970861
873774812,595227433
873774812,119844526
873774812,562183525
873774812,17420951
873774812,429909892
873774812,542721247
873774812,297479026
873774812,822226081
873774812,613941802
873774812,202138458
873774812,140528997
873774812,76046689
873774812,1899556754
873774812,776358492
873774812,2468128619
873774812,874040851
873774812,1970749237
873774812,502767458
873774812,301917206
873774812,100610839
873774812,2495940517
873774812,2493955928
873774812,1292021250
873774812,891912374
873774812,2422169720
873774812,2176274509
873774812,883304035
873774812,488336619
873774812,237373542
873774812,2499771033
873774812,462508479
873774812,321547907
873774812,945311977
873774812,1020678212
873774812,962548242
873774812,2180984821
873774812,340246338
873774812,2491157617
873774812,1653083960
873774812,2210882994
873774812,947722080
873774812,365989665
873774812,1177619120
873774812,256246016
873774812,1373233249
873774812,834188653
873774812,1558274119
873774812,2340072170
873774812,1722735145
873774812,1448867725
873774812,1513674733
873774812,706251405
873774812,598211601
873774812,251677497
873774812,1970865985
873774812,1418894514
873774812,400117406
873774812,1857834343
873774812,2410710672
873774812,2188923566
873774812,2476726482
873774812,618142494
873774812,547835756
873774812,2440500266
873774812,418426824
873774812,991610803
873774812,2448202572
873774812,2456353530
873774812,200374086
873774812,2149273800
873774812,218918328
873774812,279932128
873774812,272014583
873774812,2391557742
873774812,2328741514
873774812,2192767922
873774812,2340959731
873774812,345521990
873774812,1694548292
873774812,628757548
873774812,16381048
873774812,622654993
873774812,2247593562
873774812,1887172164
873774812,737614310
873774812,302313037
873774812,328454212
873774812,749156562
873774812,171555375
873774812,2344074009
873774812,529703380
873774812,324634348
873774812,2301714794
873774812,1383077462
873774812,1095939788
873774812,1914545154
873774812,1101436722
873774812,932944429
873774812,1333566120
873774812,78133587
873774812,588383508
873774812,752885138
873774812,1317258774
873774812,367919082
873774812,2323345695
873774812,2359043272
873774812,2281347862
873774812,470973078
873774812,500979426
873774812,531310789
873774812,222215728
873774812,2209317426
873774812,863611110
873774812,2238524861
873774812,328974781
873774812,1308639530
873774812,2293704242
873774812,30456944
873774812,14079975
873774812,2398144170
873774812,740841738
873774812,1719674840
873774812,2487294286
873774812,483670021
873774812,1415861593
873774812,2475555089
873774812,923693492
873774812,439918866
873774812,519538194
873774812,2431212794
873774812,2412653027
873774812,1147717680
873774812,1143347642
873774812,393319595
873774812,392780315
873774812,302259298
873774812,540885885
873774812,1644828572
873774812,488679228
873774812,723314886
873774812,247273686
873774812,2157329569
873774812,1694459203
873774812,434391514
873774812,565269968
873774812,844245200
873774812,22904045
873774812,352008334
873774812,1405720820
873774812,1087095691
873774812,196979811
873774812,2335840598
873774812,1879265599
873774812,1362293492
873774812,2202011535
873774812,362565198
873774812,1112236321
873774812,569205137
873774812,724396122
873774812,11110862
873774812,318602912
873774812,1449687662
873774812,300491297
873774812,115478247
873774812,19863575
873774812,193799613
873774812,803291118
873774812,307783121
873774812,295331658
873774812,2419393622
873774812,1202156250
873774812,371773621
873774812,30423221
873774812,217100065
873774812,2278799002
873774812,2417589650
873774812,2260439000
873774812,305468804
873774812,158110011
873774812,1294994832
873774812,1441648394
873774812,1066436137
873774812,353750354
873774812,296262810
873774812,290721329
873774812,2296780464
873774812,92556794
873774812,273080438
873774812,303760268
873774812,1975315249
873774812,2312561523
873774812,282339186
873774812,481980403
873774812,399702752
873774812,2382591541
873774812,1046243988
873774812,761110783
873774812,2363966246
873774812,270457943
873774812,265607733
873774812,7005302
873774812,321931667
873774812,1165247538
873774812,390146501
873774812,266200830
873774812,1419158022
873774812,208695951
873774812,1561372272
873774812,2363025681
873774812,963177944
873774812,388470690
873774812,20528789
873774812,608097926
873774812,589389138
873774812,1353939368
873774812,414395703
873774812,158830050
873774812,27522324
873774812,1924136395
873774812,81980779
873774812,287613635
873774812,333623180
873774812,634621586
873774812,548400062
873774812,2350283609
873774812,525818419
873774812,1896554196
873774812,208421329
873774812,337828777
873774812,1890664308
873774812,2391786332
873774812,12526532
873774812,1634262716
873774812,131893325
873774812,264957691
873774812,553510858
873774812,550349812
873774812,11775362
873774812,702442438
873774812,294514289
873774812,2382582840
873774812,412234601
873774812,445638088
873774812,2293688900
873774812,1558002140
873774812,455271894
873774812,22914352
873774812,2180744074
873774812,2158778012
873774812,124748346
873774812,1110067921
873774812,467366189
873774812,595407072
873774812,334520676
873774812,475750224
873774812,220964842
873774812,276587164
873774812,1428856736
873774812,866099444
873774812,373644661
873774812,2391724301
873774812,1031136870
873774812,2255019311
873774812,475585621
873774812,2395505189
873774812,331614977
873774812,552666511
873774812,1640525089
873774812,1702564620
873774812,323546941
873774812,172382103
873774812,2321739387
873774812,119083988
873774812,905971454
873774812,45476405
873774812,861953796
873774812,535153760
873774812,540161291
873774812,2327872688
873774812,1633067472
873774812,2371937187
873774812,1292370692
873774812,2350249964
873774812,2363060216
873774812,1426022593
873774812,2203556241
873774812,1254923221
873774812,2223801067
873774812,200834123
873774812,515201853
873774812,2362523420
873774812,553606581
873774812,1038318824
873774812,362741367
873774812,407335386
873774812,323992194
873774812,2338778221
873774812,14215224
873774812,2358398738
873774812,2296424183
873774812,2161308374
873774812,725492370
873774812,196220926
873774812,378124297
873774812,2319898825
873774812,1157924466
873774812,264466059
873774812,611010950
873774812,341446422
873774812,1510036957
873774812,2159649719
873774812,605785513
873774812,454224853
873774812,467527716
873774812,518490806
873774812,433572414
873774812,1907884322
873774812,118751948
873774812,1225640431
873774812,283714980
873774812,307851920
873774812,608055300
873774812,1702581554
873774812,634862881
873774812,2162361149
873774812,334980686
873774812,2346942110
873774812,438458112
873774812,1967097847
873774812,1941235914
873774812,1071197905
873774812,1546392068
873774812,213212960
873774812,2333718557
873774812,311867885
873774812,1964873424
873774812,158444329
873774812,1926077077
873774812,2176431978
873774812,745244228
873774812,1568254508
873774812,364798406
873774812,58766118
873774812,108601156
873774812,1705209968
873774812,2151208644
873774812,1871807270
873774812,129789520
873774812,43299161
873774812,527916931
873774812,2282520452
873774812,702343049
873774812,2203291722
873774812,217372657
873774812,592075073
873774812,563534710
873774812,562178253
873774812,889041421
873774812,2265434698
873774812,225228554
873774812,378075748
873774812,1300727174
873774812,208127091
873774812,191910677
873774812,217556567
873774812,932401164
873774812,1360418166
873774812,2323802993
873774812,276632429
873774812,166931060
873774812,954254976
873774812,498909218
873774812,1257925873
873774812,989424092
873774812,215371635
873774812,320659949
873774812,470573792
873774812,82084630
873774812,58751559
873774812,637015978
873774812,2286833712
873774812,1856959021
873774812,968822990
873774812,560391681
873774812,17186899
873774812,2272749440
873774812,337016752
873774812,301955535
873774812,213205164
873774812,725085697
873774812,953331708
873774812,1498929140
873774812,919975040
873774812,2313924362
873774812,1851342986
873774812,256924694
873774812,1960820126
873774812,1060076005
873774812,1708381081
873774812,285857266
873774812,1093087922
873774812,1428420594
873774812,311897918
873774812,2303301394
873774812,392314842
873774812,1201448816
873774812,1887132668
873774812,120068307
873774812,1363766784
873774812,1283547823
873774812,403666199
873774812,2170582071
873774812,477716857
873774812,712243694
873774812,2294481979
873774812,250337445
873774812,2209023292
873774812,2192070037
873774812,1577384395
873774812,2247781070
873774812,946772016
873774812,1653024612
873774812,1539623964
873774812,491261046
873774812,238938749
873774812,38381308
873774812,404074304
873774812,294922462
873774812,247675094
873774812,246723832
873774812,995582120
873774812,1725111835
873774812,603023869
873774812,1329319082
873774812,721138560
873774812,36020111
873774812,1812483194
873774812,155931804
873774812,2251133855
873774812,2273895937
873774812,209097236
873774812,2228215460
873774812,447062966
873774812,1486461811
873774812,2291026062
873774812,91298698
873774812,2273864597
873774812,2291622877
873774812,2291367451
873774812,317873679
873774812,2267704199
873774812,1490724668
873774812,405767214
873774812,2272974442
873774812,1894402922
873774812,300712661
873774812,1136944447
873774812,212457259
873774812,399035468
873774812,20909329
873774812,2285761159
873774812,224320998
873774812,581341341
873774812,1683975864
873774812,4954131
873774812,318072677
873774812,376140471
873774812,1860044198
873774812,318110789
873774812,271327993
873774812,2219859629
873774812,845903918
873774812,1958978292
873774812,381707706
873774812,220751541
873774812,1883499115
873774812,1132119854
873774812,27493797
873774812,308107141
873774812,553203221
873774812,1622482651
873774812,430803936
873774812,420882631
873774812,1596410574
873774812,569089520
873774812,401495432
873774812,1897906512
873774812,244602041
873774812,52016919
873774812,789473971
873774812,1716819373
873774812,237413314
873774812,1017933876
873774812,562532719
873774812,65540847
873774812,1004035734
873774812,1265479458
873774812,38570287
873774812,509140526
873774812,723057134
873774812,2176070958
873774812,427644884
873774812,211647538
873774812,113179853
873774812,440790012
873774812,350177718
873774812,1390187514
873774812,1575784267
873774812,846743522
873774812,138783155
873774812,1169714659
873774812,110949757
873774812,416919891
873774812,1631088522
873774812,2223593125
873774812,2238426886
873774812,796438513
873774812,619946949
873774812,1821420756
873774812,1425850764
873774812,386678085
873774812,1154713872
873774812,1093447189
873774812,1401479196
873774812,1386511759
873774812,463999464
873774812,736362829
873774812,465518932
873774812,1668519571
873774812,2176099672
873774812,578040099
873774812,271974577
873774812,1470971198
873774812,1399921172
873774812,2151545679
873774812,1010990306
873774812,174997369
873774812,481913731
873774812,213313839
873774812,1911899719
873774812,130805419
873774812,1453514216
873774812,288633456
873774812,2186053358
873774812,1351413050
873774812,776196582
873774812,449099122
873774812,1834529070
873774812,219026175
873774812,607149122
873774812,788671369
873774812,382650494
873774812,1364752262
873774812,255060945
873774812,139445818
873774812,2212194559
873774812,360775438
873774812,2151111732
873774812,353934173
873774812,1253047974
873774812,1439379866
873774812,274006709
873774812,610621241
873774812,1620391932
873774812,67268030
873774812,1633476606
873774812,412199931
873774812,81932175
873774812,503657715
873774812,55539184
873774812,33884545
873774812,863283991
873774812,204006421
873774812,602837008
873774812,271489679
873774812,436885817
873774812,300135299
873774812,1715793924
873774812,28076939
873774812,17323601
873774812,351448743
873774812,16084460
873774812,137144052
873774812,295318461
873774812,2181162731
873774812,1500529508
873774812,1562964558
873774812,1328078114
873774812,248786008
873774812,84701310
873774812,1441180610
873774812,1356661279
873774812,1578249830
873774812,1600759543
873774812,207211184
873774812,2208085794
873774812,471009458
873774812,1668495614
873774812,1630095596
873774812,1603075238
873774812,386655859
873774812,237666639
873774812,49447769
873774812,301868534
873774812,1886567646
873774812,184748162
873774812,2149037456
873774812,458272777
873774812,21667065
873774812,525264466
873774812,301458256
873774812,1403175871
873774812,157809480
873774812,729180469
873774812,198274680
873774812,2179593905
873774812,312128144
873774812,2183447897
873774812,240785148
873774812,1685453653
873774812,370589594
873774812,372844140
873774812,257927672
873774812,432072019
873774812,612062074
873774812,980684000
873774812,319285743
873774812,304872922
873774812,529295570
873774812,1196423599
873774812,323790118
873774812,338899906
873774812,542032919
873774812,303899506
873774812,633839799
873774812,578629152
873774812,1637925680
873774812,138664177
873774812,234140801
873774812,2154689816
873774812,143138927
873774812,20646380
873774812,1889807390
873774812,100731315
873774812,891781802
873774812,424937334
873774812,1531463562
873774812,289228483
873774812,1978376617
873774812,519326970
873774812,305469138
873774812,898457047
873774812,362447168
873774812,122309729
873774812,278433934
873774812,926283835
873774812,585052934
873774812,228822050
873774812,481972496
873774812,96680285
873774812,1274671
873774812,896038494
873774812,1624048105
873774812,763377546
873774812,2155172275
873774812,1372091317
873774812,31090827
873774812,579217415
873774812,221508936
873774812,1665921716
873774812,299937498
873774812,449261274
873774812,135925171
873774812,296726969
873774812,546902394
873774812,572142837
873774812,714628169
873774812,1149340585
873774812,1633862426
873774812,958457828
873774812,1959154754
873774812,1630239456
873774812,360568526
873774812,74992460
873774812,39219494
873774812,370922704
873774812,408643599
873774812,408681827
873774812,531579639
873774812,1063580893
873774812,1912214298
873774812,498259969
873774812,88991966
873774812,62239381
873774812,1927723806
873774812,1056438374
873774812,208651278
873774812,1289327088
873774812,949828104
873774812,218230773
873774812,1883011824
873774812,1215906134
873774812,1160830309
873774812,600109881
873774812,1894591321
873774812,765909366
873774812,343315710
873774812,152245215
873774812,355556592
873774812,1583624851
873774812,244980097
873774812,1317736285
873774812,1957053342
873774812,1310182500
873774812,421914873
873774812,719826191
873774812,236100684
873774812,296891371
873774812,51971742
873774812,289477268
873774812,732588577
873774812,589380503
873774812,282493814
873774812,1701509833
873774812,109237155
873774812,1618048040
873774812,41898073
873774812,567389065
873774812,252478011
873774812,222228385
873774812,700758290
873774812,205221227
873774812,1281514135
873774812,213358179
873774812,1435285771
873774812,21361705
873774812,1917237174
873774812,614384776
873774812,50010892
873774812,783157418
873774812,1641546673
873774812,1309755180
873774812,703998164
873774812,1459764907
873774812,1022801622
873774812,142189482
873774812,1154807046
873774812,1144898491
873774812,1218392209
873774812,480825703
873774812,475894250
873774812,730322581
873774812,18118520
873774812,102646663
873774812,637109535
873774812,550301945
873774812,256475927
873774812,156765177
873774812,1002034134
873774812,367901202
873774812,902026177
873774812,357080470
873774812,1115352032
873774812,1292862438
873774812,772691168
873774812,265295783
873774812,301594420
873774812,1706887686
873774812,788954936
873774812,171537586
873774812,1151181018
873774812,220319587
873774812,1159915453
873774812,408391296
873774812,49920951
873774812,359587264
873774812,158812437
873774812,1254385076
873774812,915322632
873774812,987029264
873774812,948551490
873774812,133873455
873774812,313856890
873774812,226659596
873774812,267366382
873774812,45668981
873774812,270816094
873774812,73013623
873774812,1565195281
873774812,207244494
873774812,1511769565
873774812,344729302
873774812,551077445
873774812,587733487
873774812,1344715050
873774812,223820515
873774812,79982342
873774812,1012874467
873774812,460386348
873774812,166195201
873774812,859624363
873774812,428923166
873774812,410898935
873774812,110675274
873774812,180853094
873774812,1449553476
873774812,367210075
873774812,306062737
873774812,300424521
873774812,55823687
873774812,855989904
873774812,1628036264
873774812,334489956
873774812,1006788499
873774812,1580751356
873774812,192550331
873774812,167960658
873774812,701872435
873774812,399085593
873774812,1148982920
873774812,627645445
873774812,386514005
873774812,532721489
873774812,273554704
873774812,100518343
873774812,1573373702
873774812,590321918
873774812,69825062
873774812,706755835
873774812,64223584
873774812,343005355
873774812,1436933100
873774812,1691330041
873774812,230696135
873774812,1025006562
873774812,573678444
873774812,382764663
873774812,148116164
873774812,1087432710
873774812,481298111
873774812,461967870
873774812,1557559896
873774812,989122604
873774812,236540734
873774812,524589593
873774812,511632970
873774812,420475251
873774812,1683938328
873774812,1213794534
873774812,584793255
873774812,915055933
873774812,704482928
873774812,307473456
873774812,194864955
873774812,501724938
873774812,88927263
873774812,1179760578
873774812,805407073
873774812,1336999236
873774812,1655189586
873774812,543620579
873774812,1625728344
873774812,520281413
873774812,452953576
873774812,322026396
873774812,278762062
873774812,298495843
873774812,1652459718
873774812,1258031364
873774812,50373757
873774812,355464109
873774812,917763494
873774812,1644724273
873774812,262221458
873774812,820194973
873774812,970434865
873774812,586267724
873774812,378506978
873774812,77629675
873774812,430993158
873774812,280412559
873774812,829803582
873774812,250549420
873774812,211659632
873774812,37253394
873774812,255504618
873774812,1332901165
873774812,183439985
873774812,321289174
873774812,113374358
873774812,1354730179
873774812,293138320
873774812,454075865
873774812,392092413
873774812,550660399
873774812,94208950
873774812,185700502
873774812,129963901
873774812,574557197
873774812,336741016
873774812,1205164044
873774812,244480058
873774812,331545536
873774812,581054655
873774812,822910567
873774812,851545922
873774812,1153576345
873774812,1408567620
873774812,566730247
873774812,1107256076
873774812,491161504
873774812,1623839886
873774812,1432938156
873774812,20929745
873774812,138922135
873774812,578227591
873774812,335938555
873774812,101772207
873774812,1317271158
873774812,955384549
873774812,534075603
873774812,85412926
873774812,835933362
873774812,432002591
873774812,808748995
873774812,1403501114
873774812,81923286
873774812,545471667
873774812,1241224177
873774812,1244708348
873774812,1426002738
873774812,953518170
873774812,911000017
873774812,94073541
873774812,1132407444
873774812,1491010861
873774812,179487825
873774812,531639591
873774812,23292448
873774812,1543167942
873774812,407805144
873774812,307392069
873774812,1443956881
873774812,578398362
873774812,408660818
873774812,306239955
873774812,260825836
873774812,555798883
873774812,1189491054
873774812,753755084
873774812,366149356
873774812,1548598573
873774812,1488544838
873774812,1255145294
873774812,31103384
873774812,1082838788
873774812,334069305
873774812,294666907
873774812,529549035
873774812,304646709
873774812,120620613
873774812,1568237340
873774812,563044220
873774812,1158272353
873774812,1198674584
873774812,506079871
873774812,1103904062
873774812,88954535
873774812,535394220
873774812,307879207
873774812,203885606
873774812,1253931494
873774812,1537536541
873774812,179082937
873774812,341672003
873774812,335430823
873774812,448972100
873774812,184568839
873774812,1061218897
873774812,14245212
873774812,122954676
873774812,388272455
873774812,1494100669
873774812,597911152
873774812,232980149
873774812,15183391
873774812,268254375
873774812,1272028578
873774812,17343626
873774812,102480916
873774812,1084286742
873774812,460480882
873774812,115516167
873774812,873374882
873774812,407831713
873774812,247266043
873774812,515653621
873774812,156214500
873774812,509038260
873774812,732713060
873774812,951310296
873774812,969931681
873774812,395184832
873774812,50031022
873774812,594116653
873774812,597111758
873774812,1146573925
873774812,583153296
873774812,551706395
873774812,158342368
873774812,270022586
873774812,191635443
873774812,611976424
873774812,67682384
873774812,419930861
873774812,110759185
873774812,66411964
873774812,1350404346
873774812,434432152
873774812,720701520
873774812,419008875
873774812,237777566
873774812,250276921
873774812,304669784
873774812,716446184
873774812,1209864732
873774812,634815236
873774812,906631045
873774812,270729511
873774812,607912388
873774812,406280856
873774812,76197686
873774812,46155145
873774812,1201770500
873774812,77712001
873774812,250859381
873774812,351993789
873774812,270053234
873774812,887380861
873774812,305794377
873774812,203941086
873774812,354963761
873774812,582185202
873774812,84920824
873774812,43208158
873774812,11162772
873774812,386103722
873774812,229850053
873774812,18238467
873774812,1332404220
873774812,239733754
873774812,702541567
873774812,74453123
873774812,284588708
873774812,586933047
873774812,494455534
873774812,48822802
873774812,1225657704
873774812,825526548
873774812,302498358
873774812,939858595
873774812,14452850
873774812,812667788
873774812,527329478
873774812,50989987
873774812,333262960
873774812,1390548548
873774812,1323331825
873774812,1130428142
873774812,294561638
873774812,256729235
873774812,409970196
873774812,1375594920
873774812,271372199
873774812,726870584
873774812,1205556072
873774812,329053441
873774812,1002341238
873774812,74215886
873774812,247410313
873774812,556939341
873774812,426834124
873774812,497930088
873774812,419271687
873774812,176276685
873774812,467287918
873774812,409925101
873774812,387350759
873774812,637369566
873774812,921679705
873774812,914427931
873774812,12392442
873774812,426693064
873774812,49792265
873774812,1008522630
873774812,59885627
873774812,391264779
873774812,354298447
873774812,479862529
873774812,198829810
873774812,1348984716
873774812,1361448114
873774812,294027291
873774812,232144384
873774812,270294865
873774812,241045324
873774812,839886138
873774812,155285281
873774812,187564239
873774812,17887939
873774812,602939113
873774812,301388743
873774812,525416576
873774812,158313996
873774812,300894131
873774812,491118783
873774812,1176687452
873774812,636557736
873774812,62171248
873774812,605685039
873774812,433722722
873774812,418869495
873774812,508691273
873774812,951943230
873774812,447853568
873774812,252261927
873774812,389637615
873774812,895268047
873774812,366119009
873774812,391938617
873774812,183382851
873774812,301941363
873774812,564602936
873774812,164608671
873774812,846928896
873774812,263780425
873774812,1227894192
873774812,267130091
873774812,25661574
873774812,384041516
873774812,277233913
873774812,277117464
873774812,207305542
873774812,1246087470
873774812,266641960
873774812,17229160
873774812,320963012
873774812,167321299
873774812,1153745305
873774812,343447873
873774812,181929264
873774812,902321233
873774812,301604865
873774812,225834317
873774812,740773928
873774812,19292516
873774812,424120633
873774812,889039213
873774812,209944791
873774812,208911269
873774812,456828268
873774812,446589801
873774812,210536339
873774812,626685799
873774812,278977246
873774812,23791197
873774812,1190505763
873774812,376217080
873774812,17676713
873774812,306414975
873774812,494306860
873774812,104228227
873774812,301483925
873774812,64193688
873774812,962201628
873774812,48579013
873774812,903821588
873774812,224607633
873774812,89165765
873774812,407582063
873774812,84012298
873774812,320875367
873774812,312963709
873774812,245863642
873774812,383279822
873774812,143801389
873774812,512267387
873774812,76914701
873774812,535707261
873774812,43910684
873774812,299589351
873774812,364528766
873774812,62029654
873774812,222530162
873774812,610276024
873774812,94287024
873774812,76593802
873774812,13346352
873774812,281478302
873774812,300365873
873774812,405514601
873774812,249122306
873774812,102095809
873774812,139486627
873774812,267311284
873774812,603884167
873774812,1137149520
873774812,8077952
873774812,241147024
873774812,24969154
873774812,249243667
873774812,402219133
873774812,268470229
873774812,117341231
873774812,279649054
873774812,380808030
873774812,56331789
873774812,134857150
873774812,245791854
873774812,372163914
873774812,235234497
873774812,105082141
873774812,329214596
873774812,11713422
873774812,194934827
873774812,15217919
873774812,1030888706
873774812,27410839
873774812,296912924
873774812,15180395
873774812,233732711
873774812,234278716
873774812,111933542
873774812,138504565
873774812,242796587
873774812,237223544
873774812,220047267
873774812,241496045
873774812,83388190
873774812,269934544
873774812,203590680
873774812,80899853
873774812,6809022
873774812,483767812
873774812,110419154
873774812,267355099
873774812,570674414
873774812,295120448
873774812,516405086
873774812,78863928
873774812,13426312
873774812,121385551
873774812,245792560
873774812,250255286
873774812,796684728
873774812,78864249
873774812,11904592
873774812,24870470
873774812,270652116
873774812,14436317
873774812,7996082
873774812,65369125
