87920683,16718692
87920683,11403542
87920683,246858746
87920683,30151210
87920683,93873055
87920683,2828007681
87920683,87256160
87920683,3903728774
87920683,36918513
87920683,55717900
87920683,36917055
87920683,4150515514
87920683,387570284
87920683,27762615
87920683,2835936441
87920683,2993789903
87920683,404161052
87920683,108670198
87920683,948552829
87920683,813803318
87920683,4524136761
87920683,3456887541
87920683,2903821264
87920683,306268810
87920683,151513481
87920683,264169660
87920683,3042478138
87920683,353820534
87920683,231424061
87920683,347524111
87920683,1154659586
87920683,276074124
87920683,3653148737
87920683,54727229
87920683,23437910
87920683,3027957124
87920683,250565221
87920683,187564239
87920683,238242658
87920683,109507429
87920683,3707511736
87920683,4122722961
87920683,40266370
87920683,171042723
87920683,24678246
87920683,230140569
87920683,12849002
87920683,175048556
87920683,118365649
87920683,2537531
87920683,4037822896
87920683,84115753
87920683,1270776432
87920683,6329282
87920683,21756856
87920683,555642766
87920683,279390084
87920683,3739792642
87920683,198516419
87920683,4149101068
87920683,14136205
87920683,3343087815
87920683,568130528
87920683,3906310100
87920683,20288378
87920683,3340973451
87920683,102095809
87920683,16035483
87920683,816178
87920683,3973657293
87920683,14091951
87920683,38520755
87920683,302910109
87920683,3827201669
87920683,13170872
87920683,235392239
87920683,14852723
87920683,707260075
87920683,6964542
87920683,27587192
87920683,119791145
87920683,27700085
87920683,95509324
87920683,323944020
87920683,35269694
87920683,34680859
87920683,246146528
87920683,42835702
87920683,990433260
87920683,108991486
87920683,90231048
87920683,66780280
87920683,208963677
87920683,120198162
87920683,2584407026
87920683,239260917
87920683,2916305152
87920683,2815701638
87920683,37294647
87920683,110160881
87920683,125803050
87920683,2590070251
87920683,3096575289
87920683,3044874549
87920683,3184822635
87920683,2976619961
87920683,37344416
87920683,503581789
87920683,458104903
87920683,109432905
87920683,15248437
87920683,1694040764
87920683,2766008685
87920683,3409173261
87920683,90725961
87920683,591968216
87920683,229043036
87920683,1281508945
87920683,349082490
87920683,89528314
87920683,230471234
87920683,580615932
87920683,571077612
87920683,371412771
87920683,50007208
87920683,3386962953
87920683,105780785
87920683,144590244
87920683,2811901
87920683,33744825
87920683,2786457076
87920683,177150366
87920683,3039268715
87920683,3517581
87920683,506313
87920683,33647344
87920683,20760565
87920683,36194371
87920683,183318478
87920683,193121105
87920683,240813604
87920683,11327242
87920683,1523995897
87920683,124339752
87920683,17901986
87920683,2512026829
87920683,186918469
87920683,320613530
87920683,3015314147
87920683,27288119
87920683,2943463768
87920683,3301285679
87920683,3316933750
87920683,3302327032
87920683,2874628977
87920683,3327181637
87920683,964992068
87920683,190046906
87920683,46973738
87920683,57828037
87920683,10631202
87920683,475585621
87920683,12000212
87920683,102126513
87920683,429347690
87920683,56331789
87920683,3004531168
87920683,271063611
87920683,20392608
87920683,91908178
87920683,72639469
87920683,132119368
87920683,376194671
87920683,21647844
87920683,21802571
87920683,66226341
87920683,403707759
87920683,2937222292
87920683,3247529721
87920683,1341629514
87920683,15990893
87920683,803291118
87920683,773725616
87920683,48862062
87920683,54048396
87920683,2538080642
87920683,300129249
87920683,305005027
87920683,3183859936
87920683,2929711871
87920683,3235963607
87920683,442385889
87920683,300201525
87920683,125972967
87920683,35420855
87920683,2537896518
87920683,1058105029
87920683,2592168038
87920683,2559340927
87920683,164871823
87920683,301429402
87920683,1566673286
87920683,359499615
87920683,58899916
87920683,4619181
87920683,3176246350
87920683,91601683
87920683,49122393
87920683,226289870
87920683,3084704992
87920683,261250891
87920683,2479861125
87920683,228053073
87920683,16076032
87920683,392199690
87920683,11904592
87920683,25555639
87920683,784574954
87920683,169874262
87920683,1240243430
87920683,68396702
87920683,292432249
87920683,2337227719
87920683,626685799
87920683,567389065
87920683,3091376321
87920683,482960764
87920683,627862838
87920683,181857751
87920683,114765433
87920683,374535563
87920683,24993000
87920683,161540381
87920683,56276551
87920683,2473095798
87920683,2936030817
87920683,73159929
87920683,32443366
87920683,9109992
87920683,762597577
87920683,3066080236
87920683,2944626832
87920683,335972576
87920683,3002233265
87920683,105236777
87920683,308042383
87920683,1435861448
87920683,91781128
87920683,3019961223
87920683,125377520
87920683,15135596
87920683,102472853
87920683,338560854
87920683,323306871
87920683,15565721
87920683,1310289288
87920683,1063443012
87920683,2377833672
87920683,3032964819
87920683,29515774
87920683,121763702
87920683,97239066
87920683,2223241490
87920683,267067689
87920683,14409630
87920683,282272701
87920683,2807778420
87920683,2839441895
87920683,116476719
87920683,12166372
87920683,386420847
87920683,29497240
87920683,267400993
87920683,1361894076
87920683,17046260
87920683,71642134
87920683,2256557900
87920683,2979528101
87920683,811485997
87920683,104210701
87920683,632861254
87920683,36687908
87920683,327035264
87920683,372812630
87920683,769919
87920683,158482123
87920683,852935874
87920683,351930774
87920683,231572204
87920683,88672145
87920683,278690728
87920683,301193111
87920683,107153756
87920683,14085904
87920683,839467159
87920683,69487687
87920683,9378802
87920683,976203420
87920683,965363461
87920683,111691454
87920683,101897322
87920683,179697435
87920683,285260307
87920683,239362738
87920683,434511852
87920683,12165152
87920683,270949300
87920683,54318535
87920683,193467930
87920683,248580299
87920683,292241366
87920683,33676685
87920683,823057
87920683,33325867
87920683,43357303
87920683,277217883
87920683,81418563
87920683,59153434
87920683,14676389
87920683,17089319
87920683,2829289058
87920683,240353417
87920683,189641579
87920683,11820812
87920683,16247271
87920683,223463930
87920683,21956411
87920683,636785523
87920683,49681553
87920683,91352394
87920683,132960607
87920683,777217346
87920683,590240418
87920683,166207149
87920683,63801144
87920683,65294541
87920683,26062694
87920683,707433296
87920683,139923156
87920683,35761525
87920683,17529217
87920683,2158841
87920683,15329934
87920683,325622014
87920683,66723691
87920683,85427368
87920683,35393868
87920683,2810204788
87920683,300742452
87920683,246545036
87920683,2537713124
87920683,14909349
87920683,1478198448
87920683,2249440891
87920683,482389606
87920683,2867178004
87920683,8650472
87920683,320444430
87920683,276397899
87920683,21185883
87920683,2731906385
87920683,52815944
87920683,20491842
87920683,2839364274
87920683,74418756
87920683,2794955749
87920683,85121688
87920683,2806482400
87920683,310905050
87920683,2388765331
87920683,2776392849
87920683,377645095
87920683,580277671
87920683,1975537645
87920683,284158485
87920683,14525982
87920683,302021580
87920683,18050553
87920683,351523642
87920683,2746647277
87920683,76674029
87920683,291724341
87920683,825523950
87920683,23787804
87920683,2730501667
87920683,1229486738
87920683,90501249
87920683,14489131
87920683,51086779
87920683,126185444
87920683,27662784
87920683,2589596450
87920683,2558484630
87920683,1144933434
87920683,8302582
87920683,289037143
87920683,1650027518
87920683,175553686
87920683,2572987123
87920683,5936422
87920683,2548870802
87920683,18899445
87920683,319675272
87920683,166755798
87920683,2288138575
87920683,69282928
87920683,17161763
87920683,213701197
87920683,45870897
87920683,85066169
87920683,9123032
87920683,300323478
87920683,2427419840
87920683,2476839079
87920683,242091208
87920683,14164147
87920683,35341530
87920683,313893397
87920683,37765817
87920683,13862172
87920683,42702612
87920683,2242872211
87920683,30878622
87920683,18659539
87920683,2437308926
87920683,2467930643
87920683,2429637211
87920683,318088798
87920683,37947974
87920683,2263443133
87920683,2338503576
87920683,173506425
87920683,19900431
87920683,30331417
87920683,546192771
87920683,47651582
87920683,7170942
87920683,2391578575
87920683,217825047
87920683,304352640
87920683,20248523
87920683,377322205
87920683,8076532
87920683,990500935
87920683,243013128
87920683,2376198595
87920683,16777774
87920683,43510770
87920683,25014406
87920683,62255061
87920683,76617978
87920683,369719204
87920683,2355060726
87920683,2329591376
87920683,115129095
87920683,446460791
87920683,1277460990
87920683,84117285
87920683,1279909814
87920683,118511264
87920683,390146520
87920683,2159775193
87920683,321792211
87920683,2277435911
87920683,232437592
87920683,17018765
87920683,817789
87920683,2349428989
87920683,2347077542
87920683,24698859
87920683,1366811
87920683,539100892
87920683,137708536
87920683,1940295265
87920683,106296137
87920683,135955404
87920683,129626013
87920683,15521401
87920683,2305162380
87920683,158342368
87920683,470939940
87920683,14704665
87920683,582286332
87920683,397527110
87920683,126038431
87920683,175576084
87920683,2287119752
87920683,409423446
87920683,18368050
87920683,324531537
87920683,1104402170
87920683,16625148
87920683,2272886484
87920683,2271584005
87920683,2267255545
87920683,2262747764
87920683,2261865948
87920683,101303555
87920683,22269856
87920683,19017654
87920683,210688067
87920683,7161882
87920683,142567423
87920683,825966216
87920683,223844162
87920683,2331061
87920683,159409342
87920683,377837520
87920683,9588742
87920683,16287386
87920683,318365183
87920683,188653902
87920683,48858074
87920683,14840996
87920683,137693058
87920683,1782991
87920683,41601476
87920683,13334112
87920683,51503689
87920683,553220531
87920683,50771505
87920683,38151597
87920683,389625332
87920683,993187128
87920683,585764778
87920683,26603206
87920683,64312545
87920683,84944278
87920683,2201389874
87920683,1549530930
87920683,36823059
87920683,121815821
87920683,37932326
87920683,102287424
87920683,73223523
87920683,28878999
87920683,52587306
87920683,92333693
87920683,301381206
87920683,2196991368
87920683,219344285
87920683,19619556
87920683,599718953
87920683,419752181
87920683,15321530
87920683,17257544
87920683,104263321
87920683,1625227358
87920683,99718121
87920683,228885826
87920683,625653
87920683,370138478
87920683,451216623
87920683,832928402
87920683,1071816314
87920683,339776331
87920683,838620086
87920683,200476117
87920683,122111410
87920683,12794372
87920683,82824149
87920683,19876616
87920683,81001006
87920683,1389030638
87920683,85868692
87920683,32532614
87920683,53008944
87920683,1927943005
87920683,314304719
87920683,18458454
87920683,52090901
87920683,6792632
87920683,37857874
87920683,37807660
87920683,384417410
87920683,361221070
87920683,84670791
87920683,1265071
87920683,2960351
87920683,1666983972
87920683,589463534
87920683,15727803
87920683,448696657
87920683,224641139
87920683,17449646
87920683,123695829
87920683,254158797
87920683,33310796
87920683,1286338250
87920683,351770983
87920683,17383707
87920683,72871555
87920683,300374432
87920683,57665773
87920683,54809936
87920683,426450380
87920683,825463153
87920683,311640613
87920683,141762657
87920683,47964000
87920683,19593634
87920683,145194684
87920683,295631131
87920683,27754428
87920683,1615221306
87920683,39799775
87920683,464748089
87920683,817200
87920683,601848129
87920683,1578069601
87920683,302314056
87920683,79304497
87920683,28136674
87920683,310497473
87920683,40318288
87920683,484271579
87920683,77423687
87920683,49699294
87920683,8889662
87920683,224438064
87920683,79423594
87920683,1550179088
87920683,1550933840
87920683,91018677
87920683,316721629
87920683,723192277
87920683,1034908794
87920683,1541780592
87920683,20449367
87920683,35043821
87920683,160723031
87920683,14194620
87920683,15192241
87920683,64475279
87920683,122460797
87920683,2253551
87920683,47773368
87920683,14698489
87920683,774058
87920683,193311546
87920683,246717099
87920683,1489110866
87920683,108963617
87920683,717905286
87920683,85803214
87920683,170688760
87920683,1474783112
87920683,109241842
87920683,122332544
87920683,821703374
87920683,14349449
87920683,14986351
87920683,65340541
87920683,158470301
87920683,546021051
87920683,474316323
87920683,312070779
87920683,18119549
87920683,39531459
87920683,2300471
87920683,83337141
87920683,1406431664
87920683,563677231
87920683,275938934
87920683,300504472
87920683,46968095
87920683,195100950
87920683,138020817
87920683,978613189
87920683,240313645
87920683,40643519
87920683,410970457
87920683,275646140
87920683,11086042
87920683,64268212
87920683,166641419
87920683,10128682
87920683,1108920564
87920683,243266276
87920683,12725692
87920683,14194713
87920683,5393482
87920683,43664690
87920683,31366223
87920683,15055888
87920683,722759467
87920683,15318505
87920683,6590
87920683,471398749
87920683,586102874
87920683,177158631
87920683,1252539836
87920683,176413239
87920683,17772404
87920683,9321342
87920683,46393895
87920683,5474772
87920683,91106214
87920683,96642355
87920683,306932184
87920683,40818631
87920683,731573
87920683,23087029
87920683,400479149
87920683,100819164
87920683,414696957
87920683,332821452
87920683,164210076
87920683,624661055
87920683,271366095
87920683,315028941
87920683,88618641
87920683,10135862
87920683,89010853
87920683,211871686
87920683,740841738
87920683,89496547
87920683,313841460
87920683,9595682
87920683,266458418
87920683,91620491
87920683,158080115
87920683,16130350
87920683,508874757
87920683,12411852
87920683,8627932
87920683,949041
87920683,268006130
87920683,577853042
87920683,983469661
87920683,295202264
87920683,560423120
87920683,214604871
87920683,974248398
87920683,16255019
87920683,595384734
87920683,14348027
87920683,68833161
87920683,137447156
87920683,418909080
87920683,289284899
87920683,330619582
87920683,95448345
87920683,18928865
87920683,17597133
87920683,57354930
87920683,14337718
87920683,11713422
87920683,52629742
87920683,275686286
87920683,512759073
87920683,40895210
87920683,137677992
87920683,215040673
87920683,562828470
87920683,12074082
87920683,1908541
87920683,426968963
87920683,227337915
87920683,2729061
87920683,30539634
87920683,94208950
87920683,469217845
87920683,21179585
87920683,8873342
87920683,5542712
87920683,15967248
87920683,68673276
87920683,562926380
87920683,14636665
87920683,277771083
87920683,557818609
87920683,887309960
87920683,38488855
87920683,151012533
87920683,13116
87920683,28812069
87920683,26633186
87920683,839606496
87920683,14014612
87920683,20590898
87920683,212211768
87920683,469501029
87920683,11419202
87920683,224365506
87920683,41798414
87920683,69295539
87920683,745903
87920683,53642317
87920683,251055679
87920683,57771039
87920683,278587272
87920683,251733943
87920683,517828631
87920683,300523034
87920683,502053817
87920683,25704622
87920683,789758492
87920683,15085196
87920683,84351228
87920683,61469350
87920683,81146020
87920683,1287931
87920683,331108317
87920683,11142372
87920683,18834122
87920683,51401495
87920683,14620824
87920683,46169650
87920683,5388852
87920683,396212807
87920683,15466689
87920683,309201526
87920683,127799326
87920683,287659745
87920683,33069904
87920683,318979146
87920683,337974188
87920683,85994769
87920683,309390300
87920683,15919683
87920683,10634512
87920683,18060813
87920683,1015571
87920683,9060092
87920683,717932814
87920683,14199601
87920683,4813131
87920683,259440765
87920683,114840467
87920683,326093291
87920683,579217415
87920683,84067065
87920683,525416576
87920683,19986262
87920683,84280773
87920683,551695933
87920683,611215040
87920683,43145603
87920683,4628161
87920683,31623496
87920683,78892239
87920683,229257463
87920683,26011614
87920683,378255901
87920683,146105775
87920683,34979924
87920683,155169131
87920683,762426
87920683,74750526
87920683,147392062
87920683,8089762
87920683,7056492
87920683,6721492
87920683,2280391
87920683,15993641
87920683,17896683
87920683,18121406
87920683,19919242
87920683,235701380
87920683,143361558
87920683,218767878
87920683,360612491
87920683,9206682
87920683,9077652
87920683,90396068
87920683,57146012
87920683,171037618
87920683,22525751
87920683,5713842
87920683,11998522
87920683,190939225
87920683,305524621
87920683,171432361
87920683,321811211
87920683,63287482
87920683,5444722
87920683,17274307
87920683,140994101
87920683,89992632
87920683,21001940
87920683,86989110
87920683,535707261
87920683,21761390
87920683,182984866
87920683,15210008
87920683,464786445
87920683,18358699
87920683,17177403
87920683,10630482
87920683,7897962
87920683,14418871
87920683,274113449
87920683,15189870
87920683,17688537
87920683,15865878
87920683,88316619
87920683,43111060
87920683,45856775
87920683,417390486
87920683,300958529
87920683,130110731
87920683,11488672
87920683,31384245
87920683,14021232
87920683,61564667
87920683,2454351
87920683,10613982
87920683,27755121
87920683,15610380
87920683,48968970
87920683,241272963
87920683,43361190
87920683,339580212
87920683,253979536
87920683,9834362
87920683,237922940
87920683,187964609
87920683,17561826
87920683,163794654
87920683,10532842
87920683,187715714
87920683,50717034
87920683,16562053
87920683,166562074
87920683,13982132
87920683,95064459
87920683,418197038
87920683,88475257
87920683,143131394
87920683,335245708
87920683,104250408
87920683,25826270
87920683,145606723
87920683,1113541
87920683,22153317
87920683,335369838
87920683,54290240
87920683,56801991
87920683,29726766
87920683,14274132
87920683,257523301
87920683,14960548
87920683,10656282
87920683,58693
87920683,448171279
87920683,187843153
87920683,7746932
87920683,6751122
87920683,1660361
87920683,14927297
87920683,191150340
87920683,19283007
87920683,239422242
87920683,261463678
87920683,86176884
87920683,313927408
87920683,313018259
87920683,117498995
87920683,169842291
87920683,16866130
87920683,254135575
87920683,779977
87920683,5198171
87920683,13006062
87920683,225445834
87920683,17194926
87920683,101730409
87920683,18489309
87920683,92993433
87920683,438413504
87920683,399453864
87920683,6527932
87920683,22495264
87920683,303687748
87920683,13896292
87920683,21933225
87920683,12855572
87920683,102647672
87920683,1347441
87920683,71427267
87920683,3744021
87920683,10622582
87920683,17673594
87920683,373429032
87920683,20056740
87920683,385621023
87920683,195591080
87920683,157265223
87920683,37883400
87920683,282725114
87920683,14651725
87920683,202095907
87920683,14602529
87920683,376945120
87920683,370032669
87920683,17508247
87920683,68039572
87920683,187343982
87920683,104219645
87920683,206364045
87920683,29351848
87920683,105362047
87920683,110442665
87920683,338255079
87920683,16753750
87920683,14349894
87920683,167834656
87920683,2243311
87920683,754973
87920683,69060709
87920683,47305361
87920683,9905942
87920683,19766335
87920683,18786579
87920683,43864636
87920683,16549487
87920683,56059854
87920683,274592041
87920683,53711899
87920683,146821759
87920683,7266052
87920683,109229440
87920683,204060294
87920683,1776671
87920683,271067527
87920683,15511942
87920683,45132788
87920683,9379912
87920683,2330551
87920683,22748103
87920683,278977246
87920683,13720982
87920683,821692
87920683,113673277
87920683,89908542
87920683,150677941
87920683,11388132
87920683,109317289
87920683,155611162
87920683,257558996
87920683,21567804
87920683,56385084
87920683,121859642
87920683,176233506
87920683,34255829
87920683,5942452
87920683,182537238
87920683,273992059
87920683,6267962
87920683,79971525
87920683,10568112
87920683,55092613
87920683,219811640
87920683,97290228
87920683,218083367
87920683,8255692
87920683,34014833
87920683,219256202
87920683,12195172
87920683,9948262
87920683,168502031
87920683,13734322
87920683,347133
87920683,161469162
87920683,59490293
87920683,57693050
87920683,174661911
87920683,238243301
87920683,225272700
87920683,187356243
87920683,13386272
87920683,27650692
87920683,15168355
87920683,15876845
87920683,166540075
87920683,149510926
87920683,21278060
87920683,295320283
87920683,302256611
87920683,67882394
87920683,191012755
87920683,14688446
87920683,189376144
87920683,301096788
87920683,299897336
87920683,18927008
87920683,14606079
87920683,298156730
87920683,76010207
87920683,17807322
87920683,1614411
87920683,199049406
87920683,248891668
87920683,271871147
87920683,86966740
87920683,301147682
87920683,248882803
87920683,46355141
87920683,169962449
87920683,14525893
87920683,15169506
87920683,89695281
87920683,267355099
87920683,225668343
87920683,1091241
87920683,299416334
87920683,243380988
87920683,266601231
87920683,43310939
87920683,50653460
87920683,37062760
87920683,94287024
87920683,82061776
87920683,6177862
87920683,215706111
87920683,3262791
87920683,39429546
87920683,15518054
87920683,246303759
87920683,44383146
87920683,104856368
87920683,239844601
87920683,177504554
87920683,134857150
87920683,37361624
87920683,176391182
87920683,111285082
87920683,78249307
87920683,189598086
87920683,122025737
87920683,7523352
87920683,230410045
87920683,24002145
87920683,14982823
87920683,10735842
87920683,61495885
87920683,58341859
87920683,152328252
87920683,21213282
87920683,123533113
87920683,198540877
87920683,1770311
87920683,40974469
87920683,15889916
87920683,11435642
87920683,20580414
87920683,93761961
87920683,70147617
87920683,25244678
87920683,16935292
87920683,95232591
87920683,123390907
87920683,6855602
87920683,92142101
87920683,28588050
87920683,36659026
87920683,12624052
87920683,16589206
87920683,24870470
87920683,80530730
87920683,1477811
87920683,104450723
87920683,4794061
87920683,20862425
87920683,69350769
87920683,86438458
87920683,8570392
87920683,9375282
87920683,14328066
87920683,15410850
87920683,3452941
87920683,118221505
87920683,27696762
87920683,3238001
87920683,87327830
87920683,109980642
87920683,54731975
87920683,19718314
87920683,94361315
87920683,94144199
87920683,91991635
87920683,90730590
87920683,90523240
87920683,89174500
87920683,42949643
87920683,58091163
87920683,12023902
87920683,11309872
87920683,17776166
87920683,36734787
87920683,783982
87920683,68715299
87920683,13813052
87920683,51726733
87920683,26031873
87920683,18971067
87920683,47661576
87920683,68528772
87920683,8328922
87920683,18944456
87920683,8101752
87920683,13479452
87920683,52693558
87920683,84595471
87920683,31097748
87920683,17775785
87920683,67682384
87920683,17775516
87920683,70502232
87920683,15943342
87920683,18557080
87920683,30851316
87920683,14371600
87920683,84699500
87920683,41177606
87920683,32842063
87920683,33751602
87920683,29091462
87920683,42998928
87920683,20771011
87920683,76527289
87920683,27870850
87920683,57231874
87920683,39758457
87920683,17016562
87920683,14436317
87920683,30495529
87920683,8521932
87920683,29397037
87920683,86316284
87920683,14571496
87920683,18135182
