87939420,2567003904
87939420,3748945281
87939420,2916305152
87939420,54837258
87939420,123824735
87939420,556842058
87939420,456663777
87939420,19609062
87939420,2391765882
87939420,38451030
87939420,463758197
87939420,14247715
87939420,43121092
87939420,587212706
87939420,266808933
87939420,1567786782
87939420,2375821076
87939420,14619744
87939420,3970866023
87939420,2742241352
87939420,2561586612
87939420,948552829
87939420,2447738125
87939420,617140076
87939420,34257654
87939420,1212310728
87939420,3350523113
87939420,600984834
87939420,300145217
87939420,626287930
87939420,1425265488
87939420,60838833
87939420,485751594
87939420,15479239
87939420,591715451
87939420,197432324
87939420,19762637
87939420,18585097
87939420,186888374
87939420,3216389860
87939420,74684634
87939420,17557380
87939420,28402595
87939420,338960856
87939420,45462231
87939420,71000118
87939420,19582287
87939420,377925526
87939420,892779458
87939420,36382500
87939420,1421571306
87939420,2320519958
87939420,2344913904
87939420,843169339
87939420,2982220337
87939420,2527977343
87939420,273468342
87939420,40970873
87939420,95619988
87939420,86535126
87939420,76729970
87939420,2369959501
87939420,851426912
87939420,3377036554
87939420,49275682
87939420,68739620
87939420,1597756754
87939420,74152181
87939420,597421232
87939420,2669131375
87939420,254619863
87939420,26472681
87939420,212407067
87939420,1101354170
87939420,74153402
87939420,24892844
87939420,1081459807
87939420,246768903
87939420,17965092
87939420,40227292
87939420,105554801
87939420,11466702
87939420,382536852
87939420,149441850
87939420,215915843
87939420,1675457936
87939420,104298598
87939420,334602996
87939420,2292454922
87939420,124690469
87939420,993560582
87939420,1413952188
87939420,1145911903
87939420,29686791
87939420,29956915
87939420,475853322
87939420,2594642870
87939420,841491157
87939420,1225229076
87939420,14784765
87939420,2163438643
87939420,68920005
87939420,119364656
87939420,60985121
87939420,3029977155
87939420,571027420
87939420,38857844
87939420,2615974958
87939420,1595306917
87939420,131238874
87939420,102950144
87939420,61594385
87939420,490172745
87939420,60966332
87939420,543791970
87939420,373309843
87939420,224630872
87939420,32009149
87939420,545134638
87939420,134196350
87939420,58913244
87939420,279412211
87939420,337593511
87939420,2287388036
87939420,1446085902
87939420,1595296836
87939420,2347258256
87939420,227381646
87939420,2476811197
87939420,229785547
87939420,2536332548
87939420,2559478172
87939420,16696924
87939420,291297192
87939420,437349362
87939420,992644542
87939420,463244157
87939420,26044503
87939420,14717887
87939420,567194453
87939420,15947602
87939420,2283835609
87939420,433615826
87939420,45621155
87939420,37930051
87939420,17875848
87939420,936486542
87939420,1511361530
87939420,179167282
87939420,625799912
87939420,431503846
87939420,2803191
87939420,48109988
87939420,1045288308
87939420,532669620
87939420,551802475
87939420,90891380
87939420,24040647
87939420,89141918
87939420,21287514
87939420,69373152
87939420,293522998
87939420,143484553
87939420,14613514
87939420,905920560
87939420,211156251
87939420,225515860
87939420,27044062
87939420,50965086
87939420,1065899292
87939420,748851762
87939420,24029363
87939420,866425075
87939420,378693834
87939420,1182878557
87939420,34882843
87939420,39463907
87939420,304342650
87939420,274609847
87939420,115710173
87939420,919760365
87939420,560467206
87939420,23439376
87939420,62470279
87939420,888289790
87939420,13595222
87939420,122405716
87939420,111297532
87939420,225423410
87939420,28776393
87939420,196330258
87939420,56232232
87939420,66713445
87939420,849012308
87939420,135503184
87939420,983593466
87939420,110680490
87939420,1057594898
87939420,23440299
87939420,215995604
87939420,406334669
87939420,38647469
87939420,21288014
87939420,2553151
87939420,2834511
87939420,38155971
87939420,114508061
87939420,299920075
87939420,16337664
87939420,35142791
87939420,364885388
87939420,226477705
87939420,8447362
87939420,17807719
87939420,29241135
87939420,73210956
87939420,21424718
87939420,18485224
87939420,91421756
87939420,91412596
87939420,237359539
87939420,823905
87939420,14341194
87939420,334558402
87939420,136242152
87939420,151173601
87939420,60913670
87939420,85596703
87939420,139407967
87939420,70929600
87939420,44638528
87939420,22142658
87939420,104014797
87939420,111311973
87939420,281651444
87939420,47375691
87939420,146816929
87939420,35453669
87939420,87281380
87939420,106098129
87939420,73468394
87939420,64994645
87939420,39999078
87939420,102911449
87939420,91301553
87939420,18645718
87939420,118038767
87939420,17875811
87939420,17876146
87939420,234343491
87939420,26485699
87939420,170701330
87939420,45538293
87939420,28066013
87939420,111054843
87939420,18761526
87939420,17876003
87939420,18774524
87939420,17876123
87939420,16808099
87939420,14108050
87939420,14553288
87939420,19232587
87939420,18944931
87939420,15520241
87939420,57350105
87939420,197087828
87939420,16695590
87939420,14330924
87939420,26458162
87939420,224554811
87939420,236347294
87939420,212841002
87939420,22900494
87939420,111593936
87939420,23506227
87939420,21404382
87939420,50787771
87939420,50299638
87939420,25059149
87939420,16200240
87939420,22853400
87939420,27458402
87939420,16128914
87939420,56693043
87939420,19391273
87939420,38168399
87939420,20986770
87939420,14763443
87939420,18834002
87939420,18933321
87939420,7975062
87939420,139313482
87939420,35737584
87939420,46911207
87939420,5734902
87939420,22813928
87939420,16246979
87939420,18915773
87939420,37434345
87939420,20426140
87939420,15686106
87939420,9655032
87939420,18850382
87939420,18551230
87939420,21386061
87939420,19817479
87939420,22610089
87939420,18552451
87939420,22926365
87939420,14454247
87939420,19529802
87939420,45605628
87939420,20877217
87939420,21392991
87939420,35846585
87939420,28313102
87939420,16630963
87939420,16325209
87939420,24178198
87939420,36068306
87939420,17363775
87939420,38444282
87939420,17895191
87939420,45306587
87939420,89267555
87939420,21582232
87939420,84797068
87939420,26755780
87939420,19865201
87939420,93612750
87939420,12509262
87939420,46861747
87939420,68359798
87939420,56790907
87939420,56338999
87939420,21112614
87939420,16010552
87939420,7226492
87939420,37639653
87939420,89774283
87939420,38416960
87939420,86159348
87939420,26465682
87939420,15243812
87939420,44101578
87939420,27405083
87939420,16589206
87939420,16745492
87939420,81394072
87939420,74951679
87939420,27998217
87939420,129927967
87939420,80110020
87939420,68455687
87939420,40000473
87939420,42014979
87939420,13058232
87939420,12925072
87939420,24521257
87939420,60619687
87939420,28605392
87939420,128637475
87939420,38169163
87939420,18000215
87939420,74402430
87939420,68511500
87939420,21392844
87939420,18866407
87939420,14186824
87939420,28545466
87939420,97322958
87939420,102734360
