882506137,3422617395
882506137,17540625
882506137,12497362
882506137,19921389
882506137,21783395
882506137,14946308
882506137,14333754
882506137,70349639
882506137,19334929
882506137,572470115
882506137,19674652
882506137,948552829
882506137,771383605
882506137,76640424
882506137,454395581
882506137,19722435
882506137,18717426
882506137,21817509
882506137,19650966
882506137,15030767
882506137,17306424
882506137,22904901
882506137,123754656
882506137,20319462
882506137,20511502
882506137,63136550
882506137,19472578
882506137,17676713
882506137,14436030
882506137,14270254
882506137,7996082
882506137,25059963
882506137,20884910
882506137,14758257
882506137,25535042
882506137,21707734
882506137,19391470
882506137,395388847
882506137,19889294
882506137,21424725
882506137,87818409
882506137,2043041
882506137,2561091
882506137,21112266
882506137,759251
882506137,18758902
882506137,15391813
882506137,807095
882506137,17624543
882506137,1615685677
882506137,1690412382
882506137,19713622
882506137,20560841
882506137,31237480
882506137,16451028
882506137,94081671
882506137,17163446
882506137,17311493
882506137,234419385
882506137,19589640
882506137,6419822
882506137,398998981
882506137,21287076
882506137,603753552
882506137,287239995
882506137,302570527
882506137,1081268894
882506137,1278032190
882506137,19856060
882506137,1589248159
882506137,25107100
882506137,21357208
882506137,19246359
882506137,2563402510
882506137,14604970
882506137,14746456
882506137,24595394
882506137,14582890
882506137,20781929
882506137,21492030
882506137,19911186
882506137,14903044
882506137,26276346
882506137,17693232
882506137,22384691
882506137,21121091
882506137,19973332
882506137,19405174
882506137,26595569
882506137,19284122
882506137,20794341
882506137,18600155
882506137,30684725
882506137,34352191
882506137,20188954
882506137,40266854
882506137,20740074
882506137,42528765
882506137,63996905
882506137,14602208
882506137,88062752
882506137,17884125
882506137,115746176
882506137,3373791
882506137,24241544
882506137,19394887
882506137,202305160
882506137,23694165
882506137,218653131
882506137,82381798
882506137,34423857
882506137,21009460
882506137,23780232
882506137,21204154
882506137,19686295
882506137,21138477
882506137,19784606
882506137,182721799
882506137,1652541
882506137,140967850
882506137,171276528
882506137,95731075
