895209248,304728218
895209248,4406979135
895209248,1122415976
895209248,67420766
895209248,86233091
895209248,40019154
895209248,31594288
895209248,17595890
895209248,27594577
895209248,3405658186
895209248,18049879
895209248,2835594983
895209248,105898722
895209248,13695112
895209248,3009249448
895209248,2584286726
895209248,1180106418
895209248,1889832038
895209248,53132331
895209248,488402968
895209248,465587729
895209248,882709082
895209248,885172290
895209248,599399505
895209248,88385813
895209248,1536791610
895209248,505089852
895209248,2695240471
895209248,267419370
895209248,2959088836
895209248,2156764502
895209248,2249501245
895209248,78975266
895209248,2285459646
895209248,1376874662
895209248,182884352
895209248,2274537973
895209248,2348492114
895209248,2306650744
895209248,2350515032
895209248,2186665679
895209248,56123895
895209248,3513798255
895209248,3452590276
895209248,3556038676
895209248,4119483376
895209248,2353894346
895209248,67972546
895209248,504628889
895209248,2372054143
895209248,539535414
895209248,60447853
895209248,737091594
895209248,502226079
895209248,1173252834
895209248,2462155902
895209248,19973340
895209248,2365421772
895209248,2530746386
895209248,2457200341
895209248,615162156
895209248,2510370823
895209248,2638848426
895209248,2264711046
895209248,533271182
895209248,53668717
895209248,2595952320
895209248,78770228
895209248,261759860
895209248,2665769906
895209248,2485373043
895209248,366856069
895209248,2730034158
895209248,1495958778
895209248,2739780954
895209248,2760664579
895209248,2592219035
895209248,2298537426
895209248,20054683
895209248,2746080310
895209248,2777540237
895209248,2791116082
895209248,2788068023
895209248,2380963195
895209248,1666014253
895209248,120847422
895209248,2737337759
895209248,2515008110
895209248,2863782624
895209248,2820178143
895209248,2854346836
895209248,166044543
895209248,2813592325
895209248,2437663450
895209248,515405198
895209248,2230740811
895209248,33330586
895209248,2903985244
895209248,2898707615
895209248,2923297042
895209248,2855890078
895209248,57344630
895209248,49335968
895209248,43038133
895209248,2970509241
895209248,2733910450
895209248,2990008953
895209248,732441145
895209248,2863922219
895209248,3043894617
895209248,122358385
895209248,46509162
895209248,815418878
895209248,589278754
895209248,71461142
895209248,1021982888
895209248,90849916
895209248,3107610057
895209248,2981821641
895209248,358493327
895209248,491998701
895209248,1111255658
895209248,908833657
895209248,3186324647
895209248,3187383699
895209248,3038115532
895209248,1179622914
895209248,2657707441
895209248,564512065
895209248,53066606
895209248,3041605869
895209248,72270386
895209248,1487775294
895209248,3344512253
895209248,2650814664
895209248,3111889276
895209248,1239405404
895209248,91063076
895209248,2831859546
895209248,3363807485
895209248,3362351219
895209248,3247954263
895209248,525821700
895209248,2802053915
895209248,2631694121
895209248,22316360
895209248,3240230332
895209248,3381738711
895209248,110800547
895209248,399535414
895209248,3292724219
895209248,468419981
895209248,3415747391
895209248,2254299385
895209248,554513254
895209248,3311048235
895209248,3750689837
895209248,3063827957
895209248,408701577
895209248,3614677522
895209248,3974769853
895209248,2800849427
895209248,3600966797
895209248,542844047
895209248,3289938148
895209248,4157772256
895209248,567488246
895209248,4205595335
895209248,4010988945
895209248,4257677927
895209248,2265157345
895209248,3072535216
895209248,1603386181
895209248,865523857
895209248,1897587204
895209248,4374895995
895209248,4460010448
895209248,1588778798
895209248,4699001959
895209248,246791240
895209248,4734618862
895209248,4754237773
895209248,483702902
895209248,20717438
895209248,912632108
895209248,71903005
895209248,37567936
895209248,231392190
895209248,407952890
895209248,703852566
895209248,2820279449
895209248,18177929
895209248,186009251
895209248,856391456
895209248,339818054
895209248,329126339
895209248,1510759903
895209248,103975413
895209248,19333798
895209248,137860059
895209248,22695694
895209248,30517419
895209248,2186844841
895209248,1485809052
895209248,98489119
895209248,46510656
895209248,2386818040
895209248,3653115014
895209248,349955465
895209248,2495496532
895209248,963140148
895209248,3602382083
895209248,4071713896
895209248,131119143
895209248,4116792917
895209248,4179637384
895209248,4188625234
895209248,4197575117
895209248,2700322506
895209248,4218338871
895209248,4199902821
895209248,4558982356
895209248,2918999964
895209248,3001037714
895209248,3085840200
895209248,3090410533
895209248,3210094701
895209248,3394855084
895209248,3325727523
895209248,447442423
895209248,3402524459
895209248,57318425
895209248,1169425225
895209248,24804844
895209248,3380389293
895209248,3748088477
895209248,3950847562
895209248,282007837
895209248,3486545896
895209248,4015109897
895209248,2570559545
895209248,60903145
895209248,3218974474
895209248,171298575
895209248,33913431
895209248,421172114
895209248,105899611
895209248,611031373
895209248,1029123570
895209248,4704299270
895209248,4589470523
895209248,3904290561
895209248,2929572299
895209248,110966797
895209248,33851013
895209248,144269148
895209248,331636593
895209248,57699908
895209248,1506437282
895209248,893255622
895209248,117228846
895209248,37532528
895209248,931391664
895209248,3254224270
895209248,751529142
895209248,2885421934
895209248,2445566707
895209248,864901866
895209248,2704096898
895209248,24986086
895209248,876687512
895209248,314651441
895209248,3483917657
895209248,402435168
895209248,425188819
895209248,598725552
895209248,2994469282
895209248,550485475
895209248,450247911
895209248,24569636
895209248,2902138622
895209248,33360148
895209248,2197487762
895209248,51714305
895209248,2429638225
895209248,1035148302
895209248,451075784
895209248,467705144
895209248,411712367
895209248,62714210
895209248,1074769969
895209248,2706023906
895209248,586671909
895209248,1599426487
895209248,619222298
895209248,58611285
895209248,20448733
895209248,94917610
895209248,21586867
895209248,312976458
895209248,22176845
895209248,948565483
895209248,572470115
895209248,948552829
895209248,19973332
895209248,2354574815
895209248,132130882
895209248,47361011
895209248,2407179366
895209248,1662057727
895209248,13058772
895209248,197962366
895209248,43901270
895209248,2223801528
895209248,3249594145
895209248,3234375895
895209248,3255946334
895209248,763440894
895209248,24311786
895209248,26186890
895209248,2891141703
895209248,3066551830
895209248,3380602337
895209248,1055490565
895209248,188214803
895209248,8665852
895209248,16951979
895209248,73249951
895209248,61457123
895209248,21856114
895209248,1132441423
895209248,284021334
895209248,2590013766
895209248,1664222240
895209248,1571852922
895209248,1606572625
895209248,22049703
895209248,35779304
895209248,2310116088
895209248,3044738957
895209248,39971556
895209248,391306391
895209248,2724276488
895209248,734114760
895209248,22015303
895209248,3091638375
895209248,313670997
895209248,1135986836
895209248,900231150
895209248,28429398
895209248,14583463
895209248,574692308
895209248,3098305482
895209248,465675838
895209248,2910473173
895209248,1265295037
895209248,109288334
895209248,1213751708
895209248,956257758
895209248,3059372182
895209248,316181803
895209248,3130646086
895209248,1078142305
895209248,39658927
895209248,298003773
895209248,103051853
895209248,204422438
895209248,2884074918
895209248,6278992
895209248,479193706
895209248,3066053338
895209248,52577197
895209248,439971978
895209248,769618171
895209248,2645920002
895209248,129694616
895209248,557576134
895209248,612101203
895209248,117120250
895209248,69034554
895209248,6349102
895209248,560416665
895209248,631379624
895209248,28595930
895209248,245940681
895209248,3011304964
895209248,2813532393
895209248,2292454922
895209248,2813561645
895209248,338985020
895209248,334602996
895209248,104298598
895209248,124690469
895209248,2178504818
895209248,245848288
895209248,21204154
895209248,237241020
895209248,38977171
895209248,461922813
895209248,1548317628
895209248,2790802182
895209248,210203141
895209248,1403352685
895209248,1651824314
895209248,90891909
895209248,1178944580
895209248,478671055
895209248,2485157162
895209248,246103
895209248,68440549
895209248,38395124
895209248,24744541
895209248,8350912
895209248,2680393168
895209248,25999072
895209248,27738739
895209248,63703050
895209248,40833766
895209248,18931678
895209248,19845799
895209248,22900663
895209248,829929312
895209248,575319358
895209248,1307167470
895209248,240714255
895209248,250154680
895209248,2871635391
895209248,22171612
895209248,394456495
895209248,15571901
895209248,14436030
895209248,908817920
895209248,34648965
895209248,568463163
895209248,108457870
895209248,222336970
895209248,2478964502
895209248,1023139638
895209248,38358551
895209248,41601050
895209248,21050755
895209248,22473054
895209248,360230512
895209248,21648020
895209248,438296720
895209248,1912117148
895209248,449857467
895209248,864541693
895209248,19980148
895209248,1608357912
895209248,12323012
895209248,50267870
895209248,379317256
895209248,187860483
895209248,554054621
895209248,511829725
895209248,252055463
895209248,255121079
895209248,20285715
895209248,1089291733
895209248,340793734
895209248,267220090
895209248,17781576
895209248,186113486
895209248,2253219642
895209248,21135992
895209248,27203588
895209248,2887190141
895209248,2474719452
895209248,141943563
895209248,2407780051
895209248,600271273
895209248,70448265
895209248,89273104
895209248,1653858067
895209248,19534202
895209248,380233293
895209248,2255730186
895209248,82691759
895209248,57432839
895209248,1612630046
895209248,142869540
895209248,1224327601
895209248,619491000
895209248,19467890
895209248,102703251
895209248,40463871
895209248,1690412382
895209248,20225284
895209248,24688868
895209248,19393233
895209248,1601089105
895209248,301388743
895209248,784574954
895209248,215707523
895209248,11904592
895209248,25555639
895209248,158342368
895209248,2288138575
895209248,20639521
895209248,557803362
895209248,2258218458
895209248,2236607947
895209248,1374697777
895209248,1382495652
895209248,57371074
895209248,520616690
895209248,2759595174
895209248,20100889
895209248,20756169
895209248,52062311
895209248,517700642
895209248,22204459
895209248,80599812
895209248,80257763
895209248,20942423
895209248,336528580
895209248,21222883
895209248,25980053
895209248,53352717
895209248,311982412
895209248,60098508
895209248,133400709
895209248,47680137
895209248,22472932
895209248,2494020072
895209248,17986973
895209248,778772341
895209248,1950188826
895209248,18600155
895209248,575650860
895209248,484962664
895209248,499170272
895209248,19682451
895209248,20164477
895209248,2409516991
895209248,2340070764
895209248,391037985
895209248,16786977
895209248,64253013
895209248,17105214
895209248,570218986
895209248,393852070
895209248,65289126
895209248,15687962
895209248,18173624
895209248,1148659153
895209248,349300271
895209248,2282671736
895209248,1244325504
895209248,228553058
895209248,2265166482
895209248,18745598
895209248,46342623
895209248,21771022
895209248,19248800
895209248,18125335
895209248,273556540
895209248,403086984
895209248,973148616
895209248,283114916
895209248,108711854
895209248,98552561
895209248,309787017
895209248,14166909
895209248,821276
895209248,467988880
895209248,361376201
895209248,21671663
895209248,2166399219
895209248,1963773241
895209248,1382895025
895209248,22940219
895209248,18785448
895209248,18785600
895209248,18785846
895209248,18785430
895209248,1921316558
895209248,41014792
895209248,2396877774
895209248,947639534
895209248,2414552816
895209248,2328735464
895209248,21997712
895209248,19600252
895209248,22549642
895209248,23083404
895209248,271973675
895209248,119068103
895209248,2329202952
895209248,67890130
895209248,1307879274
895209248,2243997137
895209248,1434261530
895209248,19497698
895209248,60567008
895209248,119776110
895209248,1408391198
895209248,2236906644
895209248,11231412
895209248,115378238
895209248,23198381
895209248,779977
895209248,781293
895209248,204417294
895209248,60301331
895209248,84322306
895209248,750125480
895209248,798045865
895209248,60026862
895209248,40705534
895209248,407277419
895209248,377048467
895209248,460702712
895209248,21626734
895209248,118844347
895209248,224284480
895209248,493097688
895209248,238475531
895209248,90735643
895209248,44498013
895209248,334262212
895209248,215084558
895209248,222956193
895209248,14389761
895209248,87662982
895209248,1942049240
895209248,45615081
895209248,100746902
895209248,719186587
895209248,783204546
895209248,19709089
895209248,19769987
895209248,14529811
895209248,18730195
895209248,19771076
895209248,463753548
895209248,85908999
895209248,70186440
895209248,24590293
895209248,121167080
895209248,112756096
895209248,34235817
895209248,136140018
895209248,19051022
895209248,43865255
895209248,50836503
895209248,16269521
895209248,19766386
895209248,328980753
895209248,455831939
895209248,454843106
895209248,43869610
895209248,78081384
895209248,83466334
895209248,127488437
895209248,148920181
895209248,257434149
895209248,64046244
895209248,251716551
895209248,284223368
895209248,19520439
895209248,207117167
895209248,288918872
895209248,20351362
895209248,99975127
895209248,20350081
895209248,13837292
895209248,15383497
895209248,14317501
895209248,1151495083
895209248,1286177834
895209248,29071722
895209248,339128512
895209248,571202103
895209248,565620097
895209248,44671088
895209248,15105938
895209248,62614140
895209248,21309551
895209248,37093178
895209248,386189099
895209248,69470574
895209248,342115450
895209248,250861769
895209248,169413605
895209248,1621174134
895209248,1305819607
895209248,14903044
895209248,803479488
895209248,1615685677
895209248,20796069
895209248,14253960
895209248,1602050833
895209248,38870664
895209248,1196761004
895209248,61499481
895209248,28029492
895209248,196994616
895209248,290263087
895209248,113184683
895209248,80803819
895209248,39993739
895209248,17675072
895209248,376819013
895209248,312368068
895209248,15520396
895209248,74473873
895209248,194087595
895209248,76010207
895209248,237196529
895209248,441768999
895209248,621089066
895209248,121804496
895209248,21091520
895209248,1487303180
895209248,1484727938
895209248,115512512
895209248,22253014
895209248,24828692
895209248,65135642
895209248,181586497
895209248,1187472558
895209248,397344131
895209248,20920451
895209248,828188209
895209248,396328726
895209248,12807472
895209248,917220787
895209248,610076016
895209248,24372876
895209248,747313934
895209248,277618304
895209248,484290188
895209248,19919614
895209248,83047313
895209248,76946162
895209248,512352048
895209248,218309123
895209248,127311168
895209248,6692952
895209248,506676795
895209248,19780317
895209248,43748307
895209248,22619797
895209248,69231187
895209248,14700316
895209248,146964856
895209248,17887939
895209248,1331538218
895209248,23670204
895209248,15867973
895209248,19451782
895209248,65170886
895209248,23445711
895209248,103550181
895209248,27806987
895209248,46206429
895209248,53921137
895209248,19880248
895209248,6761682
895209248,14583400
895209248,86044051
895209248,877468159
895209248,21856053
895209248,14684733
895209248,19247625
895209248,39730277
895209248,461647264
895209248,18863720
895209248,396150420
895209248,21192661
895209248,15134782
895209248,29233490
895209248,731195731
895209248,33254997
895209248,1080716648
895209248,17791270
895209248,211269846
895209248,225309965
895209248,163817776
895209248,467125656
895209248,19106858
895209248,22802666
895209248,22007357
895209248,73874037
895209248,98223450
895209248,100684909
895209248,163743554
895209248,1097836022
895209248,425830493
895209248,133860889
895209248,6207392
895209248,19499974
895209248,8628562
895209248,19472578
895209248,42626527
895209248,2533651
895209248,175419958
895209248,17213053
895209248,22153474
895209248,294636267
895209248,19712523
895209248,22095110
895209248,82582443
895209248,125100410
895209248,343447873
895209248,337831853
895209248,311606579
895209248,68176849
895209248,43469093
895209248,436628449
895209248,60797208
895209248,71843505
895209248,66087202
895209248,21568477
895209248,495237941
895209248,17918309
895209248,196925561
895209248,14462439
895209248,110828747
895209248,108382988
895209248,110509537
895209248,28136539
895209248,82347181
895209248,904666568
895209248,25053299
895209248,5943942
895209248,18825961
895209248,25524289
895209248,22412376
895209248,19926935
895209248,51086473
895209248,22838300
895209248,50879907
895209248,17775810
895209248,180505807
895209248,464211845
895209248,20627896
895209248,25150711
895209248,108381800
895209248,793603441
895209248,242154581
895209248,223990573
895209248,163853523
895209248,74433655
895209248,179604202
895209248,204475582
895209248,52780795
895209248,32359921
895209248,18541756
895209248,49487311
895209248,550283734
895209248,268208070
895209248,61330854
895209248,19314019
895209248,91478624
895209248,26590109
895209248,40872043
895209248,43675318
895209248,16589206
895209248,213411429
895209248,6430182
895209248,99844318
895209248,17540485
895209248,157981564
895209248,46276279
895209248,8350382
895209248,100597401
895209248,46623158
895209248,523471831
895209248,82579152
895209248,46715441
895209248,337814201
895209248,298360697
895209248,97908282
895209248,854963221
895209248,20667204
895209248,57039251
895209248,5941102
895209248,103615194
895209248,17745219
895209248,25535042
895209248,164330158
895209248,50602093
895209248,30885237
895209248,965741665
895209248,53149244
895209248,78150883
895209248,110783489
895209248,19721402
895209248,20234476
895209248,14511951
895209248,15798656
895209248,811457239
895209248,205011496
895209248,318053188
895209248,368634756
895209248,493518764
895209248,373360898
895209248,92798116
895209248,284805437
895209248,940270308
895209248,23002670
895209248,14975487
895209248,82894225
895209248,19337148
895209248,231703688
895209248,882950394
895209248,8976052
895209248,2003581
895209248,65466158
895209248,16171953
895209248,85850590
895209248,17693232
895209248,22384691
895209248,22820759
895209248,407220301
895209248,492288571
895209248,21417835
895209248,14657212
895209248,573630348
895209248,614186122
895209248,703083300
895209248,20516659
895209248,98208453
895209248,30940718
895209248,11240512
895209248,19626386
895209248,50300579
895209248,18104357
895209248,783380190
895209248,288661791
895209248,364920986
895209248,386742828
895209248,21389998
895209248,84128595
895209248,10138512
895209248,309011661
895209248,109459067
895209248,19966426
895209248,22017142
895209248,547069988
895209248,265982289
895209248,295271924
895209248,20766350
895209248,604150856
895209248,73459178
895209248,874140589
895209248,76601467
895209248,601106396
895209248,805780154
895209248,889046480
895209248,72833134
895209248,443978788
895209248,574357210
895209248,59526913
895209248,633201965
895209248,76039413
895209248,419866316
895209248,952392006
895209248,431946788
895209248,984809629
895209248,1004982492
895209248,178812434
895209248,185443219
895209248,539917823
895209248,950141173
895209248,398958957
895209248,465173206
895209248,271985782
895209248,759504800
895209248,228058647
895209248,285858370
895209248,66506277
895209248,84191376
895209248,369764532
895209248,834028022
895209248,329219067
895209248,606650326
895209248,47476545
895209248,35220274
895209248,259709551
895209248,401448819
895209248,46278356
895209248,737478870
895209248,19024453
895209248,29253578
895209248,68495602
895209248,17087162
895209248,19643339
895209248,19636225
895209248,59448356
895209248,75867188
895209248,71259433
895209248,71829530
895209248,25909076
895209248,37253084
895209248,49808794
895209248,22286703
895209248,14445302
895209248,111481870
895209248,20096328
895209248,578183568
895209248,24175193
895209248,19393139
895209248,31194762
895209248,185205765
895209248,191138633
895209248,19594212
895209248,40743398
895209248,54003616
895209248,73100308
895209248,184213450
895209248,185153469
895209248,20446719
895209248,19122426
895209248,15055910
895209248,19588991
895209248,20137281
895209248,49947785
895209248,23011527
895209248,185027746
895209248,72045503
895209248,29042591
895209248,19409013
895209248,215945005
895209248,169130649
895209248,186020254
895209248,216507797
895209248,69700409
895209248,45561456
895209248,19674853
895209248,19425634
895209248,15896379
895209248,47680543
895209248,35736243
895209248,276099167
895209248,19690874
895209248,62826559
895209248,24881331
895209248,200129239
895209248,14208199
895209248,36750364
895209248,8903412
895209248,50997825
895209248,35091526
895209248,19732375
895209248,19333126
895209248,249431446
895209248,186889839
895209248,18944007
895209248,35722132
895209248,308972492
895209248,812986442
895209248,344941731
895209248,187204642
895209248,29561412
895209248,472860549
895209248,507772242
895209248,39599578
895209248,113669063
895209248,130539879
895209248,23924970
895209248,852940200
895209248,152082926
895209248,210638344
895209248,54700299
895209248,23816051
895209248,33579902
895209248,22529928
895209248,71706273
895209248,58503215
895209248,246465222
895209248,250362997
895209248,79020638
895209248,154077484
895209248,64896516
895209248,276041229
895209248,23594852
895209248,78998798
895209248,19674682
895209248,127982126
895209248,51119100
895209248,51290635
895209248,23415190
895209248,102478090
895209248,19311357
895209248,47668442
895209248,134082623
895209248,605607770
895209248,94666477
895209248,70349639
895209248,619463243
895209248,37272502
895209248,291377361
895209248,390703622
895209248,55412156
895209248,70220125
895209248,21221015
895209248,70146495
895209248,20521915
895209248,185264492
895209248,274474432
895209248,139374612
895209248,211744377
895209248,40445123
895209248,366716706
895209248,39819559
895209248,458837256
895209248,350269010
895209248,841475952
895209248,62498441
895209248,843812106
895209248,856684082
895209248,555416759
895209248,34010016
895209248,25070425
895209248,856697244
895209248,153163897
895209248,132900363
895209248,71530380
895209248,8884772
895209248,127539064
895209248,55405408
895209248,163058890
895209248,271028583
895209248,63553748
895209248,164385217
895209248,500704345
895209248,198150551
895209248,47909836
895209248,13409752
895209248,19290986
895209248,21510894
895209248,19310887
895209248,345918968
895209248,189554835
895209248,104621139
895209248,39056314
895209248,117006605
895209248,136776767
895209248,311989458
895209248,17989888
895209248,18020811
895209248,17865352
895209248,199196447
895209248,26872841
895209248,62631284
895209248,55059632
895209248,301697842
895209248,901731366
895209248,378304819
895209248,615240373
895209248,237845487
895209248,20618678
895209248,6017542
895209248,19081531
895209248,396744532
895209248,127782017
895209248,581641820
895209248,936702871
895209248,496152307
895209248,92655778
895209248,280552265
895209248,3108351
895209248,140036291
895209248,121385551
895209248,51241574
895209248,43901113
895209248,312189104
895209248,18286139
895209248,44644692
895209248,47382678
895209248,55074515
895209248,17087295
895209248,23694165
895209248,14333754
895209248,581201660
895209248,908839237
895209248,71922638
895209248,34352191
895209248,19019970
895209248,352686923
895209248,17623816
895209248,18671165
895209248,15005991
895209248,21707734
895209248,19875072
895209248,14746456
895209248,19686295
895209248,20794341
895209248,5988062
895209248,807095
895209248,19921389
895209248,18135386
895209248,13058232
895209248,12925072
895209248,240694705
895209248,307260550
895209248,201201906
895209248,145592973
895209248,182766128
895209248,493239702
895209248,19040598
895209248,18393773
895209248,140005305
895209248,505998845
895209248,53761614
895209248,208610451
895209248,19405396
895209248,17266725
895209248,46417793
895209248,94304443
895209248,287786889
895209248,263780425
895209248,121176830
895209248,282605855
895209248,6809022
895209248,729610531
895209248,121183700
895209248,7996082
895209248,11862072
895209248,49195175
895209248,8665572
895209248,852605930
895209248,18717426
895209248,24241544
895209248,19165467
895209248,19292033
895209248,47395588
895209248,20511502
895209248,19674652
895209248,17063215
895209248,70235774
895209248,22167237
895209248,17477169
895209248,31248489
895209248,19722435
895209248,14946308
895209248,63136550
895209248,18382771
895209248,106108914
895209248,621523
895209248,254807872
895209248,19111618
895209248,914396305
895209248,620465018
895209248,185587417
895209248,2561091
895209248,55647338
895209248,771383605
895209248,607512248
895209248,69335683
895209248,14120151
895209248,19037859
895209248,82046520
895209248,14591954
895209248,24443284
895209248,102468337
895209248,912139502
895209248,485507437
895209248,16195905
895209248,18243837
895209248,276456623
895209248,14582890
895209248,21138477
895209248,23999515
895209248,20809515
895209248,272684238
895209248,236080726
895209248,849537504
895209248,552547084
895209248,907861465
895209248,17173144
895209248,25073877
895209248,24534501
895209248,23132159
895209248,16032925
895209248,536671982
895209248,15976697
895209248,182721799
895209248,19924704
895209248,21318946
895209248,1367531
895209248,232182694
895209248,47903269
895209248,216299334
895209248,431006041
895209248,19028166
895209248,138220302
895209248,24084667
895209248,60916506
895209248,25368442
895209248,18764854
895209248,49653486
895209248,17006157
895209248,19199211
895209248,22050893
895209248,55946850
895209248,19224439
895209248,335299650
895209248,31237480
895209248,19713622
895209248,87516645
895209248,21492030
895209248,25657017
895209248,30041546
895209248,16631693
895209248,23585685
895209248,69023503
895209248,12497362
895209248,71560422
895209248,177736182
895209248,14842285
895209248,19689047
895209248,29075993
895209248,21112266
895209248,730794188
895209248,26600327
895209248,557383863
895209248,52697216
895209248,454395581
895209248,319760661
895209248,188485795
895209248,467801244
895209248,594306292
895209248,409486555
895209248,490126636
895209248,412709688
895209248,501166508
895209248,65048966
895209248,229730545
895209248,76776825
895209248,15416830
895209248,19450907
895209248,14176375
895209248,474319511
895209248,858849912
895209248,14856333
895209248,20311818
895209248,190470663
895209248,21527369
895209248,16343974
895209248,6160792
895209248,17687028
895209248,338280424
895209248,563584558
895209248,180363363
895209248,21856254
895209248,19451823
895209248,22904901
895209248,38535996
895209248,22362992
895209248,41080473
895209248,14293310
895209248,817970
895209248,21425405
895209248,69542118
895209248,266677514
895209248,25067168
895209248,20448566
895209248,19490380
895209248,17311493
895209248,19405367
895209248,49781518
895209248,20712514
895209248,16303106
895209248,97488105
895209248,388518750
895209248,95886902
895209248,59567339
895209248,45964323
895209248,133435125
895209248,73745956
895209248,437358965
895209248,63122632
895209248,238613047
895209248,20820242
895209248,20842101
895209248,381250735
895209248,54777471
895209248,355059291
895209248,412236399
895209248,124139163
895209248,90336511
895209248,268788478
895209248,28779806
895209248,95044006
895209248,56430311
895209248,56081628
895209248,21476749
895209248,22928633
895209248,400842588
895209248,28079665
895209248,76640424
895209248,18729562
895209248,21291067
895209248,392980650
895209248,211580813
895209248,330029581
895209248,381782141
895209248,234537561
895209248,93659988
895209248,381230003
895209248,103441447
895209248,378258916
895209248,189075954
895209248,371156228
895209248,195883259
895209248,17343213
895209248,159230686
895209248,26874588
895209248,19511265
895209248,55025838
895209248,340659813
895209248,337764232
895209248,28032642
895209248,337336744
895209248,12529992
895209248,317972696
895209248,43955069
895209248,252196670
895209248,45427342
895209248,18744786
895209248,309306189
895209248,31106386
895209248,326409879
895209248,318989659
895209248,314564645
895209248,24353832
895209248,14481132
895209248,20088182
895209248,73000246
895209248,15851094
895209248,25985066
895209248,19564523
895209248,33872849
895209248,14363782
895209248,20161439
895209248,14383599
895209248,40039305
895209248,48302014
895209248,76930767
895209248,452517086
895209248,25343057
895209248,380558903
895209248,20856282
895209248,94214742
895209248,21349428
895209248,788524
895209248,17240183
895209248,123754656
895209248,25982907
895209248,34996429
895209248,17884125
895209248,22941152
895209248,19352294
895209248,14651173
895209248,22545503
895209248,9300262
895209248,214125777
895209248,87460291
895209248,16459040
895209248,38882931
895209248,14224719
895209248,26044108
895209248,2043041
895209248,23640660
895209248,17715048
895209248,20844171
895209248,20319462
895209248,34740038
895209248,24659760
895209248,16225219
895209248,94081671
895209248,31426959
895209248,47585054
895209248,115442828
895209248,14562960
895209248,19163195
895209248,19314186
895209248,16631331
895209248,608267003
895209248,47585662
895209248,19234714
895209248,563093420
895209248,109286281
895209248,471946728
895209248,240642244
895209248,18679659
895209248,64767273
895209248,51831438
895209248,38142665
895209248,29087407
895209248,291792721
895209248,119064111
895209248,545187217
895209248,286153958
895209248,44983929
895209248,85304479
895209248,122335684
895209248,106170594
895209248,201038359
895209248,126114851
895209248,369066625
895209248,52931497
895209248,222302296
895209248,85639451
895209248,49497400
895209248,75773249
895209248,337305586
895209248,26760163
895209248,69158159
895209248,20164648
895209248,41366165
895209248,25487512
895209248,42041717
895209248,42429491
895209248,106001143
895209248,22391932
895209248,36099484
895209248,20272531
895209248,14499829
895209248,27461078
895209248,35011605
895209248,23272561
895209248,6519522
895209248,22708797
895209248,56699878
895209248,15134240
895209248,23967554
895209248,25127355
895209248,55592470
895209248,19557681
895209248,37963496
895209248,64031011
895209248,15881875
895209248,18093039
895209248,388622352
895209248,11856422
895209248,1769551
895209248,21898041
895209248,272609335
895209248,22947870
895209248,22032817
895209248,14659030
895209248,14370750
895209248,14441010
895209248,22019881
895209248,274024406
895209248,43200421
895209248,29987970
895209248,83559196
895209248,13227822
895209248,25364007
895209248,20109176
895209248,122276608
895209248,26019749
895209248,16581266
895209248,16313258
895209248,19789294
895209248,62469487
895209248,21006356
895209248,4898091
895209248,14049061
895209248,59378025
895209248,15318816
895209248,14269155
895209248,17343065
895209248,35761078
895209248,20558524
895209248,21759785
895209248,22034668
895209248,32362338
895209248,19827680
895209248,44208681
895209248,21090027
895209248,38840472
895209248,214094030
895209248,19786829
895209248,28177507
895209248,24137191
895209248,86930463
895209248,106735655
895209248,21601158
895209248,42420346
895209248,16523664
895209248,316673390
895209248,67358777
895209248,21384923
895209248,45397325
895209248,24225070
895209248,78687325
895209248,68768975
895209248,35766159
895209248,62522718
895209248,164257019
895209248,23579467
895209248,279048994
895209248,36371447
895209248,46395258
895209248,15135214
895209248,64498695
895209248,702523123
895209248,140090976
895209248,66439234
895209248,32345861
895209248,1614411
895209248,60308942
895209248,25983654
895209248,39328400
895209248,115533632
895209248,124029860
895209248,19606528
895209248,18083786
895209248,19705130
895209248,17813899
895209248,325652151
895209248,80662831
895209248,16736241
895209248,17131852
895209248,19313840
895209248,72242891
895209248,7717612
895209248,8724862
895209248,35759396
895209248,60674740
895209248,47105207
895209248,119814798
895209248,16664989
895209248,38076735
895209248,36082429
895209248,32440356
895209248,44916025
895209248,110747629
895209248,45909796
895209248,55542834
895209248,26986103
895209248,78862840
895209248,47344735
895209248,259363858
895209248,24922821
895209248,20666174
895209248,104561488
895209248,16712361
895209248,25521930
895209248,27147528
895209248,248795646
895209248,18458348
895209248,43149222
895209248,19679993
895209248,69127494
895209248,11348282
895209248,48289662
895209248,18916965
895209248,17369110
895209248,5694822
895209248,17237540
895209248,18036441
895209248,16676396
895209248,100367386
895209248,5695032
895209248,55356932
895209248,53372965
895209248,78576733
895209248,16973333
895209248,95884125
895209248,103065157
895209248,18814998
895209248,19900973
895209248,20596281
895209248,53096584
895209248,33933259
895209248,14159148
895209248,97529235
895209248,39511166
895209248,30889727
895209248,14278978
895209248,15532983
895209248,635915072
895209248,17545687
895209248,86697288
895209248,39585367
895209248,27081406
895209248,14800270
895209248,19259102
895209248,20781929
895209248,16451028
895209248,14758257
895209248,121176422
895209248,174958347
895209248,2884771
895209248,47688615
895209248,19663485
895209248,295736556
895209248,889113242
895209248,15440382
895209248,113050195
895209248,22147342
895209248,64411954
895209248,7587032
895209248,87416722
895209248,16887175
895209248,2467791
895209248,380648579
895209248,25562002
895209248,1652541
895209248,315333494
895209248,8699742
895209248,14270254
895209248,892183230
895209248,8666142
895209248,3373791
895209248,24042063
895209248,14995420
895209248,66740930
895209248,19394887
895209248,14426349
895209248,19620708
895209248,709404967
895209248,17220934
895209248,19394188
895209248,15007149
895209248,18916432
895209248,939091
895209248,50055701
895209248,813286
895209248,11062352
895209248,836337432
895209248,34423857
895209248,463221979
895209248,169146007
895209248,838072484
895209248,255436902
895209248,770598228
895209248,159786440
895209248,704289162
895209248,761374958
895209248,528745467
895209248,196099572
895209248,600066050
895209248,179241417
895209248,125395617
895209248,598673034
895209248,169507977
895209248,227323576
895209248,281211884
895209248,137686693
895209248,385658675
895209248,118231376
895209248,355493412
895209248,489688561
895209248,93475394
895209248,367308131
895209248,185323963
895209248,381813637
895209248,258364147
895209248,80452442
895209248,39092978
895209248,60069958
895209248,295334767
895209248,523326163
895209248,616244169
895209248,40446161
895209248,11306052
895209248,304957122
895209248,481283750
895209248,155011183
895209248,22758283
895209248,38221730
895209248,22688868
895209248,616229967
895209248,336026760
895209248,467018154
895209248,593900435
895209248,75780079
895209248,200828779
895209248,63687730
895209248,36632566
895209248,74877820
895209248,54861091
895209248,187723641
895209248,39739766
895209248,21195865
895209248,821496
895209248,21821458
895209248,15137781
895209248,186739448
895209248,21876067
895209248,70429646
895209248,60543210
895209248,82053973
895209248,20643817
895209248,23232821
895209248,848295234
895209248,19334929
895209248,62116734
895209248,50982086
895209248,10671602
895209248,20560841
895209248,17163446
895209248,21783395
895209248,16632219
895209248,16632149
895209248,20380673
895209248,15392221
895209248,5402612
895209248,742143
895209248,428333
895209248,759251
895209248,15095537
895209248,15391813
895209248,26276346
895209248,155659213
895209248,19033555
895209248,19186180
895209248,15683146
895209248,304728218
895209248,4406979135
895209248,1122415976
895209248,67420766
895209248,86233091
895209248,40019154
895209248,31594288
895209248,17595890
895209248,27594577
895209248,3405658186
895209248,18049879
895209248,2835594983
895209248,105898722
895209248,13695112
895209248,3009249448
895209248,2584286726
895209248,1180106418
895209248,1889832038
895209248,53132331
895209248,488402968
895209248,465587729
895209248,882709082
895209248,885172290
895209248,599399505
895209248,88385813
895209248,1536791610
895209248,505089852
895209248,2695240471
895209248,267419370
895209248,2959088836
895209248,2156764502
895209248,2249501245
895209248,78975266
895209248,2285459646
895209248,1376874662
895209248,182884352
895209248,2274537973
895209248,2348492114
895209248,2306650744
895209248,2350515032
895209248,2186665679
895209248,56123895
895209248,3513798255
895209248,3452590276
895209248,3556038676
895209248,4119483376
895209248,2353894346
895209248,67972546
895209248,504628889
895209248,2372054143
895209248,539535414
895209248,60447853
895209248,737091594
895209248,502226079
895209248,1173252834
895209248,2462155902
895209248,19973340
895209248,2365421772
895209248,2530746386
895209248,2457200341
895209248,615162156
895209248,2510370823
895209248,2638848426
895209248,2264711046
895209248,533271182
895209248,53668717
895209248,2595952320
895209248,78770228
895209248,261759860
895209248,2665769906
895209248,2485373043
895209248,366856069
895209248,2730034158
895209248,1495958778
895209248,2739780954
895209248,2760664579
895209248,2592219035
895209248,2298537426
895209248,20054683
895209248,2746080310
895209248,2777540237
895209248,2791116082
895209248,2788068023
895209248,2380963195
895209248,1666014253
895209248,120847422
895209248,2737337759
895209248,2515008110
895209248,2863782624
895209248,2820178143
895209248,2854346836
895209248,166044543
895209248,2813592325
895209248,2437663450
895209248,515405198
895209248,2230740811
895209248,33330586
895209248,2903985244
895209248,2898707615
895209248,2923297042
895209248,2855890078
895209248,57344630
895209248,49335968
895209248,43038133
895209248,2970509241
895209248,2733910450
895209248,2990008953
895209248,732441145
895209248,2863922219
895209248,3043894617
895209248,122358385
895209248,46509162
895209248,815418878
895209248,589278754
895209248,71461142
895209248,1021982888
895209248,90849916
895209248,3107610057
895209248,2981821641
895209248,358493327
895209248,491998701
895209248,1111255658
895209248,908833657
895209248,3186324647
895209248,3187383699
895209248,3038115532
895209248,1179622914
895209248,2657707441
895209248,564512065
895209248,53066606
895209248,3041605869
895209248,72270386
895209248,1487775294
895209248,3344512253
895209248,2650814664
895209248,3111889276
895209248,1239405404
895209248,91063076
895209248,2831859546
895209248,3363807485
895209248,3362351219
895209248,3247954263
895209248,525821700
895209248,2802053915
895209248,2631694121
895209248,22316360
895209248,3240230332
895209248,3381738711
895209248,110800547
895209248,399535414
895209248,3292724219
895209248,468419981
895209248,3415747391
895209248,2254299385
895209248,554513254
895209248,3311048235
895209248,3750689837
895209248,3063827957
895209248,408701577
895209248,3614677522
895209248,3974769853
895209248,2800849427
895209248,3600966797
895209248,542844047
895209248,3289938148
895209248,4157772256
895209248,567488246
895209248,4205595335
895209248,4010988945
895209248,4257677927
895209248,2265157345
895209248,3072535216
895209248,1603386181
895209248,865523857
895209248,1897587204
895209248,4374895995
895209248,4460010448
895209248,1588778798
895209248,4699001959
895209248,246791240
895209248,4734618862
895209248,4754237773
895209248,483702902
895209248,20717438
895209248,912632108
895209248,71903005
895209248,37567936
895209248,231392190
895209248,407952890
895209248,703852566
895209248,2820279449
895209248,18177929
895209248,186009251
895209248,856391456
895209248,339818054
895209248,329126339
895209248,1510759903
895209248,103975413
895209248,19333798
895209248,137860059
895209248,22695694
895209248,30517419
895209248,2186844841
895209248,1485809052
895209248,98489119
895209248,46510656
895209248,2386818040
895209248,3653115014
895209248,349955465
895209248,2495496532
895209248,963140148
895209248,3602382083
895209248,4071713896
895209248,131119143
895209248,4116792917
895209248,4179637384
895209248,4188625234
895209248,4197575117
895209248,2700322506
895209248,4218338871
895209248,4199902821
895209248,4558982356
895209248,2918999964
895209248,3001037714
895209248,3085840200
895209248,3090410533
895209248,3210094701
895209248,3394855084
895209248,3325727523
895209248,447442423
895209248,3402524459
895209248,57318425
895209248,1169425225
895209248,24804844
895209248,3380389293
895209248,3748088477
895209248,3950847562
895209248,282007837
895209248,3486545896
895209248,4015109897
895209248,2570559545
895209248,60903145
895209248,3218974474
895209248,171298575
895209248,33913431
895209248,421172114
895209248,105899611
895209248,611031373
895209248,1029123570
895209248,4704299270
895209248,4589470523
895209248,3904290561
895209248,2929572299
895209248,110966797
895209248,33851013
895209248,144269148
895209248,331636593
895209248,57699908
895209248,1506437282
895209248,893255622
895209248,117228846
895209248,37532528
895209248,931391664
895209248,3254224270
895209248,751529142
895209248,2885421934
895209248,2445566707
895209248,864901866
895209248,2704096898
895209248,24986086
895209248,876687512
895209248,314651441
895209248,3483917657
895209248,402435168
895209248,425188819
895209248,598725552
895209248,2994469282
895209248,550485475
895209248,450247911
895209248,24569636
895209248,2902138622
895209248,33360148
895209248,2197487762
895209248,51714305
895209248,2429638225
895209248,1035148302
895209248,451075784
895209248,467705144
895209248,411712367
895209248,62714210
895209248,1074769969
895209248,2706023906
895209248,586671909
895209248,1599426487
895209248,619222298
895209248,58611285
895209248,20448733
895209248,94917610
895209248,21586867
895209248,312976458
895209248,22176845
895209248,948565483
895209248,572470115
895209248,948552829
895209248,19973332
895209248,2354574815
895209248,132130882
895209248,47361011
895209248,2407179366
895209248,1662057727
895209248,13058772
895209248,197962366
895209248,43901270
895209248,2223801528
895209248,3249594145
895209248,3234375895
895209248,3255946334
895209248,763440894
895209248,24311786
895209248,26186890
895209248,2891141703
895209248,3066551830
895209248,3380602337
895209248,1055490565
895209248,188214803
895209248,8665852
895209248,16951979
895209248,73249951
895209248,61457123
895209248,21856114
895209248,1132441423
895209248,284021334
895209248,2590013766
895209248,1664222240
895209248,1571852922
895209248,1606572625
895209248,22049703
895209248,35779304
895209248,2310116088
895209248,3044738957
895209248,39971556
895209248,391306391
895209248,2724276488
895209248,734114760
895209248,22015303
895209248,3091638375
895209248,313670997
895209248,1135986836
895209248,900231150
895209248,28429398
895209248,14583463
895209248,574692308
895209248,3098305482
895209248,465675838
895209248,2910473173
895209248,1265295037
895209248,109288334
895209248,1213751708
895209248,956257758
895209248,3059372182
895209248,316181803
895209248,3130646086
895209248,1078142305
895209248,39658927
895209248,298003773
895209248,103051853
895209248,204422438
895209248,2884074918
895209248,6278992
895209248,479193706
895209248,3066053338
895209248,52577197
895209248,439971978
895209248,769618171
895209248,2645920002
895209248,129694616
895209248,557576134
895209248,612101203
895209248,117120250
895209248,69034554
895209248,6349102
895209248,560416665
895209248,631379624
895209248,28595930
895209248,245940681
895209248,3011304964
895209248,2813532393
895209248,2292454922
895209248,2813561645
895209248,338985020
895209248,334602996
895209248,104298598
895209248,124690469
895209248,2178504818
895209248,245848288
895209248,21204154
895209248,237241020
895209248,38977171
895209248,461922813
895209248,1548317628
895209248,2790802182
895209248,210203141
895209248,1403352685
895209248,1651824314
895209248,90891909
895209248,1178944580
895209248,478671055
895209248,2485157162
895209248,246103
895209248,68440549
895209248,38395124
895209248,24744541
895209248,8350912
895209248,2680393168
895209248,25999072
895209248,27738739
895209248,63703050
895209248,40833766
895209248,18931678
895209248,19845799
895209248,22900663
895209248,829929312
895209248,575319358
895209248,1307167470
895209248,240714255
895209248,250154680
895209248,2871635391
895209248,22171612
895209248,394456495
895209248,15571901
895209248,14436030
895209248,908817920
895209248,34648965
895209248,568463163
895209248,108457870
895209248,222336970
895209248,2478964502
895209248,1023139638
895209248,38358551
895209248,41601050
895209248,21050755
895209248,22473054
895209248,360230512
895209248,21648020
895209248,438296720
895209248,1912117148
895209248,449857467
895209248,864541693
895209248,19980148
895209248,1608357912
895209248,12323012
895209248,50267870
895209248,379317256
895209248,187860483
895209248,554054621
895209248,511829725
895209248,252055463
895209248,255121079
895209248,20285715
895209248,1089291733
895209248,340793734
895209248,267220090
895209248,17781576
895209248,186113486
895209248,2253219642
895209248,21135992
895209248,27203588
895209248,2887190141
895209248,2474719452
895209248,141943563
895209248,2407780051
895209248,600271273
895209248,70448265
895209248,89273104
895209248,1653858067
895209248,19534202
895209248,380233293
895209248,2255730186
895209248,82691759
895209248,57432839
895209248,1612630046
895209248,142869540
895209248,1224327601
895209248,619491000
895209248,19467890
895209248,102703251
895209248,40463871
895209248,1690412382
895209248,20225284
895209248,24688868
895209248,19393233
895209248,1601089105
895209248,301388743
895209248,784574954
895209248,215707523
895209248,11904592
895209248,25555639
895209248,158342368
895209248,2288138575
895209248,20639521
895209248,2258218458
895209248,557803362
895209248,2236607947
895209248,1374697777
895209248,1382495652
895209248,57371074
895209248,520616690
895209248,2759595174
895209248,20100889
895209248,20756169
895209248,52062311
895209248,517700642
895209248,22204459
895209248,80599812
895209248,80257763
895209248,20942423
895209248,336528580
895209248,21222883
895209248,25980053
895209248,53352717
895209248,311982412
895209248,60098508
895209248,133400709
895209248,47680137
895209248,22472932
895209248,2494020072
895209248,17986973
895209248,778772341
895209248,1950188826
895209248,18600155
895209248,575650860
895209248,484962664
895209248,499170272
895209248,19682451
895209248,20164477
895209248,2409516991
895209248,2340070764
895209248,391037985
895209248,16786977
895209248,64253013
895209248,17105214
895209248,570218986
895209248,393852070
895209248,65289126
895209248,15687962
895209248,18173624
895209248,1148659153
895209248,349300271
895209248,2282671736
895209248,1244325504
895209248,228553058
895209248,2265166482
895209248,18745598
895209248,46342623
895209248,21771022
895209248,19248800
895209248,18125335
895209248,273556540
895209248,403086984
895209248,973148616
895209248,283114916
895209248,108711854
895209248,98552561
895209248,309787017
895209248,14166909
895209248,821276
895209248,467988880
895209248,361376201
895209248,21671663
895209248,2166399219
895209248,1963773241
895209248,1382895025
895209248,22940219
895209248,18785448
895209248,18785600
895209248,18785846
895209248,18785430
895209248,1921316558
895209248,41014792
895209248,2396877774
895209248,947639534
895209248,2414552816
895209248,2328735464
895209248,21997712
895209248,19600252
895209248,22549642
895209248,23083404
895209248,271973675
895209248,119068103
895209248,2329202952
895209248,67890130
895209248,1307879274
895209248,2243997137
895209248,1434261530
895209248,19497698
895209248,60567008
895209248,119776110
895209248,1408391198
895209248,2236906644
895209248,11231412
895209248,115378238
895209248,23198381
895209248,779977
895209248,781293
895209248,204417294
895209248,60301331
895209248,84322306
895209248,750125480
895209248,798045865
895209248,60026862
895209248,40705534
895209248,407277419
895209248,377048467
895209248,460702712
895209248,21626734
895209248,118844347
895209248,224284480
895209248,493097688
895209248,238475531
895209248,90735643
895209248,44498013
895209248,334262212
895209248,215084558
895209248,222956193
895209248,14389761
895209248,87662982
895209248,1942049240
895209248,45615081
895209248,100746902
895209248,719186587
895209248,783204546
895209248,19709089
895209248,19769987
895209248,14529811
895209248,18730195
895209248,19771076
895209248,463753548
895209248,85908999
895209248,70186440
895209248,24590293
895209248,121167080
895209248,112756096
895209248,34235817
895209248,136140018
895209248,19051022
895209248,43865255
895209248,50836503
895209248,16269521
895209248,19766386
895209248,328980753
895209248,455831939
895209248,454843106
895209248,43869610
895209248,78081384
895209248,83466334
895209248,127488437
895209248,148920181
895209248,257434149
895209248,64046244
895209248,251716551
895209248,284223368
895209248,19520439
895209248,207117167
895209248,288918872
895209248,20351362
895209248,99975127
895209248,20350081
895209248,13837292
895209248,15383497
895209248,14317501
895209248,1151495083
895209248,1286177834
895209248,29071722
895209248,339128512
895209248,571202103
895209248,565620097
895209248,44671088
895209248,15105938
895209248,62614140
895209248,21309551
895209248,37093178
895209248,386189099
895209248,69470574
895209248,342115450
895209248,250861769
895209248,169413605
895209248,1621174134
895209248,1305819607
895209248,14903044
895209248,803479488
895209248,1615685677
895209248,20796069
895209248,14253960
895209248,1602050833
895209248,38870664
895209248,1196761004
895209248,61499481
895209248,28029492
895209248,196994616
895209248,290263087
895209248,113184683
895209248,80803819
895209248,39993739
895209248,17675072
895209248,376819013
895209248,312368068
895209248,15520396
895209248,74473873
895209248,194087595
895209248,76010207
895209248,237196529
895209248,441768999
895209248,621089066
895209248,121804496
895209248,21091520
895209248,1487303180
895209248,1484727938
895209248,115512512
895209248,22253014
895209248,24828692
895209248,65135642
895209248,181586497
895209248,1187472558
895209248,397344131
895209248,20920451
895209248,828188209
895209248,396328726
895209248,12807472
895209248,917220787
895209248,610076016
895209248,24372876
895209248,747313934
895209248,277618304
895209248,484290188
895209248,19919614
895209248,83047313
895209248,76946162
895209248,512352048
895209248,218309123
895209248,127311168
895209248,6692952
895209248,506676795
895209248,19780317
895209248,43748307
895209248,22619797
895209248,69231187
895209248,14700316
895209248,146964856
895209248,17887939
895209248,1331538218
895209248,23670204
895209248,15867973
895209248,19451782
895209248,65170886
895209248,23445711
895209248,103550181
895209248,27806987
895209248,46206429
895209248,53921137
895209248,19880248
895209248,6761682
895209248,14583400
895209248,86044051
895209248,877468159
895209248,21856053
895209248,14684733
895209248,19247625
895209248,39730277
895209248,461647264
895209248,18863720
895209248,396150420
895209248,21192661
895209248,15134782
895209248,29233490
895209248,731195731
895209248,33254997
895209248,1080716648
895209248,17791270
895209248,211269846
895209248,225309965
895209248,163817776
895209248,467125656
895209248,19106858
895209248,22802666
895209248,22007357
895209248,73874037
895209248,98223450
895209248,100684909
895209248,163743554
895209248,1097836022
895209248,425830493
895209248,133860889
895209248,6207392
895209248,19499974
895209248,8628562
895209248,19472578
895209248,42626527
895209248,2533651
895209248,175419958
895209248,17213053
895209248,22153474
895209248,294636267
895209248,19712523
895209248,22095110
895209248,82582443
895209248,125100410
895209248,343447873
895209248,337831853
895209248,311606579
895209248,68176849
895209248,43469093
895209248,436628449
895209248,60797208
895209248,71843505
895209248,66087202
895209248,21568477
895209248,495237941
895209248,17918309
895209248,196925561
895209248,14462439
895209248,110828747
895209248,108382988
895209248,110509537
895209248,28136539
895209248,82347181
895209248,904666568
895209248,25053299
895209248,5943942
895209248,18825961
895209248,25524289
895209248,22412376
895209248,19926935
895209248,51086473
895209248,22838300
895209248,50879907
895209248,17775810
895209248,180505807
895209248,464211845
895209248,20627896
895209248,25150711
895209248,108381800
895209248,793603441
895209248,242154581
895209248,223990573
895209248,163853523
895209248,74433655
895209248,179604202
895209248,204475582
895209248,52780795
895209248,32359921
895209248,18541756
895209248,49487311
895209248,550283734
895209248,268208070
895209248,61330854
895209248,19314019
895209248,91478624
895209248,26590109
895209248,40872043
895209248,43675318
895209248,16589206
895209248,213411429
895209248,6430182
895209248,99844318
895209248,17540485
895209248,157981564
895209248,46276279
895209248,8350382
895209248,100597401
895209248,46623158
895209248,523471831
895209248,82579152
895209248,46715441
895209248,337814201
895209248,298360697
895209248,97908282
895209248,854963221
895209248,20667204
895209248,57039251
895209248,5941102
895209248,103615194
895209248,17745219
895209248,25535042
895209248,164330158
895209248,50602093
895209248,30885237
895209248,965741665
895209248,53149244
895209248,78150883
895209248,110783489
895209248,19721402
895209248,20234476
895209248,14511951
895209248,15798656
895209248,811457239
895209248,205011496
895209248,318053188
895209248,368634756
895209248,493518764
895209248,373360898
895209248,92798116
895209248,284805437
895209248,940270308
895209248,23002670
895209248,14975487
895209248,82894225
895209248,19337148
895209248,231703688
895209248,882950394
895209248,8976052
895209248,2003581
895209248,65466158
895209248,16171953
895209248,85850590
895209248,17693232
895209248,22384691
895209248,22820759
895209248,407220301
895209248,492288571
895209248,21417835
895209248,14657212
895209248,573630348
895209248,614186122
895209248,703083300
895209248,20516659
895209248,98208453
895209248,30940718
895209248,11240512
895209248,19626386
895209248,50300579
895209248,18104357
895209248,783380190
895209248,288661791
895209248,364920986
895209248,386742828
895209248,21389998
895209248,84128595
895209248,10138512
895209248,309011661
895209248,109459067
895209248,19966426
895209248,22017142
895209248,547069988
895209248,265982289
895209248,295271924
895209248,20766350
895209248,604150856
895209248,73459178
895209248,874140589
895209248,76601467
895209248,601106396
895209248,805780154
895209248,889046480
895209248,72833134
895209248,443978788
895209248,574357210
895209248,59526913
895209248,633201965
895209248,76039413
895209248,419866316
895209248,952392006
895209248,431946788
895209248,984809629
895209248,1004982492
895209248,178812434
895209248,185443219
895209248,539917823
895209248,950141173
895209248,398958957
895209248,465173206
895209248,271985782
895209248,759504800
895209248,228058647
895209248,285858370
895209248,66506277
895209248,84191376
895209248,369764532
895209248,834028022
895209248,329219067
895209248,606650326
895209248,47476545
895209248,35220274
895209248,259709551
895209248,401448819
895209248,46278356
895209248,737478870
895209248,19024453
895209248,29253578
895209248,68495602
895209248,17087162
895209248,19643339
895209248,19636225
895209248,59448356
895209248,75867188
895209248,71259433
895209248,71829530
895209248,25909076
895209248,37253084
895209248,49808794
895209248,22286703
895209248,14445302
895209248,111481870
895209248,20096328
895209248,578183568
895209248,24175193
895209248,19393139
895209248,31194762
895209248,185205765
895209248,191138633
895209248,19594212
895209248,40743398
895209248,54003616
895209248,73100308
895209248,184213450
895209248,185153469
895209248,20446719
895209248,19122426
895209248,15055910
895209248,19588991
895209248,20137281
895209248,49947785
895209248,23011527
895209248,185027746
895209248,72045503
895209248,29042591
895209248,19409013
895209248,215945005
895209248,169130649
895209248,186020254
895209248,216507797
895209248,69700409
895209248,45561456
895209248,19674853
895209248,19425634
895209248,15896379
895209248,47680543
895209248,35736243
895209248,276099167
895209248,19690874
895209248,62826559
895209248,24881331
895209248,200129239
895209248,14208199
895209248,36750364
895209248,8903412
895209248,50997825
895209248,35091526
895209248,19732375
895209248,19333126
895209248,249431446
895209248,186889839
895209248,18944007
895209248,35722132
895209248,308972492
895209248,812986442
895209248,344941731
895209248,187204642
895209248,29561412
895209248,472860549
895209248,507772242
895209248,39599578
895209248,113669063
895209248,130539879
895209248,23924970
895209248,852940200
895209248,152082926
895209248,210638344
895209248,54700299
895209248,23816051
895209248,33579902
895209248,22529928
895209248,71706273
895209248,58503215
895209248,246465222
895209248,250362997
895209248,79020638
895209248,154077484
895209248,64896516
895209248,276041229
895209248,23594852
895209248,78998798
895209248,19674682
895209248,127982126
895209248,51119100
895209248,51290635
895209248,23415190
895209248,102478090
895209248,19311357
895209248,47668442
895209248,134082623
895209248,605607770
895209248,94666477
895209248,70349639
895209248,619463243
895209248,37272502
895209248,291377361
895209248,390703622
895209248,55412156
895209248,70220125
895209248,21221015
895209248,70146495
895209248,20521915
895209248,185264492
895209248,274474432
895209248,139374612
895209248,211744377
895209248,40445123
895209248,366716706
895209248,39819559
895209248,458837256
895209248,350269010
895209248,841475952
895209248,62498441
895209248,843812106
895209248,856684082
895209248,555416759
895209248,34010016
895209248,25070425
895209248,856697244
895209248,153163897
895209248,132900363
895209248,71530380
895209248,8884772
895209248,127539064
895209248,55405408
895209248,163058890
895209248,271028583
895209248,63553748
895209248,164385217
895209248,500704345
895209248,198150551
895209248,47909836
895209248,13409752
895209248,19290986
895209248,21510894
895209248,19310887
895209248,345918968
895209248,189554835
895209248,104621139
895209248,39056314
895209248,117006605
895209248,136776767
895209248,311989458
895209248,17989888
895209248,18020811
895209248,17865352
895209248,199196447
895209248,26872841
895209248,62631284
895209248,55059632
895209248,301697842
895209248,901731366
895209248,378304819
895209248,615240373
895209248,237845487
895209248,20618678
895209248,6017542
895209248,19081531
895209248,396744532
895209248,127782017
895209248,581641820
895209248,936702871
895209248,496152307
895209248,92655778
895209248,280552265
895209248,3108351
895209248,140036291
895209248,121385551
895209248,51241574
895209248,43901113
895209248,312189104
895209248,18286139
895209248,44644692
895209248,47382678
895209248,55074515
895209248,17087295
895209248,23694165
895209248,14333754
895209248,581201660
895209248,908839237
895209248,71922638
895209248,34352191
895209248,19019970
895209248,352686923
895209248,17623816
895209248,18671165
895209248,15005991
895209248,21707734
895209248,19875072
895209248,14746456
895209248,19686295
895209248,20794341
895209248,5988062
895209248,807095
895209248,19921389
895209248,18135386
895209248,13058232
895209248,12925072
895209248,240694705
895209248,307260550
895209248,201201906
895209248,145592973
895209248,182766128
895209248,493239702
895209248,19040598
895209248,18393773
895209248,140005305
895209248,505998845
895209248,53761614
895209248,208610451
895209248,19405396
895209248,17266725
895209248,46417793
895209248,94304443
895209248,287786889
895209248,263780425
895209248,121176830
895209248,282605855
895209248,6809022
895209248,729610531
895209248,121183700
895209248,7996082
895209248,11862072
895209248,49195175
895209248,8665572
895209248,852605930
895209248,18717426
895209248,24241544
895209248,19165467
895209248,19292033
895209248,47395588
895209248,20511502
895209248,19674652
895209248,17063215
895209248,70235774
895209248,22167237
895209248,17477169
895209248,31248489
895209248,19722435
895209248,14946308
895209248,63136550
895209248,18382771
895209248,106108914
895209248,621523
895209248,254807872
895209248,19111618
895209248,914396305
895209248,620465018
895209248,185587417
895209248,2561091
895209248,55647338
895209248,771383605
895209248,607512248
895209248,69335683
895209248,14120151
895209248,19037859
895209248,82046520
895209248,14591954
895209248,24443284
895209248,102468337
895209248,912139502
895209248,485507437
895209248,16195905
895209248,18243837
895209248,276456623
895209248,14582890
895209248,21138477
895209248,23999515
895209248,20809515
895209248,272684238
895209248,236080726
895209248,849537504
895209248,552547084
895209248,907861465
895209248,17173144
895209248,25073877
895209248,24534501
895209248,23132159
895209248,16032925
895209248,536671982
895209248,15976697
895209248,182721799
895209248,19924704
895209248,21318946
895209248,1367531
895209248,232182694
895209248,47903269
895209248,216299334
895209248,431006041
895209248,19028166
895209248,138220302
895209248,24084667
895209248,60916506
895209248,25368442
895209248,18764854
895209248,49653486
895209248,17006157
895209248,19199211
895209248,22050893
895209248,55946850
895209248,19224439
895209248,335299650
895209248,31237480
895209248,19713622
895209248,87516645
895209248,21492030
895209248,25657017
895209248,30041546
895209248,16631693
895209248,23585685
895209248,69023503
895209248,12497362
895209248,71560422
895209248,177736182
895209248,14842285
895209248,19689047
895209248,29075993
895209248,21112266
895209248,730794188
895209248,26600327
895209248,557383863
895209248,52697216
895209248,454395581
895209248,319760661
895209248,188485795
895209248,467801244
895209248,594306292
895209248,409486555
895209248,490126636
895209248,412709688
895209248,501166508
895209248,65048966
895209248,229730545
895209248,76776825
895209248,15416830
895209248,19450907
895209248,14176375
895209248,474319511
895209248,858849912
895209248,14856333
895209248,20311818
895209248,190470663
895209248,21527369
895209248,16343974
895209248,6160792
895209248,17687028
895209248,338280424
895209248,563584558
895209248,180363363
895209248,21856254
895209248,19451823
895209248,22904901
895209248,38535996
895209248,22362992
895209248,41080473
895209248,14293310
895209248,817970
895209248,21425405
895209248,69542118
895209248,266677514
895209248,25067168
895209248,20448566
895209248,19490380
895209248,17311493
895209248,19405367
895209248,49781518
895209248,20712514
895209248,16303106
895209248,97488105
895209248,388518750
895209248,95886902
895209248,59567339
895209248,45964323
895209248,133435125
895209248,73745956
895209248,437358965
895209248,63122632
895209248,238613047
895209248,20820242
895209248,20842101
895209248,381250735
895209248,54777471
895209248,355059291
895209248,412236399
895209248,124139163
895209248,90336511
895209248,268788478
895209248,28779806
895209248,95044006
895209248,56430311
895209248,56081628
895209248,21476749
895209248,22928633
895209248,400842588
895209248,28079665
895209248,76640424
895209248,18729562
895209248,21291067
895209248,392980650
895209248,211580813
895209248,330029581
895209248,381782141
895209248,234537561
895209248,93659988
895209248,381230003
895209248,103441447
895209248,378258916
895209248,189075954
895209248,371156228
895209248,195883259
895209248,17343213
895209248,159230686
895209248,26874588
895209248,19511265
895209248,55025838
895209248,340659813
895209248,337764232
895209248,28032642
895209248,337336744
895209248,12529992
895209248,317972696
895209248,43955069
895209248,252196670
895209248,45427342
895209248,18744786
895209248,309306189
895209248,31106386
895209248,326409879
895209248,318989659
895209248,314564645
895209248,24353832
895209248,14481132
895209248,20088182
895209248,73000246
895209248,15851094
895209248,25985066
895209248,19564523
895209248,33872849
895209248,14363782
895209248,20161439
895209248,14383599
895209248,40039305
895209248,48302014
895209248,76930767
895209248,452517086
895209248,25343057
895209248,380558903
895209248,20856282
895209248,94214742
895209248,21349428
895209248,788524
895209248,17240183
895209248,123754656
895209248,25982907
895209248,34996429
895209248,17884125
895209248,22941152
895209248,19352294
895209248,14651173
895209248,22545503
895209248,9300262
895209248,214125777
895209248,87460291
895209248,16459040
895209248,38882931
895209248,14224719
895209248,26044108
895209248,2043041
895209248,23640660
895209248,17715048
895209248,20844171
895209248,20319462
895209248,34740038
895209248,24659760
895209248,16225219
895209248,94081671
895209248,31426959
895209248,47585054
895209248,115442828
895209248,14562960
895209248,19163195
895209248,19314186
895209248,16631331
895209248,608267003
895209248,47585662
895209248,19234714
895209248,563093420
895209248,109286281
895209248,471946728
895209248,240642244
895209248,18679659
895209248,64767273
895209248,51831438
895209248,38142665
895209248,29087407
895209248,291792721
895209248,119064111
895209248,545187217
895209248,286153958
895209248,44983929
895209248,85304479
895209248,122335684
895209248,106170594
895209248,201038359
895209248,126114851
895209248,369066625
895209248,52931497
895209248,222302296
895209248,85639451
895209248,49497400
895209248,75773249
895209248,337305586
895209248,26760163
895209248,69158159
895209248,20164648
895209248,41366165
895209248,25487512
895209248,42041717
895209248,42429491
895209248,106001143
895209248,22391932
895209248,36099484
895209248,20272531
895209248,14499829
895209248,27461078
895209248,35011605
895209248,23272561
895209248,6519522
895209248,22708797
895209248,56699878
895209248,15134240
895209248,23967554
895209248,25127355
895209248,55592470
895209248,19557681
895209248,37963496
895209248,64031011
895209248,15881875
895209248,18093039
895209248,388622352
895209248,11856422
895209248,1769551
895209248,21898041
895209248,272609335
895209248,22947870
895209248,22032817
895209248,14659030
895209248,14370750
895209248,14441010
895209248,22019881
895209248,274024406
895209248,43200421
895209248,29987970
895209248,83559196
895209248,13227822
895209248,25364007
895209248,20109176
895209248,122276608
895209248,26019749
895209248,16581266
895209248,16313258
895209248,19789294
895209248,62469487
895209248,21006356
895209248,4898091
895209248,14049061
895209248,59378025
895209248,15318816
895209248,14269155
895209248,17343065
895209248,35761078
895209248,20558524
895209248,21759785
895209248,22034668
895209248,32362338
895209248,19827680
895209248,44208681
895209248,21090027
895209248,38840472
895209248,214094030
895209248,19786829
895209248,28177507
895209248,24137191
895209248,86930463
895209248,106735655
895209248,21601158
895209248,42420346
895209248,16523664
895209248,316673390
895209248,67358777
895209248,21384923
895209248,45397325
895209248,24225070
895209248,78687325
895209248,68768975
895209248,35766159
895209248,62522718
895209248,164257019
895209248,23579467
895209248,279048994
895209248,36371447
895209248,46395258
895209248,15135214
895209248,64498695
895209248,702523123
895209248,140090976
895209248,66439234
895209248,32345861
895209248,1614411
895209248,60308942
895209248,25983654
895209248,39328400
895209248,115533632
895209248,124029860
895209248,19606528
895209248,18083786
895209248,19705130
895209248,17813899
895209248,325652151
895209248,80662831
895209248,16736241
895209248,17131852
895209248,19313840
895209248,72242891
895209248,7717612
895209248,8724862
895209248,35759396
895209248,60674740
895209248,47105207
895209248,119814798
895209248,16664989
895209248,38076735
895209248,36082429
895209248,32440356
895209248,44916025
895209248,110747629
895209248,45909796
895209248,55542834
895209248,26986103
895209248,78862840
895209248,47344735
895209248,259363858
895209248,24922821
895209248,20666174
895209248,104561488
895209248,16712361
895209248,25521930
895209248,27147528
895209248,248795646
895209248,18458348
895209248,43149222
895209248,19679993
895209248,69127494
895209248,11348282
895209248,48289662
895209248,18916965
895209248,17369110
895209248,5694822
895209248,17237540
895209248,18036441
895209248,16676396
895209248,100367386
895209248,5695032
895209248,55356932
895209248,53372965
895209248,78576733
895209248,16973333
895209248,95884125
895209248,103065157
895209248,18814998
895209248,19900973
895209248,20596281
895209248,53096584
895209248,33933259
895209248,14159148
895209248,97529235
895209248,39511166
895209248,30889727
895209248,14278978
895209248,15532983
895209248,635915072
895209248,17545687
895209248,86697288
895209248,39585367
895209248,27081406
895209248,14800270
895209248,19259102
895209248,20781929
895209248,16451028
895209248,14758257
895209248,121176422
895209248,174958347
895209248,2884771
895209248,47688615
895209248,19663485
895209248,295736556
895209248,889113242
895209248,15440382
895209248,113050195
895209248,22147342
895209248,64411954
895209248,7587032
895209248,87416722
895209248,16887175
895209248,2467791
895209248,380648579
895209248,25562002
895209248,1652541
895209248,315333494
895209248,8699742
895209248,14270254
895209248,892183230
895209248,8666142
895209248,3373791
895209248,24042063
895209248,14995420
895209248,66740930
895209248,19394887
895209248,14426349
895209248,19620708
895209248,709404967
895209248,17220934
895209248,19394188
895209248,15007149
895209248,18916432
895209248,939091
895209248,50055701
895209248,813286
895209248,11062352
895209248,836337432
895209248,34423857
895209248,463221979
895209248,169146007
895209248,838072484
895209248,255436902
895209248,770598228
895209248,159786440
895209248,704289162
895209248,761374958
895209248,528745467
895209248,196099572
895209248,600066050
895209248,179241417
895209248,125395617
895209248,598673034
895209248,169507977
895209248,227323576
895209248,281211884
895209248,137686693
895209248,385658675
895209248,118231376
895209248,355493412
895209248,489688561
895209248,93475394
895209248,367308131
895209248,185323963
895209248,381813637
895209248,258364147
895209248,80452442
895209248,39092978
895209248,60069958
895209248,295334767
895209248,523326163
895209248,616244169
895209248,40446161
895209248,11306052
895209248,304957122
895209248,481283750
895209248,155011183
895209248,22758283
895209248,38221730
895209248,22688868
895209248,616229967
895209248,336026760
895209248,467018154
895209248,593900435
895209248,75780079
895209248,200828779
895209248,63687730
895209248,36632566
895209248,74877820
895209248,54861091
895209248,187723641
895209248,39739766
895209248,21195865
895209248,821496
895209248,21821458
895209248,15137781
895209248,186739448
895209248,21876067
895209248,70429646
895209248,60543210
895209248,82053973
895209248,20643817
895209248,23232821
895209248,848295234
895209248,19334929
895209248,62116734
895209248,50982086
895209248,10671602
895209248,20560841
895209248,17163446
895209248,21783395
895209248,16632219
895209248,16632149
895209248,20380673
895209248,15392221
895209248,5402612
895209248,742143
895209248,428333
895209248,759251
895209248,15095537
895209248,15391813
895209248,26276346
895209248,155659213
895209248,19033555
895209248,19186180
895209248,15683146
