89536028,14651725
89536028,301716524
89536028,3361210043
89536028,1634947176
89536028,4524136761
89536028,3068253904
89536028,579672979
89536028,14094253
89536028,134256818
89536028,370152794
89536028,3433871
89536028,2896508301
89536028,1337502439
89536028,3252725111
89536028,231741450
89536028,122072439
89536028,187996931
89536028,525397139
89536028,3430973291
89536028,863271091
89536028,3246751149
89536028,1090477837
89536028,4705269134
89536028,2451809748
89536028,278739661
89536028,2865462459
89536028,4692569196
89536028,2279431
89536028,3096575289
89536028,170688760
89536028,835258867
89536028,908941500
89536028,46130729
89536028,398197885
89536028,2802224980
89536028,360831528
89536028,2970291621
89536028,21813853
89536028,2177940031
89536028,568130528
89536028,270569708
89536028,267966400
89536028,2373735295
89536028,320746180
89536028,27856468
89536028,1510610197
89536028,227750719
89536028,476709001
89536028,4373111535
89536028,15597374
89536028,460890151
89536028,4343546422
89536028,4320256413
89536028,196531571
89536028,3380258728
89536028,188725330
89536028,284162348
89536028,50908485
89536028,69330604
89536028,3932366069
89536028,4143153353
89536028,3906310100
89536028,4119160593
89536028,887627858
89536028,216741756
89536028,250765512
89536028,66707362
89536028,2497974156
89536028,3819343515
89536028,525746632
89536028,334314861
89536028,1101561128
89536028,3726640636
89536028,2819581205
89536028,372820873
89536028,820152595
89536028,1935079488
89536028,35705983
89536028,125512325
89536028,3092930392
89536028,538064066
89536028,1226963688
89536028,207173731
89536028,3167174602
89536028,907633351
89536028,39483072
89536028,2993789903
89536028,229963153
89536028,53017384
89536028,9379912
89536028,783891168
89536028,1712707087
89536028,20675211
89536028,2216273484
89536028,57892647
89536028,61725381
89536028,169439821
89536028,20085289
89536028,106117335
89536028,477802917
89536028,3266244222
89536028,3395436645
89536028,3393876147
89536028,199264847
89536028,3285420494
89536028,120236641
89536028,3375896237
89536028,3302327032
89536028,303750320
89536028,2788214694
89536028,62851768
89536028,28455868
89536028,204832963
89536028,19866288
89536028,284158485
89536028,248264581
89536028,376903582
89536028,538399138
89536028,2738331004
89536028,264767018
89536028,419390949
89536028,2868227699
89536028,2615139188
89536028,3017652492
89536028,3327181637
89536028,358382482
89536028,526560786
89536028,917440567
89536028,423369901
89536028,2876425655
89536028,19163995
89536028,1844798868
89536028,263806815
89536028,119158302
89536028,14491794
89536028,3133324678
89536028,1053078344
89536028,300981869
89536028,22473981
89536028,3019961223
89536028,229075061
89536028,10922952
89536028,601362895
89536028,128555095
89536028,330594816
89536028,487701420
89536028,966848377
89536028,3239055921
89536028,398033957
89536028,948552829
89536028,2906047485
89536028,197855729
89536028,19491497
89536028,110158930
89536028,141542064
89536028,225523231
89536028,2533093856
89536028,195779977
89536028,256066580
89536028,3198457504
89536028,2844613452
89536028,41583102
89536028,3091376321
89536028,2399023144
89536028,77517356
89536028,58738386
89536028,2237447138
89536028,44992826
89536028,965363461
89536028,41427951
89536028,14525982
89536028,16240643
89536028,921613332
89536028,404740528
89536028,182000313
89536028,334598906
89536028,1189326626
89536028,218632019
89536028,261456087
89536028,56331789
89536028,129518814
89536028,14688317
89536028,444736589
89536028,510991509
89536028,481386010
89536028,2572788812
89536028,240637908
89536028,3095200523
89536028,37220356
89536028,253298662
89536028,293433393
89536028,61209293
89536028,3128577191
89536028,91195617
89536028,182115434
89536028,17965305
89536028,1405004900
89536028,451093382
89536028,380260713
89536028,199302803
89536028,17839398
89536028,3070290657
89536028,460065842
89536028,3039268715
89536028,2299875572
89536028,2416325332
89536028,9378802
89536028,390949967
89536028,369422623
89536028,450340108
89536028,334602996
89536028,124690469
89536028,1506129780
89536028,2992302677
89536028,1464070070
89536028,338444460
89536028,67165437
89536028,221069590
89536028,335223244
89536028,1114164847
89536028,616983934
89536028,20276412
89536028,158201610
89536028,2699023000
89536028,18725815
89536028,107388853
89536028,435755330
89536028,4620451
89536028,280484896
89536028,318065328
89536028,235935021
89536028,1371773376
89536028,13952602
89536028,260451268
89536028,552457202
89536028,2886771544
89536028,306726093
89536028,2292686954
89536028,14763800
89536028,551788421
89536028,2367679606
89536028,2834148389
89536028,491527856
89536028,291840751
89536028,244253497
89536028,2863732181
89536028,2211201146
89536028,266641960
89536028,575225378
89536028,440960994
89536028,121859642
89536028,15485441
89536028,20015311
89536028,118795136
89536028,350746861
89536028,347300354
89536028,607021904
89536028,746829750
89536028,214434770
89536028,140328247
89536028,2867773964
89536028,413242437
89536028,15836690
89536028,241620789
89536028,14909349
89536028,374410513
89536028,191102437
89536028,2763583122
89536028,1551210121
89536028,2794243443
89536028,248213903
89536028,452844934
89536028,2240148071
89536028,605737099
89536028,214658731
89536028,27878027
89536028,18519972
89536028,562737463
89536028,368850963
89536028,230538685
89536028,302527616
89536028,382576603
89536028,2681923238
89536028,2792062050
89536028,250266910
89536028,2533413092
89536028,26330200
89536028,301308940
89536028,929740470
89536028,1144933434
89536028,2248782492
89536028,50965948
89536028,356892455
89536028,82993508
89536028,242848484
89536028,82880386
89536028,147727707
89536028,520690173
89536028,15454978
89536028,163539774
89536028,117006605
89536028,41651332
89536028,32250446
89536028,78706973
89536028,283601507
89536028,234058909
89536028,18839790
89536028,103841173
89536028,7125512
89536028,435229133
89536028,81721843
89536028,934027824
89536028,2589101634
89536028,17776811
89536028,70708196
89536028,1182899642
89536028,271461410
89536028,313997536
89536028,2599534328
89536028,848177324
89536028,92328237
89536028,288834099
89536028,373910702
89536028,2350042068
89536028,1433680290
89536028,2558484630
89536028,1488544838
89536028,2466750366
89536028,12826622
89536028,2548493450
89536028,338560854
89536028,87256160
89536028,1548418610
89536028,2525943596
89536028,187866323
89536028,312070779
89536028,233582234
89536028,1320623940
89536028,1002351
89536028,16600393
89536028,71482802
89536028,1851255878
89536028,88618641
89536028,1024800577
89536028,1235989388
89536028,16458212
89536028,225423735
89536028,92098719
89536028,44358432
89536028,115455361
89536028,25087954
89536028,245675337
89536028,211387334
89536028,462368985
89536028,4029671
89536028,310481767
89536028,1039780519
89536028,1870706022
89536028,14516324
89536028,399481727
89536028,759958904
89536028,1549072812
89536028,2303383770
89536028,2282220799
89536028,253050797
89536028,80530730
89536028,374468256
89536028,307417913
89536028,2243139609
89536028,88954535
89536028,573678444
89536028,17581089
89536028,164210076
89536028,1498343911
89536028,2168635254
89536028,280227352
89536028,302064299
89536028,236863174
89536028,196086875
89536028,1334918515
89536028,121454115
89536028,245485203
89536028,468508330
89536028,94361315
89536028,243149454
89536028,582082372
89536028,114531667
89536028,333294174
89536028,87818409
89536028,133766291
89536028,368293073
89536028,74131036
89536028,196512674
89536028,329027879
89536028,1134963384
89536028,535153760
89536028,904770006
89536028,281702665
89536028,250560251
89536028,991610683
89536028,212377097
89536028,135173963
89536028,63169641
89536028,321001938
89536028,513591595
89536028,130621989
89536028,91573433
89536028,1422742014
89536028,203051828
89536028,45581271
89536028,1496679938
89536028,407997494
89536028,208075451
89536028,47399805
89536028,603884167
89536028,268470229
89536028,104781566
89536028,338899906
89536028,20995648
89536028,1108856635
89536028,574567537
89536028,17383707
89536028,1339365242
89536028,65045121
89536028,480366538
89536028,241147024
89536028,86765339
89536028,73350229
89536028,15484198
89536028,540395202
89536028,312963709
89536028,309390300
89536028,260224594
89536028,10613982
89536028,795822122
89536028,220047267
89536028,14306573
89536028,1158542779
89536028,170801120
89536028,8521932
89536028,1140916675
89536028,94287024
89536028,301903757
89536028,250620677
89536028,866331871
89536028,912686960
89536028,889690999
89536028,109641722
89536028,301306806
89536028,117407101
89536028,365426241
89536028,14443524
89536028,220641778
89536028,333031179
89536028,475585621
89536028,832928402
89536028,78892239
89536028,610276024
89536028,254002524
89536028,237413314
89536028,491156947
89536028,821696756
89536028,632836683
89536028,168502031
89536028,277008918
89536028,38150388
89536028,63202375
89536028,233873800
89536028,398145328
89536028,327363313
89536028,113512735
89536028,419731813
89536028,493594003
89536028,91560739
89536028,268200907
89536028,195060922
89536028,244001683
89536028,399453864
89536028,215659070
89536028,14371600
89536028,90725961
89536028,535707261
89536028,277419950
89536028,513080877
89536028,489341734
89536028,197863865
89536028,65369125
89536028,302124046
89536028,61340956
89536028,11904592
89536028,612473
89536028,277964839
89536028,137026950
89536028,284488502
89536028,245449961
89536028,12723412
89536028,194064099
89536028,262573361
89536028,257066360
89536028,111069244
89536028,102095809
89536028,26208520
89536028,38966126
89536028,196949655
89536028,122375549
89536028,278458079
89536028,278996690
89536028,50665193
89536028,242855844
89536028,363696047
89536028,133371674
89536028,271016482
89536028,15070905
89536028,8627932
89536028,28364322
89536028,75863967
89536028,8077952
89536028,189971995
89536028,155613517
89536028,18186889
89536028,187491679
89536028,301388743
89536028,286823390
89536028,74453123
89536028,205457327
89536028,299897336
89536028,11713422
89536028,14245212
89536028,266672509
89536028,19233553
89536028,112765267
89536028,241496045
89536028,15009916
89536028,37883400
89536028,11419202
89536028,274008117
89536028,266601231
89536028,12021062
89536028,14814110
89536028,263730653
89536028,8330472
89536028,185347378
89536028,82084630
89536028,247679867
89536028,215724632
89536028,17017636
89536028,113002734
89536028,5854732
89536028,245108616
89536028,250753113
89536028,972651
89536028,14436317
89536028,175336986
89536028,10285102
89536028,14092803
89536028,232167357
89536028,1636821
89536028,120054664
89536028,222947954
89536028,71301104
89536028,22482043
89536028,199366760
89536028,245267588
89536028,53410781
89536028,41795707
89536028,15354231
89536028,19967960
89536028,5713842
89536028,16589206
89536028,169538164
89536028,219578545
89536028,68477357
89536028,81119708
89536028,124576861
89536028,105438860
89536028,11231412
89536028,17676713
89536028,6809022
89536028,7996082
89536028,43338711
89536028,14569896
89536028,3527751
