935923304,13652832
935923304,21390437
935923304,552639396
935923304,1558141890
935923304,29424826
935923304,80295443
935923304,19394887
935923304,19926935
935923304,60865434
935923304,12554802
935923304,932429090
935923304,280599998
935923304,347867466
935923304,90735643
935923304,948552829
935923304,3014548515
935923304,44671088
935923304,8665572
935923304,42253846
935923304,2230220875
935923304,575812133
935923304,85940211
935923304,116277182
935923304,183387449
935923304,16193162
935923304,96122492
935923304,21624322
935923304,229056665
935923304,17540625
935923304,4153281
935923304,1604761140
935923304,19564523
935923304,19186180
935923304,740336334
935923304,22695694
935923304,1483024080
935923304,329789735
935923304,18075140
935923304,615240373
935923304,285332860
935923304,19266261
935923304,50092398
935923304,2589372236
935923304,22425307
935923304,14872237
935923304,43767463
935923304,52780513
935923304,251716551
935923304,43199121
935923304,452155423
935923304,475311020
935923304,495404569
935923304,572511136
935923304,80602208
935923304,341753022
935923304,108605143
935923304,414334706
935923304,240346993
935923304,252753618
935923304,20250010
935923304,2693952936
935923304,14518090
935923304,230845588
935923304,360569242
935923304,3004670745
935923304,144353427
935923304,39377054
935923304,20618678
935923304,2979273124
935923304,49781518
935923304,205011496
935923304,43675318
935923304,1122825241
935923304,83149247
935923304,2886062578
935923304,833137830
935923304,256754307
935923304,74499756
935923304,312184303
935923304,18944007
935923304,2671216522
935923304,158487331
935923304,14766090
935923304,58531272
935923304,20884910
935923304,2596653803
935923304,72778350
935923304,18727451
935923304,15245662
935923304,296511906
935923304,116258780
935923304,23694165
935923304,175949757
935923304,555416759
935923304,18569199
935923304,845337444
935923304,533085085
935923304,280701704
935923304,19910976
935923304,257716742
935923304,1382404544
935923304,105628298
935923304,2616917016
935923304,98423577
935923304,29479000
935923304,14660826
935923304,92994888
935923304,102139727
935923304,21050755
935923304,114280167
935923304,2316940044
935923304,2177493185
935923304,155659213
935923304,494082094
935923304,2367911
935923304,369194001
935923304,491733356
935923304,162737225
935923304,187571344
935923304,83428674
935923304,105529809
935923304,19869732
935923304,591646425
935923304,196560959
935923304,382267114
