94191056,16451028
94191056,19663485
94191056,21066857
94191056,17163446
94191056,124139163
94191056,20712514
94191056,1536087474
94191056,2844782772
94191056,163081096
94191056,14594813
94191056,4697298456
94191056,118204606
94191056,4053198382
94191056,329982961
94191056,3094981852
94191056,3240683422
94191056,287789223
94191056,955290864
94191056,74501539
94191056,491221839
94191056,2994469282
94191056,34713362
94191056,3207676239
94191056,2917327863
94191056,2903715045
94191056,1092959977
94191056,2462698585
94191056,1480749782
94191056,2624299231
94191056,21817509
94191056,3138341447
94191056,20429555
94191056,477788781
94191056,2276423700
94191056,3165801975
94191056,2550355698
94191056,685513
94191056,1113767586
94191056,106837463
94191056,16490124
94191056,25535042
94191056,3395514262
94191056,8665852
94191056,114870386
94191056,823905
94191056,21648020
94191056,2865214582
94191056,51100181
94191056,2155074012
94191056,251123031
94191056,956257758
94191056,1616181061
94191056,315538611
94191056,596951811
94191056,162006707
94191056,932716710
94191056,1166655937
94191056,932188218
94191056,81375117
94191056,459215305
94191056,19508692
94191056,216013789
94191056,1891824061
94191056,2204810894
94191056,72046844
94191056,1069574797
94191056,2262898614
94191056,78314261
94191056,625888363
94191056,14599507
94191056,334602996
94191056,20676778
94191056,20794341
94191056,19334929
94191056,460966881
94191056,24688868
94191056,20609518
94191056,500704345
94191056,948552829
94191056,2514634590
94191056,141266003
94191056,339064364
94191056,316076492
94191056,153763519
94191056,21713520
94191056,257666657
94191056,56093343
94191056,290749791
94191056,137992735
94191056,783214
94191056,42626527
94191056,23824904
94191056,2353575175
94191056,19186180
94191056,1114731362
94191056,13409752
94191056,19713622
94191056,21390437
94191056,11819792
94191056,3373791
94191056,251716551
94191056,205974045
94191056,17173144
94191056,18221807
94191056,124690469
94191056,70186440
94191056,1283396102
94191056,57022252
94191056,40872043
94191056,382613598
94191056,60633332
94191056,19564523
94191056,298360697
94191056,140091998
94191056,14903044
94191056,6417782
94191056,17169390
94191056,17623816
94191056,272358339
94191056,568653508
94191056,15677513
94191056,19564284
94191056,169426475
94191056,20096328
94191056,16548023
94191056,22941152
94191056,14330959
94191056,14866753
94191056,2884771
94191056,19889294
94191056,2458271108
94191056,14270254
94191056,19292033
94191056,18761347
94191056,17637572
94191056,19033555
94191056,14562960
94191056,2858866479
94191056,22425307
94191056,14562164
94191056,575269517
94191056,20954762
94191056,19392223
94191056,21389998
94191056,428333
94191056,2386897232
94191056,1586266080
94191056,20583613
94191056,23746425
94191056,22362992
94191056,181637383
94191056,23421880
94191056,10159762
94191056,19264748
94191056,17711659
94191056,16688788
94191056,19111618
94191056,454395581
94191056,296511906
94191056,1558141890
94191056,22621759
94191056,17411980
94191056,909186090
94191056,17063215
94191056,22384691
94191056,1639171194
94191056,19247625
94191056,8628562
94191056,1545333888
94191056,38400294
94191056,14519038
94191056,1011129121
94191056,18948060
94191056,19745590
94191056,360857182
94191056,21390674
94191056,377976301
94191056,8834362
94191056,85908999
94191056,21492030
94191056,25999072
94191056,54078222
94191056,51566870
94191056,20809515
94191056,19368263
94191056,19716315
94191056,2561091
94191056,19130138
94191056,414736352
94191056,14946308
94191056,6692952
94191056,14607522
94191056,18904973
94191056,23585685
94191056,271610696
94191056,16648052
94191056,20058825
94191056,14842285
94191056,19591633
94191056,360230512
94191056,19709089
94191056,19401986
94191056,19024453
94191056,979023344
94191056,20560841
94191056,16668834
94191056,20885390
94191056,908817920
94191056,15005991
94191056,19814175
94191056,21138477
94191056,19875072
94191056,17006157
94191056,63136550
94191056,16838962
94191056,492288571
94191056,87460291
94191056,8665572
94191056,14758257
94191056,19394887
94191056,49781518
94191056,15683146
94191056,23263743
94191056,15391813
94191056,31237480
94191056,1615685677
94191056,17311493
94191056,26276346
94191056,1435291280
94191056,14746456
94191056,20164477
94191056,324466120
94191056,1327921416
94191056,155664645
94191056,1289993040
94191056,1690412382
94191056,336026760
94191056,16171953
94191056,123754656
94191056,34076997
94191056,20843014
94191056,17624543
94191056,19686295
94191056,16569045
94191056,24241544
94191056,17693232
94191056,20781929
94191056,21510894
94191056,18135386
94191056,19921389
94191056,21112266
94191056,20511502
94191056,155659213
