957270138,44449830
957270138,68819547
957270138,268208070
957270138,246817583
957270138,233655906
957270138,280613063
957270138,4329877333
957270138,2320956331
957270138,323349212
957270138,293138290
957270138,38429434
957270138,2179287110
957270138,2393467536
957270138,407965917
957270138,135104215
957270138,2596674343
957270138,59396498
957270138,51566870
957270138,44101753
957270138,58766118
957270138,33173981
957270138,17186899
957270138,46613004
957270138,16448803
957270138,21667065
957270138,3493425382
957270138,56658909
957270138,477821874
957270138,42604302
957270138,410092084
957270138,88957440
957270138,357050985
957270138,253777962
957270138,280338555
957270138,2612060316
957270138,3135997720
957270138,50151562
957270138,46339623
957270138,19541626
957270138,306245721
957270138,256938896
957270138,245413049
957270138,1683646141
957270138,2820943650
957270138,2517417708
957270138,948552829
957270138,460065842
957270138,1267986205
957270138,16451028
957270138,712661689
957270138,619487701
957270138,1434246679
957270138,80820758
957270138,2391263628
957270138,8665852
957270138,2445662178
957270138,119344910
957270138,482389606
957270138,2790802182
957270138,480648777
957270138,19826509
957270138,789462536
957270138,2766246011
957270138,304043328
957270138,2984110967
957270138,281093434
957270138,485975606
957270138,2666143236
957270138,15164565
957270138,19672530
957270138,19003183
957270138,2835594983
957270138,1845968514
957270138,111416652
957270138,3022068155
957270138,149444487
957270138,2164968990
957270138,830974682
957270138,3431646195
957270138,190685193
957270138,2754268514
957270138,3047542841
957270138,20380673
957270138,3410400208
957270138,1361619691
957270138,411713300
957270138,104219645
957270138,35342752
957270138,33235771
957270138,14842285
957270138,37182597
957270138,4514934989
957270138,53649183
957270138,1640165508
957270138,516367180
957270138,260427082
957270138,204516012
957270138,2242251080
957270138,258756048
957270138,281585895
957270138,226897441
957270138,446460791
957270138,3352324943
957270138,1468237442
957270138,630988985
957270138,3873262157
957270138,2202988092
957270138,165829359
957270138,115617853
957270138,310901612
957270138,861121453
957270138,1175646685
957270138,80301622
957270138,2433228810
957270138,586105518
957270138,2216196996
957270138,399453864
957270138,2240779998
957270138,34927815
957270138,4713331181
957270138,266555165
957270138,292265422
957270138,2807116059
957270138,4619930897
957270138,4229225259
957270138,2557278685
957270138,3524406315
957270138,789406309
957270138,2714022690
957270138,20426200
957270138,246344661
957270138,2917086658
957270138,806444492
957270138,574461198
957270138,603884167
957270138,293957611
957270138,3172982170
957270138,205221227
957270138,1469518987
957270138,39219494
957270138,4496151808
957270138,229202733
957270138,27431056
957270138,276926578
957270138,221023102
957270138,2545483830
957270138,318921155
957270138,385931079
957270138,555757046
957270138,3588504202
957270138,2382028525
957270138,2401250682
957270138,226885762
957270138,86791363
957270138,98866344
957270138,93178150
957270138,18717943
957270138,1514278598
957270138,100731315
957270138,460860631
957270138,209019364
957270138,245716948
957270138,370658603
957270138,154202585
957270138,59412016
957270138,253522642
957270138,2815050026
957270138,294727636
957270138,160831087
957270138,62495433
957270138,3117335656
957270138,423317349
957270138,538181544
957270138,246396292
957270138,312963709
957270138,14333754
957270138,17624959
957270138,2902138622
957270138,307891015
957270138,22007357
957270138,1382404544
957270138,353161743
957270138,2197487762
957270138,3380475274
957270138,572470115
957270138,52173573
957270138,1662057727
957270138,19472578
957270138,512131570
957270138,1527745350
957270138,3358394061
957270138,358445205
957270138,24269775
957270138,56482694
957270138,570674414
957270138,14436317
957270138,69181624
957270138,17006157
957270138,59157393
957270138,3091376321
957270138,147465317
957270138,173911739
957270138,397483186
957270138,500926481
957270138,170912930
957270138,28642247
957270138,2979210489
957270138,597106261
957270138,132556766
957270138,1095377263
957270138,59782251
957270138,94545581
957270138,18801516
957270138,16087873
957270138,90834883
957270138,39483072
957270138,414086564
957270138,1687758722
957270138,124690469
957270138,443402127
957270138,57354930
957270138,1690412382
957270138,22366636
957270138,74428159
957270138,3195358007
957270138,437172687
957270138,207880967
957270138,2726647830
957270138,14078973
957270138,89665190
957270138,284133100
957270138,271442447
957270138,378499864
957270138,585347495
957270138,3063586672
957270138,3060237435
957270138,3092538234
957270138,3102393747
957270138,2217199408
957270138,38536381
957270138,3069775426
957270138,1731496027
957270138,52877424
957270138,19045925
957270138,189204973
957270138,225214534
957270138,280826214
957270138,3099446038
957270138,336180981
957270138,3097245784
957270138,3095598695
957270138,3096853036
957270138,3095628159
957270138,3095698894
957270138,3093664535
957270138,3092537115
957270138,297870401
957270138,3094033955
957270138,2258887261
957270138,2840587343
957270138,131964045
957270138,48781882
957270138,117409085
957270138,249895965
957270138,70967024
957270138,53642013
957270138,158200936
957270138,36172846
957270138,76400626
957270138,47918763
957270138,147419455
957270138,267361723
957270138,44341095
957270138,352704039
957270138,60185160
957270138,32451303
957270138,57417137
957270138,19281302
957270138,16632084
957270138,74626513
957270138,14480138
957270138,97281059
957270138,950043752
957270138,1227483301
957270138,2250390230
957270138,1023267787
957270138,2202474092
957270138,31556904
957270138,219810356
957270138,167157923
957270138,574547789
957270138,457890654
957270138,65541570
957270138,535663921
957270138,1644271712
957270138,211187475
957270138,2200337798
957270138,153615819
957270138,15942594
957270138,16893050
957270138,52562539
957270138,58821418
957270138,108733074
957270138,115547554
957270138,423831018
957270138,836348568
957270138,197095948
957270138,73623870
957270138,1055641428
957270138,277598779
957270138,58489441
957270138,2506789549
957270138,2904334821
957270138,240447091
957270138,2292454922
957270138,2921449521
957270138,45913455
957270138,856778917
957270138,2800236170
957270138,2509854811
957270138,214835263
957270138,123358294
957270138,57191670
957270138,134857731
957270138,848004776
957270138,848102924
957270138,86091918
957270138,290706124
957270138,74550038
957270138,44208467
957270138,48073442
957270138,10496092
957270138,1619915268
957270138,1322129574
957270138,1242529626
957270138,788368662
957270138,29797128
957270138,90556897
957270138,43023158
957270138,2516825328
957270138,2401426362
957270138,28019578
957270138,41469782
957270138,1144933434
957270138,277402301
957270138,211833044
957270138,190283272
957270138,141735808
957270138,544190102
957270138,124834378
957270138,244667129
957270138,543784825
957270138,1962572052
957270138,711455366
957270138,1264192310
957270138,2605258075
957270138,394296011
957270138,974438815
957270138,1339365242
957270138,2558484630
957270138,128711414
957270138,109387470
957270138,2153468929
957270138,60219443
957270138,376169179
957270138,220730042
957270138,2586046680
957270138,327209170
957270138,309888205
957270138,2581825202
957270138,149760844
957270138,1644802836
957270138,369730824
957270138,85426644
957270138,1347756012
957270138,338255079
957270138,1744424696
957270138,27557098
957270138,19489239
957270138,18576537
957270138,432557320
957270138,47803887
957270138,353391236
957270138,17884125
957270138,146139319
957270138,23585685
957270138,94081671
957270138,16569045
957270138,7109022
957270138,19135631
957270138,33611395
957270138,2389289955
957270138,115689109
957270138,158342368
957270138,388142374
957270138,740841738
957270138,1688843983
957270138,1333045537
957270138,211164574
957270138,54749527
957270138,9075022
957270138,154357521
957270138,1130228486
957270138,1071876511
957270138,1848663270
957270138,16895274
957270138,419078263
957270138,1326739130
957270138,1966377703
957270138,28079320
957270138,260913000
957270138,236997381
957270138,306840168
957270138,862068787
957270138,1682833878
957270138,537140944
957270138,334591647
957270138,313859524
957270138,241252324
957270138,70770612
957270138,71461029
957270138,1710186282
957270138,133663821
957270138,276471984
957270138,1209943285
957270138,533573263
957270138,30808491
957270138,840040507
957270138,627364883
957270138,119844526
957270138,242448965
957270138,2385999246
957270138,67070948
957270138,1700859318
957270138,112431151
957270138,303596175
957270138,1735479583
957270138,2408627448
957270138,150339964
957270138,56377143
957270138,572852810
957270138,48882729
957270138,25561457
957270138,89214621
957270138,54649261
957270138,69053200
957270138,543764630
957270138,156723505
957270138,190834943
957270138,543897721
957270138,67427821
957270138,367528419
957270138,244752450
957270138,2320556298
957270138,624031250
957270138,224964544
957270138,455413031
957270138,89198553
957270138,80803819
957270138,59010637
957270138,425243625
957270138,48203749
957270138,177179008
957270138,1853896891
957270138,48390963
957270138,2166314695
957270138,85767469
957270138,72648928
957270138,38871237
957270138,77040061
957270138,1573751708
957270138,8228102
957270138,22751979
957270138,25535042
957270138,1002349238
957270138,206826055
957270138,14746456
957270138,162124785
957270138,22955758
957270138,470310099
957270138,584322774
957270138,142442120
957270138,199818809
957270138,6790852
957270138,116230455
957270138,104967278
957270138,373341570
957270138,129982512
957270138,1216405106
957270138,104976980
957270138,386606791
957270138,326071800
957270138,1313469408
957270138,115021893
957270138,805201388
957270138,482277433
957270138,1134368094
957270138,1644011274
957270138,1909011164
957270138,1732545398
957270138,989771251
957270138,1895722698
957270138,1957555219
957270138,544086604
957270138,64083835
957270138,14502233
957270138,46588124
957270138,17998801
957270138,807354410
957270138,2836421
957270138,326255267
957270138,14730894
957270138,14717197
957270138,18622869
957270138,91180720
957270138,65151248
957270138,48459607
957270138,115097756
957270138,22789766
957270138,372375309
957270138,379397275
957270138,410605574
957270138,25053299
957270138,38500966
957270138,24907913
957270138,78586254
957270138,25561679
957270138,35415477
957270138,19402238
957270138,338240032
957270138,322743739
957270138,20214495
957270138,185397767
957270138,621563
957270138,14647570
957270138,436666201
957270138,17989166
957270138,1617478820
957270138,337526165
957270138,1324899997
957270138,206522952
957270138,105837270
957270138,572822392
957270138,169486207
957270138,248104475
957270138,436016566
957270138,624157655
957270138,37315891
957270138,37539058
957270138,35585989
957270138,1360381226
957270138,79375259
957270138,55571689
957270138,347300591
957270138,148593548
957270138,1094254459
957270138,206838423
957270138,48399828
957270138,177709455
957270138,102592901
957270138,15965886
957270138,156721917
957270138,68165758
957270138,53160701
957270138,26008164
957270138,756776102
957270138,35850892
957270138,489536606
957270138,283360025
957270138,27723889
957270138,33110454
957270138,234398308
957270138,40878069
957270138,17715048
957270138,14502789
957270138,91033335
957270138,15474635
957270138,508255201
957270138,448289221
957270138,50175397
957270138,249229452
957270138,14907774
957270138,193860347
957270138,70607211
957270138,163218185
957270138,124533793
957270138,36415725
957270138,60142716
957270138,14994303
957270138,64563165
957270138,128868436
957270138,175461315
957270138,36251250
957270138,24870470
957270138,25063161
957270138,397943507
957270138,73449904
957270138,1223946362
957270138,102095809
957270138,133371674
957270138,154962588
957270138,17233573
957270138,107536234
957270138,24274948
957270138,96922874
957270138,28145061
957270138,422232865
957270138,18094552
957270138,243364435
957270138,14615094
957270138,32965970
957270138,16092470
957270138,484198547
957270138,625575623
957270138,30000912
957270138,16811244
957270138,85629260
957270138,62860939
957270138,1712443424
957270138,92993433
957270138,39709725
957270138,133048642
957270138,218547714
957270138,35693211
957270138,61564451
957270138,256136176
957270138,270586454
957270138,104571109
957270138,15969142
957270138,27168893
957270138,7424642
957270138,62591681
957270138,35391464
957270138,17017636
957270138,27457788
957270138,19733898
957270138,22685200
957270138,506429053
957270138,72899120
957270138,73238146
957270138,876113210
957270138,43859592
957270138,185866306
957270138,40255499
957270138,107719758
957270138,12594872
957270138,20745767
957270138,19649135
957270138,81918362
957270138,70638743
957270138,92263845
957270138,19277186
957270138,56420936
957270138,27000767
957270138,34570810
957270138,19915362
957270138,169021842
957270138,16511394
957270138,501861132
957270138,14377605
957270138,60919240
957270138,1947301
957270138,55355654
957270138,85286794
957270138,18510860
957270138,25390350
957270138,404292675
957270138,16145473
957270138,16955991
957270138,19683378
957270138,5120691
957270138,299781618
957270138,281098482
957270138,302039567
957270138,27860681
957270138,260928758
957270138,160891738
957270138,17899109
957270138,364761686
957270138,75069067
957270138,67702044
957270138,329666643
957270138,104277809
957270138,65150447
957270138,22972898
957270138,904135891
957270138,19645791
957270138,14499829
957270138,19177501
957270138,17137628
957270138,44128516
957270138,194643654
957270138,20646711
957270138,14361155
957270138,1883319536
957270138,33933259
957270138,14511951
957270138,50126679
957270138,140099611
957270138,8105922
957270138,234979485
957270138,1125017588
957270138,402863857
957270138,105451020
957270138,33964707
957270138,111275676
957270138,82675803
957270138,102480916
957270138,107017154
957270138,189976149
957270138,163986250
957270138,245792560
957270138,26566637
957270138,66805708
957270138,1367531
957270138,1877831
957270138,16973333
957270138,14293310
957270138,156651229
957270138,788524
957270138,68038314
957270138,242796587
957270138,742143
957270138,905798084
957270138,383726213
957270138,360874005
957270138,27996276
957270138,281503351
957270138,68487390
957270138,285237267
957270138,5402612
957270138,96640402
957270138,50515656
957270138,130960328
957270138,16077528
957270138,492399548
957270138,1228312916
957270138,224803031
957270138,435299501
957270138,520653311
957270138,13426312
957270138,117445820
957270138,266514302
957270138,385005190
957270138,74992460
957270138,23520746
957270138,120840500
957270138,796684728
957270138,360857182
957270138,626432076
957270138,295120448
957270138,11713422
957270138,112425936
957270138,1014384037
957270138,438836025
957270138,232246715
957270138,65369125
957270138,125737181
957270138,339463060
957270138,72627916
957270138,268373983
957270138,90558638
957270138,8317112
957270138,845149232
957270138,224916991
957270138,173020528
957270138,53720857
957270138,35013719
957270138,112796268
957270138,9633802
957270138,2467791
957270138,19236074
957270138,14834302
957270138,64839766
957270138,303521189
957270138,159154309
957270138,14677919
957270138,164145162
957270138,151465468
957270138,104122281
957270138,61215189
957270138,15938179
957270138,306138764
957270138,453975069
957270138,277979456
957270138,10228272
957270138,1439089099
957270138,125492611
957270138,18303623
957270138,205389092
957270138,54338207
957270138,3369151
957270138,84465419
957270138,284350852
957270138,19660386
957270138,37161596
957270138,17446621
957270138,248692867
957270138,17163446
957270138,48170456
957270138,406255275
957270138,550190100
957270138,182343368
957270138,16924928
957270138,119454564
957270138,46601071
957270138,26276346
957270138,16631331
957270138,35423350
957270138,494306860
957270138,21783395
957270138,105082141
957270138,18710706
957270138,93713485
957270138,759251
957270138,28785486
957270138,14173315
957270138,2097571
957270138,15012486
957270138,87818409
957270138,1652541
957270138,14270254
957270138,16804762
957270138,18149000
957270138,8728392
957270138,30910719
957270138,41878061
957270138,19903099
957270138,21182676
957270138,18906662
957270138,69231187
957270138,39620329
957270138,144875363
957270138,72313888
957270138,21889656
957270138,105328660
957270138,21303235
957270138,18804414
957270138,1263742963
957270138,276900575
957270138,104434158
957270138,225155732
957270138,17485551
957270138,45013575
957270138,12624052
957270138,10012122
957270138,46182377
957270138,11994692
957270138,19712523
957270138,14758257
957270138,16632219
957270138,16631693
957270138,22782297
957270138,43956685
957270138,19564105
957270138,22637074
957270138,18049879
957270138,31125209
957270138,14684733
957270138,954558434
957270138,63597537
957270138,34554134
957270138,409486555
957270138,102789756
957270138,158871696
957270138,38219767
957270138,53775366
957270138,15846407
957270138,8295072
957270138,19397785
957270138,110822488
957270138,17471979
957270138,11348282
957270138,239752879
957270138,59435213
957270138,813286
957270138,81140170
957270138,114725592
957270138,247532375
957270138,44932117
957270138,262768452
957270138,73411985
957270138,15764644
957270138,1093090866
957270138,1339835893
957270138,567389065
957270138,582185202
957270138,209100025
957270138,254695298
957270138,5988062
957270138,119174866
957270138,32224965
957270138,14051600
957270138,287248013
957270138,19670226
957270138,618511080
957270138,266521061
957270138,29330019
957270138,253900263
957270138,340769001
957270138,125454574
957270138,928382293
957270138,165207788
957270138,19149314
957270138,229426524
957270138,130298649
957270138,155629354
957270138,1077048750
957270138,207774820
957270138,605150399
957270138,54044060
957270138,291870169
957270138,85840608
957270138,67241871
957270138,65549291
957270138,47221788
957270138,216170181
957270138,217078361
957270138,24723642
957270138,14814402
957270138,366546416
957270138,978176486
957270138,254559943
957270138,701934918
957270138,99726818
957270138,135870279
957270138,16129920
957270138,634579079
957270138,49339195
957270138,49992096
957270138,1023718813
957270138,953251076
957270138,269998908
957270138,576302191
957270138,307806163
957270138,298766943
957270138,95741851
957270138,42889364
957270138,47712538
957270138,25744291
957270138,8236062
957270138,502507034
957270138,35280742
957270138,160702165
957270138,80663122
957270138,552573323
957270138,413450276
957270138,25122127
957270138,85788068
957270138,64825484
957270138,173171327
957270138,66789097
957270138,268923685
957270138,113974730
957270138,70830965
957270138,348251630
957270138,294073213
957270138,433547687
957270138,97229047
957270138,293516219
957270138,57725938
957270138,16589206
957270138,335362250
957270138,71447779
957270138,613256734
957270138,133906518
957270138,308156222
957270138,579248061
957270138,753041857
957270138,205253592
957270138,339014805
957270138,926206578
957270138,137343095
957270138,807647533
957270138,369024896
957270138,156939903
957270138,1037388001
957270138,305892367
957270138,148041550
957270138,78084123
957270138,72001141
957270138,17675909
957270138,260811060
957270138,225108888
957270138,112978140
957270138,362115225
957270138,285817467
957270138,20262542
957270138,249254997
957270138,16080129
957270138,6367162
957270138,951104210
957270138,822049255
957270138,77025501
957270138,218816852
957270138,503441895
957270138,16255019
957270138,14704665
957270138,175050594
957270138,313952477
957270138,376819013
957270138,13623532
957270138,807095
957270138,173544494
957270138,68016514
957270138,40933920
957270138,261955501
957270138,5418002
957270138,334684429
957270138,17681513
957270138,279649054
957270138,87726517
957270138,119332466
957270138,94065314
957270138,19913847
957270138,56399208
957270138,26729931
957270138,21651640
957270138,88493777
957270138,105286237
957270138,160767992
957270138,234824937
957270138,17191272
957270138,111933542
957270138,78285530
957270138,19329393
957270138,208158262
957270138,221508936
957270138,54730258
957270138,110419154
957270138,5793642
957270138,587331763
957270138,475585621
957270138,8077212
957270138,294751574
957270138,41156599
957270138,20015311
957270138,51241574
957270138,17484266
957270138,64223584
957270138,237270729
957270138,122729604
957270138,24744541
957270138,3108351
957270138,305514503
957270138,48579013
957270138,249122306
957270138,115095483
957270138,322170681
957270138,77207266
957270138,504679573
957270138,195853858
957270138,249243667
957270138,245791854
957270138,594352298
957270138,633020482
957270138,278029684
957270138,270652116
957270138,17647946
957270138,54226675
957270138,20242549
957270138,82307007
957270138,44923359
957270138,19602540
957270138,87808060
957270138,114858832
957270138,15973392
957270138,45418371
957270138,78889373
957270138,265836738
957270138,124843312
957270138,18189462
957270138,17813487
957270138,16505582
957270138,38512990
957270138,350411337
957270138,315119037
957270138,476317909
957270138,34713362
957270138,75684101
957270138,187591611
957270138,605607944
957270138,77517356
957270138,249264185
957270138,169538164
957270138,27604942
957270138,86958006
957270138,151190865
957270138,20456814
957270138,381725074
957270138,219990061
957270138,14159148
957270138,112570023
957270138,222101755
957270138,97007823
957270138,564313093
957270138,269278067
957270138,575764764
957270138,570018183
957270138,78249307
957270138,104605604
957270138,108740292
957270138,79019308
957270138,388255321
957270138,112801997
957270138,60954521
957270138,24972218
957270138,122918658
957270138,66746614
957270138,22078875
957270138,62442788
957270138,128637475
957270138,108626853
957270138,63462207
957270138,22938787
957270138,51143631
957270138,58970005
957270138,139731142
957270138,38536208
957270138,88262000
957270138,102840899
957270138,122025737
957270138,169279319
957270138,33884545
957270138,25896539
957270138,68844197
957270138,24952459
957270138,263884490
957270138,8168562
957270138,209780362
957270138,101895924
957270138,138814032
957270138,131574396
957270138,122441438
957270138,718141286
957270138,247794986
957270138,48496917
957270138,458728203
957270138,14165101
957270138,107428718
957270138,36821727
957270138,134578155
957270138,157981564
957270138,280635963
957270138,130694070
957270138,615551545
957270138,39764412
957270138,61102119
957270138,140048972
957270138,72361116
957270138,267716345
957270138,599091041
957270138,94556674
